/*--------------------------------*- C++ -*----------------------------------*\
| =========                 |                                                 |
| \\      /  F ield         | OpenFOAM: The Open Source CFD Toolbox           |
|  \\    /   O peration     | Version:  2.1.0                                 |
|   \\  /    A nd           | Web:      www.OpenFOAM.org                      |
|    \\/     M anipulation  |                                                 |
\*---------------------------------------------------------------------------*/
FoamFile
{
    version     2.0;
    format      ascii;
    class       volScalarField;
    location    "36135";
    object      kr_o;
}
// * * * * * * * * * * * * * * * * * * * * * * * * * * * * * * * * * * * * * //

dimensions      [0 0 0 0 0 0 0];

internalField   nonuniform List<scalar> 
8000
(
0.0105944
0.0134048
0.0174102
0.0223591
0.0280398
0.0342817
0.0409409
0.0478936
0.0550356
0.0622788
0.0695534
0.0767894
0.0839239
0.0909102
0.0977183
0.104333
0.110749
0.11697
0.123002
0.128862
0.134569
0.140149
0.145625
0.151031
0.1564
0.161776
0.16721
0.172767
0.17853
0.184609
0.191152
0.198368
0.206568
0.216257
0.228338
0.244641
0.269346
0.312735
0.396588
0.515478
0.0134045
0.0162552
0.0202532
0.02516
0.0307793
0.0369552
0.0435552
0.050461
0.0575713
0.0648017
0.0720767
0.0793195
0.0864645
0.0934632
0.100284
0.106911
0.11334
0.119569
0.125606
0.131467
0.13717
0.142736
0.148189
0.153556
0.15887
0.164169
0.169502
0.174932
0.180543
0.186447
0.192797
0.19981
0.207808
0.217301
0.229201
0.245352
0.269964
0.313403
0.397522
0.516104
0.0174099
0.0202532
0.0241964
0.0290139
0.0345346
0.0406146
0.0471312
0.0539752
0.06105
0.0682712
0.0755522
0.0828077
0.0899676
0.0969806
0.103814
0.110452
0.116885
0.123113
0.129142
0.134987
0.140662
0.146186
0.151578
0.15686
0.162059
0.167209
0.172356
0.177561
0.182913
0.18853
0.19458
0.201294
0.209008
0.218242
0.229918
0.245886
0.270379
0.313827
0.39814
0.516523
0.0223589
0.0251599
0.0290139
0.0337242
0.0391311
0.045108
0.0515437
0.0583371
0.0653975
0.0726331
0.0799422
0.0872303
0.0944208
0.101459
0.108313
0.114963
0.121401
0.127623
0.133639
0.139458
0.145093
0.150556
0.155861
0.161022
0.166059
0.170999
0.175881
0.180766
0.185747
0.190956
0.196582
0.202886
0.210222
0.219129
0.230533
0.24629
0.270647
0.314089
0.398569
0.516831
0.0280397
0.0307793
0.0345344
0.039131
0.0444295
0.0503173
0.0566957
0.063475
0.0705662
0.0778604
0.0852411
0.0925996
0.0998511
0.106939
0.113829
0.120503
0.12695
0.133173
0.139178
0.144974
0.150568
0.155967
0.161176
0.166199
0.171045
0.175728
0.180276
0.184745
0.189231
0.193888
0.19894
0.204691
0.211537
0.220033
0.231113
0.246634
0.27085
0.314299
0.398977
0.517153
0.0342814
0.036955
0.0406145
0.045108
0.0503173
0.0561461
0.062513
0.0693397
0.0765285
0.0839564
0.0914846
0.0989798
0.106344
0.11352
0.120474
0.12719
0.133665
0.139905
0.145918
0.151709
0.157281
0.162633
0.16776
0.172654
0.177305
0.181706
0.185867
0.189826
0.193677
0.197597
0.201868
0.206878
0.213081
0.221061
0.231754
0.247013
0.2711
0.314606
0.399571
0.517632
0.0409406
0.0435549
0.0471312
0.0515437
0.0566957
0.0625128
0.0689342
0.075888
0.0832769
0.0909665
0.0987794
0.106524
0.114083
0.121403
0.12846
0.135252
0.141789
0.148081
0.154138
0.159964
0.165558
0.170912
0.17601
0.180823
0.18532
0.18946
0.193214
0.19658
0.199632
0.202561
0.205739
0.20972
0.215058
0.222371
0.232593
0.247559
0.271539
0.315192
0.400599
0.518435
0.0478934
0.0504609
0.0539752
0.0583372
0.0634751
0.0693396
0.075888
0.0830718
0.0908209
0.0990063
0.107378
0.115568
0.123447
0.13099
0.13821
0.145135
0.15179
0.158195
0.164364
0.170303
0.176007
0.181462
0.186639
0.191492
0.195954
0.199938
0.203344
0.206087
0.208154
0.209717
0.211262
0.213711
0.217802
0.224202
0.233816
0.24844
0.27234
0.316264
0.402336
0.519723
0.0550354
0.0575711
0.0610499
0.0653976
0.070566
0.0765285
0.0832769
0.0908209
0.0991811
0.108333
0.117954
0.126942
0.135322
0.143205
0.150689
0.157845
0.164722
0.171355
0.177767
0.183968
0.189956
0.195712
0.201199
0.206352
0.211068
0.215195
0.218522
0.220782
0.221725
0.221311
0.220093
0.219879
0.221906
0.226909
0.235667
0.249851
0.273692
0.318044
0.405057
0.521633
0.0622784
0.0648014
0.0682711
0.0726332
0.0778604
0.0839564
0.0909666
0.0990064
0.108333
0.119501
0.133239
0.143632
0.152794
0.161244
0.169217
0.176843
0.184209
0.191372
0.198372
0.205234
0.211969
0.218568
0.224999
0.231192
0.237017
0.242253
0.246526
0.24922
0.249376
0.24581
0.238225
0.231062
0.228541
0.231006
0.238421
0.251986
0.27577
0.320732
0.409006
0.524238
0.0695529
0.0720764
0.0755523
0.0799424
0.085241
0.0914847
0.0987795
0.107378
0.117954
0.133239
0.485334
0.500516
0.493571
0.489631
0.487799
0.48731
0.487746
0.488837
0.490394
0.492259
0.494299
0.49638
0.498347
0.500021
0.501148
0.501316
0.499746
0.494671
0.481001
0.442469
0.244412
0.237108
0.234087
0.235434
0.241852
0.25486
0.278663
0.324465
0.414353
0.527519
0.076789
0.0793194
0.0828079
0.0872303
0.0925996
0.0989799
0.106524
0.115568
0.126942
0.143632
0.500516
0.556787
0.558474
0.557848
0.557426
0.557209
0.557145
0.557193
0.557321
0.557499
0.557706
0.557918
0.558113
0.558263
0.558338
0.55829
0.558011
0.557271
0.5554
0.550471
0.25124
0.242452
0.239166
0.239959
0.245745
0.25838
0.282364
0.329298
0.421172
0.531352
0.0839234
0.0864644
0.0899676
0.0944206
0.0998512
0.106344
0.114083
0.123447
0.135322
0.152794
0.493569
0.558474
0.562246
0.562332
0.562307
0.56229
0.562285
0.562282
0.562286
0.562293
0.562301
0.562311
0.56232
0.562327
0.562328
0.562326
0.562312
0.562275
0.562191
0.562018
0.258031
0.247677
0.244116
0.244573
0.249974
0.262438
0.286815
0.33523
0.429443
0.53553
0.09091
0.093463
0.0969805
0.101459
0.106939
0.11352
0.121403
0.13099
0.143205
0.161245
0.489631
0.557848
0.562332
0.562492
0.562494
0.562493
0.562493
0.562493
0.562493
0.562493
0.562493
0.562495
0.562495
0.562495
0.562495
0.562495
0.562494
0.562493
0.562492
0.562486
0.264837
0.252946
0.249083
0.249297
0.254474
0.26695
0.29195
0.342231
0.439064
0.539805
0.0977184
0.100284
0.103814
0.108313
0.113829
0.120474
0.128461
0.138211
0.150689
0.169217
0.487799
0.557426
0.562307
0.562494
0.5625
0.5625
0.5625
0.5625
0.5625
0.5625
0.5625
0.5625
0.5625
0.5625
0.5625
0.5625
0.5625
0.5625
0.5625
0.5625
0.271687
0.258317
0.254134
0.25415
0.259212
0.271859
0.297719
0.350279
0.449862
0.543932
0.104333
0.106911
0.110452
0.114963
0.120503
0.12719
0.135252
0.145135
0.157845
0.176844
0.48731
0.557209
0.56229
0.562493
0.5625
0.5625
0.5625
0.5625
0.5625
0.5625
0.5625
0.5625
0.5625
0.5625
0.5625
0.5625
0.5625
0.5625
0.5625
0.5625
0.278605
0.263819
0.259304
0.259146
0.264173
0.277133
0.304089
0.359364
0.461572
0.547704
0.11075
0.11334
0.116885
0.121401
0.126951
0.133665
0.141789
0.15179
0.164722
0.18421
0.487746
0.557145
0.562285
0.562493
0.5625
0.5625
0.5625
0.5625
0.5625
0.5625
0.5625
0.5625
0.5625
0.5625
0.5625
0.5625
0.5625
0.5625
0.5625
0.5625
0.285618
0.269478
0.264618
0.264301
0.269359
0.282759
0.311054
0.369488
0.473831
0.550984
0.116971
0.119569
0.123113
0.127624
0.133173
0.139906
0.148081
0.158195
0.171356
0.191373
0.488836
0.557193
0.562282
0.562493
0.5625
0.5625
0.5625
0.5625
0.5625
0.5625
0.5625
0.5625
0.5625
0.5625
0.5625
0.5625
0.5625
0.5625
0.5625
0.5625
0.29276
0.275321
0.270102
0.269637
0.274781
0.288744
0.318628
0.380651
0.486178
0.553707
0.123002
0.125607
0.129143
0.133639
0.139178
0.145918
0.154138
0.164364
0.177768
0.198372
0.490394
0.557321
0.562286
0.562493
0.5625
0.5625
0.5625
0.5625
0.5625
0.5625
0.5625
0.5625
0.5625
0.5625
0.5625
0.5625
0.5625
0.5625
0.5625
0.5625
0.300076
0.281384
0.275788
0.275182
0.280462
0.295104
0.326841
0.39281
0.498092
0.555876
0.128862
0.131468
0.134987
0.139458
0.144974
0.151709
0.159964
0.170303
0.183969
0.205235
0.492259
0.557499
0.562293
0.562493
0.5625
0.5625
0.5625
0.5625
0.5625
0.5625
0.5625
0.5625
0.5625
0.5625
0.5625
0.5625
0.5625
0.5625
0.5625
0.5625
0.307621
0.287717
0.281717
0.280974
0.286436
0.301872
0.335733
0.405826
0.509075
0.557543
0.134569
0.13717
0.140663
0.145093
0.150568
0.157281
0.165559
0.176007
0.189956
0.211969
0.494299
0.557708
0.562301
0.562493
0.5625
0.5625
0.5625
0.5625
0.5625
0.5625
0.5625
0.5625
0.5625
0.5625
0.5625
0.5625
0.5625
0.5625
0.5625
0.5625
0.315465
0.294383
0.287947
0.287066
0.292748
0.309085
0.345339
0.419467
0.518731
0.558784
0.140148
0.142736
0.146187
0.150556
0.155967
0.162633
0.170913
0.181462
0.195712
0.218568
0.49638
0.557918
0.562311
0.562495
0.5625
0.5625
0.5625
0.5625
0.5625
0.5625
0.5625
0.5625
0.5625
0.5625
0.5625
0.5625
0.5625
0.5625
0.5625
0.5625
0.323705
0.301475
0.294558
0.293528
0.299457
0.316787
0.355661
0.433332
0.526823
0.559681
0.145625
0.14819
0.151579
0.155861
0.161176
0.16776
0.17601
0.18664
0.2012
0.224999
0.498347
0.558113
0.56232
0.562495
0.5625
0.5625
0.5625
0.5625
0.5625
0.5625
0.5625
0.5625
0.5625
0.5625
0.5625
0.5625
0.5625
0.5625
0.5625
0.5625
0.332476
0.309123
0.301661
0.300458
0.306636
0.325016
0.366628
0.446822
0.533277
0.560311
0.151031
0.153557
0.156861
0.161022
0.166199
0.172654
0.180824
0.191492
0.206352
0.231192
0.500021
0.558263
0.562327
0.562495
0.5625
0.5625
0.5625
0.5625
0.5625
0.5625
0.5625
0.5625
0.5625
0.5625
0.5625
0.5625
0.5625
0.5625
0.5625
0.5625
0.341967
0.317516
0.30942
0.307985
0.314372
0.333797
0.378048
0.459238
0.538149
0.560735
0.1564
0.158871
0.16206
0.16606
0.171045
0.177305
0.18532
0.195954
0.211068
0.237017
0.501148
0.558338
0.562328
0.562495
0.5625
0.5625
0.5625
0.5625
0.5625
0.5625
0.5625
0.5625
0.5625
0.5625
0.5625
0.5625
0.5625
0.5625
0.5625
0.5625
0.352456
0.326934
0.31807
0.31629
0.322775
0.343122
0.389568
0.469936
0.541575
0.560997
0.161776
0.16417
0.16721
0.170999
0.175728
0.181707
0.189461
0.199938
0.215195
0.242253
0.501315
0.55829
0.562326
0.562495
0.5625
0.5625
0.5625
0.5625
0.5625
0.5625
0.5625
0.5625
0.5625
0.5625
0.5625
0.5625
0.5625
0.5625
0.5625
0.5625
0.364351
0.337797
0.327963
0.325628
0.331981
0.35294
0.400684
0.478458
0.543708
0.561126
0.16721
0.169503
0.172356
0.175881
0.180276
0.185868
0.193214
0.203344
0.218522
0.246526
0.499746
0.558011
0.562312
0.562494
0.5625
0.5625
0.5625
0.5625
0.5625
0.5625
0.5625
0.5625
0.5625
0.5625
0.5625
0.5625
0.5625
0.5625
0.5625
0.5625
0.378247
0.350759
0.339636
0.336376
0.342178
0.363165
0.410846
0.484595
0.544683
0.561134
0.172767
0.174933
0.177562
0.180767
0.184745
0.189826
0.196581
0.206087
0.220783
0.24922
0.494671
0.557271
0.562275
0.562493
0.5625
0.5625
0.5625
0.5625
0.5625
0.5625
0.5625
0.5625
0.5625
0.5625
0.5625
0.5625
0.5625
0.5625
0.5625
0.5625
0.394989
0.366834
0.353922
0.349102
0.353656
0.373727
0.41964
0.488378
0.544589
0.561014
0.178531
0.180543
0.182913
0.185747
0.189231
0.193677
0.199632
0.208155
0.221725
0.249376
0.481001
0.5554
0.562191
0.562492
0.5625
0.5625
0.5625
0.5625
0.5625
0.5625
0.5625
0.5625
0.5625
0.5625
0.5625
0.5625
0.5625
0.5625
0.5625
0.5625
0.4157
0.387587
0.372109
0.364689
0.366898
0.384697
0.42699
0.490073
0.543486
0.560743
0.184609
0.186447
0.18853
0.190956
0.193888
0.197597
0.202561
0.209718
0.221311
0.24581
0.442467
0.550471
0.562018
0.562486
0.5625
0.5625
0.5625
0.5625
0.5625
0.5625
0.5625
0.5625
0.5625
0.5625
0.5625
0.5625
0.5625
0.5625
0.5625
0.5625
0.441912
0.41528
0.396076
0.384452
0.382717
0.396472
0.433296
0.490228
0.54148
0.560288
0.191152
0.192797
0.19458
0.196583
0.19894
0.201868
0.205739
0.211263
0.220093
0.238225
0.244412
0.25124
0.258032
0.264837
0.271687
0.278605
0.285617
0.29276
0.300076
0.30762
0.315464
0.323705
0.332475
0.341966
0.352455
0.36435
0.378246
0.394988
0.415699
0.441911
0.461439
0.448048
0.426718
0.409697
0.402216
0.409914
0.439463
0.4898
0.538893
0.559623
0.198368
0.199811
0.201295
0.202886
0.204692
0.206878
0.209721
0.213711
0.219879
0.231062
0.237109
0.242453
0.247678
0.252947
0.258317
0.26382
0.269478
0.275321
0.281384
0.287717
0.294383
0.301475
0.309123
0.317516
0.326933
0.337797
0.350758
0.366833
0.387586
0.415278
0.448047
0.461826
0.453764
0.437553
0.425346
0.425923
0.446725
0.489232
0.535899
0.558643
0.206568
0.207808
0.209008
0.210222
0.211537
0.213081
0.215058
0.217802
0.221907
0.228541
0.234087
0.239167
0.244117
0.249084
0.254134
0.259304
0.264618
0.270102
0.275788
0.281717
0.287947
0.294558
0.301661
0.30942
0.31807
0.327963
0.339635
0.353921
0.372108
0.396075
0.426717
0.453763
0.465007
0.460014
0.44902
0.444271
0.456095
0.489502
0.532353
0.557258
0.216257
0.217301
0.218243
0.21913
0.220034
0.221062
0.222372
0.224202
0.22691
0.231006
0.235434
0.239959
0.244573
0.249297
0.25415
0.259146
0.264301
0.269637
0.275182
0.280974
0.287066
0.293528
0.300458
0.307985
0.31629
0.325628
0.336375
0.349101
0.364688
0.384451
0.409695
0.437552
0.460013
0.469743
0.467467
0.462596
0.467543
0.491473
0.528819
0.555411
0.228338
0.229201
0.229918
0.230533
0.231113
0.231755
0.232593
0.233816
0.235667
0.238421
0.241853
0.245745
0.249974
0.254474
0.259212
0.264174
0.26936
0.274782
0.280463
0.286436
0.292748
0.299457
0.306636
0.314372
0.322775
0.331981
0.342178
0.353656
0.366898
0.382716
0.402215
0.425345
0.449019
0.467467
0.476088
0.476871
0.479414
0.495313
0.525909
0.553109
0.244641
0.245353
0.245887
0.246291
0.246634
0.247013
0.24756
0.24844
0.249852
0.251987
0.254861
0.25838
0.262439
0.26695
0.271859
0.277133
0.282759
0.288744
0.295104
0.301872
0.309085
0.316786
0.325016
0.333796
0.343121
0.35294
0.363165
0.373727
0.384696
0.396472
0.409914
0.425922
0.44427
0.462595
0.47687
0.484558
0.489109
0.50016
0.523975
0.550422
0.269346
0.269964
0.270379
0.270647
0.27085
0.2711
0.271539
0.27234
0.273692
0.27577
0.278663
0.282364
0.286815
0.29195
0.297719
0.304089
0.311054
0.318627
0.326841
0.335733
0.345339
0.355661
0.366628
0.378048
0.389568
0.400683
0.410845
0.419639
0.42699
0.433295
0.439463
0.446724
0.456094
0.467542
0.479414
0.489109
0.49603
0.505001
0.523062
0.547484
0.312735
0.313403
0.313828
0.314089
0.3143
0.314607
0.315192
0.316265
0.318044
0.320732
0.324465
0.329299
0.33523
0.342231
0.350279
0.359364
0.369488
0.380651
0.39281
0.405826
0.419467
0.433332
0.446822
0.459238
0.469936
0.478458
0.484595
0.488377
0.490072
0.490228
0.489799
0.489232
0.489502
0.491473
0.495313
0.50016
0.505001
0.511274
0.523888
0.544727
0.396588
0.397522
0.39814
0.39857
0.398977
0.399571
0.4006
0.402336
0.405057
0.409006
0.414354
0.421173
0.429443
0.439064
0.449862
0.461572
0.473831
0.486178
0.498093
0.509076
0.518732
0.526823
0.533277
0.538149
0.541575
0.543708
0.544683
0.544589
0.543486
0.54148
0.538893
0.535899
0.532353
0.528819
0.525909
0.523975
0.523062
0.523888
0.529479
0.543789
0.515478
0.516105
0.516523
0.516832
0.517153
0.517633
0.518435
0.519723
0.521633
0.524238
0.527519
0.531352
0.53553
0.539805
0.543932
0.547704
0.550984
0.553707
0.555876
0.557543
0.558784
0.559681
0.560311
0.560735
0.560997
0.561126
0.561134
0.561014
0.560743
0.560288
0.559623
0.558643
0.557258
0.555411
0.553109
0.550422
0.547484
0.544727
0.543789
0.548571
0.00225937
0.0039725
0.00694129
0.0110723
0.016135
0.0219006
0.0281734
0.0347879
0.0416064
0.0485155
0.0554253
0.0622706
0.0690083
0.0756007
0.082019
0.0882472
0.0942807
0.100125
0.105793
0.111295
0.116649
0.121875
0.126998
0.132044
0.137046
0.142041
0.147074
0.152204
0.157502
0.163061
0.169004
0.175499
0.182784
0.191212
0.201337
0.214092
0.231303
0.257869
0.312246
0.443046
0.00397212
0.00600989
0.00922819
0.0134887
0.0185967
0.0243637
0.030618
0.0372103
0.04401
0.0509076
0.0578157
0.0646703
0.0714238
0.0780335
0.0844685
0.0907117
0.096758
0.102613
0.108287
0.113789
0.119136
0.124346
0.129441
0.134444
0.139385
0.144298
0.149227
0.154226
0.159368
0.16475
0.1705
0.176795
0.183878
0.192113
0.202058
0.214655
0.231734
0.258195
0.312536
0.443431
0.00694101
0.00922822
0.0126168
0.0169487
0.0220605
0.0277948
0.0340042
0.0405538
0.0473224
0.054204
0.0611119
0.0679807
0.0747526
0.081379
0.0878272
0.0940792
0.10013
0.105985
0.11165
0.117134
0.12245
0.127615
0.132644
0.137558
0.142381
0.147144
0.151886
0.156663
0.161551
0.166654
0.172115
0.178122
0.184935
0.192925
0.20266
0.215086
0.232033
0.258392
0.312672
0.443611
0.0110721
0.0134887
0.0169487
0.0212921
0.0263734
0.0320557
0.0382118
0.0447195
0.0514657
0.0583471
0.0652766
0.0721781
0.0789811
0.0856322
0.092097
0.0983582
0.104412
0.110261
0.115909
0.121362
0.126633
0.13173
0.136667
0.141456
0.146114
0.150665
0.155146
0.159611
0.164142
0.168856
0.173917
0.179537
0.186
0.193688
0.203179
0.215419
0.232236
0.258503
0.312724
0.443699
0.016135
0.0185966
0.0220603
0.0263732
0.0314027
0.0370289
0.0431405
0.0496271
0.0563831
0.0633072
0.0703033
0.0772728
0.0841329
0.0908265
0.0973197
0.103598
0.109661
0.115505
0.121135
0.126557
0.131777
0.1368
0.14163
0.146272
0.150733
0.155026
0.159179
0.163242
0.167302
0.171496
0.17602
0.181131
0.187143
0.194461
0.203667
0.215707
0.232397
0.25859
0.312783
0.443838
0.0219004
0.0243635
0.0277947
0.0320557
0.0370289
0.0426111
0.0487049
0.0552151
0.0620448
0.0690903
0.0762258
0.0833226
0.0902839
0.0970509
0.103595
0.109911
0.115992
0.121843
0.127466
0.132867
0.138047
0.143005
0.147735
0.152231
0.156484
0.160491
0.164261
0.167832
0.171293
0.174801
0.178607
0.183042
0.188474
0.195332
0.204201
0.216021
0.23259
0.258734
0.312965
0.4442
0.0281731
0.0306177
0.034004
0.0382116
0.0431402
0.0487049
0.0548283
0.0614362
0.068447
0.0757388
0.0831401
0.0904641
0.0975961
0.104485
0.11112
0.117497
0.123623
0.129503
0.135145
0.140552
0.145722
0.150647
0.155311
0.159692
0.163762
0.167488
0.17085
0.173852
0.176566
0.179167
0.181984
0.185496
0.190158
0.196429
0.204891
0.216461
0.232909
0.259035
0.313405
0.444986
0.0347879
0.03721
0.0405537
0.0447195
0.0496271
0.0552151
0.0614363
0.0682524
0.0756017
0.0833574
0.0912752
0.0990012
0.106413
0.113497
0.12027
0.12675
0.132957
0.138908
0.144613
0.150077
0.155294
0.160251
0.164923
0.16927
0.173238
0.176755
0.179745
0.182144
0.183954
0.185334
0.186713
0.188885
0.192462
0.197944
0.205884
0.217152
0.233469
0.259607
0.314252
0.446402
0.0416065
0.0440097
0.0473224
0.0514658
0.0563832
0.0620449
0.0684471
0.0756017
0.083523
0.0921763
0.101245
0.10969
0.117542
0.124917
0.131895
0.138539
0.14489
0.150979
0.156823
0.162431
0.167799
0.17291
0.177733
0.182212
0.186267
0.189779
0.192584
0.194482
0.195286
0.194981
0.19404
0.193983
0.195834
0.200147
0.207366
0.218236
0.23439
0.260563
0.315651
0.448646
0.0485154
0.0509076
0.0542041
0.0583473
0.0633074
0.0690905
0.0757389
0.0833575
0.0921764
0.102696
0.115561
0.125242
0.13374
0.141538
0.148842
0.15577
0.162399
0.168776
0.174933
0.180888
0.186645
0.192193
0.197501
0.202511
0.207125
0.211183
0.214425
0.216425
0.216513
0.213826
0.208093
0.20273
0.201065
0.203388
0.209529
0.219847
0.235777
0.261999
0.317725
0.451876
0.0554251
0.0578157
0.0611121
0.0652768
0.0703036
0.076226
0.0831403
0.0912754
0.101245
0.11556
0.470026
0.485118
0.475495
0.469349
0.465675
0.463558
0.462499
0.462198
0.462431
0.463024
0.463821
0.464661
0.465364
0.465698
0.465341
0.463766
0.459989
0.451749
0.432593
0.384143
0.213417
0.207567
0.205446
0.206873
0.212197
0.221982
0.23767
0.263964
0.320554
0.456184
0.0622704
0.0646701
0.0679807
0.0721784
0.0772731
0.0833229
0.0904644
0.0990015
0.10969
0.125242
0.485118
0.553718
0.556083
0.554878
0.553935
0.553286
0.552865
0.552622
0.552511
0.552494
0.552531
0.552589
0.552621
0.552579
0.552387
0.551927
0.55096
0.548941
0.544335
0.532894
0.219703
0.21189
0.209448
0.21041
0.215191
0.224553
0.240035
0.266448
0.324167
0.461578
0.0690081
0.0714237
0.0747525
0.0789814
0.0841333
0.0902841
0.0975965
0.106413
0.117542
0.133741
0.475494
0.556083
0.562029
0.562175
0.562114
0.562064
0.562026
0.562002
0.561988
0.561982
0.561977
0.561977
0.561977
0.561973
0.561957
0.561924
0.561859
0.561729
0.561454
0.5609
0.225745
0.216055
0.213305
0.213977
0.218402
0.227461
0.242801
0.269402
0.32855
0.467986
0.0756005
0.0780333
0.0813791
0.0856324
0.0908267
0.097051
0.104486
0.113498
0.124917
0.141538
0.469349
0.554878
0.562175
0.562479
0.562487
0.562484
0.562481
0.56248
0.56248
0.562479
0.562481
0.56248
0.56248
0.56248
0.562479
0.562476
0.562474
0.56247
0.56246
0.562446
0.2316
0.220165
0.217112
0.217578
0.221765
0.230623
0.245889
0.272757
0.33367
0.475267
0.082019
0.0844684
0.0878275
0.0920973
0.09732
0.103596
0.11112
0.120271
0.131895
0.148842
0.465675
0.553935
0.562114
0.562487
0.5625
0.5625
0.5625
0.5625
0.5625
0.5625
0.5625
0.5625
0.5625
0.5625
0.5625
0.5625
0.562499
0.562499
0.562499
0.562499
0.23732
0.224255
0.220909
0.221214
0.22524
0.233974
0.249226
0.276441
0.339491
0.48322
0.0882475
0.0907119
0.0940797
0.0983586
0.103599
0.109911
0.117498
0.126751
0.138539
0.15577
0.463558
0.553286
0.562064
0.562484
0.5625
0.5625
0.5625
0.5625
0.5625
0.5625
0.5625
0.5625
0.5625
0.5625
0.5625
0.5625
0.5625
0.5625
0.5625
0.5625
0.242936
0.228342
0.224718
0.224888
0.228805
0.23747
0.252749
0.280389
0.345994
0.491597
0.0942811
0.0967583
0.100131
0.104413
0.109661
0.115993
0.123623
0.132958
0.14489
0.162399
0.462499
0.552865
0.562026
0.562481
0.5625
0.5625
0.5625
0.5625
0.5625
0.5625
0.5625
0.5625
0.5625
0.5625
0.5625
0.5625
0.5625
0.5625
0.5625
0.5625
0.248472
0.232441
0.228549
0.228604
0.232444
0.241074
0.256403
0.284549
0.353177
0.500112
0.100126
0.102614
0.105986
0.110262
0.115505
0.121843
0.129504
0.138909
0.150979
0.168776
0.462198
0.552622
0.562002
0.56248
0.5625
0.5625
0.5625
0.5625
0.5625
0.5625
0.5625
0.5625
0.5625
0.5625
0.5625
0.5625
0.5625
0.5625
0.5625
0.5625
0.253949
0.236568
0.232416
0.232367
0.236148
0.244758
0.26014
0.288882
0.361063
0.508463
0.105794
0.108287
0.111651
0.115909
0.121135
0.127467
0.135146
0.144614
0.156824
0.174933
0.462431
0.552511
0.561988
0.56248
0.5625
0.5625
0.5625
0.5625
0.5625
0.5625
0.5625
0.5625
0.5625
0.5625
0.5625
0.5625
0.5625
0.5625
0.5625
0.5625
0.259389
0.240741
0.236333
0.236184
0.239912
0.248499
0.263916
0.293367
0.369684
0.516358
0.111295
0.11379
0.117135
0.121363
0.126557
0.132867
0.140553
0.150077
0.162432
0.180888
0.463025
0.552494
0.561982
0.562479
0.5625
0.5625
0.5625
0.5625
0.5625
0.5625
0.5625
0.5625
0.5625
0.5625
0.5625
0.5625
0.5625
0.5625
0.5625
0.5625
0.264814
0.244986
0.240316
0.240065
0.243733
0.252273
0.267684
0.298
0.379058
0.523548
0.116649
0.119136
0.122451
0.126633
0.131777
0.138047
0.145723
0.155294
0.167799
0.186645
0.463821
0.552531
0.561977
0.562481
0.5625
0.5625
0.5625
0.5625
0.5625
0.5625
0.5625
0.5625
0.5625
0.5625
0.5625
0.5625
0.5625
0.5625
0.5625
0.5625
0.27025
0.249333
0.244388
0.244022
0.247607
0.256054
0.271397
0.302744
0.389139
0.52985
0.121876
0.124346
0.127615
0.131731
0.1368
0.143005
0.150647
0.160251
0.172911
0.192193
0.464661
0.552589
0.561977
0.56248
0.5625
0.5625
0.5625
0.5625
0.5625
0.5625
0.5625
0.5625
0.5625
0.5625
0.5625
0.5625
0.5625
0.5625
0.5625
0.5625
0.275724
0.253819
0.248575
0.248069
0.251529
0.259812
0.275002
0.307533
0.399755
0.535151
0.126998
0.129441
0.132644
0.136667
0.14163
0.147735
0.155312
0.164923
0.177733
0.197501
0.465364
0.552621
0.561977
0.56248
0.5625
0.5625
0.5625
0.5625
0.5625
0.5625
0.5625
0.5625
0.5625
0.5625
0.5625
0.5625
0.5625
0.5625
0.5625
0.5625
0.281265
0.258493
0.25291
0.252221
0.25549
0.263509
0.278444
0.312295
0.410526
0.5394
0.132044
0.134445
0.137558
0.141456
0.146273
0.152232
0.159693
0.16927
0.182213
0.202511
0.465698
0.552579
0.561973
0.56248
0.5625
0.5625
0.5625
0.5625
0.5625
0.5625
0.5625
0.5625
0.5625
0.5625
0.5625
0.5625
0.5625
0.5625
0.5625
0.5625
0.286906
0.263416
0.257433
0.256494
0.259481
0.267104
0.28167
0.316933
0.420834
0.542592
0.137046
0.139386
0.142381
0.146114
0.150734
0.156485
0.163762
0.173238
0.186268
0.207125
0.46534
0.552387
0.561957
0.562479
0.5625
0.5625
0.5625
0.5625
0.5625
0.5625
0.5625
0.5625
0.5625
0.5625
0.5625
0.5625
0.5625
0.5625
0.5625
0.5625
0.292676
0.268665
0.262197
0.260909
0.263488
0.270555
0.284631
0.3213
0.429854
0.544741
0.142041
0.144299
0.147144
0.150666
0.155027
0.160491
0.167489
0.176756
0.189779
0.211183
0.463766
0.551927
0.561924
0.562476
0.5625
0.5625
0.5625
0.5625
0.5625
0.5625
0.5625
0.5625
0.5625
0.5625
0.5625
0.5625
0.5625
0.5625
0.5625
0.5625
0.298603
0.274343
0.267274
0.265495
0.267502
0.273822
0.287287
0.325186
0.436701
0.545851
0.147075
0.149227
0.151886
0.155147
0.159179
0.164261
0.17085
0.179746
0.192584
0.214425
0.459989
0.55096
0.561859
0.562474
0.562499
0.5625
0.5625
0.5625
0.5625
0.5625
0.5625
0.5625
0.5625
0.5625
0.5625
0.5625
0.5625
0.5625
0.5625
0.5625
0.3047
0.28059
0.272771
0.270301
0.271529
0.276888
0.289604
0.328308
0.440609
0.545886
0.152205
0.154226
0.156663
0.159612
0.163242
0.167833
0.173853
0.182144
0.194482
0.216425
0.451749
0.548941
0.561729
0.56247
0.562499
0.5625
0.5625
0.5625
0.5625
0.5625
0.5625
0.5625
0.5625
0.5625
0.5625
0.5625
0.5625
0.5625
0.5625
0.5625
0.310981
0.287628
0.278871
0.27543
0.275615
0.27978
0.291557
0.33035
0.441076
0.544726
0.157503
0.159369
0.161551
0.164142
0.167302
0.171293
0.176566
0.183954
0.195286
0.216513
0.432593
0.544335
0.561454
0.56246
0.562499
0.5625
0.5625
0.5625
0.5625
0.5625
0.5625
0.5625
0.5625
0.5625
0.5625
0.5625
0.5625
0.5625
0.5625
0.5625
0.317541
0.29589
0.285944
0.281118
0.27991
0.282609
0.293158
0.331029
0.437917
0.54214
0.163061
0.164751
0.166655
0.168857
0.171496
0.174802
0.179167
0.185334
0.194982
0.213826
0.384144
0.532894
0.5609
0.562446
0.562499
0.5625
0.5625
0.5625
0.5625
0.5625
0.5625
0.5625
0.5625
0.5625
0.5625
0.5625
0.5625
0.5625
0.5625
0.5625
0.325023
0.306457
0.294888
0.287975
0.284813
0.285666
0.294538
0.330167
0.43125
0.53778
0.169005
0.170501
0.172115
0.173917
0.17602
0.178607
0.181984
0.186713
0.19404
0.208093
0.213417
0.219704
0.225746
0.2316
0.23732
0.242937
0.248472
0.253949
0.259389
0.264815
0.270251
0.275724
0.281266
0.286906
0.292676
0.298603
0.3047
0.310981
0.31754
0.325023
0.329862
0.319518
0.306965
0.297213
0.291236
0.289594
0.29612
0.327955
0.421197
0.531018
0.1755
0.176795
0.178123
0.179538
0.181131
0.183042
0.185496
0.188885
0.193983
0.20273
0.207568
0.21189
0.216056
0.220165
0.224255
0.228343
0.232442
0.236568
0.240742
0.244986
0.249333
0.253819
0.258493
0.263416
0.268665
0.274342
0.28059
0.287628
0.29589
0.306456
0.319518
0.32323
0.317354
0.30803
0.299827
0.295313
0.298749
0.325552
0.408909
0.521396
0.182785
0.183879
0.184936
0.186
0.187144
0.188474
0.190158
0.192462
0.195834
0.201065
0.205447
0.209449
0.213305
0.217112
0.22091
0.224718
0.22855
0.232416
0.236333
0.240316
0.244388
0.248575
0.25291
0.257433
0.262197
0.267274
0.272771
0.278871
0.285944
0.294887
0.306965
0.317354
0.320627
0.316751
0.309522
0.30326
0.303458
0.324347
0.396349
0.508879
0.191213
0.192113
0.192926
0.193689
0.194462
0.195332
0.19643
0.197944
0.200147
0.203389
0.206873
0.21041
0.213978
0.217578
0.221214
0.224889
0.228605
0.232367
0.236184
0.240065
0.244022
0.248069
0.252221
0.256494
0.260909
0.265495
0.270301
0.27543
0.281118
0.287975
0.297213
0.308029
0.31675
0.319987
0.317567
0.312548
0.310846
0.325909
0.385722
0.494313
0.201337
0.202058
0.20266
0.203179
0.203667
0.204202
0.204892
0.205884
0.207366
0.209529
0.212197
0.215192
0.218402
0.221765
0.225241
0.228806
0.232444
0.236148
0.239913
0.243733
0.247607
0.251529
0.255491
0.259481
0.263488
0.267502
0.271529
0.275615
0.27991
0.284813
0.291236
0.299827
0.309522
0.317567
0.321439
0.321064
0.320456
0.331409
0.379388
0.479678
0.214092
0.214655
0.215086
0.21542
0.215707
0.216022
0.216461
0.217152
0.218237
0.219847
0.221982
0.224554
0.227462
0.230623
0.233975
0.237471
0.241074
0.244759
0.2485
0.252274
0.256055
0.259812
0.263509
0.267104
0.270555
0.273822
0.276889
0.27978
0.282609
0.285666
0.289594
0.295313
0.30326
0.312548
0.321064
0.326869
0.330794
0.341043
0.379298
0.467847
0.231303
0.231734
0.232033
0.232236
0.232397
0.23259
0.23291
0.233469
0.23439
0.235778
0.237671
0.240036
0.242802
0.24589
0.249227
0.25275
0.256404
0.260141
0.263916
0.267685
0.271397
0.275002
0.278445
0.281671
0.284632
0.287287
0.289604
0.291557
0.293158
0.294538
0.296121
0.298749
0.303458
0.310846
0.320456
0.330794
0.340774
0.354063
0.386364
0.461741
0.257869
0.258196
0.258393
0.258504
0.25859
0.258734
0.259036
0.259607
0.260564
0.262
0.263965
0.266449
0.269403
0.272758
0.276441
0.28039
0.28455
0.288883
0.293367
0.298
0.302744
0.307533
0.312295
0.316933
0.3213
0.325186
0.328308
0.33035
0.331029
0.330167
0.327955
0.325552
0.324347
0.32591
0.331409
0.341043
0.354063
0.371111
0.400819
0.463418
0.312246
0.312536
0.312672
0.312724
0.312783
0.312965
0.313405
0.314252
0.315651
0.317725
0.320555
0.324168
0.328551
0.33367
0.339492
0.345994
0.353178
0.361064
0.369684
0.379058
0.38914
0.399755
0.410526
0.420833
0.429854
0.436701
0.440609
0.441076
0.437917
0.43125
0.421198
0.408909
0.396349
0.385722
0.379389
0.379298
0.386364
0.400819
0.426019
0.474818
0.443046
0.443431
0.443611
0.443699
0.443838
0.444201
0.444986
0.446402
0.448646
0.451876
0.456184
0.461578
0.467986
0.475267
0.48322
0.491597
0.500112
0.508463
0.516358
0.523548
0.52985
0.535151
0.5394
0.542592
0.544741
0.545851
0.545886
0.544726
0.54214
0.53778
0.531018
0.521396
0.50888
0.494314
0.479679
0.467847
0.461741
0.463418
0.474818
0.502255
0.000159544
0.000694178
0.00237306
0.0055214
0.00990662
0.0152001
0.0211304
0.0274801
0.0340775
0.0407858
0.0475008
0.0541458
0.0606703
0.0670464
0.073255
0.0792816
0.0851206
0.0907746
0.0962532
0.10157
0.106741
0.111784
0.116722
0.12158
0.126387
0.131178
0.135995
0.140891
0.14593
0.151195
0.156794
0.162872
0.169626
0.17734
0.186451
0.197727
0.212845
0.236608
0.285388
0.410204
0.000693939
0.00175097
0.00401953
0.00754484
0.0121162
0.0174907
0.0234492
0.0298042
0.0363993
0.0431064
0.0498243
0.0564777
0.0630173
0.0694137
0.075642
0.0816857
0.0875384
0.0932017
0.0986854
0.104
0.109161
0.114184
0.119088
0.123898
0.128638
0.133341
0.138047
0.142807
0.147687
0.152773
0.158179
0.164057
0.170612
0.178135
0.187069
0.198184
0.21316
0.236803
0.28552
0.410406
0.0023725
0.00401941
0.0067871
0.0106054
0.0153134
0.0207335
0.0266928
0.0330321
0.0396108
0.0463084
0.0530259
0.0596881
0.0662453
0.072661
0.078905
0.0849586
0.0908147
0.096475
0.101947
0.10724
0.112364
0.117335
0.122168
0.126881
0.131498
0.136045
0.140561
0.145098
0.149725
0.154538
0.159661
0.165261
0.171555
0.178845
0.187577
0.198524
0.213359
0.236887
0.285529
0.410435
0.00552107
0.00754484
0.0106055
0.0145924
0.0193729
0.0248059
0.0307499
0.0370689
0.0436353
0.0503336
0.0570652
0.0637535
0.0703425
0.0767846
0.0830462
0.0891081
0.0949632
0.100614
0.106064
0.11132
0.116391
0.121287
0.126019
0.130599
0.135044
0.139376
0.14363
0.147857
0.152133
0.156567
0.161306
0.166537
0.172498
0.179504
0.188007
0.198776
0.213476
0.236897
0.285471
0.41039
0.00990671
0.0121164
0.0153135
0.0193729
0.0241741
0.0295979
0.0355252
0.0418366
0.0484154
0.0551487
0.061934
0.0686868
0.0753336
0.0818189
0.0881077
0.0941827
0.100039
0.105679
0.111103
0.116318
0.121328
0.126138
0.130752
0.135175
0.139414
0.143483
0.147408
0.151239
0.155058
0.158991
0.163217
0.167966
0.173507
0.180168
0.188407
0.198987
0.213556
0.23689
0.285426
0.410402
0.0152004
0.0174908
0.0207336
0.0248057
0.0295979
0.0350077
0.0409333
0.0472718
0.0539158
0.0607527
0.067668
0.0745457
0.0812923
0.0878486
0.0941833
0.100285
0.106153
0.111788
0.117193
0.122372
0.127326
0.132054
0.136552
0.140814
0.144833
0.148608
0.152151
0.155501
0.15874
0.162018
0.165565
0.169679
0.174679
0.180916
0.188847
0.19922
0.213665
0.236936
0.285494
0.410631
0.0211305
0.0234491
0.0266926
0.0307496
0.0355251
0.0409331
0.0468926
0.0533202
0.0601237
0.0671906
0.0743644
0.0814642
0.0883756
0.0950449
0.101455
0.107606
0.113503
0.11915
0.124554
0.129718
0.134638
0.139309
0.143716
0.14784
0.151657
0.15514
0.158273
0.161066
0.163588
0.166007
0.168625
0.171879
0.176166
0.181864
0.189423
0.199564
0.213883
0.237123
0.285791
0.411256
0.0274802
0.029804
0.0330319
0.0370686
0.0418366
0.0472716
0.0533199
0.0599328
0.0670535
0.0745698
0.0822453
0.0897326
0.096907
0.10375
0.110278
0.11651
0.122463
0.128153
0.13359
0.138776
0.143708
0.148374
0.152751
0.156805
0.160488
0.163738
0.16649
0.168691
0.170352
0.171625
0.172907
0.17492
0.178209
0.183185
0.190267
0.200125
0.21431
0.237551
0.286443
0.412468
0.0340774
0.0363989
0.0396106
0.043635
0.0484152
0.0539157
0.0601236
0.0670535
0.0747282
0.0831145
0.0918999
0.10007
0.107648
0.114745
0.121445
0.127803
0.133861
0.139645
0.145172
0.150451
0.155478
0.160238
0.164703
0.168825
0.172533
0.175723
0.178253
0.179951
0.180657
0.180369
0.179523
0.179498
0.18121
0.18512
0.191543
0.201029
0.215048
0.23832
0.287576
0.414449
0.0407856
0.0431061
0.0463082
0.0503333
0.0551484
0.0607525
0.0671904
0.0745698
0.0831146
0.0933011
0.105729
0.115056
0.123212
0.130671
0.137636
0.144215
0.150479
0.156475
0.162229
0.167758
0.173064
0.178136
0.182947
0.187446
0.191548
0.195116
0.19793
0.199626
0.19963
0.197192
0.192072
0.187298
0.185855
0.187973
0.193416
0.202387
0.216186
0.239514
0.28929
0.417345
0.0475008
0.0498241
0.0530254
0.0570649
0.061934
0.067668
0.0743641
0.0822451
0.0919
0.10573
0.464262
0.478883
0.468069
0.460957
0.456472
0.453629
0.451891
0.450936
0.450536
0.450504
0.450681
0.4509
0.450972
0.45066
0.449622
0.447309
0.442679
0.433289
0.412029
0.359586
0.197079
0.191653
0.189747
0.191038
0.195727
0.204193
0.217753
0.241173
0.291647
0.421246
0.0541457
0.0564775
0.0596877
0.0637532
0.0686867
0.0745456
0.0814639
0.0897325
0.10007
0.115057
0.478885
0.552201
0.554851
0.553323
0.552077
0.551167
0.550517
0.550071
0.549777
0.549593
0.549474
0.549379
0.549252
0.54903
0.548616
0.54785
0.546418
0.543593
0.537285
0.521696
0.203249
0.195576
0.193297
0.194138
0.198312
0.206362
0.219717
0.243294
0.294661
0.426175
0.0606703
0.0630171
0.066245
0.0703422
0.0753334
0.0812924
0.0883753
0.0969071
0.107648
0.123213
0.468069
0.554851
0.561901
0.562079
0.561994
0.561919
0.561859
0.561816
0.561786
0.561764
0.561747
0.561732
0.561717
0.561697
0.561662
0.561598
0.561488
0.561278
0.56085
0.559968
0.209085
0.199333
0.196698
0.197247
0.201067
0.208803
0.222015
0.245833
0.298301
0.432092
0.0670466
0.0694133
0.0726605
0.0767844
0.0818187
0.0878486
0.0950447
0.10375
0.114745
0.130672
0.460957
0.553323
0.562079
0.562473
0.562482
0.562478
0.562475
0.562473
0.56247
0.562469
0.562468
0.562468
0.562467
0.562464
0.562463
0.562461
0.562456
0.562447
0.562431
0.562404
0.214649
0.203003
0.20003
0.200362
0.203931
0.211439
0.224575
0.248732
0.302516
0.438909
0.0732554
0.0756417
0.0789043
0.083046
0.0881077
0.0941833
0.101455
0.110278
0.121445
0.137636
0.456472
0.552077
0.561994
0.562482
0.5625
0.5625
0.5625
0.5625
0.562499
0.562499
0.562499
0.562499
0.562499
0.562499
0.562499
0.562499
0.562499
0.562499
0.562499
0.562498
0.220015
0.206617
0.203326
0.203483
0.206864
0.21421
0.227336
0.251931
0.307244
0.446505
0.0792821
0.0816856
0.0849581
0.0891079
0.0941827
0.100285
0.107606
0.11651
0.127803
0.144215
0.453629
0.551167
0.561919
0.562478
0.5625
0.5625
0.5625
0.5625
0.5625
0.5625
0.5625
0.5625
0.5625
0.5625
0.5625
0.5625
0.5625
0.5625
0.5625
0.5625
0.225224
0.210193
0.206602
0.206608
0.209843
0.217073
0.230245
0.255373
0.312426
0.454729
0.0851211
0.0875383
0.0908145
0.0949631
0.100039
0.106153
0.113503
0.122463
0.133861
0.15048
0.451891
0.550517
0.561859
0.562475
0.5625
0.5625
0.5625
0.5625
0.5625
0.5625
0.5625
0.5625
0.5625
0.5625
0.5625
0.5625
0.5625
0.5625
0.5625
0.5625
0.230305
0.213745
0.209868
0.209737
0.21285
0.219996
0.233258
0.259008
0.318012
0.463401
0.0907749
0.0932017
0.0964746
0.100614
0.105679
0.111788
0.11915
0.128154
0.139645
0.156475
0.450936
0.550071
0.561816
0.562473
0.5625
0.5625
0.5625
0.5625
0.5625
0.5625
0.5625
0.5625
0.5625
0.5625
0.5625
0.5625
0.5625
0.5625
0.5625
0.5625
0.235283
0.217288
0.213133
0.212871
0.215872
0.222952
0.236341
0.262789
0.32396
0.472307
0.0962535
0.0986854
0.101947
0.106064
0.111103
0.117194
0.124555
0.13359
0.145173
0.162229
0.450536
0.549777
0.561786
0.56247
0.562499
0.5625
0.5625
0.5625
0.5625
0.5625
0.5625
0.5625
0.5625
0.5625
0.5625
0.5625
0.5625
0.5625
0.5625
0.5625
0.240182
0.220839
0.216406
0.216012
0.218902
0.225921
0.23946
0.266671
0.330234
0.481194
0.101571
0.104
0.107239
0.11132
0.116318
0.122373
0.129718
0.138776
0.150451
0.167758
0.450504
0.549593
0.561764
0.562469
0.562499
0.5625
0.5625
0.5625
0.5625
0.5625
0.5625
0.5625
0.5625
0.5625
0.5625
0.5625
0.5625
0.5625
0.5625
0.5625
0.245025
0.224419
0.219699
0.219162
0.221932
0.228885
0.242587
0.270605
0.336796
0.489784
0.106741
0.109161
0.112364
0.116391
0.121328
0.127327
0.134638
0.143708
0.155478
0.173064
0.450681
0.549474
0.561747
0.562468
0.562499
0.5625
0.5625
0.5625
0.5625
0.5625
0.5625
0.5625
0.5625
0.5625
0.5625
0.5625
0.5625
0.5625
0.5625
0.5625
0.249836
0.228053
0.223024
0.222327
0.224956
0.231827
0.245688
0.274533
0.343593
0.497788
0.111784
0.114184
0.117335
0.121287
0.126138
0.132055
0.139309
0.148374
0.160238
0.178137
0.4509
0.549379
0.561732
0.562468
0.562499
0.5625
0.5625
0.5625
0.5625
0.5625
0.5625
0.5625
0.5625
0.5625
0.5625
0.5625
0.5625
0.5625
0.5625
0.5625
0.254636
0.231773
0.226401
0.225513
0.227971
0.234727
0.248728
0.27839
0.350539
0.504935
0.116722
0.119089
0.122168
0.126019
0.130752
0.136553
0.143716
0.152752
0.164703
0.182948
0.450972
0.54925
0.561717
0.562467
0.562499
0.5625
0.5625
0.5625
0.5625
0.5625
0.5625
0.5625
0.5625
0.5625
0.5625
0.5625
0.5625
0.5625
0.5625
0.5625
0.259449
0.235619
0.229852
0.228731
0.230972
0.237567
0.251664
0.282091
0.357482
0.510995
0.12158
0.123898
0.126882
0.130599
0.135175
0.140814
0.147841
0.156806
0.168825
0.187447
0.45066
0.54903
0.561697
0.562464
0.562499
0.5625
0.5625
0.5625
0.5625
0.5625
0.5625
0.5625
0.5625
0.5625
0.5625
0.5625
0.5625
0.5625
0.5625
0.5625
0.264299
0.239647
0.233413
0.231995
0.233957
0.240325
0.254443
0.285529
0.364175
0.515781
0.126387
0.128638
0.131498
0.135044
0.139414
0.144834
0.151657
0.160488
0.172533
0.191549
0.449622
0.548616
0.561662
0.562463
0.562499
0.5625
0.5625
0.5625
0.5625
0.5625
0.5625
0.5625
0.5625
0.5625
0.5625
0.5625
0.5625
0.5625
0.5625
0.5625
0.269213
0.243934
0.237134
0.235333
0.236932
0.242979
0.257003
0.28857
0.370239
0.519144
0.131178
0.133342
0.136045
0.139376
0.143483
0.148609
0.155141
0.163739
0.175723
0.195117
0.447309
0.54785
0.561598
0.562461
0.562499
0.5625
0.5625
0.5625
0.5625
0.5625
0.5625
0.5625
0.5625
0.5625
0.5625
0.5625
0.5625
0.5625
0.5625
0.5625
0.274229
0.248595
0.241102
0.23879
0.239913
0.245514
0.259273
0.291052
0.375156
0.520933
0.135996
0.138048
0.140562
0.14363
0.147409
0.152152
0.158273
0.16649
0.178254
0.19793
0.442679
0.546418
0.561488
0.562456
0.562499
0.5625
0.5625
0.5625
0.5625
0.5625
0.5625
0.5625
0.5625
0.5625
0.5625
0.5625
0.5625
0.5625
0.5625
0.5625
0.279401
0.253814
0.245465
0.242457
0.242943
0.247929
0.261185
0.292794
0.37831
0.520967
0.140891
0.142808
0.145099
0.147857
0.151239
0.155501
0.161066
0.168691
0.179952
0.199627
0.433289
0.543593
0.561278
0.562447
0.562499
0.5625
0.5625
0.5625
0.5625
0.5625
0.5625
0.5625
0.5625
0.5625
0.5625
0.5625
0.5625
0.5625
0.5625
0.5625
0.284824
0.259905
0.250493
0.246514
0.246127
0.250263
0.262696
0.293616
0.379095
0.518997
0.14593
0.147688
0.149726
0.152134
0.155058
0.15874
0.163588
0.170352
0.180658
0.19963
0.412029
0.537285
0.56085
0.562431
0.562499
0.5625
0.5625
0.5625
0.5625
0.5625
0.5625
0.5625
0.5625
0.5625
0.5625
0.5625
0.5625
0.5625
0.5625
0.5625
0.29069
0.267455
0.256712
0.25132
0.249688
0.25264
0.263834
0.293399
0.377062
0.514698
0.151195
0.152774
0.154538
0.156568
0.158991
0.162019
0.166007
0.171625
0.18037
0.197192
0.359586
0.521696
0.559968
0.562404
0.562498
0.5625
0.5625
0.5625
0.5625
0.5625
0.5625
0.5625
0.5625
0.5625
0.5625
0.5625
0.5625
0.5625
0.5625
0.5625
0.297455
0.277581
0.265141
0.257609
0.254104
0.255354
0.264766
0.292219
0.37203
0.507649
0.156795
0.15818
0.159662
0.161306
0.163218
0.165565
0.168626
0.172907
0.179523
0.192073
0.197079
0.203249
0.209086
0.214649
0.220015
0.225225
0.230305
0.235283
0.240182
0.245026
0.249836
0.254637
0.259449
0.264299
0.269213
0.274229
0.279401
0.284824
0.29069
0.297454
0.30141
0.290139
0.276834
0.266505
0.260241
0.259008
0.265912
0.290356
0.364524
0.497597
0.162873
0.164058
0.165261
0.166537
0.167967
0.169679
0.171879
0.174921
0.179498
0.187299
0.191653
0.195577
0.199334
0.203004
0.206618
0.210194
0.213745
0.217288
0.220839
0.224419
0.228053
0.231773
0.235619
0.239647
0.243934
0.248595
0.253814
0.259905
0.267455
0.277581
0.290139
0.293145
0.286646
0.276874
0.268488
0.264339
0.267972
0.288411
0.355316
0.484549
0.169627
0.170613
0.171556
0.172499
0.173507
0.174679
0.176166
0.17821
0.181211
0.185855
0.189748
0.193298
0.196699
0.200031
0.203326
0.206602
0.209868
0.213133
0.216406
0.219699
0.223025
0.226401
0.229853
0.233413
0.237135
0.241102
0.245465
0.250493
0.256712
0.265141
0.276834
0.286645
0.289263
0.2849
0.27749
0.271486
0.271692
0.287298
0.345572
0.468952
0.177341
0.178136
0.178845
0.179505
0.180168
0.180916
0.181865
0.183185
0.185121
0.187974
0.191038
0.194139
0.197248
0.200363
0.203483
0.206608
0.209737
0.212871
0.216012
0.219162
0.222327
0.225514
0.228731
0.231996
0.235333
0.23879
0.242458
0.246514
0.25132
0.257609
0.266505
0.276874
0.2849
0.287393
0.284474
0.279358
0.277345
0.288041
0.336777
0.45183
0.186452
0.18707
0.187578
0.188008
0.188408
0.188847
0.189424
0.190267
0.191543
0.193417
0.195728
0.198313
0.201068
0.203931
0.206865
0.209844
0.21285
0.215872
0.218902
0.221932
0.224956
0.227971
0.230972
0.233957
0.236932
0.239913
0.242943
0.246127
0.249688
0.254104
0.260241
0.268488
0.27749
0.284474
0.2872
0.285924
0.284321
0.291418
0.330635
0.434836
0.197728
0.198185
0.198525
0.198777
0.198987
0.199221
0.199564
0.200126
0.20103
0.202388
0.204193
0.206362
0.208804
0.211439
0.21421
0.217074
0.219996
0.222952
0.225921
0.228885
0.231827
0.234727
0.237567
0.240325
0.242979
0.245514
0.247929
0.250263
0.25264
0.255354
0.259008
0.264338
0.271486
0.279358
0.285924
0.289607
0.291319
0.297622
0.328863
0.420265
0.212846
0.213161
0.21336
0.213476
0.213556
0.213665
0.213884
0.214311
0.215049
0.216187
0.217754
0.219718
0.222015
0.224576
0.227336
0.230245
0.233259
0.236341
0.239461
0.242587
0.245689
0.248729
0.251664
0.254443
0.257003
0.259273
0.261185
0.262697
0.263834
0.264766
0.265912
0.267971
0.271692
0.277345
0.284321
0.291319
0.29761
0.306363
0.332839
0.41088
0.236608
0.236804
0.236887
0.236898
0.23689
0.236936
0.237123
0.237552
0.238321
0.239514
0.241174
0.243294
0.245833
0.248732
0.251931
0.255374
0.259008
0.262789
0.266671
0.270605
0.274533
0.27839
0.282091
0.285529
0.28857
0.291052
0.292794
0.293616
0.293399
0.292219
0.290356
0.288411
0.287297
0.288041
0.291418
0.297621
0.306363
0.318677
0.343758
0.409437
0.285388
0.285521
0.285529
0.285471
0.285426
0.285494
0.285791
0.286444
0.287576
0.28929
0.291648
0.294661
0.298302
0.302516
0.307244
0.312427
0.318013
0.323961
0.330234
0.336796
0.343593
0.350539
0.357482
0.364175
0.370239
0.375156
0.37831
0.379095
0.377062
0.37203
0.364524
0.355316
0.345572
0.336777
0.330635
0.328863
0.332839
0.343758
0.366349
0.419474
0.410204
0.410406
0.410434
0.41039
0.410402
0.410631
0.411256
0.412468
0.414449
0.417345
0.421246
0.426176
0.432093
0.43891
0.446505
0.454729
0.463401
0.472307
0.481194
0.489784
0.497787
0.504935
0.510995
0.515781
0.519143
0.520933
0.520967
0.518997
0.514698
0.507649
0.497597
0.484549
0.468952
0.45183
0.434836
0.420265
0.41088
0.409437
0.419474
0.452047
1.72745e-07
2.77398e-05
0.000545633
0.00255201
0.00618041
0.0109958
0.0166042
0.0227211
0.0291359
0.0356908
0.0422679
0.0487816
0.0551754
0.0614163
0.0674904
0.0733897
0.0791096
0.0846517
0.0900236
0.0952381
0.10031
0.105258
0.110103
0.114868
0.119583
0.124279
0.128999
0.133791
0.138717
0.143858
0.149316
0.155226
0.161775
0.169234
0.178026
0.188922
0.203599
0.226587
0.272714
0.392734
2.77226e-05
0.000263876
0.0014501
0.00412678
0.00813194
0.0131254
0.018814
0.0249658
0.0313967
0.0379616
0.044548
0.0510737
0.0574824
0.0637424
0.0698378
0.0757561
0.081491
0.0870431
0.0924192
0.0976308
0.102691
0.107617
0.112426
0.117139
0.121784
0.12639
0.130995
0.135649
0.140415
0.145376
0.15064
0.156351
0.162703
0.169972
0.178589
0.189326
0.203863
0.226735
0.272795
0.39286
0.000545153
0.00144984
0.00349313
0.00676083
0.011071
0.0161996
0.0219383
0.0281027
0.0345338
0.0410986
0.0476891
0.0542239
0.060647
0.0669261
0.0730389
0.078969
0.0847085
0.0902569
0.0956203
0.100808
0.105831
0.110701
0.115436
0.120051
0.124568
0.129016
0.13343
0.137861
0.142376
0.147065
0.15205
0.157488
0.163584
0.170624
0.179043
0.189614
0.204013
0.226775
0.272763
0.392831
0.00255141
0.00412655
0.0067608
0.0103964
0.0148972
0.0201081
0.0258726
0.0320403
0.0384723
0.0450444
0.0516506
0.0582075
0.0646581
0.0709649
0.0770979
0.0830381
0.088777
0.0943138
0.0996537
0.104803
0.109769
0.114562
0.119192
0.12367
0.128013
0.132244
0.136396
0.140519
0.144687
0.149004
0.153611
0.158688
0.16446
0.171224
0.179419
0.189816
0.204082
0.226746
0.272673
0.39274
0.00618012
0.00813202
0.011071
0.0148972
0.0194969
0.0247482
0.0305258
0.0367035
0.0431564
0.0497654
0.0564214
0.0630349
0.0695426
0.0758947
0.0820574
0.0880122
0.0937514
0.0992755
0.104588
0.109692
0.114593
0.119296
0.123804
0.128121
0.132256
0.136223
0.140047
0.143777
0.147493
0.151319
0.155426
0.160034
0.165396
0.171826
0.179765
0.189976
0.204116
0.2267
0.272598
0.392709
0.0109961
0.0131256
0.0161998
0.0201082
0.0247482
0.0300181
0.0358142
0.0420291
0.0485497
0.0552575
0.0620326
0.0687672
0.0753763
0.0818019
0.0880119
0.0939923
0.0997404
0.105258
0.110547
0.115612
0.120452
0.125067
0.129453
0.133605
0.137517
0.141188
0.144631
0.147885
0.151031
0.154216
0.157659
0.161649
0.166488
0.172507
0.180148
0.190159
0.204178
0.226707
0.272629
0.392885
0.0166045
0.0188143
0.0219388
0.0258727
0.0305258
0.0358142
0.0416551
0.0479616
0.0546358
0.0615591
0.0685842
0.07554
0.0823152
0.0888551
0.0951393
0.101166
0.106939
0.112465
0.117748
0.122791
0.12759
0.132141
0.136429
0.140437
0.144141
0.147517
0.150552
0.153255
0.155698
0.158042
0.160582
0.163735
0.167883
0.173382
0.180662
0.190447
0.204347
0.226852
0.272876
0.393436
0.0227216
0.0249664
0.0281032
0.0320405
0.0367036
0.0420291
0.0479617
0.0544467
0.0614215
0.0687805
0.0763006
0.083642
0.0906794
0.0973902
0.103787
0.109889
0.115714
0.121276
0.126583
0.131639
0.136441
0.140976
0.145224
0.149151
0.152713
0.155851
0.158503
0.160622
0.162219
0.163446
0.164686
0.166636
0.169817
0.174616
0.181435
0.190946
0.204718
0.22723
0.273458
0.39454
0.0291364
0.0313975
0.0345344
0.0384724
0.0431566
0.0485498
0.0546359
0.0614215
0.0689337
0.0771493
0.0857641
0.0937804
0.101215
0.108172
0.114733
0.120954
0.126873
0.132518
0.137904
0.143039
0.147919
0.152531
0.156847
0.160823
0.164391
0.167453
0.169875
0.171493
0.172156
0.171866
0.171045
0.171022
0.172677
0.176444
0.182624
0.191775
0.205391
0.227939
0.274488
0.396366
0.0356911
0.0379621
0.041099
0.0450444
0.0497653
0.0552576
0.0615592
0.0687806
0.0771494
0.087137
0.0993329
0.108487
0.116486
0.123791
0.130602
0.137028
0.143136
0.148969
0.154554
0.159906
0.165027
0.169907
0.17452
0.178817
0.18272
0.186102
0.188755
0.190341
0.190313
0.187962
0.183057
0.178484
0.177108
0.179152
0.184387
0.193042
0.206452
0.229058
0.276061
0.399049
0.0422681
0.0445486
0.0476897
0.0516507
0.0564212
0.0620327
0.0685841
0.0763007
0.0857643
0.0993336
0.460679
0.475108
0.463628
0.455971
0.451041
0.447798
0.445693
0.444385
0.443637
0.443263
0.443099
0.442973
0.442699
0.442033
0.440631
0.437934
0.432878
0.422927
0.400597
0.346241
0.187942
0.182662
0.180823
0.182062
0.186568
0.194738
0.207929
0.230627
0.27823
0.402671
0.0487821
0.0510742
0.0542244
0.0582077
0.0630349
0.0687675
0.0755401
0.0836419
0.0937804
0.108488
0.475106
0.551208
0.554041
0.5523
0.550854
0.549769
0.548964
0.548378
0.547957
0.547652
0.547419
0.547208
0.54696
0.546603
0.546026
0.545045
0.543301
0.539944
0.532519
0.514251
0.194126
0.186451
0.184211
0.185005
0.18901
0.196783
0.209792
0.23264
0.281002
0.40725
0.0551759
0.0574829
0.0606474
0.0646584
0.0695429
0.0753764
0.0823154
0.0906795
0.101215
0.116487
0.463628
0.554041
0.56181
0.562012
0.561909
0.561815
0.561741
0.56168
0.561637
0.561602
0.561573
0.561549
0.561521
0.561483
0.561432
0.561345
0.561198
0.560926
0.560375
0.55924
0.19994
0.190072
0.187451
0.187951
0.191611
0.199088
0.211979
0.235055
0.284341
0.412749
0.0614167
0.0637428
0.0669263
0.0709653
0.0758951
0.0818019
0.0888552
0.0973905
0.108172
0.123792
0.455971
0.5523
0.562012
0.562466
0.562478
0.562473
0.562467
0.562465
0.562462
0.56246
0.562459
0.562456
0.562455
0.562453
0.56245
0.562445
0.562437
0.562427
0.562404
0.562371
0.205438
0.193595
0.190616
0.190897
0.194311
0.201579
0.214422
0.237813
0.28819
0.419089
0.0674909
0.0698381
0.0730392
0.0770983
0.0820577
0.088012
0.0951392
0.103787
0.114733
0.130602
0.451041
0.550854
0.561909
0.562478
0.562499
0.5625
0.562499
0.562499
0.562499
0.562499
0.562499
0.562499
0.562499
0.562499
0.562499
0.562499
0.562499
0.562498
0.562496
0.562496
0.210711
0.197049
0.193736
0.193839
0.197073
0.204199
0.217062
0.240853
0.292481
0.426167
0.0733899
0.0757564
0.0789695
0.0830386
0.0880123
0.0939927
0.101166
0.109889
0.120954
0.137028
0.447798
0.549769
0.561815
0.562473
0.5625
0.5625
0.5625
0.5625
0.5625
0.5625
0.5625
0.5625
0.5625
0.5625
0.5625
0.5625
0.5625
0.5625
0.5625
0.5625
0.215805
0.200452
0.196826
0.196777
0.199872
0.206907
0.219846
0.244118
0.297143
0.43386
0.0791096
0.0814913
0.0847091
0.0887776
0.0937514
0.0997408
0.106939
0.115714
0.126873
0.143136
0.445693
0.548964
0.561741
0.562467
0.562499
0.5625
0.5625
0.5625
0.5625
0.5625
0.5625
0.5625
0.5625
0.5625
0.5625
0.5625
0.5625
0.5625
0.5625
0.5625
0.220752
0.20382
0.199896
0.199709
0.202692
0.209672
0.222734
0.247553
0.302114
0.442032
0.0846516
0.0870435
0.0902576
0.0943145
0.0992755
0.105258
0.112465
0.121276
0.132518
0.148969
0.444385
0.548378
0.56168
0.562465
0.562499
0.5625
0.5625
0.5625
0.5625
0.5625
0.5625
0.5625
0.5625
0.5625
0.5625
0.5625
0.5625
0.5625
0.5625
0.5625
0.22558
0.207167
0.202955
0.202637
0.205522
0.212471
0.22569
0.251108
0.307335
0.450521
0.0900236
0.0924196
0.0956209
0.0996544
0.104588
0.110548
0.117748
0.126584
0.137904
0.154554
0.443637
0.547957
0.561637
0.562462
0.562499
0.5625
0.5625
0.5625
0.5625
0.5625
0.5625
0.5625
0.5625
0.5625
0.5625
0.5625
0.5625
0.5625
0.5625
0.5625
0.230313
0.210511
0.206012
0.205563
0.208354
0.215284
0.228683
0.254736
0.31275
0.459135
0.095238
0.0976311
0.100808
0.104803
0.109692
0.115612
0.122791
0.13164
0.143039
0.159906
0.443263
0.547652
0.561602
0.56246
0.562499
0.5625
0.5625
0.5625
0.5625
0.5625
0.5625
0.5625
0.5625
0.5625
0.5625
0.5625
0.5625
0.5625
0.5625
0.5625
0.234975
0.213872
0.209076
0.208489
0.211183
0.218095
0.231682
0.258386
0.318303
0.467644
0.10031
0.102692
0.105831
0.10977
0.114594
0.120452
0.127591
0.136442
0.147919
0.165028
0.443099
0.547419
0.561573
0.562459
0.562499
0.5625
0.5625
0.5625
0.5625
0.5625
0.5625
0.5625
0.5625
0.5625
0.5625
0.5625
0.5625
0.5625
0.5625
0.5625
0.239589
0.217275
0.212162
0.211422
0.214007
0.220889
0.234655
0.262001
0.323927
0.475779
0.105259
0.107617
0.110702
0.114562
0.119296
0.125067
0.132141
0.140977
0.152531
0.169908
0.442973
0.547208
0.561549
0.562456
0.562499
0.5625
0.5625
0.5625
0.5625
0.5625
0.5625
0.5625
0.5625
0.5625
0.5625
0.5625
0.5625
0.5625
0.5625
0.5625
0.244177
0.220752
0.215289
0.21437
0.216821
0.223648
0.237563
0.265514
0.32953
0.483247
0.110103
0.112426
0.115436
0.119192
0.123804
0.129454
0.136429
0.145225
0.156847
0.17452
0.442699
0.54696
0.561521
0.562455
0.562499
0.5625
0.5625
0.5625
0.5625
0.5625
0.5625
0.5625
0.5625
0.5625
0.5625
0.5625
0.5625
0.5625
0.5625
0.5625
0.248765
0.224347
0.218482
0.217346
0.219626
0.226354
0.240361
0.268843
0.334983
0.489749
0.114869
0.11714
0.120051
0.12367
0.128122
0.133605
0.140437
0.149152
0.160824
0.178818
0.442033
0.546603
0.561483
0.562453
0.562499
0.5625
0.5625
0.5625
0.5625
0.5625
0.5625
0.5625
0.5625
0.5625
0.5625
0.5625
0.5625
0.5625
0.5625
0.5625
0.253382
0.228117
0.22178
0.22037
0.222423
0.228984
0.242994
0.271885
0.340096
0.495
0.119583
0.121785
0.124569
0.128014
0.132257
0.137517
0.144141
0.152713
0.164392
0.182721
0.440631
0.546026
0.561432
0.56245
0.562499
0.5625
0.5625
0.5625
0.5625
0.5625
0.5625
0.5625
0.5625
0.5625
0.5625
0.5625
0.5625
0.5625
0.5625
0.5625
0.25806
0.232148
0.225242
0.223474
0.225219
0.231515
0.245397
0.274516
0.344602
0.498738
0.12428
0.126391
0.129017
0.132245
0.136223
0.141188
0.147518
0.155851
0.167453
0.186102
0.437934
0.545045
0.561345
0.562445
0.562499
0.5625
0.5625
0.5625
0.5625
0.5625
0.5625
0.5625
0.5625
0.5625
0.5625
0.5625
0.5625
0.5625
0.5625
0.5625
0.262844
0.236566
0.228963
0.226712
0.228033
0.233929
0.247501
0.276589
0.348143
0.500715
0.128999
0.130996
0.133431
0.136396
0.140047
0.144631
0.150552
0.158503
0.169875
0.188756
0.432878
0.543301
0.561198
0.562437
0.562499
0.5625
0.5625
0.5625
0.5625
0.5625
0.5625
0.5625
0.5625
0.5625
0.5625
0.5625
0.5625
0.5625
0.5625
0.5625
0.267796
0.241568
0.233105
0.230182
0.230911
0.236219
0.249239
0.277949
0.350289
0.500674
0.133791
0.13565
0.137862
0.140519
0.143777
0.147885
0.153256
0.160622
0.171493
0.190341
0.422927
0.539943
0.560926
0.562427
0.562498
0.5625
0.5625
0.5625
0.5625
0.5625
0.5625
0.5625
0.5625
0.5625
0.5625
0.5625
0.5625
0.5625
0.5625
0.5625
0.273016
0.247485
0.237953
0.234069
0.233951
0.238418
0.250572
0.278459
0.350594
0.498331
0.138718
0.140416
0.142376
0.144687
0.147494
0.151032
0.155698
0.16222
0.172156
0.190314
0.400597
0.532519
0.560375
0.562404
0.562496
0.5625
0.5625
0.5625
0.5625
0.5625
0.5625
0.5625
0.5625
0.5625
0.5625
0.5625
0.5625
0.5625
0.5625
0.5625
0.278679
0.254902
0.24403
0.238729
0.237369
0.240639
0.251529
0.278044
0.348685
0.493366
0.143858
0.145377
0.147066
0.149004
0.15132
0.154216
0.158042
0.163446
0.171867
0.187962
0.346241
0.514251
0.55924
0.562371
0.562496
0.5625
0.5625
0.5625
0.5625
0.5625
0.5625
0.5625
0.5625
0.5625
0.5625
0.5625
0.5625
0.5625
0.5625
0.5625
0.285121
0.264869
0.252315
0.244865
0.241614
0.243156
0.252266
0.276743
0.344452
0.485478
0.149316
0.150641
0.152051
0.153612
0.155427
0.15766
0.160582
0.164686
0.171046
0.183058
0.187942
0.194126
0.19994
0.205438
0.210711
0.215805
0.220752
0.22558
0.230314
0.234976
0.239589
0.244177
0.248766
0.253382
0.25806
0.262843
0.267795
0.273016
0.278679
0.285121
0.288679
0.277131
0.263749
0.253515
0.247493
0.246527
0.253155
0.274791
0.338043
0.474513
0.155227
0.156352
0.157489
0.158689
0.160034
0.161649
0.163736
0.166637
0.171022
0.178484
0.182663
0.186451
0.190072
0.193595
0.197049
0.200453
0.203821
0.207168
0.210511
0.213872
0.217275
0.220753
0.224347
0.228118
0.232149
0.236566
0.241568
0.247485
0.254902
0.264869
0.27713
0.27981
0.273168
0.263468
0.255309
0.251411
0.254815
0.272685
0.329949
0.460507
0.161776
0.162704
0.163585
0.164461
0.165396
0.166488
0.167883
0.169817
0.172677
0.177108
0.180823
0.184211
0.187451
0.190616
0.193736
0.196826
0.199897
0.202956
0.206012
0.209076
0.212162
0.215289
0.218482
0.22178
0.225242
0.228964
0.233106
0.237953
0.24403
0.252315
0.263749
0.273168
0.275448
0.270971
0.263672
0.257859
0.257868
0.271167
0.321011
0.443826
0.169234
0.169973
0.170625
0.171225
0.171826
0.172507
0.173382
0.174616
0.176445
0.179152
0.182062
0.185006
0.187952
0.190897
0.193839
0.196777
0.19971
0.202638
0.205563
0.20849
0.211423
0.214371
0.217347
0.220371
0.223474
0.226712
0.230182
0.234069
0.23873
0.244865
0.253515
0.263468
0.270971
0.273025
0.269892
0.264734
0.26244
0.271028
0.312371
0.42525
0.178027
0.17859
0.179044
0.17942
0.179766
0.180149
0.180663
0.181435
0.182624
0.184387
0.186568
0.18901
0.191611
0.194311
0.197073
0.199872
0.202692
0.205522
0.208354
0.211184
0.214007
0.216822
0.219627
0.222424
0.22522
0.228034
0.230911
0.233951
0.237369
0.241614
0.247493
0.255309
0.263672
0.269892
0.271902
0.270062
0.2678
0.272764
0.305364
0.406065
0.188923
0.189327
0.189615
0.189816
0.189977
0.19016
0.190448
0.190946
0.191776
0.193042
0.194738
0.196783
0.199089
0.20158
0.2042
0.206908
0.209673
0.212471
0.215284
0.218096
0.22089
0.223649
0.226354
0.228984
0.231516
0.233929
0.236219
0.238418
0.240639
0.243157
0.246528
0.251411
0.257859
0.264734
0.270062
0.272395
0.272624
0.276323
0.301347
0.388178
0.2036
0.203863
0.204014
0.204083
0.204117
0.204178
0.204347
0.204718
0.205392
0.206453
0.20793
0.209793
0.211979
0.214423
0.217062
0.219847
0.222735
0.225691
0.228683
0.231682
0.234655
0.237563
0.240361
0.242994
0.245397
0.247501
0.249239
0.250572
0.251529
0.252266
0.253155
0.254815
0.257868
0.26244
0.2678
0.272624
0.276231
0.28133
0.301514
0.374151
0.226587
0.226735
0.226776
0.226746
0.226701
0.226708
0.226853
0.227231
0.22794
0.229058
0.230628
0.232641
0.235056
0.237814
0.240854
0.244118
0.247553
0.251109
0.254737
0.258386
0.262001
0.265514
0.268843
0.271885
0.274516
0.276589
0.277949
0.278459
0.278044
0.276743
0.274791
0.272685
0.271167
0.271028
0.272764
0.276323
0.28133
0.288757
0.307191
0.366992
0.272715
0.272795
0.272764
0.272674
0.272598
0.27263
0.272877
0.273459
0.274489
0.276062
0.278231
0.281002
0.284342
0.288191
0.292481
0.297144
0.302114
0.307335
0.31275
0.318304
0.323927
0.32953
0.334983
0.340096
0.344602
0.348142
0.350289
0.350594
0.348685
0.344452
0.338043
0.329949
0.321011
0.312371
0.305364
0.301347
0.301514
0.307191
0.323365
0.371016
0.392734
0.392859
0.392831
0.392741
0.392709
0.392885
0.393436
0.394541
0.396366
0.399049
0.402671
0.40725
0.412749
0.419089
0.426167
0.43386
0.442032
0.450521
0.459135
0.467644
0.475779
0.483247
0.489749
0.495
0.498738
0.500715
0.500674
0.498331
0.493366
0.485478
0.474513
0.460507
0.443826
0.42525
0.406065
0.388178
0.374151
0.366992
0.371016
0.399431
0
2.46207e-07
0.000101447
0.00121008
0.00412472
0.00850221
0.0138267
0.0197398
0.0259963
0.0324198
0.0388817
0.0452907
0.0515851
0.057728
0.063703
0.0695071
0.075138
0.0805979
0.0858935
0.0910364
0.0960412
0.100925
0.105708
0.110414
0.11507
0.119709
0.12437
0.129102
0.133965
0.139039
0.144422
0.150249
0.156702
0.164047
0.172707
0.183444
0.197879
0.220268
0.264414
0.380439
3.02748e-07
2.18595e-05
0.000483083
0.00235968
0.00582964
0.0104844
0.0159406
0.0219183
0.0282092
0.0346546
0.0411338
0.0475591
0.0538707
0.0600326
0.0660294
0.071854
0.0775013
0.0829719
0.0882721
0.0934118
0.098404
0.103264
0.10801
0.112663
0.117247
0.121793
0.126337
0.13093
0.135632
0.140524
0.145714
0.151342
0.157598
0.164755
0.173241
0.18382
0.198118
0.220393
0.264467
0.380516
0.000101239
0.000482833
0.00184058
0.00457667
0.00853019
0.0134104
0.0189638
0.024981
0.0312885
0.0377437
0.0442331
0.0506707
0.0569967
0.063176
0.0691913
0.0750293
0.0806827
0.0861506
0.0914379
0.0965528
0.101506
0.10631
0.11098
0.115532
0.119988
0.124375
0.128728
0.133098
0.137549
0.142172
0.147084
0.152441
0.158444
0.165374
0.173665
0.18408
0.198245
0.220414
0.264417
0.380455
0.0012091
0.00235898
0.00457648
0.00789291
0.0121554
0.0171817
0.0227973
0.0288394
0.0351609
0.0416314
0.0481405
0.0546009
0.0609519
0.0671582
0.0731951
0.0790449
0.0846991
0.0901558
0.095419
0.100495
0.10539
0.110115
0.114678
0.119093
0.123374
0.127543
0.131634
0.135697
0.139804
0.144058
0.148597
0.153598
0.15928
0.165939
0.174009
0.184254
0.198291
0.220368
0.264313
0.380338
0.00412332
0.00582893
0.00852983
0.0121552
0.0165873
0.021697
0.0273521
0.0334204
0.0397724
0.0462845
0.0528442
0.0593586
0.0657635
0.0720163
0.0780848
0.0839509
0.0896064
0.0950504
0.100285
0.105315
0.110145
0.114777
0.119218
0.12347
0.127541
0.131446
0.135211
0.138883
0.142543
0.146311
0.150356
0.154893
0.160173
0.166503
0.174323
0.184387
0.198302
0.220305
0.264223
0.380281
0.00850071
0.0104836
0.0134099
0.0171815
0.0216969
0.0268534
0.032545
0.0386614
0.0450864
0.0516979
0.0583727
0.0650022
0.0715085
0.0778365
0.0839547
0.0898483
0.0955129
0.10095
0.106161
0.11115
0.115916
0.12046
0.124776
0.12886
0.132708
0.136317
0.139703
0.142903
0.145998
0.149133
0.152523
0.156453
0.161217
0.167144
0.174671
0.18454
0.198339
0.220294
0.264236
0.380423
0.0138254
0.01594
0.0189633
0.022797
0.027352
0.0325451
0.0382925
0.0445058
0.0510843
0.0579061
0.0648219
0.0716706
0.0783445
0.0847891
0.0909836
0.0969238
0.102614
0.108058
0.113262
0.118226
0.122949
0.127425
0.131641
0.135578
0.139216
0.142531
0.145509
0.148163
0.150561
0.152867
0.155367
0.158473
0.162559
0.167975
0.175148
0.184797
0.198483
0.220418
0.264454
0.380924
0.0197389
0.0219178
0.0249806
0.0288392
0.0334204
0.0386614
0.0445056
0.0508974
0.0577695
0.0650143
0.0724195
0.0796526
0.0865898
0.0932073
0.0995145
0.10553
0.11127
0.116748
0.121974
0.126948
0.131669
0.136125
0.140296
0.144148
0.147639
0.150713
0.153309
0.155382
0.156946
0.158149
0.15937
0.161294
0.164429
0.169157
0.175878
0.18526
0.198824
0.220768
0.264991
0.381952
0.0259954
0.0282089
0.031288
0.0351606
0.0397724
0.0450862
0.0510842
0.0577695
0.0651644
0.0732543
0.0817443
0.0896497
0.0969843
0.103847
0.110317
0.116449
0.12228
0.127838
0.133136
0.138182
0.142974
0.147497
0.151726
0.155617
0.159104
0.162093
0.164455
0.166028
0.16667
0.166382
0.165581
0.165568
0.167206
0.170923
0.177017
0.186049
0.199464
0.221441
0.265955
0.383666
0.032419
0.0346541
0.0377433
0.0416311
0.0462846
0.0516979
0.0579061
0.0650143
0.0732544
0.0830978
0.0951297
0.104165
0.112061
0.119268
0.125982
0.132311
0.13832
0.144052
0.149534
0.154778
0.159788
0.164553
0.169048
0.173228
0.177016
0.180291
0.182855
0.184379
0.184338
0.182044
0.177271
0.172828
0.171511
0.173546
0.178718
0.187267
0.200484
0.222511
0.267432
0.386192
0.038881
0.0411334
0.0442331
0.0481402
0.0528441
0.0583728
0.064822
0.0724193
0.0817444
0.0951299
0.457746
0.472054
0.46009
0.452028
0.446765
0.443224
0.44084
0.439264
0.438255
0.437623
0.437199
0.436813
0.436275
0.435342
0.433667
0.43069
0.425331
0.415015
0.392075
0.336931
0.182069
0.176901
0.175123
0.17637
0.18083
0.188907
0.201913
0.224019
0.269473
0.389606
0.0452903
0.0475589
0.0506708
0.0546009
0.0593584
0.0650024
0.0716708
0.0796526
0.0896498
0.104165
0.472054
0.550384
0.553374
0.551459
0.54985
0.54862
0.547687
0.546984
0.546453
0.546046
0.545712
0.545399
0.545047
0.544572
0.543852
0.54269
0.540685
0.536899
0.528613
0.508427
0.188263
0.180612
0.178421
0.179228
0.183198
0.190892
0.203721
0.225956
0.27208
0.393925
0.0515848
0.0538705
0.056997
0.0609522
0.0657636
0.0715087
0.0783445
0.0865899
0.0969843
0.112061
0.46009
0.553374
0.561734
0.561954
0.561836
0.561727
0.561639
0.561566
0.561509
0.561463
0.561423
0.561386
0.561347
0.5613
0.561229
0.561121
0.560941
0.560615
0.559961
0.558615
0.194074
0.184157
0.181572
0.182088
0.185723
0.193132
0.205847
0.228279
0.275217
0.399109
0.0577277
0.0600326
0.0631763
0.0671585
0.0720163
0.0778368
0.0847892
0.0932075
0.103847
0.119268
0.452028
0.551459
0.561954
0.562462
0.562474
0.562468
0.562463
0.562459
0.562454
0.562452
0.562449
0.562447
0.562443
0.562442
0.562437
0.562432
0.562423
0.56241
0.562383
0.56234
0.199543
0.187599
0.184647
0.184945
0.188344
0.195556
0.208223
0.23093
0.278823
0.405085
0.0637027
0.0660295
0.0691916
0.0731954
0.0780849
0.0839551
0.0909836
0.0995149
0.110317
0.125982
0.446763
0.54985
0.561836
0.562474
0.562499
0.5625
0.562499
0.562499
0.562499
0.562499
0.562499
0.562499
0.562499
0.562499
0.562499
0.562499
0.562498
0.562496
0.562496
0.562495
0.204769
0.190966
0.187673
0.187798
0.191025
0.198106
0.210791
0.233847
0.282829
0.411756
0.0695069
0.0718539
0.0750295
0.0790454
0.083951
0.0898487
0.0969238
0.10553
0.116449
0.13231
0.443224
0.54862
0.561727
0.562468
0.5625
0.5625
0.5625
0.5625
0.5625
0.5625
0.5625
0.5625
0.5625
0.5625
0.5625
0.5625
0.5625
0.5625
0.5625
0.5625
0.209804
0.194275
0.190665
0.190643
0.193741
0.200742
0.213498
0.236971
0.287161
0.419014
0.0751378
0.0775014
0.0806827
0.0846993
0.0896064
0.0955132
0.102614
0.11127
0.122281
0.13832
0.44084
0.547687
0.561639
0.562463
0.562499
0.5625
0.5625
0.5625
0.5625
0.5625
0.5625
0.5625
0.5625
0.5625
0.5625
0.5625
0.5625
0.5625
0.5625
0.5625
0.214682
0.197542
0.193633
0.19348
0.196477
0.203434
0.216303
0.24025
0.291754
0.42674
0.0805977
0.0829723
0.0861508
0.0901559
0.0950503
0.10095
0.108058
0.116749
0.127838
0.144052
0.439264
0.546984
0.561566
0.562459
0.562499
0.5625
0.5625
0.5625
0.5625
0.5625
0.5625
0.5625
0.5625
0.5625
0.5625
0.5625
0.5625
0.5625
0.5625
0.5625
0.219431
0.200783
0.196585
0.196309
0.199221
0.206157
0.21917
0.243633
0.296542
0.434802
0.0858936
0.0882724
0.0914381
0.0954189
0.100285
0.106162
0.113262
0.121974
0.133137
0.149534
0.438255
0.546453
0.561509
0.562454
0.562499
0.5625
0.5625
0.5625
0.5625
0.5625
0.5625
0.5625
0.5625
0.5625
0.5625
0.5625
0.5625
0.5625
0.5625
0.5625
0.224076
0.204014
0.19953
0.199133
0.201966
0.208893
0.222068
0.247073
0.301464
0.443043
0.0910365
0.093412
0.0965531
0.100495
0.105315
0.11115
0.118226
0.126949
0.138183
0.154778
0.437623
0.546046
0.561463
0.562452
0.562499
0.5625
0.5625
0.5625
0.5625
0.5625
0.5625
0.5625
0.5625
0.5625
0.5625
0.5625
0.5625
0.5625
0.5625
0.5625
0.228641
0.207257
0.202479
0.201956
0.204708
0.211626
0.224965
0.25052
0.306458
0.451271
0.0960412
0.0984041
0.101506
0.10539
0.110145
0.115917
0.12295
0.13167
0.142974
0.159788
0.437199
0.545712
0.561423
0.562449
0.562499
0.5625
0.5625
0.5625
0.5625
0.5625
0.5625
0.5625
0.5625
0.5625
0.5625
0.5625
0.5625
0.5625
0.5625
0.5625
0.233149
0.210537
0.205446
0.204783
0.207442
0.214338
0.227828
0.253919
0.311451
0.45925
0.100925
0.103264
0.106311
0.110115
0.114778
0.12046
0.127425
0.136126
0.147498
0.164553
0.436813
0.545399
0.561386
0.562447
0.562499
0.5625
0.5625
0.5625
0.5625
0.5625
0.5625
0.5625
0.5625
0.5625
0.5625
0.5625
0.5625
0.5625
0.5625
0.5625
0.237624
0.213887
0.208451
0.207623
0.210166
0.217014
0.230621
0.257204
0.316353
0.4667
0.105708
0.10801
0.11098
0.114679
0.119218
0.124777
0.131641
0.140296
0.151726
0.169048
0.436275
0.545047
0.561347
0.562443
0.562499
0.5625
0.5625
0.5625
0.5625
0.5625
0.5625
0.5625
0.5625
0.5625
0.5625
0.5625
0.5625
0.5625
0.5625
0.5625
0.242092
0.217351
0.211519
0.21049
0.212879
0.219632
0.233299
0.260297
0.321042
0.473307
0.110414
0.112663
0.115533
0.119093
0.12347
0.128861
0.135579
0.144148
0.155617
0.173228
0.435342
0.544572
0.5613
0.562442
0.562499
0.5625
0.5625
0.5625
0.5625
0.5625
0.5625
0.5625
0.5625
0.5625
0.5625
0.5625
0.5625
0.5625
0.5625
0.5625
0.246581
0.220989
0.21469
0.213403
0.215582
0.22217
0.235807
0.263101
0.325352
0.478739
0.11507
0.117247
0.119989
0.123374
0.127541
0.132708
0.139216
0.147639
0.159105
0.177017
0.433667
0.543852
0.561229
0.562437
0.562499
0.5625
0.5625
0.5625
0.5625
0.5625
0.5625
0.5625
0.5625
0.5625
0.5625
0.5625
0.5625
0.5625
0.5625
0.5625
0.251128
0.224887
0.218024
0.216392
0.21828
0.224605
0.238083
0.265497
0.329058
0.482665
0.119709
0.121793
0.124375
0.127544
0.131446
0.136318
0.142531
0.150713
0.162094
0.180292
0.43069
0.54269
0.561121
0.562432
0.562499
0.5625
0.5625
0.5625
0.5625
0.5625
0.5625
0.5625
0.5625
0.5625
0.5625
0.5625
0.5625
0.5625
0.5625
0.5625
0.255777
0.229173
0.221616
0.219513
0.22099
0.226916
0.240059
0.267353
0.331871
0.484765
0.12437
0.126338
0.128729
0.131635
0.135211
0.139703
0.145509
0.153309
0.164455
0.182855
0.425331
0.540685
0.560941
0.562423
0.562498
0.5625
0.5625
0.5625
0.5625
0.5625
0.5625
0.5625
0.5625
0.5625
0.5625
0.5625
0.5625
0.5625
0.5625
0.5625
0.260592
0.234046
0.225628
0.222859
0.223753
0.229095
0.241673
0.268528
0.333446
0.484729
0.129102
0.13093
0.133098
0.135698
0.138884
0.142903
0.148163
0.155382
0.166029
0.184379
0.415015
0.536899
0.560615
0.56241
0.562496
0.5625
0.5625
0.5625
0.5625
0.5625
0.5625
0.5625
0.5625
0.5625
0.5625
0.5625
0.5625
0.5625
0.5625
0.5625
0.265666
0.239834
0.230339
0.22661
0.226664
0.231172
0.242889
0.268898
0.333426
0.482248
0.133966
0.135632
0.137549
0.139805
0.142543
0.145998
0.150562
0.156946
0.16667
0.184339
0.392075
0.528613
0.559961
0.562383
0.562496
0.5625
0.5625
0.5625
0.5625
0.5625
0.5625
0.5625
0.5625
0.5625
0.5625
0.5625
0.5625
0.5625
0.5625
0.5625
0.271154
0.247112
0.236267
0.231114
0.229928
0.23325
0.243729
0.268392
0.331516
0.477022
0.139039
0.140525
0.142172
0.144059
0.146311
0.149133
0.152867
0.158149
0.166382
0.182044
0.336931
0.508427
0.558615
0.56234
0.562495
0.5625
0.5625
0.5625
0.5625
0.5625
0.5625
0.5625
0.5625
0.5625
0.5625
0.5625
0.5625
0.5625
0.5625
0.5625
0.277333
0.256897
0.244364
0.237053
0.233978
0.235593
0.244338
0.267043
0.327564
0.468819
0.144423
0.145715
0.147085
0.148598
0.150356
0.152524
0.155367
0.159371
0.165581
0.177272
0.182069
0.188263
0.194074
0.199543
0.20477
0.209805
0.214682
0.219431
0.224076
0.228642
0.23315
0.237624
0.242092
0.246581
0.251128
0.255777
0.260592
0.265666
0.271154
0.277332
0.28061
0.268906
0.255538
0.245438
0.239598
0.238731
0.245061
0.265053
0.321637
0.4575
0.150249
0.151343
0.152441
0.153598
0.154894
0.156453
0.158473
0.161294
0.165568
0.172828
0.176902
0.180612
0.184158
0.1876
0.190966
0.194276
0.197543
0.200783
0.204014
0.207257
0.210537
0.213887
0.217351
0.220989
0.224887
0.229173
0.234046
0.239834
0.247112
0.256897
0.268905
0.27136
0.264652
0.255043
0.24706
0.243286
0.246469
0.26286
0.314084
0.443097
0.156702
0.157599
0.158444
0.159281
0.160173
0.161218
0.162559
0.164429
0.167206
0.171511
0.175124
0.178421
0.181573
0.184647
0.187673
0.190666
0.193634
0.196586
0.199531
0.20248
0.205447
0.208451
0.211519
0.21469
0.218024
0.221616
0.225628
0.230339
0.236267
0.244364
0.255537
0.264652
0.266707
0.262178
0.254974
0.249271
0.249119
0.26111
0.305546
0.425869
0.164047
0.164756
0.165375
0.16594
0.166504
0.167145
0.167975
0.169157
0.170923
0.173546
0.17637
0.179228
0.182088
0.184946
0.187798
0.190643
0.19348
0.196309
0.199133
0.201956
0.204783
0.207624
0.21049
0.213403
0.216392
0.219513
0.222859
0.22661
0.231114
0.237053
0.245437
0.255043
0.262178
0.263957
0.26071
0.255534
0.253055
0.260452
0.29692
0.406348
0.172707
0.173242
0.173665
0.17401
0.174323
0.174672
0.175148
0.175878
0.177018
0.178718
0.18083
0.183199
0.185723
0.188345
0.191026
0.193742
0.196477
0.199221
0.201967
0.204708
0.207442
0.210166
0.212879
0.215582
0.21828
0.22099
0.223753
0.226664
0.229927
0.233978
0.239598
0.24706
0.254974
0.260709
0.262297
0.260131
0.257471
0.261197
0.289231
0.385405
0.183444
0.183821
0.184081
0.184255
0.184387
0.184541
0.184797
0.185261
0.18605
0.187267
0.188908
0.190892
0.193133
0.195556
0.198107
0.200743
0.203434
0.206157
0.208893
0.211626
0.214338
0.217014
0.219632
0.22217
0.224606
0.226916
0.229095
0.231172
0.23325
0.235593
0.238731
0.243286
0.249271
0.255534
0.26013
0.261669
0.260989
0.263057
0.283459
0.364412
0.19788
0.198118
0.198245
0.198291
0.198302
0.19834
0.198483
0.198825
0.199464
0.200484
0.201914
0.203721
0.205847
0.208224
0.210791
0.213498
0.216303
0.21917
0.222068
0.224965
0.227829
0.230622
0.233299
0.235807
0.238083
0.240059
0.241673
0.242889
0.243729
0.244338
0.245061
0.246469
0.249119
0.253055
0.257471
0.260989
0.262872
0.26543
0.280411
0.345506
0.220268
0.220393
0.220415
0.220368
0.220306
0.220295
0.220418
0.220769
0.221441
0.222512
0.224019
0.225956
0.228279
0.23093
0.233847
0.236972
0.24025
0.243633
0.247073
0.25052
0.253919
0.257205
0.260298
0.263101
0.265497
0.267353
0.268528
0.268898
0.268392
0.267043
0.265053
0.26286
0.26111
0.260452
0.261197
0.263057
0.26543
0.268988
0.281182
0.33186
0.264414
0.264468
0.264418
0.264313
0.264224
0.264236
0.264455
0.264992
0.265955
0.267433
0.269474
0.272081
0.275217
0.278823
0.282829
0.287161
0.291754
0.296542
0.301464
0.306458
0.311451
0.316353
0.321042
0.325352
0.329058
0.331871
0.333447
0.333426
0.331516
0.327564
0.321637
0.314084
0.305546
0.29692
0.289232
0.283459
0.280411
0.281182
0.290439
0.328647
0.380439
0.380517
0.380455
0.380338
0.380281
0.380423
0.380924
0.381952
0.383666
0.386192
0.389606
0.393925
0.399109
0.405085
0.411756
0.419014
0.42674
0.434802
0.443043
0.451271
0.45925
0.4667
0.473307
0.478739
0.482665
0.484765
0.484728
0.482247
0.477022
0.468819
0.4575
0.443097
0.425869
0.406348
0.385405
0.364412
0.345506
0.33186
0.328647
0.405799
)
;

boundaryField
{
    left
    {
        type            fixedValue;
        value           uniform 1;
    }
    right
    {
        type            fixedValue;
        value           uniform 1;
    }
    up
    {
        type            fixedValue;
        value           uniform 1;
    }
    down
    {
        type            fixedValue;
        value           uniform 1;
    }
    front
    {
        type            fixedValue;
        value           uniform 1;
    }
    back
    {
        type            fixedValue;
        value           uniform 1;
    }
}


// ************************************************************************* //
