/*--------------------------------*- C++ -*----------------------------------*\
| =========                 |                                                 |
| \\      /  F ield         | OpenFOAM: The Open Source CFD Toolbox           |
|  \\    /   O peration     | Version:  2.1.0                                 |
|   \\  /    A nd           | Web:      www.OpenFOAM.org                      |
|    \\/     M anipulation  |                                                 |
\*---------------------------------------------------------------------------*/
FoamFile
{
    version     2.0;
    format      ascii;
    class       volScalarField;
    location    "36135";
    object      kr_w;
}
// * * * * * * * * * * * * * * * * * * * * * * * * * * * * * * * * * * * * * //

dimensions      [0 0 0 0 0 0 0];

internalField   nonuniform List<scalar> 
8000
(
0.446137
0.425934
0.401099
0.375112
0.349873
0.326227
0.304478
0.284669
0.266712
0.250469
0.235769
0.222451
0.210377
0.199419
0.189455
0.18037
0.17206
0.16443
0.157399
0.150888
0.144826
0.139149
0.133802
0.12873
0.123884
0.119212
0.114666
0.110189
0.105723
0.101196
0.0965266
0.0916073
0.086295
0.0803783
0.0735122
0.0650772
0.0539337
0.0383001
0.0182101
0.0033488
0.425935
0.407855
0.385636
0.362149
0.339043
0.317119
0.296723
0.277964
0.260822
0.245205
0.23099
0.218058
0.2063
0.195605
0.185865
0.176974
0.168834
0.161359
0.154468
0.148088
0.14215
0.136596
0.131372
0.126428
0.121716
0.117189
0.112799
0.108491
0.104203
0.0998643
0.0953844
0.0906517
0.0855167
0.0797633
0.0730424
0.06473
0.0536782
0.0380929
0.0180426
0.00329718
0.4011
0.385637
0.366486
0.345934
0.325342
0.305474
0.286719
0.269246
0.253103
0.238257
0.224647
0.212204
0.200852
0.190503
0.181063
0.172436
0.164532
0.157274
0.150584
0.144393
0.138638
0.133266
0.128228
0.123477
0.118972
0.114667
0.110515
0.106462
0.102441
0.0983737
0.0941604
0.0896784
0.0847696
0.0792119
0.072654
0.0644701
0.0535072
0.0379616
0.0179322
0.00326283
0.375114
0.362149
0.345934
0.328196
0.310088
0.292297
0.275224
0.259088
0.243989
0.229957
0.216996
0.205092
0.194199
0.184249
0.175161
0.166848
0.159233
0.152239
0.145796
0.139839
0.134312
0.129168
0.124362
0.119857
0.115615
0.111595
0.107754
0.104036
0.10037
0.0966638
0.0928025
0.088645
0.0840192
0.078696
0.0723224
0.0642741
0.0533969
0.0378808
0.0178558
0.00323755
0.349873
0.339043
0.325342
0.310089
0.294215
0.278332
0.26283
0.24795
0.233833
0.220576
0.208249
0.196884
0.186465
0.176939
0.168233
0.160271
0.152979
0.146284
0.14012
0.134427
0.129156
0.124268
0.119726
0.115499
0.111558
0.107873
0.104404
0.101097
0.0978765
0.0946338
0.0912274
0.0874855
0.0832135
0.0781729
0.0720109
0.0641082
0.0533134
0.0378159
0.0177835
0.0032113
0.326228
0.31712
0.305475
0.292297
0.278332
0.264104
0.249973
0.236181
0.222911
0.210324
0.198552
0.187679
0.177715
0.168613
0.160304
0.152715
0.145769
0.139392
0.133522
0.128108
0.123107
0.118484
0.114215
0.110279
0.106658
0.103335
0.100283
0.0974566
0.0947783
0.0921216
0.0893047
0.0860999
0.0822763
0.077582
0.0716678
0.0639251
0.053211
0.0377214
0.0176785
0.00317217
0.304479
0.296724
0.286719
0.275224
0.26283
0.249973
0.236966
0.224048
0.211433
0.199334
0.18796
0.17748
0.167922
0.15923
0.151325
0.144118
0.137525
0.131473
0.125903
0.120767
0.11603
0.111664
0.107655
0.103993
0.100679
0.0977147
0.095097
0.0928039
0.0907697
0.0888549
0.0868192
0.0843285
0.0810905
0.0768348
0.0712216
0.0636623
0.0530312
0.0375418
0.0174976
0.00310705
0.28467
0.277965
0.269246
0.259088
0.24795
0.236181
0.224048
0.211769
0.199554
0.187642
0.176368
0.166115
0.156895
0.148596
0.141094
0.134272
0.128034
0.122304
0.117026
0.112154
0.107657
0.103516
0.0997256
0.0962896
0.0932269
0.0905679
0.0883494
0.0865991
0.0853003
0.0843303
0.0833811
0.0818966
0.0794696
0.0758014
0.0705751
0.0632407
0.0527048
0.0372145
0.0171949
0.00300317
0.266713
0.260822
0.253103
0.243988
0.233833
0.222911
0.211433
0.199554
0.187398
0.175135
0.16326
0.152988
0.144046
0.136139
0.129045
0.122611
0.116726
0.11131
0.106304
0.101665
0.0973652
0.0933903
0.0897403
0.0864314
0.0835001
0.0810086
0.0790492
0.0777419
0.0772025
0.0774391
0.0781387
0.078262
0.0770994
0.0742957
0.0696067
0.0625702
0.0521577
0.0366764
0.0167274
0.00285072
0.25047
0.245206
0.238258
0.229956
0.220576
0.210324
0.199333
0.187642
0.175135
0.161439
0.146215
0.135723
0.127118
0.119667
0.11303
0.107012
0.101489
0.096373
0.0916044
0.0871396
0.0829503
0.079022
0.075355
0.0719685
0.0689076
0.0662561
0.0641601
0.0628692
0.0627953
0.0645074
0.0682877
0.0720382
0.0734015
0.0720685
0.0681878
0.0615683
0.0513265
0.0358757
0.0160636
0.0026458
0.23577
0.230991
0.224646
0.216996
0.208249
0.198552
0.18796
0.176368
0.16326
0.146215
0.0060992
0.00464624
0.00529297
0.00567318
0.00585333
0.00590183
0.00585862
0.00575108
0.00559881
0.00541853
0.00522377
0.00502789
0.00484504
0.00469132
0.00458878
0.00457365
0.00471649
0.0051886
0.00654116
0.0110775
0.0651895
0.0688607
0.0704325
0.069728
0.0664557
0.0602419
0.0501881
0.0347866
0.0151916
0.00239263
0.222452
0.218059
0.212203
0.205092
0.196884
0.187679
0.17748
0.166115
0.152988
0.135723
0.00464627
0.000355407
0.000249093
0.00028843
0.000315039
0.000328683
0.000332764
0.000329738
0.000321643
0.0003104
0.000297332
0.00028402
0.00027178
0.000262381
0.000257665
0.000260686
0.000278193
0.000324785
0.000443613
0.000763469
0.0619169
0.0661571
0.067808
0.0674064
0.0645389
0.0586523
0.0487634
0.0334154
0.0141231
0.00210361
0.210378
0.2063
0.200852
0.194199
0.186465
0.177714
0.167922
0.156895
0.144046
0.127118
0.00529315
0.000249096
1.55577e-05
1.0266e-05
1.17791e-05
1.28355e-05
1.31529e-05
1.33028e-05
1.30986e-05
1.26818e-05
1.21906e-05
1.15546e-05
1.10262e-05
1.05494e-05
1.05033e-05
1.06535e-05
1.15065e-05
1.37579e-05
1.8878e-05
2.94872e-05
0.058808
0.0636056
0.0653348
0.0651107
0.0625125
0.0568656
0.0470957
0.0317909
0.0128896
0.00179656
0.199419
0.195605
0.190503
0.184249
0.176939
0.168613
0.15923
0.148596
0.136139
0.119666
0.0056732
0.000288432
1.02661e-05
4.71538e-07
3.85105e-07
4.12739e-07
4.29152e-07
4.42928e-07
4.49341e-07
4.5051e-07
4.49215e-07
3.33684e-07
3.2712e-07
3.21859e-07
3.26452e-07
3.32974e-07
3.53494e-07
4.01925e-07
4.99275e-07
8.75524e-07
0.0558319
0.0611222
0.0629343
0.0628328
0.0604189
0.0549354
0.0452317
0.0299526
0.0115362
0.0014908
0.189455
0.185865
0.181063
0.175161
0.168233
0.160304
0.151324
0.141094
0.129045
0.113029
0.00585334
0.00031504
1.17791e-05
3.85107e-07
1.00461e-08
5.7864e-09
6.33048e-09
6.87666e-09
7.33239e-09
7.71212e-09
8.04388e-09
5.45307e-09
5.53606e-09
5.63717e-09
5.84518e-09
6.03395e-09
6.34136e-09
6.89683e-09
7.82566e-09
1.46681e-08
0.0529705
0.0586803
0.0605746
0.0605674
0.0582822
0.0529005
0.043212
0.0279409
0.0101158
0.00120353
0.18037
0.176974
0.172436
0.166848
0.16027
0.152715
0.144118
0.134272
0.122611
0.107012
0.00590184
0.000328684
1.28355e-05
4.12741e-07
5.78647e-09
9.50257e-11
5.60709e-11
6.41251e-11
7.2011e-11
7.94356e-11
8.6514e-11
5.69544e-11
5.9774e-11
6.27488e-11
6.63523e-11
6.92197e-11
7.22187e-11
7.5918e-11
8.04454e-11
1.55211e-10
0.0502107
0.0562685
0.0582413
0.0583114
0.0561163
0.0507875
0.0410689
0.0257933
0.00868509
0.000947442
0.17206
0.168834
0.164532
0.159232
0.152979
0.145768
0.137525
0.128034
0.116726
0.101488
0.00585863
0.000332765
1.31529e-05
4.29154e-07
6.33055e-09
5.60719e-11
6.88737e-13
4.20223e-13
4.94011e-13
5.70015e-13
6.46035e-13
4.23532e-13
4.57947e-13
4.93258e-13
5.30287e-13
5.57886e-13
5.78581e-13
5.92759e-13
5.97366e-13
1.16832e-12
0.0475395
0.0538793
0.0559259
0.0560615
0.0539283
0.0486133
0.0388263
0.0235452
0.00730066
0.000729732
0.16443
0.161359
0.157273
0.152239
0.146284
0.139392
0.131473
0.122305
0.11131
0.0963727
0.00575109
0.000329739
1.33028e-05
4.4293e-07
6.87674e-09
6.41264e-11
4.20242e-13
4.19757e-15
2.54648e-15
3.07038e-15
3.66731e-15
2.33692e-15
2.59093e-15
2.9275e-15
3.19421e-15
3.39742e-15
3.51491e-15
3.52443e-15
3.44188e-15
6.91233e-15
0.0449435
0.0515051
0.0536212
0.0538133
0.0517204
0.0463882
0.0365013
0.0212327
0.00601465
0.000552381
0.157399
0.154468
0.150583
0.145796
0.140119
0.133522
0.125903
0.117026
0.106304
0.0916041
0.00559882
0.000321644
1.30987e-05
4.49343e-07
7.33246e-09
7.20122e-11
4.94011e-13
2.54648e-15
0
0
0
0
0
0
0
0
0
0
0
0
0.0424084
0.0491371
0.0513193
0.0515606
0.0494911
0.0441178
0.0341071
0.0188984
0.00486861
0.00041326
0.150888
0.148087
0.144392
0.139839
0.134426
0.128108
0.120767
0.112154
0.101665
0.0871394
0.00541853
0.000310401
1.26818e-05
4.50512e-07
7.71219e-09
7.94368e-11
5.70031e-13
3.07038e-15
0
0
0
0
0
0
0
0
0
0
0
0
0.039919
0.0467638
0.0490098
0.0492945
0.0472358
0.0418046
0.0316558
0.0165967
0.00388854
0.000307653
0.144826
0.14215
0.138638
0.134312
0.129156
0.123107
0.116029
0.107657
0.097365
0.0829502
0.00522378
0.000297221
1.21877e-05
4.4918e-07
8.04365e-09
8.65135e-11
6.46025e-13
3.66731e-15
0
0
0
0
0
0
0
0
0
0
0
0
0.0374582
0.0443705
0.0466793
0.0470033
0.0449478
0.03945
0.0291631
0.0143859
0.00308304
0.000229741
0.13915
0.136596
0.133266
0.129168
0.124268
0.118484
0.111664
0.103516
0.0933902
0.079022
0.0050279
0.000284019
1.15546e-05
3.33685e-07
5.45311e-09
5.69552e-11
4.23532e-13
2.33692e-15
0
0
0
0
0
0
0
0
0
0
0
0
0.0350059
0.0419374
0.0443092
0.0446715
0.0426182
0.037056
0.0266533
0.0123321
0.00244591
0.000173755
0.133802
0.131371
0.128227
0.124362
0.119725
0.114215
0.107654
0.0997253
0.0897402
0.0753551
0.00484506
0.000271781
1.10262e-05
3.27122e-07
5.5361e-09
5.97747e-11
4.57947e-13
2.59093e-15
0
0
0
0
0
0
0
0
0
0
0
0
0.0325373
0.0394378
0.041875
0.0422794
0.040237
0.034628
0.0241654
0.0105055
0.00196114
0.000134658
0.12873
0.126427
0.123477
0.119857
0.115499
0.110279
0.103993
0.0962892
0.0864313
0.0719687
0.00469133
0.000262382
1.05494e-05
3.2186e-07
5.63721e-09
6.27495e-11
4.9329e-13
2.9275e-15
0
0
0
0
0
0
0
0
0
0
0
0
0.0300205
0.0368354
0.0393432
0.0398018
0.0377935
0.0321776
0.021757
0.00896151
0.00160823
0.000108457
0.123884
0.121715
0.118971
0.115614
0.111558
0.106658
0.100679
0.0932266
0.0835
0.0689077
0.00458879
0.000257665
1.05033e-05
3.26453e-07
5.84522e-09
6.63529e-11
5.30287e-13
3.19421e-15
0
0
0
0
0
0
0
0
0
0
0
0
0.0274146
0.0340808
0.0366685
0.0372067
0.0352763
0.0297248
0.0195029
0.00772852
0.00136667
9.22716e-05
0.119212
0.117189
0.114666
0.111595
0.107873
0.103334
0.0977143
0.0905676
0.0810085
0.0662562
0.00457366
0.000260687
1.06535e-05
3.32975e-07
6.03398e-09
6.92202e-11
5.57886e-13
3.39742e-15
0
0
0
0
0
0
0
0
0
0
0
0
0.0246674
0.0311069
0.0337898
0.0344525
0.0326728
0.0272986
0.0174827
0.00680644
0.00121889
8.43025e-05
0.114666
0.112798
0.110514
0.107754
0.104404
0.100282
0.0950967
0.0883492
0.0790491
0.0641602
0.00471649
0.000278194
1.15065e-05
3.53495e-07
6.34139e-09
7.22192e-11
5.78601e-13
3.51491e-15
0
0
0
0
0
0
0
0
0
0
0
0
0.0217167
0.0278242
0.0306243
0.0314842
0.0299662
0.0249317
0.0157601
0.00617373
0.00115203
8.38223e-05
0.110189
0.10849
0.106461
0.104036
0.101097
0.0974564
0.0928036
0.0865989
0.0777417
0.0628692
0.0051886
0.000324785
1.37579e-05
4.01926e-07
6.89686e-09
7.59184e-11
5.92759e-13
3.52443e-15
0
0
0
0
0
0
0
0
0
0
0
0
0.0184993
0.0241203
0.0270645
0.0282285
0.0271276
0.0226472
0.0143591
0.00579622
0.00115846
9.12144e-05
0.105722
0.104203
0.102441
0.10037
0.0978764
0.0947781
0.0907695
0.0853001
0.0772023
0.0627953
0.00654116
0.000443613
1.8878e-05
4.99276e-07
7.82569e-09
8.04457e-11
5.97366e-13
3.44188e-15
0
0
0
0
0
0
0
0
0
0
0
0
0.0149767
0.0198785
0.022987
0.0245925
0.0241062
0.0204354
0.0132484
0.0056301
0.00123419
0.000107954
0.101196
0.099864
0.0983734
0.0966636
0.0946337
0.0921215
0.0888546
0.0843301
0.077439
0.0645073
0.0110776
0.000763477
2.94873e-05
8.75527e-07
1.46682e-08
1.55212e-10
1.16832e-12
6.91233e-15
0
0
0
0
0
0
0
0
0
0
0
0
0.0111518
0.0150436
0.0183024
0.0204831
0.020823
0.0182309
0.0123373
0.00561496
0.00137332
0.000136095
0.0965266
0.0953841
0.0941601
0.0928022
0.0912272
0.0893045
0.0868189
0.0833809
0.0781385
0.0682876
0.0651894
0.0619168
0.058808
0.0558319
0.0529705
0.0502108
0.0475396
0.0449436
0.0424085
0.0399191
0.0374584
0.0350061
0.0325374
0.0300206
0.0274147
0.0246676
0.0217169
0.0184995
0.0149769
0.0111519
0.00870074
0.0103474
0.0132885
0.0159492
0.0172156
0.0159133
0.0114819
0.00565675
0.00155535
0.000177411
0.0916073
0.0906513
0.0896781
0.0886447
0.0874852
0.0860997
0.0843283
0.0818964
0.0782618
0.072038
0.0688605
0.0661569
0.0636054
0.0611221
0.0586802
0.0562684
0.0538792
0.0515051
0.0491371
0.0467639
0.0443706
0.0419375
0.0394378
0.0368355
0.0340809
0.0311071
0.0278244
0.0241205
0.0198787
0.0150438
0.0103475
0.00865523
0.00962671
0.0117432
0.0134922
0.0134064
0.0105182
0.00571226
0.00176987
0.000238556
0.086295
0.0855163
0.0847693
0.0840189
0.0832133
0.082276
0.0810902
0.0794694
0.0770991
0.0734013
0.0704323
0.0678078
0.0653346
0.0629342
0.0605745
0.0582412
0.0559258
0.0536212
0.0513193
0.0490098
0.0466793
0.0443093
0.0418751
0.0393433
0.0366687
0.03379
0.0306245
0.0270647
0.0229873
0.0183026
0.0132887
0.00962682
0.00828583
0.00886918
0.0102229
0.0108387
0.0093406
0.00568579
0.00202926
0.0003256
0.0803782
0.0797629
0.0792117
0.0786957
0.0781726
0.0775817
0.0768345
0.0758011
0.0742955
0.0720682
0.0697278
0.0674062
0.0651105
0.0628327
0.0605674
0.0583113
0.0560614
0.0538133
0.0515605
0.0492945
0.0470032
0.0446715
0.0422794
0.0398018
0.0372067
0.0344525
0.0314843
0.0282287
0.0245926
0.0204833
0.0159494
0.0117433
0.00886926
0.00774999
0.0080054
0.00856515
0.00799685
0.00549424
0.00229382
0.000442905
0.0735121
0.073042
0.0726538
0.0723222
0.0720107
0.0716676
0.0712213
0.0705749
0.0696064
0.0681876
0.0664555
0.0645386
0.0625123
0.0604187
0.058282
0.0561162
0.0539282
0.0517203
0.0494909
0.0472357
0.0449477
0.0426181
0.040237
0.0377935
0.0352763
0.0326729
0.0299662
0.0271277
0.0241063
0.0208232
0.0172157
0.0134923
0.010223
0.00800545
0.00705775
0.00697433
0.00670617
0.00512797
0.00251619
0.000591061
0.0650771
0.0647296
0.0644698
0.064274
0.0641081
0.063925
0.0636621
0.0632405
0.06257
0.061568
0.0602417
0.058652
0.0568654
0.0549352
0.0529004
0.0507874
0.0486132
0.0463882
0.0441178
0.0418046
0.03945
0.037056
0.034628
0.0321777
0.0297249
0.0272987
0.0249318
0.0226473
0.0204355
0.018231
0.0159134
0.0134065
0.0108388
0.00856522
0.00697436
0.0061775
0.00572433
0.00467864
0.00266634
0.000766658
0.0539337
0.053678
0.053507
0.0533967
0.0533133
0.0532108
0.0530311
0.0527046
0.0521575
0.0513263
0.0501879
0.0487633
0.0470957
0.0452316
0.043212
0.041069
0.0388264
0.0365014
0.0341071
0.0316559
0.0291631
0.0266533
0.0241654
0.0217571
0.019503
0.0174828
0.0157602
0.0143592
0.0132485
0.0123374
0.011482
0.0105182
0.00934066
0.00799689
0.0067062
0.00572434
0.00506062
0.00424391
0.00273788
0.000962198
0.0383001
0.0380928
0.0379614
0.0378806
0.0378157
0.0377212
0.0375417
0.0372144
0.0366763
0.0358756
0.0347865
0.0334153
0.0317909
0.0299526
0.0279408
0.0257933
0.0235452
0.0212327
0.0188984
0.0165967
0.0143858
0.0123321
0.0105055
0.00896153
0.00772855
0.00680648
0.00617377
0.00579626
0.00563013
0.00561498
0.00565676
0.00571227
0.0056858
0.00549426
0.00512799
0.00467865
0.00424391
0.00370066
0.00267315
0.00114904
0.01821
0.0180425
0.0179321
0.0178557
0.0177835
0.0176784
0.0174975
0.0171948
0.0167274
0.0160636
0.0151916
0.014123
0.0128895
0.0115362
0.0101158
0.00868509
0.00730066
0.00601464
0.00486859
0.00388851
0.00308302
0.0024459
0.00196113
0.00160823
0.00136668
0.00121889
0.00115203
0.00115847
0.00123419
0.00137332
0.00155535
0.00176986
0.00202926
0.00229382
0.00251619
0.00266634
0.00273788
0.00267315
0.00224392
0.0012133
0.00334879
0.00329716
0.00326282
0.00323754
0.00321124
0.00317211
0.00310701
0.00300315
0.00285071
0.00264579
0.00239263
0.00210361
0.00179656
0.0014908
0.00120353
0.000947444
0.000729734
0.000552381
0.000413259
0.000307652
0.000229741
0.000173755
0.000134658
0.000108457
9.22719e-05
8.43027e-05
8.38225e-05
9.12143e-05
0.000107954
0.000136094
0.000177411
0.000238555
0.000325598
0.000442903
0.000591059
0.000766656
0.000962196
0.00114904
0.0012133
0.000889434
0.529275
0.508103
0.477182
0.442507
0.408576
0.377343
0.349327
0.32446
0.302466
0.283017
0.265792
0.250486
0.236822
0.22456
0.213508
0.203503
0.194404
0.186085
0.178438
0.171375
0.164815
0.158687
0.152927
0.147475
0.142277
0.137277
0.132423
0.127655
0.122912
0.118122
0.113202
0.10805
0.102536
0.0964846
0.0896507
0.0816677
0.0719092
0.0588808
0.0384526
0.0110007
0.508107
0.486225
0.45702
0.425369
0.394454
0.365724
0.33966
0.316278
0.295413
0.276828
0.260266
0.245475
0.232212
0.220275
0.209494
0.199719
0.190821
0.182679
0.175194
0.168282
0.161866
0.155879
0.150261
0.144956
0.139912
0.135078
0.130401
0.125824
0.121283
0.116703
0.111995
0.10705
0.101731
0.0958581
0.0891814
0.0813308
0.0716788
0.0587348
0.0383622
0.0109496
0.477184
0.45702
0.431334
0.403763
0.376561
0.35088
0.327204
0.305661
0.286202
0.268696
0.252969
0.238827
0.226083
0.214574
0.204157
0.194699
0.186078
0.178185
0.170931
0.164235
0.158028
0.152249
0.146841
0.141755
0.136943
0.132357
0.127946
0.123652
0.119405
0.115123
0.110706
0.106034
0.100959
0.095296
0.0887909
0.0810735
0.0715194
0.0586469
0.0383198
0.0109258
0.442508
0.42537
0.403763
0.380354
0.356856
0.334247
0.313019
0.293392
0.27542
0.259065
0.244235
0.230801
0.218639
0.207623
0.197634
0.188552
0.180265
0.172676
0.165704
0.159277
0.153329
0.147808
0.142663
0.137853
0.133335
0.129067
0.124999
0.121072
0.117212
0.113322
0.109284
0.10496
0.100187
0.0947706
0.0884559
0.0808751
0.0714113
0.0585974
0.0383037
0.0109142
0.408576
0.394455
0.376562
0.356857
0.336682
0.316876
0.297927
0.280109
0.263553
0.248301
0.234333
0.221602
0.210037
0.199545
0.19002
0.181352
0.173437
0.166192
0.159539
0.153414
0.147759
0.142528
0.137681
0.133184
0.129004
0.125106
0.121447
0.117969
0.114591
0.111199
0.107647
0.103764
0.0993634
0.0942413
0.0881417
0.0807043
0.0713256
0.0585587
0.0382854
0.0108959
0.377344
0.365725
0.350881
0.334247
0.316876
0.299478
0.282518
0.266288
0.250967
0.236663
0.223447
0.211358
0.200369
0.190403
0.181356
0.17312
0.165603
0.158724
0.152411
0.146606
0.141259
0.136334
0.131799
0.127631
0.123809
0.120313
0.117112
0.114156
0.11136
0.108593
0.105665
0.102346
0.0984134
0.0936483
0.0877987
0.0805179
0.0712232
0.0584946
0.0382288
0.010848
0.349328
0.339661
0.327204
0.31302
0.297928
0.282518
0.267205
0.25227
0.237914
0.224313
0.211657
0.200095
0.189628
0.180167
0.171595
0.163802
0.156696
0.150193
0.144229
0.138747
0.133709
0.129084
0.124852
0.121002
0.117531
0.114438
0.111715
0.109335
0.107226
0.10524
0.103128
0.100551
0.097223
0.0929057
0.087358
0.0802578
0.0710538
0.0583605
0.0380921
0.0107448
0.32446
0.316279
0.305661
0.293393
0.28011
0.266288
0.25227
0.238294
0.224558
0.211301
0.198867
0.187649
0.177625
0.16864
0.160541
0.1532
0.146511
0.140391
0.134774
0.129611
0.124867
0.12052
0.116559
0.112987
0.109818
0.10708
0.104803
0.10301
0.101676
0.100669
0.0996724
0.0981219
0.0956162
0.09189
0.0867272
0.079851
0.0707581
0.058107
0.0378305
0.01056
0.302466
0.295414
0.286202
0.27542
0.263553
0.250967
0.237914
0.224558
0.21103
0.197515
0.184542
0.173401
0.16375
0.155239
0.147633
0.140763
0.134507
0.128778
0.12351
0.118655
0.114183
0.110076
0.106331
0.102959
0.0999935
0.0974898
0.0955314
0.094227
0.0936797
0.0938866
0.0945295
0.0945686
0.093308
0.0904302
0.0857935
0.0792156
0.0702735
0.057685
0.0374015
0.0102708
0.283017
0.276828
0.268696
0.259065
0.2483
0.236663
0.224313
0.211301
0.197515
0.182567
0.166124
0.154875
0.14569
0.137772
0.130761
0.124443
0.118683
0.113387
0.10849
0.103945
0.0997213
0.0958023
0.0921859
0.0888873
0.0859445
0.0834295
0.0814683
0.080279
0.0802274
0.0818278
0.0853385
0.0887455
0.0898283
0.0883208
0.0844469
0.0782804
0.0695492
0.0570564
0.0367725
0.00986176
0.265792
0.260266
0.252968
0.244234
0.234333
0.223447
0.211657
0.198867
0.184542
0.166125
0.00771852
0.00612099
0.00712125
0.00779396
0.00820922
0.00845318
0.00857638
0.00861167
0.00858433
0.00851522
0.00842265
0.00832564
0.00824485
0.00820663
0.00824755
0.00842905
0.00887214
0.0098777
0.012437
0.0205433
0.0820739
0.0856671
0.0870048
0.0861033
0.082812
0.0770563
0.0685718
0.0562063
0.0359281
0.00932968
0.250487
0.245475
0.238827
0.230801
0.221601
0.211358
0.200095
0.187649
0.173401
0.154875
0.00612102
0.000551653
0.000400104
0.000477046
0.000537669
0.000579557
0.000606849
0.000622636
0.000629888
0.000631011
0.000628552
0.00062482
0.000622735
0.000625441
0.000637928
0.000667929
0.000731305
0.000864791
0.00117584
0.0019893
0.0783634
0.0829985
0.0844965
0.0839036
0.081011
0.0756046
0.0673679
0.0551471
0.0348724
0.00868433
0.236822
0.232213
0.226083
0.218638
0.210037
0.200369
0.189628
0.177624
0.16375
0.145689
0.00712127
0.000400106
2.88166e-05
1.98546e-05
2.36012e-05
2.66933e-05
2.89853e-05
3.04914e-05
3.13564e-05
3.17288e-05
3.19917e-05
3.19843e-05
3.20019e-05
3.22498e-05
3.32104e-05
3.52358e-05
3.92348e-05
4.71965e-05
6.41353e-05
9.82725e-05
0.0749398
0.0804978
0.0821414
0.0817367
0.079119
0.0739923
0.0659838
0.0539105
0.0336248
0.00794681
0.22456
0.220275
0.214574
0.207623
0.199545
0.190403
0.180167
0.16864
0.155239
0.137772
0.00779397
0.000477047
1.98547e-05
1.27502e-06
7.86997e-07
9.65653e-07
1.14318e-06
1.19815e-06
1.23961e-06
1.27062e-06
1.18946e-06
1.20871e-06
1.22875e-06
1.25232e-06
1.29155e-06
1.46235e-06
1.56908e-06
1.86186e-06
2.42701e-06
3.30581e-06
0.0717505
0.0780971
0.0798745
0.0796009
0.07718
0.0722742
0.0644687
0.0525354
0.0322121
0.00714572
0.213508
0.209494
0.204157
0.197633
0.19002
0.181356
0.171594
0.16054
0.147633
0.13076
0.00820924
0.000537671
2.36013e-05
7.87002e-07
2.04386e-08
1.39298e-08
1.77571e-08
1.94871e-08
2.10375e-08
2.24429e-08
2.10564e-08
2.21114e-08
2.31589e-08
2.4195e-08
2.53543e-08
2.98653e-08
3.15899e-08
3.69276e-08
4.61567e-08
5.75661e-08
0.0687517
0.0757718
0.077669
0.0774946
0.0752207
0.0704917
0.0628664
0.0510605
0.0306621
0.00631332
0.203502
0.199719
0.194698
0.188551
0.181352
0.17312
0.163801
0.153199
0.140763
0.124443
0.0084532
0.000579559
2.66934e-05
9.65658e-07
1.39299e-08
2.31728e-10
1.60576e-10
1.85257e-10
2.09922e-10
2.33972e-10
2.24566e-10
2.44079e-10
2.63492e-10
2.82184e-10
3.00694e-10
3.62853e-10
3.80596e-10
4.38028e-10
5.28086e-10
6.18216e-10
0.0659169
0.0735098
0.0755124
0.0754171
0.0732574
0.0686747
0.0612138
0.0495193
0.028999
0.0054823
0.194403
0.190821
0.186077
0.180264
0.173437
0.165603
0.156695
0.146511
0.134507
0.118683
0.00857639
0.00060685
2.89854e-05
1.14319e-06
1.77573e-08
1.60579e-10
1.99536e-12
1.22519e-12
1.45097e-12
1.68791e-12
1.66662e-12
1.87153e-12
2.07757e-12
2.27527e-12
2.46072e-12
3.01755e-12
3.1453e-12
3.57015e-12
4.1841e-12
4.68434e-12
0.0632256
0.0713022
0.0733968
0.0733668
0.0713007
0.0668453
0.0595405
0.0479386
0.0272419
0.00468307
0.186084
0.182679
0.178184
0.172675
0.166192
0.158724
0.150193
0.14039
0.128778
0.113387
0.00861169
0.000622637
3.04915e-05
1.19816e-06
1.94873e-08
1.8526e-10
1.22526e-12
1.24466e-14
7.76327e-15
9.42071e-15
9.58264e-15
1.10559e-14
1.26022e-14
1.40501e-14
1.53995e-14
1.907e-14
1.97495e-14
2.21372e-14
2.53537e-14
2.75382e-14
0.0606598
0.0691397
0.0713155
0.0713417
0.0693569
0.06502
0.0578713
0.0463378
0.0254055
0.00394137
0.178437
0.175194
0.17093
0.165704
0.159539
0.152411
0.144228
0.134773
0.123509
0.10849
0.00858434
0.000629889
3.13565e-05
1.23962e-06
2.10377e-08
2.09925e-10
1.45106e-12
7.76327e-15
0
0
0
0
0
0
0
0
0
0
0
0
0.0582036
0.0670123
0.0692612
0.0693384
0.0674301
0.0632124
0.0562271
0.0447286
0.0235032
0.00327639
0.171374
0.168281
0.164234
0.159276
0.153413
0.146606
0.138747
0.129611
0.118655
0.103945
0.00851504
0.000631008
3.17288e-05
1.27062e-06
2.24431e-08
2.33975e-10
1.68793e-12
9.42071e-15
0
0
0
0
0
0
0
0
0
0
0
0
0.0558417
0.0649087
0.0672262
0.0673531
0.0655234
0.0614345
0.0546269
0.0431154
0.0215526
0.00269977
0.164814
0.161865
0.158028
0.153329
0.147758
0.141259
0.133709
0.124867
0.114183
0.0997213
0.00842265
0.000628553
3.19917e-05
1.18947e-06
2.10566e-08
2.24569e-10
1.66667e-12
9.58264e-15
0
0
0
0
0
0
0
0
0
0
0
0
0.05356
0.0628159
0.0652014
0.0653812
0.0636395
0.0596983
0.0530893
0.0415139
0.0195837
0.00221603
0.158687
0.155879
0.152248
0.147808
0.142528
0.136334
0.129084
0.12052
0.110076
0.0958023
0.00832565
0.000624821
3.19844e-05
1.20871e-06
2.21116e-08
2.44082e-10
1.87163e-12
1.10559e-14
0
0
0
0
0
0
0
0
0
0
0
0
0.0513446
0.0607194
0.0631763
0.0634181
0.0617818
0.0580164
0.0516323
0.0399473
0.0176461
0.0018241
0.152926
0.15026
0.146841
0.142663
0.137681
0.131798
0.124851
0.116559
0.10633
0.0921859
0.00824486
0.000622736
3.20019e-05
1.22876e-06
2.31591e-08
2.63495e-10
2.07757e-12
1.26022e-14
0
0
0
0
0
0
0
0
0
0
0
0
0.0491827
0.0586017
0.0611392
0.061459
0.0599546
0.0564023
0.0502733
0.0384375
0.0158126
0.00151941
0.147475
0.144955
0.141755
0.137853
0.133184
0.12763
0.121002
0.112986
0.102959
0.0888874
0.00820665
0.000625442
3.22498e-05
1.25232e-06
2.41951e-08
2.82187e-10
2.27529e-12
1.40501e-14
0
0
0
0
0
0
0
0
0
0
0
0
0.0470622
0.0564424
0.0590763
0.0594993
0.0581628
0.0548705
0.0490277
0.0370117
0.014175
0.00129594
0.142276
0.139911
0.136943
0.133335
0.129004
0.123809
0.117531
0.109818
0.0999933
0.0859447
0.00824756
0.000637929
3.32104e-05
1.29156e-06
2.53545e-08
3.00697e-10
2.46073e-12
1.5463e-14
0
0
0
0
0
0
0
0
0
0
0
0
0.0449733
0.054217
0.0569705
0.057533
0.0564114
0.0534347
0.0479077
0.0357081
0.01283
0.00114808
0.137277
0.135077
0.132357
0.129067
0.125106
0.120313
0.114437
0.107079
0.0974896
0.0834296
0.00842906
0.000667929
3.52358e-05
1.46236e-06
2.98654e-08
3.62856e-10
3.01761e-12
1.907e-14
0
0
0
0
0
0
0
0
0
0
0
0
0.0429092
0.0518961
0.0547992
0.0555515
0.0547034
0.0521053
0.0469217
0.0345793
0.0118608
0.00107246
0.132422
0.1304
0.127946
0.124999
0.121447
0.117112
0.111714
0.104803
0.0955313
0.0814683
0.00887214
0.000731306
3.92348e-05
1.56908e-06
3.15901e-08
3.80599e-10
3.1453e-12
1.97495e-14
0
0
0
0
0
0
0
0
0
0
0
0
0.040868
0.0494419
0.0525298
0.0535391
0.0530353
0.0508838
0.0460756
0.0336928
0.0113267
0.00107011
0.127655
0.125824
0.123652
0.121072
0.117969
0.114156
0.109334
0.10301
0.0942269
0.080279
0.00987771
0.000864791
4.71966e-05
1.86186e-06
3.69278e-08
4.3803e-10
3.57019e-12
2.21372e-14
0
0
0
0
0
0
0
0
0
0
0
0
0.0388493
0.0467963
0.0501071
0.0514618
0.0513879
0.0497545
0.0453722
0.0331228
0.0112639
0.00114911
0.122911
0.121282
0.119405
0.117212
0.114591
0.11136
0.107225
0.101675
0.0936795
0.0802273
0.012437
0.00117584
6.41354e-05
2.42701e-06
4.61569e-08
5.28089e-10
4.18413e-12
2.53537e-14
0
0
0
0
0
0
0
0
0
0
0
0
0.036828
0.0438439
0.0474181
0.0492391
0.0497043
0.0486702
0.0448025
0.0329348
0.0116931
0.00132734
0.118122
0.116702
0.115123
0.113321
0.111198
0.108593
0.10524
0.100669
0.0938864
0.0818276
0.020543
0.00198929
9.82724e-05
3.30582e-06
5.75663e-08
6.18219e-10
4.68434e-12
2.75382e-14
0
0
0
0
0
0
0
0
0
0
0
0
0.034626
0.0402951
0.0441936
0.0466691
0.0478396
0.0475216
0.0443163
0.0331736
0.0126288
0.0016346
0.113202
0.111994
0.110706
0.109284
0.107647
0.105664
0.103128
0.0996722
0.0945292
0.0853383
0.0820737
0.0783632
0.0749396
0.0717504
0.0687515
0.0659168
0.0632254
0.0606597
0.0582035
0.0558416
0.0535599
0.0513445
0.0491826
0.0470621
0.0449732
0.0429091
0.040868
0.0388493
0.036828
0.0346261
0.0332584
0.0362354
0.0401303
0.0433858
0.0454872
0.0460791
0.0437639
0.0337921
0.0141192
0.0021285
0.10805
0.107049
0.106033
0.104959
0.103763
0.102346
0.100551
0.0981217
0.0945683
0.0887452
0.0856669
0.0829982
0.0804975
0.0780968
0.0757715
0.0735095
0.0713019
0.0691394
0.067012
0.0649084
0.0628158
0.0607193
0.0586017
0.0564423
0.054217
0.0518962
0.049442
0.0467964
0.043844
0.0402952
0.0362355
0.0351439
0.0368843
0.0397875
0.0424926
0.044045
0.0428593
0.0344743
0.0160797
0.00286953
0.102535
0.10173
0.100958
0.100186
0.099363
0.0984131
0.0972228
0.0956159
0.0933077
0.089828
0.0870045
0.0844962
0.0821411
0.0798742
0.0776688
0.0755122
0.0733966
0.0713153
0.0692611
0.0672261
0.0652012
0.0631762
0.0611391
0.0590763
0.0569704
0.0547992
0.0525299
0.0501072
0.0474182
0.0441937
0.0401305
0.0368843
0.0359067
0.0370668
0.0393108
0.0413427
0.0412772
0.0348205
0.0182532
0.00390541
0.0964842
0.0958578
0.0952955
0.0947702
0.094241
0.093648
0.0929055
0.0918897
0.0904299
0.0883205
0.0861029
0.0839033
0.0817364
0.0796006
0.0774944
0.0754168
0.0733665
0.0713414
0.0693381
0.0673528
0.065381
0.0634179
0.0614588
0.0594991
0.0575329
0.0555515
0.053539
0.0514617
0.0492391
0.0466692
0.0433859
0.0397876
0.0370669
0.0360961
0.03682
0.0383585
0.0388917
0.0343722
0.0202367
0.00522246
0.0896505
0.0891812
0.0887906
0.0884555
0.0881415
0.0877985
0.0873578
0.086727
0.0857933
0.0844466
0.0828116
0.0810106
0.0791187
0.0771797
0.0752203
0.0732571
0.0713004
0.0693566
0.0674299
0.0655232
0.0636394
0.0617817
0.0599545
0.0581627
0.0564113
0.0547033
0.0530353
0.0513879
0.0497042
0.0478396
0.0454873
0.0424927
0.0393108
0.03682
0.0356673
0.0357777
0.0359571
0.03283
0.021486
0.0066786
0.0816678
0.0813307
0.0810733
0.0808748
0.0807041
0.0805178
0.0802577
0.0798508
0.0792154
0.0782801
0.0770559
0.0756042
0.0739919
0.0722738
0.0704913
0.0686744
0.066845
0.0650197
0.0632121
0.0614343
0.0596981
0.0580162
0.0564022
0.0548704
0.0534346
0.0521052
0.0508837
0.0497544
0.0486701
0.0475215
0.0460791
0.044045
0.0413428
0.0383586
0.0357777
0.0340991
0.0329997
0.0302587
0.0215041
0.00796255
0.0719092
0.0716787
0.0715192
0.071411
0.0713254
0.0712229
0.0710536
0.0707579
0.0702733
0.0695489
0.0685714
0.0673675
0.0659835
0.0644683
0.0628661
0.0612134
0.0595402
0.057871
0.0562268
0.0546267
0.0530891
0.0516321
0.0502731
0.0490276
0.0479076
0.0469216
0.0460755
0.0453721
0.0448024
0.0443162
0.0437638
0.0428593
0.0412772
0.0388917
0.0359572
0.0329997
0.0303284
0.027031
0.0201129
0.00866518
0.0588809
0.0587346
0.0586466
0.0585971
0.0585585
0.0584943
0.0583603
0.0581068
0.0576848
0.0570562
0.056206
0.0551469
0.0539102
0.0525351
0.0510602
0.0495191
0.0479384
0.0463376
0.0447284
0.0431153
0.0415138
0.0399472
0.0384374
0.0370116
0.035708
0.0345793
0.0336928
0.0331228
0.0329347
0.0331735
0.0337921
0.0344742
0.0348204
0.0343722
0.03283
0.0302588
0.027031
0.0231985
0.0174591
0.0084694
0.0384526
0.0383622
0.0383198
0.0383037
0.0382853
0.0382287
0.038092
0.0378304
0.0374014
0.0367724
0.035928
0.0348723
0.0336246
0.0322119
0.0306619
0.0289989
0.0272418
0.0254054
0.0235031
0.0215526
0.0195837
0.0176461
0.0158126
0.0141751
0.01283
0.0118608
0.0113267
0.0112639
0.0116931
0.0126287
0.0141192
0.0160797
0.0182531
0.0202367
0.0214859
0.0215041
0.0201129
0.0174591
0.013392
0.00719399
0.0110006
0.0109496
0.0109258
0.0109142
0.0108958
0.010848
0.0107448
0.01056
0.0102707
0.00986174
0.00932966
0.00868431
0.00794679
0.00714571
0.00631331
0.0054823
0.00468307
0.00394137
0.00327637
0.00269975
0.00221601
0.00182409
0.0015194
0.00129594
0.00114808
0.00107246
0.00107011
0.00114911
0.00132734
0.0016346
0.00212849
0.00286951
0.00390539
0.00522243
0.00667858
0.00796253
0.00866516
0.00846939
0.00719399
0.00448881
0.55991
0.551526
0.527776
0.491192
0.451519
0.4143
0.381165
0.352183
0.326945
0.304951
0.285722
0.268836
0.253926
0.240673
0.22881
0.218123
0.208443
0.199624
0.191544
0.184097
0.177196
0.170763
0.164727
0.159026
0.153601
0.148396
0.143352
0.138412
0.133511
0.12858
0.123535
0.118282
0.112699
0.106631
0.0998611
0.0920349
0.0824192
0.069119
0.047625
0.0158656
0.551529
0.53616
0.507561
0.471596
0.434866
0.400638
0.369936
0.342811
0.318969
0.298026
0.279599
0.263334
0.248909
0.236038
0.224486
0.214062
0.204609
0.195991
0.188092
0.180814
0.174074
0.167799
0.161922
0.156385
0.151131
0.146108
0.141259
0.136527
0.131844
0.127137
0.122318
0.117283
0.111905
0.106023
0.0994168
0.0917297
0.0822289
0.069018
0.0475758
0.0158323
0.527783
0.507562
0.478642
0.446053
0.413595
0.383172
0.355493
0.330677
0.308581
0.288963
0.271552
0.256077
0.242275
0.229905
0.218769
0.208703
0.199563
0.191226
0.183583
0.176547
0.17004
0.163995
0.158351
0.153055
0.148055
0.143301
0.138739
0.134307
0.129937
0.125544
0.121029
0.116277
0.111151
0.105484
0.0990528
0.0915035
0.0821083
0.0689747
0.0475726
0.0158276
0.491195
0.471596
0.446052
0.41814
0.390259
0.363729
0.339155
0.316744
0.296491
0.27829
0.261979
0.247369
0.234258
0.22246
0.211811
0.20217
0.193408
0.18541
0.178082
0.171344
0.165124
0.159363
0.154009
0.149014
0.144334
0.139921
0.135725
0.131684
0.12772
0.123736
0.119614
0.11522
0.110402
0.104985
0.0987458
0.091336
0.0820382
0.0689694
0.047594
0.015835
0.451518
0.434864
0.413595
0.390259
0.366588
0.34362
0.321923
0.301776
0.283282
0.266445
0.251203
0.237446
0.225038
0.21384
0.20372
0.194547
0.186204
0.178588
0.171615
0.165212
0.159317
0.153878
0.148851
0.144198
0.139883
0.135868
0.132107
0.128539
0.125078
0.121611
0.11799
0.114047
0.109606
0.104485
0.0984608
0.0911962
0.0819898
0.0689734
0.0476107
0.0158329
0.414299
0.400638
0.383171
0.363729
0.34362
0.323699
0.304501
0.286339
0.26939
0.253747
0.239442
0.226456
0.214719
0.204124
0.194546
0.185864
0.177965
0.170758
0.164164
0.158118
0.152565
0.147464
0.142781
0.138488
0.134562
0.130979
0.127703
0.124683
0.121829
0.119006
0.116024
0.112656
0.108688
0.103925
0.0981486
0.0910414
0.0819246
0.0689497
0.0475855
0.0157954
0.381164
0.369936
0.355494
0.339156
0.321923
0.304502
0.287366
0.270833
0.255119
0.240387
0.226785
0.214432
0.203303
0.193289
0.184255
0.176073
0.168634
0.161849
0.155645
0.149962
0.144754
0.139989
0.135642
0.1317
0.128155
0.125004
0.122236
0.11982
0.117678
0.115658
0.11351
0.110894
0.107534
0.103217
0.0977409
0.0908145
0.0817931
0.0688531
0.0474751
0.015693
0.352183
0.342812
0.330678
0.316745
0.301776
0.286339
0.270834
0.255538
0.240659
0.226413
0.213132
0.201211
0.190608
0.181149
0.172655
0.164982
0.158014
0.151659
0.145847
0.140524
0.135649
0.131198
0.127157
0.123526
0.120316
0.117551
0.115259
0.113456
0.112114
0.111096
0.110079
0.1085
0.105967
0.102241
0.0971466
0.0904445
0.0815372
0.0686329
0.047233
0.0154955
0.326946
0.31897
0.308582
0.296492
0.283283
0.26939
0.255119
0.240659
0.226127
0.211699
0.197929
0.186162
0.176019
0.167114
0.159182
0.152042
0.145564
0.139652
0.134236
0.129265
0.124703
0.120531
0.116742
0.113347
0.110375
0.107877
0.105933
0.104648
0.104118
0.104334
0.104971
0.10499
0.103704
0.100824
0.0962542
0.0898515
0.0810961
0.0682389
0.0468156
0.0151763
0.304952
0.298027
0.288963
0.278291
0.266445
0.253747
0.240387
0.226413
0.211699
0.195844
0.178522
0.166736
0.157161
0.148937
0.141677
0.135159
0.129239
0.123818
0.118827
0.114217
0.109955
0.106023
0.102415
0.0991464
0.0962504
0.0937948
0.0918993
0.0907732
0.0907709
0.0923932
0.0958859
0.0992523
0.100292
0.0987698
0.0949575
0.0889673
0.0804205
0.0676318
0.0461895
0.014717
0.285722
0.2796
0.271553
0.26198
0.251203
0.239442
0.226785
0.213133
0.197929
0.178521
0.00837164
0.00676179
0.00793744
0.0087575
0.00929467
0.00964348
0.0098599
0.00997995
0.0100304
0.0100344
0.0100121
0.00998441
0.00997533
0.0100147
0.0101462
0.0104426
0.0110494
0.0123382
0.0155668
0.0257424
0.092469
0.0961777
0.0975122
0.0966065
0.0933802
0.0878044
0.079498
0.0667953
0.0453399
0.0141118
0.268836
0.263334
0.256078
0.24737
0.237447
0.226457
0.214432
0.201211
0.186161
0.166735
0.00676164
0.000650057
0.000478731
0.000577152
0.000658125
0.000717678
0.000760428
0.000789848
0.000809294
0.00082148
0.000829395
0.000835705
0.000844121
0.000858875
0.000886407
0.000937674
0.00103402
0.00122683
0.00167005
0.00284572
0.0884106
0.0934827
0.0950395
0.0944622
0.0916445
0.0864252
0.0783552
0.0657401
0.0442731
0.0133689
0.253926
0.248909
0.242275
0.234259
0.225038
0.214719
0.203304
0.190608
0.176018
0.15716
0.00793746
0.000478733
3.6686e-05
2.57333e-05
3.09529e-05
3.55486e-05
3.92178e-05
4.18604e-05
4.37329e-05
4.50993e-05
4.61335e-05
4.70112e-05
4.79464e-05
4.91799e-05
5.13556e-05
5.52682e-05
6.20231e-05
7.49457e-05
0.00010133
0.000155972
0.0847212
0.0909668
0.0927246
0.0923559
0.0898268
0.0848965
0.0770375
0.0644962
0.0430123
0.0125083
0.240673
0.236039
0.229906
0.22246
0.213841
0.204124
0.19329
0.181149
0.167114
0.148937
0.00875752
0.000577154
2.57334e-05
1.65309e-06
1.1215e-06
1.33332e-06
1.54507e-06
1.63154e-06
1.81331e-06
1.87737e-06
1.93278e-06
1.98448e-06
2.03672e-06
2.20359e-06
2.28516e-06
2.40543e-06
2.69615e-06
3.22704e-06
4.21739e-06
5.88739e-06
0.0813344
0.0885691
0.0905069
0.0902885
0.0879723
0.0832734
0.0755921
0.0631015
0.0415898
0.0115573
0.228809
0.224487
0.21877
0.211812
0.20372
0.194546
0.184256
0.172656
0.159182
0.141676
0.00929469
0.000658127
3.0953e-05
1.12151e-06
2.97887e-08
1.93988e-08
2.39354e-08
2.6392e-08
3.11534e-08
3.34717e-08
3.56369e-08
3.77183e-08
3.97545e-08
4.48314e-08
4.71665e-08
4.97415e-08
5.58909e-08
6.60584e-08
8.31546e-08
1.07335e-07
0.0781833
0.086264
0.0883609
0.0882599
0.0861084
0.081597
0.0740608
0.0615939
0.0400404
0.0105466
0.218122
0.214062
0.208704
0.202171
0.194547
0.185864
0.176073
0.164982
0.152042
0.135158
0.00964349
0.00071768
3.55487e-05
1.33333e-06
1.9399e-08
3.23631e-10
2.16128e-10
2.50151e-10
3.12405e-10
3.50198e-10
3.87173e-10
4.23667e-10
4.59531e-10
5.35437e-10
5.72543e-10
6.07107e-10
6.82148e-10
7.9471e-10
9.67229e-10
1.17795e-09
0.0752295
0.0840369
0.0862737
0.0862699
0.0842526
0.079897
0.0724775
0.0600078
0.0383964
0.00950773
0.208442
0.204609
0.199564
0.193408
0.186204
0.177965
0.168634
0.158014
0.145564
0.129238
0.00985992
0.00076043
3.92179e-05
1.54507e-06
2.39357e-08
2.16132e-10
2.6821e-12
1.65115e-12
2.16456e-12
2.53053e-12
2.90257e-12
3.27944e-12
3.65462e-12
4.37385e-12
4.74583e-12
5.05872e-12
5.67582e-12
6.52594e-12
7.73227e-12
9.03439e-12
0.072445
0.0818762
0.0842374
0.0843181
0.0824161
0.0781946
0.0708691
0.0583725
0.0366859
0.00847134
0.199624
0.195991
0.191226
0.18541
0.178588
0.170758
0.161849
0.151659
0.139652
0.123818
0.00997996
0.00078985
4.18605e-05
1.63155e-06
2.63923e-08
2.50155e-10
1.65116e-12
1.67299e-14
1.16116e-14
1.412e-14
1.67299e-14
1.94161e-14
2.21372e-14
2.70746e-14
2.97386e-14
3.17961e-14
3.55491e-14
4.0496e-14
4.70178e-14
5.3311e-14
0.0698065
0.0797708
0.0822452
0.0824032
0.0806063
0.0765057
0.069257
0.0567134
0.0349322
0.0074668
0.191544
0.188092
0.183584
0.178083
0.171615
0.164164
0.155645
0.145847
0.134236
0.118827
0.0100304
0.000809296
4.37331e-05
1.81332e-06
3.11537e-08
3.1241e-10
2.16468e-12
1.16116e-14
0
0
0
0
0
0
0
0
1.58758e-17
7.93791e-17
1.20656e-16
1.20656e-16
0.0672939
0.0777094
0.0802904
0.0805237
0.0788281
0.0748423
0.0676588
0.055053
0.0331549
0.00652123
0.184097
0.180814
0.176548
0.171344
0.165212
0.158117
0.149961
0.140523
0.129264
0.114217
0.0100344
0.000821482
4.50994e-05
1.87738e-06
3.3472e-08
3.50203e-10
2.53054e-12
1.412e-14
0
0
0
0
0
0
0
0
0
0
0
0
0.0648894
0.0756795
0.0783662
0.0786769
0.0770849
0.0732139
0.0660902
0.0534142
0.0313723
0.0056583
0.177196
0.174074
0.170041
0.165124
0.159316
0.152564
0.144754
0.135649
0.124703
0.109955
0.0100121
0.000829396
4.61336e-05
1.93279e-06
3.56372e-08
3.87179e-10
2.90259e-12
1.67299e-14
0
0
0
0
0
0
0
0
0
0
0
0
0.0625775
0.0736677
0.0764646
0.0768599
0.0753791
0.0716293
0.0645663
0.0518198
0.0296047
0.00489683
0.170763
0.167798
0.163995
0.159363
0.153877
0.147463
0.139988
0.131198
0.120531
0.106022
0.00998441
0.000835707
4.70113e-05
1.98449e-06
3.77186e-08
4.23672e-10
3.27952e-12
1.94161e-14
0
0
0
0
0
0
0
0
0
0
0
0
0.0603443
0.071658
0.0745763
0.0750686
0.0737127
0.0700968
0.0631031
0.0502945
0.0278777
0.00424976
0.164727
0.161922
0.158351
0.154009
0.14885
0.14278
0.135641
0.127157
0.116742
0.102415
0.00997533
0.000844239
4.79499e-05
2.03678e-06
3.97552e-08
4.59539e-10
3.65467e-12
2.21372e-14
0
0
0
0
0
0
0
0
0
0
0
0
0.0581768
0.0696316
0.0726893
0.0732977
0.0720866
0.0686248
0.0617185
0.0488673
0.0262277
0.00372436
0.159026
0.156384
0.153055
0.149014
0.144198
0.138488
0.131699
0.123525
0.113347
0.099146
0.0100147
0.000858878
4.91801e-05
2.20359e-06
4.48316e-08
5.35443e-10
4.37392e-12
2.70746e-14
0
0
0
0
0
0
0
0
0
0
0
0
0.0560626
0.0675644
0.0707875
0.0715393
0.0705006
0.0672219
0.0604329
0.0475724
0.0247065
0.00332376
0.153601
0.151131
0.148055
0.144333
0.139883
0.134562
0.128155
0.120316
0.110374
0.09625
0.0101462
0.000886408
5.13557e-05
2.28516e-06
4.71667e-08
5.72548e-10
4.74597e-12
2.97386e-14
0
0
0
0
0
0
0
0
0
0
0
0
0.053989
0.0654245
0.0688472
0.0697807
0.0689515
0.0658957
0.0592698
0.0464514
0.0233843
0.00304977
0.148395
0.146107
0.143301
0.139921
0.135868
0.130978
0.125004
0.117551
0.107876
0.0937944
0.0104426
0.000937675
5.52683e-05
2.40544e-06
4.97418e-08
6.07112e-10
5.05875e-12
3.17961e-14
0
0
0
0
0
0
0
0
0
0
0
0
0.0519416
0.0631668
0.0668309
0.0679996
0.0674299
0.064651
0.0582549
0.0455533
0.02235
0.00290638
0.143352
0.141259
0.138738
0.135725
0.132107
0.127703
0.122236
0.115259
0.105933
0.0918988
0.0110494
0.00103402
6.20232e-05
2.69615e-06
5.58911e-08
6.82153e-10
5.67595e-12
3.55491e-14
1.58758e-17
0
0
0
0
0
0
0
0
0
0
0
0.0499012
0.0607219
0.0646752
0.0661546
0.0659135
0.0634849
0.057412
0.0449316
0.0217039
0.00290367
0.138411
0.136526
0.134307
0.131684
0.128539
0.124682
0.119819
0.113456
0.104648
0.0907728
0.0123382
0.00122683
7.49457e-05
3.22704e-06
6.60586e-08
7.94716e-10
6.52608e-12
4.0496e-14
7.93791e-17
0
0
0
0
0
0
0
0
0
0
0
0.0478358
0.057975
0.0622674
0.0641661
0.0643535
0.0623758
0.0567535
0.0446406
0.0215451
0.00306158
0.133511
0.131844
0.129936
0.12772
0.125078
0.121829
0.117677
0.112114
0.104118
0.0907705
0.0155668
0.00167005
0.00010133
4.2174e-06
8.31549e-08
9.67235e-10
7.73234e-12
4.70178e-14
1.20656e-16
0
0
0
0
0
0
0
0
0
0
0
0.0456833
0.054723
0.0594007
0.0618793
0.0626473
0.0612644
0.0562624
0.0447174
0.021958
0.00341331
0.128579
0.127137
0.125544
0.123735
0.12161
0.119006
0.115658
0.111095
0.104333
0.0923929
0.0257424
0.00284572
0.000155972
5.88739e-06
1.07335e-07
1.17795e-09
9.03444e-12
5.3311e-14
1.20656e-16
0
0
0
0
0
0
0
0
0
0
0
0.0433027
0.0506111
0.0557021
0.0589971
0.0605883
0.0600165
0.0558622
0.045136
0.0230037
0.00401186
0.123535
0.122318
0.121029
0.119614
0.117989
0.116024
0.113509
0.110079
0.104971
0.0958856
0.0924687
0.0884104
0.084721
0.0813342
0.0781832
0.0752294
0.0724449
0.0698064
0.0672938
0.0648893
0.0625774
0.0603441
0.0581767
0.0560625
0.0539889
0.0519416
0.0499012
0.0478358
0.0456834
0.0433028
0.0419593
0.0458818
0.0509051
0.055123
0.0578268
0.0583724
0.0553744
0.0458038
0.024629
0.00491448
0.118281
0.117282
0.116277
0.11522
0.114046
0.112656
0.110893
0.1085
0.10499
0.0992519
0.0961774
0.0934823
0.0909665
0.0885688
0.0862638
0.0840367
0.081876
0.0797707
0.0777092
0.0756794
0.0736675
0.0716579
0.0696315
0.0675643
0.0654245
0.0631668
0.0607219
0.0579751
0.054723
0.0506112
0.0458819
0.0448071
0.0471582
0.0508893
0.0542908
0.0560455
0.0545065
0.0465097
0.0267345
0.00617837
0.112698
0.111904
0.11115
0.110401
0.109606
0.108688
0.107534
0.105967
0.103704
0.100291
0.0975118
0.0950392
0.0927242
0.0905066
0.0883606
0.0862735
0.0842373
0.082245
0.0802902
0.078366
0.0764645
0.0745762
0.0726893
0.0707875
0.0688472
0.0668308
0.0646751
0.0622673
0.0594007
0.0557022
0.0509052
0.0471583
0.0461992
0.0478072
0.0506468
0.0530526
0.0529687
0.0469178
0.0291047
0.00783834
0.10663
0.106023
0.105484
0.104985
0.104485
0.103924
0.103217
0.10224
0.100824
0.0987694
0.0966061
0.0944618
0.0923555
0.0902882
0.0882596
0.0862696
0.0843179
0.0824031
0.0805236
0.0786768
0.0768598
0.0750685
0.0732975
0.0715391
0.0697806
0.0679995
0.0661544
0.064166
0.0618792
0.0589971
0.0551231
0.0508894
0.0478072
0.0468826
0.0479667
0.0499179
0.0507039
0.0466449
0.0313775
0.00986757
0.0998605
0.0994162
0.0990522
0.0987452
0.0984603
0.0981482
0.0977405
0.0971462
0.0962537
0.094957
0.0933797
0.091644
0.0898264
0.0879719
0.086108
0.0842523
0.0824159
0.0806061
0.0788279
0.0770848
0.0753791
0.0737127
0.0720866
0.0705006
0.0689515
0.0674298
0.0659135
0.0643535
0.0626473
0.0605882
0.0578268
0.0542908
0.0506469
0.0479668
0.0469538
0.0474257
0.0480242
0.0454221
0.0330439
0.0121204
0.0920343
0.091729
0.091503
0.0913356
0.0911959
0.0910411
0.0908142
0.090444
0.089851
0.0889668
0.087804
0.0864248
0.0848962
0.0832732
0.0815969
0.0798968
0.0781945
0.0765056
0.0748421
0.0732138
0.0716292
0.0700967
0.0686247
0.0672218
0.0658956
0.064651
0.0634849
0.0623759
0.0612645
0.0600165
0.0583724
0.0560455
0.0530527
0.049918
0.0474257
0.0460745
0.0454574
0.0432453
0.0335371
0.0142626
0.0824186
0.0822282
0.0821079
0.0820379
0.0819897
0.0819244
0.0817929
0.0815368
0.0810956
0.08042
0.0794976
0.0783549
0.0770372
0.0755919
0.0740607
0.0724774
0.0708691
0.0692569
0.0676586
0.06609
0.0645661
0.063103
0.0617183
0.0604327
0.0592696
0.0582548
0.0574119
0.0567534
0.0562624
0.0558622
0.0553744
0.0545065
0.0529688
0.0507039
0.0480242
0.0454575
0.0432493
0.0403255
0.0324381
0.0157545
0.0691186
0.0690176
0.0689746
0.0689693
0.0689734
0.0689496
0.0688529
0.0686326
0.0682386
0.0676315
0.0667949
0.0657398
0.064496
0.0631013
0.0615938
0.0600077
0.0583725
0.0567133
0.055053
0.0534142
0.0518198
0.0502945
0.0488673
0.0475723
0.0464514
0.0455532
0.0449316
0.0446406
0.0447173
0.045136
0.0458038
0.0465097
0.0469179
0.0466449
0.0454222
0.0432454
0.0403256
0.0364866
0.0295628
0.0159922
0.047625
0.0475756
0.0475726
0.047594
0.0476107
0.0475855
0.0474751
0.047233
0.0468154
0.0461893
0.0453397
0.0442729
0.0430121
0.0415897
0.0400403
0.0383963
0.0366858
0.0349321
0.0331548
0.0313723
0.0296046
0.0278777
0.0262277
0.0247065
0.0233843
0.02235
0.0217039
0.0215451
0.021958
0.0230037
0.024629
0.0267345
0.0291047
0.0313775
0.0330439
0.0335371
0.0324381
0.0295628
0.0242264
0.0143848
0.0158656
0.0158323
0.0158277
0.015835
0.0158329
0.0157954
0.015693
0.0154955
0.0151763
0.014717
0.0141117
0.0133688
0.0125083
0.0115573
0.0105466
0.00950772
0.00847134
0.0074668
0.00652124
0.00565831
0.00489684
0.00424977
0.00372437
0.00332377
0.00304977
0.00290638
0.00290367
0.00306158
0.00341332
0.00401186
0.00491448
0.00617836
0.00783833
0.00986756
0.0121204
0.0142626
0.0157545
0.0159922
0.0143848
0.00984039
0.562497
0.562047
0.553811
0.525446
0.484529
0.443082
0.405782
0.373374
0.345448
0.321359
0.300492
0.282316
0.266381
0.252313
0.239793
0.228562
0.218418
0.209198
0.200766
0.193009
0.185829
0.179142
0.172876
0.166964
0.161343
0.155954
0.150739
0.145637
0.140583
0.135504
0.130318
0.124928
0.119213
0.113016
0.106106
0.098095
0.0881854
0.0744738
0.0525528
0.0189124
0.562047
0.558239
0.540383
0.506332
0.466352
0.427826
0.393269
0.363013
0.336704
0.313827
0.293878
0.276407
0.261025
0.247393
0.235223
0.224283
0.214387
0.205386
0.197153
0.189579
0.182574
0.176059
0.169965
0.164228
0.158792
0.153598
0.148591
0.143709
0.138884
0.134041
0.12909
0.123927
0.118425
0.112419
0.105678
0.0978091
0.088016
0.0743921
0.0525202
0.0188893
0.553819
0.540387
0.513739
0.478892
0.442517
0.408188
0.377158
0.349616
0.325344
0.303999
0.285216
0.268648
0.253977
0.240913
0.229207
0.218659
0.209106
0.20041
0.192456
0.185143
0.178388
0.172121
0.166276
0.160797
0.155629
0.15072
0.146014
0.141448
0.136949
0.132432
0.127796
0.122924
0.117681
0.111895
0.105333
0.097606
0.0879195
0.0743697
0.0525328
0.0188946
0.525453
0.506335
0.478893
0.447667
0.416202
0.386389
0.359019
0.334304
0.312183
0.292476
0.274956
0.25938
0.2455
0.233077
0.221909
0.211825
0.202681
0.194355
0.186739
0.179746
0.1733
0.167337
0.161801
0.156642
0.151812
0.147263
0.142941
0.138781
0.134703
0.130609
0.126378
0.121874
0.116945
0.111415
0.105049
0.0974639
0.0878752
0.0743859
0.0525694
0.0189113
0.484532
0.466352
0.442517
0.416202
0.3896
0.363988
0.340014
0.317954
0.29788
0.279751
0.263464
0.248872
0.23579
0.224036
0.213444
0.203868
0.19518
0.187266
0.180032
0.173398
0.167299
0.161679
0.156491
0.151694
0.14725
0.143119
0.139251
0.135583
0.132027
0.128465
0.124749
0.120707
0.116165
0.110936
0.104788
0.0973507
0.0878534
0.0744112
0.0526001
0.0189171
0.44308
0.427825
0.408187
0.386389
0.363987
0.341976
0.32094
0.301202
0.282927
0.266188
0.250993
0.23729
0.224961
0.213869
0.203869
0.194826
0.186619
0.179143
0.172315
0.166063
0.16033
0.15507
0.150247
0.145832
0.141797
0.138118
0.134757
0.131658
0.12873
0.125833
0.122774
0.119321
0.115261
0.110395
0.1045
0.0972222
0.0878139
0.0744073
0.0525874
0.0188847
0.40578
0.393267
0.377156
0.359018
0.340013
0.32094
0.30232
0.284487
0.267663
0.252006
0.237646
0.224668
0.213017
0.202561
0.193152
0.184651
0.176938
0.169916
0.163504
0.15764
0.152275
0.147373
0.142907
0.138862
0.13523
0.132004
0.129172
0.1267
0.124508
0.122439
0.120235
0.117553
0.114115
0.109705
0.104114
0.09702
0.0877058
0.0743274
0.0524871
0.0187832
0.373371
0.363011
0.349614
0.334303
0.317954
0.301202
0.284487
0.268114
0.252302
0.237264
0.223315
0.210836
0.199768
0.18992
0.1811
0.173148
0.165939
0.159377
0.153384
0.147904
0.142895
0.138327
0.134186
0.130471
0.127192
0.124371
0.122036
0.120201
0.118835
0.117797
0.116757
0.115138
0.112545
0.108737
0.103537
0.0966706
0.0874688
0.074119
0.052252
0.0185811
0.345446
0.336701
0.325342
0.312183
0.29788
0.282927
0.267663
0.252301
0.236967
0.221818
0.207413
0.195137
0.184583
0.175342
0.167129
0.159749
0.153064
0.146974
0.141404
0.136301
0.131626
0.127358
0.123489
0.120028
0.117003
0.114467
0.112498
0.111201
0.110673
0.110904
0.111558
0.111577
0.110261
0.107319
0.102654
0.0960922
0.0870399
0.0737302
0.0518377
0.01825
0.321358
0.313826
0.303998
0.292476
0.279752
0.266187
0.252005
0.237264
0.221818
0.205238
0.187186
0.174937
0.16501
0.156505
0.149011
0.142295
0.136206
0.130642
0.125529
0.120818
0.116472
0.112472
0.108813
0.105505
0.102583
0.100113
0.0982135
0.0970946
0.0971138
0.0987779
0.102334
0.105758
0.106809
0.105251
0.101359
0.0952154
0.0863683
0.0731201
0.0512109
0.0177707
0.300491
0.293877
0.285215
0.274956
0.263465
0.250993
0.237646
0.223315
0.207412
0.187185
0.00879033
0.00716276
0.00844499
0.00935566
0.00996664
0.0103795
0.0106523
0.0108237
0.0109224
0.0109719
0.0109936
0.0110103
0.0110468
0.0111355
0.0113238
0.0116907
0.0123965
0.0138557
0.017498
0.0289371
0.0987924
0.102626
0.103994
0.10307
0.0997768
0.0940527
0.0854407
0.0722718
0.050357
0.0171369
0.282315
0.276406
0.268647
0.259379
0.248872
0.237289
0.224668
0.210836
0.195138
0.174936
0.00716297
0.000714986
0.000530783
0.000643614
0.000738251
0.000809815
0.00086325
0.0009023
0.000930482
0.000950888
0.000966576
0.000980774
0.000997422
0.00102153
0.00106058
0.0011273
0.00124692
0.00148105
0.00201701
0.00345049
0.0944704
0.0998613
0.101487
0.100908
0.0980332
0.0926677
0.084284
0.0711965
0.0492838
0.0163566
0.26638
0.261024
0.253976
0.245499
0.23579
0.224961
0.213016
0.199768
0.184583
0.165009
0.00844502
0.000530785
4.22343e-05
2.98876e-05
3.62075e-05
4.19297e-05
4.64972e-05
5.02496e-05
5.28953e-05
5.50297e-05
5.68327e-05
5.82753e-05
6.00178e-05
6.23343e-05
6.54707e-05
7.08295e-05
7.98864e-05
9.66434e-05
0.000130688
0.000201254
0.0905661
0.0972835
0.099143
0.0987854
0.0962067
0.091129
0.0829442
0.0699256
0.0480165
0.01545
0.252312
0.247392
0.240912
0.233077
0.224035
0.213869
0.202561
0.18992
0.175342
0.156504
0.00935568
0.000643617
2.98877e-05
2.09743e-06
1.31671e-06
1.66081e-06
2.00761e-06
2.1248e-06
2.32982e-06
2.41804e-06
2.49869e-06
2.68047e-06
2.76223e-06
2.85609e-06
3.0769e-06
3.35355e-06
3.82256e-06
4.4579e-06
5.83963e-06
7.90077e-06
0.0870098
0.094835
0.0969019
0.0967051
0.0943439
0.0894925
0.08147
0.0684986
0.0465902
0.0144444
0.239792
0.235222
0.229207
0.221908
0.213443
0.203869
0.193152
0.1811
0.167129
0.149011
0.00996666
0.000738253
3.62077e-05
1.31671e-06
3.49339e-08
2.44931e-08
3.18684e-08
3.51882e-08
4.07147e-08
4.37997e-08
4.6741e-08
5.23868e-08
5.53797e-08
5.84089e-08
6.46408e-08
7.14853e-08
8.21211e-08
9.36043e-08
2.26421e-07
2.57276e-07
0.0837188
0.092489
0.0947381
0.0946673
0.0924729
0.0878
0.0799039
0.0669558
0.0450428
0.0133702
0.228562
0.224282
0.218659
0.211824
0.203868
0.194826
0.184651
0.173147
0.159749
0.142295
0.0103795
0.000809818
4.19298e-05
1.66082e-06
2.44934e-08
4.11205e-10
2.9071e-10
3.36963e-10
4.11294e-10
4.6142e-10
5.11015e-10
5.95848e-10
6.47958e-10
6.98923e-10
7.90812e-10
8.84813e-10
1.01909e-09
1.13936e-09
4.30918e-09
4.43537e-09
0.0806462
0.0902294
0.0926387
0.0926719
0.0906113
0.0860814
0.0782809
0.065334
0.04341
0.0122576
0.218418
0.214387
0.209105
0.20268
0.19518
0.186618
0.176938
0.165939
0.153064
0.136206
0.0106523
0.000863252
4.64973e-05
2.00762e-06
3.18688e-08
2.90715e-10
3.62868e-12
2.23637e-12
2.86085e-12
3.34623e-12
3.8438e-12
4.64402e-12
5.18743e-12
5.71404e-12
6.58256e-12
7.42983e-12
8.55783e-12
9.4161e-12
4.90298e-11
4.74735e-11
0.0777593
0.0880433
0.090595
0.0907184
0.0887704
0.0843581
0.076629
0.0636655
0.0417237
0.0111357
0.209198
0.205385
0.200409
0.194354
0.187266
0.179143
0.169915
0.159376
0.146974
0.130641
0.0108237
0.000902302
5.02497e-05
2.12481e-06
3.51886e-08
3.36969e-10
2.23644e-12
2.26929e-14
1.53837e-14
1.85874e-14
2.20801e-14
2.74937e-14
3.14754e-14
3.53142e-14
4.12358e-14
4.67987e-14
5.38444e-14
5.85151e-14
3.87453e-13
3.6068e-13
0.0750315
0.0859182
0.0885999
0.0888054
0.0869571
0.0826456
0.0749704
0.0619786
0.0400111
0.0100323
0.200766
0.197152
0.192455
0.186738
0.180031
0.172314
0.163504
0.153384
0.141404
0.125529
0.0109224
0.000930484
5.28954e-05
2.32983e-06
4.07151e-08
4.11301e-10
2.86085e-12
1.53837e-14
0
0
0
0
0
0
8.89046e-17
1.20656e-16
1.20656e-16
1.20656e-16
2.21626e-15
2.00035e-15
0.0724406
0.0838416
0.0866465
0.0869308
0.0851759
0.0809558
0.0733239
0.0602987
0.0382956
0.00897377
0.193009
0.189578
0.185142
0.179745
0.173397
0.166062
0.15764
0.147904
0.1363
0.120817
0.0109719
0.00095089
5.50298e-05
2.41805e-06
4.38001e-08
4.61427e-10
3.34636e-12
1.85874e-14
0
0
0
0
0
0
0
0
0
0
0
0
0.0699671
0.0818001
0.0847271
0.0850916
0.0834294
0.079298
0.0717065
0.0586497
0.0365986
0.00798541
0.185829
0.182573
0.178388
0.173299
0.167298
0.160329
0.152275
0.142894
0.131626
0.116471
0.0109936
0.000966577
5.68328e-05
2.49869e-06
4.67414e-08
5.11022e-10
3.84388e-12
2.20801e-14
0
0
0
0
0
0
0
0
0
0
0
0
0.0675938
0.0797786
0.0828329
0.0832836
0.081719
0.0776807
0.0701348
0.0570558
0.0349419
0.00709077
0.179142
0.176058
0.17212
0.167336
0.161678
0.15507
0.147372
0.138326
0.127358
0.112471
0.0110103
0.000980775
5.82755e-05
2.68048e-06
5.23872e-08
5.95855e-10
4.64412e-12
2.74937e-14
0
0
0
0
0
0
0
0
0
0
0
0
0.0653049
0.0777593
0.0809528
0.081501
0.0800452
0.0761125
0.0686271
0.0555433
0.0333508
0.00631054
0.172876
0.169964
0.166275
0.1618
0.15649
0.150247
0.142907
0.134186
0.123488
0.108812
0.0110468
0.000997423
6.00179e-05
2.76224e-06
5.53801e-08
6.47965e-10
5.1876e-12
3.14754e-14
0
0
0
0
0
0
0
0
0
0
0
0
0.0630855
0.0757202
0.0790724
0.0797365
0.0784079
0.0746024
0.0672038
0.0541427
0.0318573
0.00566168
0.166963
0.164227
0.160796
0.156641
0.151694
0.145831
0.138862
0.130471
0.120028
0.105505
0.0111355
0.00102154
6.23344e-05
2.85609e-06
5.84093e-08
6.9893e-10
5.71415e-12
3.53142e-14
0
0
0
0
0
0
0
0
0
0
0
0
0.0609208
0.0736326
0.0771713
0.0779788
0.0768052
0.0731602
0.0658885
0.0528898
0.0305043
0.00515747
0.161343
0.158791
0.155629
0.151812
0.14725
0.141797
0.13523
0.127192
0.117003
0.102583
0.0113238
0.00106058
6.54708e-05
3.07691e-06
6.46411e-08
7.90819e-10
6.5827e-12
4.12358e-14
8.89046e-17
0
0
0
0
0
0
0
0
0
0
0
0.0587951
0.0714579
0.0752199
0.076211
0.0752324
0.0717955
0.0647079
0.0518267
0.029349
0.00480898
0.155954
0.153597
0.15072
0.147263
0.143118
0.138118
0.132004
0.124371
0.114466
0.100113
0.0116907
0.0011273
7.08296e-05
3.35356e-06
7.14857e-08
8.8482e-10
7.43e-12
4.67987e-14
1.20656e-16
0
0
0
0
0
0
0
0
0
0
0
0.0566898
0.0691407
0.0731715
0.0744048
0.0736785
0.0705157
0.0636903
0.051002
0.0284647
0.00462813
0.150739
0.14859
0.146014
0.14294
0.13925
0.134756
0.129172
0.122035
0.112497
0.0982131
0.0123965
0.00124692
7.98865e-05
3.82257e-06
8.21214e-08
1.0191e-09
8.55791e-12
5.38444e-14
1.20656e-16
0
0
0
0
0
0
0
0
0
0
0
0.0545802
0.0665979
0.0709502
0.0725114
0.0721194
0.0693201
0.0628606
0.0504671
0.0279385
0.00463184
0.145637
0.143708
0.141447
0.13878
0.135582
0.131658
0.126699
0.120201
0.111201
0.0970944
0.0138557
0.00148105
9.66435e-05
4.4579e-06
9.36047e-08
1.13937e-09
9.41622e-12
5.85151e-14
1.20656e-16
0
0
0
0
0
0
0
0
0
0
0
0.0524304
0.063698
0.0684271
0.0704421
0.0705041
0.0681892
0.0622304
0.0502677
0.0278643
0.00484658
0.140583
0.138883
0.136948
0.134703
0.132026
0.12873
0.124507
0.118835
0.110673
0.0971137
0.017498
0.00201702
0.000130688
5.83964e-06
2.26421e-07
4.3092e-09
4.90302e-11
3.87453e-13
2.21626e-15
0
0
0
0
0
0
0
0
0
0
0
0.0501818
0.0602226
0.0653772
0.0680303
0.0687267
0.0670637
0.0617816
0.05043
0.0283311
0.00531251
0.135504
0.13404
0.132431
0.130608
0.128465
0.125833
0.122438
0.117797
0.110903
0.0987778
0.0289371
0.00345049
0.000201254
7.90078e-06
2.57276e-07
4.43539e-09
4.74739e-11
3.60699e-13
2.02575e-15
0
0
0
0
0
0
0
0
0
0
0
0.0477244
0.0558182
0.0614154
0.0649679
0.0665749
0.065808
0.0614381
0.0509411
0.0293869
0.00608477
0.130318
0.129089
0.127795
0.126378
0.124749
0.122773
0.120235
0.116756
0.111558
0.102334
0.0987923
0.0944704
0.0905661
0.0870099
0.0837188
0.0806462
0.0777593
0.0750315
0.0724405
0.069967
0.0675937
0.0653048
0.0630854
0.0609208
0.0587951
0.0566898
0.0545802
0.0524305
0.0501819
0.0477246
0.0464116
0.0507883
0.0562989
0.0608597
0.0636943
0.0641594
0.0610258
0.0517166
0.0310422
0.00722691
0.124927
0.123926
0.122924
0.121874
0.120707
0.119321
0.117553
0.115137
0.111576
0.105758
0.102626
0.0998612
0.0972834
0.0948347
0.0924887
0.0902291
0.088043
0.0859179
0.0838413
0.0817998
0.0797783
0.077759
0.0757199
0.0736324
0.0714577
0.0691405
0.0665978
0.0636979
0.0602226
0.0558183
0.0507884
0.0497429
0.0523689
0.0564199
0.0600372
0.0618369
0.0602625
0.0525648
0.033234
0.00881068
0.119213
0.118424
0.11768
0.116945
0.116164
0.11526
0.114114
0.112545
0.11026
0.106809
0.103994
0.101487
0.0991428
0.0969016
0.0947379
0.0926385
0.0905948
0.0885998
0.0866464
0.084727
0.0828328
0.0809527
0.0790722
0.0771711
0.0752196
0.0731712
0.0709499
0.0684269
0.065377
0.0614154
0.0562989
0.052369
0.0514544
0.0532638
0.0563318
0.0588853
0.058881
0.0531835
0.0357932
0.0108974
0.113016
0.112419
0.111895
0.111415
0.110935
0.110395
0.109704
0.108737
0.107319
0.105251
0.10307
0.100908
0.0987851
0.0967048
0.094667
0.0926716
0.090718
0.0888051
0.0869306
0.0850913
0.0832833
0.0815007
0.0797362
0.0779785
0.0762107
0.0744045
0.0725112
0.0704419
0.0680301
0.0649678
0.0608597
0.05642
0.0532638
0.0524269
0.053708
0.0558762
0.0568647
0.0532405
0.0384136
0.0135066
0.106106
0.105677
0.105333
0.105049
0.104788
0.1045
0.104114
0.103537
0.102654
0.101359
0.0997766
0.098033
0.0962065
0.0943437
0.0924726
0.090611
0.08877
0.0869567
0.0851755
0.083429
0.0817186
0.0800449
0.0784076
0.076805
0.0752322
0.0736783
0.0721192
0.070504
0.0687266
0.0665748
0.0636943
0.0600372
0.0563319
0.053708
0.0528828
0.0536378
0.0545784
0.0525325
0.0406507
0.0165564
0.0980946
0.0978088
0.0976056
0.0974635
0.0973502
0.0972217
0.0970196
0.0966702
0.0960919
0.095215
0.0940524
0.0926674
0.0911286
0.0894921
0.0877996
0.086081
0.0843577
0.0826452
0.0809554
0.0792976
0.0776804
0.0761122
0.0746021
0.0731599
0.0717953
0.0705155
0.06932
0.0681891
0.0670636
0.0658079
0.0641594
0.0618369
0.0588853
0.0558762
0.0536379
0.0526822
0.0525894
0.051107
0.0419803
0.0197659
0.0881849
0.0880158
0.0879191
0.0878748
0.087853
0.0878135
0.0877053
0.0874683
0.0870395
0.0863679
0.0854403
0.0842836
0.0829439
0.0814697
0.0799036
0.0782806
0.0766286
0.0749701
0.0733236
0.0717063
0.0701347
0.068627
0.0672037
0.0658885
0.0647079
0.0636903
0.0628605
0.0622304
0.0617815
0.0614381
0.0610258
0.0602625
0.058881
0.0568647
0.0545784
0.0525894
0.0511435
0.0491577
0.0419245
0.0225587
0.0744736
0.0743918
0.0743693
0.0743855
0.0744107
0.0744068
0.074327
0.0741186
0.0737298
0.0731197
0.0722714
0.0711961
0.0699252
0.0684982
0.0669555
0.0653337
0.0636652
0.0619783
0.0602984
0.0586495
0.0570556
0.0555432
0.0541427
0.0528898
0.0518268
0.051002
0.0504671
0.0502677
0.05043
0.050941
0.0517165
0.0525648
0.0531835
0.0532405
0.0525325
0.0511071
0.0491578
0.0463834
0.0400574
0.0240858
0.0525526
0.0525201
0.0525326
0.0525691
0.0525998
0.052587
0.0524868
0.0522517
0.0518375
0.0512107
0.0503568
0.0492836
0.0480164
0.0465901
0.0450427
0.0434099
0.0417236
0.040011
0.0382954
0.0365985
0.0349419
0.0333507
0.0318572
0.0305042
0.029349
0.0284647
0.0279385
0.0278643
0.0283311
0.0293869
0.0310422
0.033234
0.0357931
0.0384136
0.0406506
0.0419803
0.0419245
0.0400574
0.0351046
0.0232187
0.0189125
0.0188895
0.0188947
0.0189113
0.018917
0.0188846
0.0187832
0.018581
0.01825
0.0177707
0.0171369
0.0163566
0.01545
0.0144444
0.0133702
0.0122576
0.0111357
0.0100323
0.00897377
0.00798542
0.00709078
0.00631054
0.00566168
0.00515748
0.00480899
0.00462814
0.00463185
0.00484658
0.00531251
0.00608476
0.0072269
0.00881066
0.0108974
0.0135066
0.0165563
0.0197659
0.0225587
0.0240858
0.0232187
0.0177032
0.5625
0.562496
0.560848
0.543836
0.506356
0.463136
0.423119
0.388315
0.358482
0.332906
0.310878
0.291785
0.27512
0.260466
0.247475
0.235858
0.225389
0.215886
0.207206
0.199228
0.191849
0.184982
0.178549
0.172483
0.166718
0.161195
0.155852
0.150628
0.145455
0.140259
0.134958
0.129452
0.123617
0.117292
0.110236
0.10205
0.0919328
0.0780379
0.0560133
0.0212752
0.562495
0.562143
0.554783
0.527951
0.488039
0.446985
0.409749
0.377256
0.349181
0.324923
0.303892
0.285565
0.269498
0.255319
0.242709
0.231406
0.221202
0.211933
0.203464
0.195681
0.188487
0.181801
0.175551
0.16967
0.1641
0.158782
0.153656
0.148661
0.143726
0.138775
0.133717
0.128444
0.122827
0.116699
0.109815
0.101773
0.0917736
0.0779659
0.0559903
0.0212597
0.560852
0.554787
0.534924
0.501282
0.462895
0.425896
0.392456
0.362945
0.337111
0.314534
0.294775
0.27743
0.262136
0.248576
0.236468
0.225584
0.215743
0.206797
0.198622
0.191114
0.184185
0.177759
0.17177
0.166159
0.160869
0.155847
0.151033
0.146364
0.141765
0.137149
0.132413
0.12744
0.122087
0.116183
0.109482
0.101583
0.0916892
0.0779535
0.0560117
0.021272
0.54385
0.527961
0.501284
0.468465
0.434587
0.402411
0.373011
0.346632
0.323171
0.302391
0.284011
0.267746
0.253315
0.240451
0.22892
0.218529
0.209121
0.200565
0.192747
0.185574
0.178968
0.172861
0.167195
0.161917
0.156978
0.152327
0.14791
0.143659
0.139493
0.13531
0.130989
0.12639
0.121359
0.115714
0.109212
0.101456
0.0916587
0.0779802
0.0560565
0.0212954
0.506372
0.488046
0.462898
0.434588
0.405882
0.378344
0.352717
0.32928
0.308077
0.289028
0.271997
0.256806
0.243246
0.231103
0.220186
0.210333
0.201404
0.193281
0.185863
0.179067
0.172824
0.167074
0.16177
0.156869
0.15233
0.14811
0.144161
0.140416
0.136785
0.133148
0.129353
0.125225
0.120587
0.115248
0.108966
0.101359
0.0916514
0.0780162
0.0560951
0.0213068
0.463149
0.446991
0.425899
0.402413
0.378344
0.354812
0.332447
0.311579
0.292358
0.274838
0.259008
0.244794
0.232053
0.220618
0.210327
0.201034
0.192611
0.184948
0.177954
0.171557
0.165695
0.160321
0.155396
0.150889
0.146774
0.143021
0.139594
0.136433
0.133446
0.130489
0.127364
0.123837
0.11969
0.11472
0.108694
0.101247
0.0916261
0.0780224
0.0560896
0.0212784
0.423127
0.409752
0.392459
0.373012
0.352717
0.332447
0.31276
0.293998
0.276381
0.260061
0.245164
0.231749
0.219736
0.208976
0.199308
0.190584
0.182679
0.175489
0.168931
0.162938
0.157459
0.152457
0.147903
0.143781
0.140081
0.136797
0.133914
0.131396
0.129163
0.127052
0.124802
0.122062
0.118547
0.11404
0.108323
0.10106
0.0915308
0.0779514
0.0559958
0.0211783
0.38832
0.377259
0.362947
0.346633
0.32928
0.311579
0.293999
0.276854
0.260371
0.24477
0.230353
0.217489
0.206101
0.195983
0.186933
0.178784
0.171406
0.164696
0.158574
0.152981
0.147872
0.143218
0.139003
0.135223
0.131889
0.129023
0.126651
0.124789
0.123401
0.122345
0.121281
0.119625
0.116972
0.113078
0.107757
0.100722
0.0913038
0.0777499
0.0557662
0.0209741
0.358486
0.349182
0.337113
0.323172
0.308077
0.292358
0.276381
0.260371
0.244463
0.228811
0.213965
0.201338
0.190498
0.181019
0.172606
0.165055
0.158223
0.152004
0.146323
0.141123
0.136364
0.132023
0.128092
0.124579
0.121512
0.118942
0.11695
0.11564
0.115111
0.115348
0.116011
0.116022
0.114669
0.111656
0.106878
0.100151
0.0908806
0.077365
0.0553562
0.0206366
0.332909
0.324925
0.314535
0.302392
0.289028
0.274838
0.260061
0.24477
0.228811
0.211727
0.193166
0.180594
0.170418
0.161712
0.154051
0.147193
0.140983
0.135316
0.130115
0.125329
0.12092
0.116868
0.113166
0.109826
0.106879
0.104392
0.102484
0.101365
0.101394
0.103084
0.106683
0.110142
0.111186
0.109575
0.10558
0.0992748
0.0902089
0.0767554
0.0547325
0.020146
0.31088
0.303893
0.294775
0.284012
0.271997
0.259008
0.245163
0.230353
0.213964
0.193166
0.00914052
0.00749452
0.00886006
0.00984274
0.010513
0.010977
0.0112956
0.011509
0.0116467
0.0117335
0.011792
0.0118452
0.0119197
0.0120496
0.0122849
0.0127093
0.0134944
0.0150858
0.0190343
0.0313366
0.103065
0.106967
0.108342
0.107377
0.103989
0.0981058
0.0892753
0.0759041
0.0538811
0.0194956
0.291786
0.285566
0.277429
0.267746
0.256806
0.244794
0.231749
0.217489
0.201338
0.180594
0.00749455
0.000769165
0.000573882
0.000698529
0.00080447
0.000886181
0.0009486
0.000995842
0.00103168
0.00105924
0.00108189
0.00110315
0.00112718
0.00115964
0.00120899
0.00128917
0.00142894
0.00169773
0.00230942
0.00394445
0.0985635
0.104152
0.105806
0.105194
0.102231
0.0967085
0.0881069
0.0748231
0.0528104
0.0186936
0.275121
0.269499
0.262136
0.253314
0.243246
0.232053
0.219736
0.206101
0.190498
0.170418
0.00886008
0.000573885
4.68893e-05
3.34175e-05
4.06716e-05
4.73539e-05
5.27648e-05
5.72447e-05
6.07264e-05
6.35868e-05
6.60097e-05
6.83057e-05
7.0709e-05
7.362e-05
7.79809e-05
8.45992e-05
9.57235e-05
0.000115857
0.000156372
0.000240261
0.0945063
0.101526
0.103434
0.103051
0.100387
0.0951529
0.086751
0.0735444
0.0515465
0.0177601
0.260466
0.255319
0.248575
0.24045
0.231103
0.220617
0.208976
0.195982
0.181019
0.161712
0.00984275
0.000698532
3.34177e-05
2.3034e-06
1.60754e-06
1.97457e-06
2.2322e-06
2.47818e-06
2.81871e-06
2.93104e-06
3.14193e-06
3.24351e-06
3.45577e-06
3.57297e-06
3.83349e-06
4.15014e-06
4.68041e-06
5.51454e-06
7.1556e-06
9.77679e-06
0.0908281
0.0990371
0.101169
0.100951
0.0985056
0.0934964
0.0852573
0.0721092
0.0501256
0.0167226
0.247475
0.242709
0.236467
0.228919
0.220186
0.210326
0.199308
0.186932
0.172606
0.154051
0.0105132
0.000804477
4.06718e-05
1.60755e-06
4.35966e-08
2.94975e-08
3.52168e-08
4.1286e-08
4.99596e-08
5.3819e-08
6.02084e-08
6.3956e-08
7.05855e-08
7.44575e-08
8.16938e-08
8.94623e-08
1.01159e-07
2.25263e-07
2.5702e-07
2.94176e-07
0.0874357
0.0966568
0.0989844
0.0988953
0.0966152
0.0917815
0.0836699
0.0705588
0.048587
0.0156113
0.235859
0.231406
0.225584
0.218528
0.210333
0.201033
0.190584
0.178784
0.165055
0.147193
0.010977
0.000886183
4.73541e-05
1.97458e-06
2.94978e-08
4.97714e-10
3.20502e-10
3.96343e-10
5.07744e-10
5.70321e-10
6.6532e-10
7.30182e-10
8.32693e-10
8.9854e-10
1.00577e-09
1.11279e-09
1.25843e-09
4.45134e-09
4.72049e-09
4.85518e-09
0.0842766
0.0943684
0.0968671
0.096883
0.0947341
0.0900392
0.0820248
0.0689313
0.046968
0.0144562
0.225389
0.221202
0.215743
0.209121
0.201404
0.19261
0.182679
0.171406
0.158222
0.140984
0.0112956
0.000948603
5.27649e-05
2.23221e-06
3.52171e-08
3.20508e-10
3.99245e-12
2.63324e-12
3.5432e-12
4.14924e-12
5.03377e-12
5.70245e-12
6.69643e-12
7.38021e-12
8.40036e-12
9.36884e-12
1.05805e-11
5.21036e-11
5.27654e-11
5.07663e-11
0.0813146
0.0921582
0.0948083
0.094914
0.0928736
0.0882915
0.0803512
0.0672596
0.045302
0.0132853
0.215887
0.211933
0.206797
0.200564
0.193281
0.184947
0.175489
0.164695
0.152004
0.135316
0.011509
0.000995844
5.72449e-05
2.47819e-06
4.12864e-08
3.9635e-10
2.63326e-12
2.66809e-14
1.90605e-14
2.30676e-14
2.89829e-14
3.37202e-14
4.06611e-14
4.56303e-14
5.26379e-14
5.90771e-14
6.65006e-14
4.20071e-13
4.12638e-13
3.80178e-13
0.078521
0.0900127
0.0928006
0.0929868
0.0910409
0.0865545
0.0786722
0.0655727
0.0436179
0.0121252
0.207206
0.203463
0.198622
0.192747
0.185863
0.177954
0.16893
0.158573
0.146323
0.130115
0.0116467
0.00103168
6.07266e-05
2.81872e-06
4.996e-08
5.07752e-10
3.54327e-12
1.90605e-14
0
0
0
0
6.98536e-17
1.20656e-16
1.20656e-16
1.20656e-16
1.20656e-16
2.47663e-15
2.38772e-15
2.08608e-15
0.0758719
0.0879187
0.0908365
0.0910991
0.0892406
0.0848405
0.0770074
0.0638963
0.041941
0.011001
0.199228
0.19568
0.191114
0.185574
0.179067
0.171556
0.162938
0.15298
0.141122
0.125328
0.0117336
0.00105925
6.3587e-05
2.93105e-06
5.38195e-08
5.70329e-10
4.14929e-12
2.30676e-14
0
0
0
0
0
0
0
0
0
0
0
0
0.0733466
0.0858617
0.0889078
0.0892474
0.0874751
0.0831593
0.0753745
0.0622549
0.0402945
0.00993775
0.191849
0.188487
0.184185
0.178968
0.172823
0.165694
0.157459
0.147872
0.136363
0.120919
0.011792
0.00108189
6.60099e-05
3.14193e-06
6.02089e-08
6.65329e-10
5.03386e-12
2.89829e-14
0
0
0
0
0
0
0
0
0
0
0
0
0.0709268
0.0838255
0.0870049
0.087427
0.0857459
0.0815201
0.0737907
0.0606735
0.0387015
0.00896009
0.184982
0.181801
0.177759
0.172861
0.167074
0.16032
0.152457
0.143218
0.132023
0.116868
0.0118452
0.00110315
6.83059e-05
3.24352e-06
6.39564e-08
7.30191e-10
5.7025e-12
3.37202e-14
0
0
0
0
0
0
0
0
0
0
0
0
0.0685954
0.0817909
0.0851157
0.0856321
0.0840536
0.079932
0.0722748
0.059179
0.0371876
0.00809234
0.178549
0.175551
0.17177
0.167195
0.16177
0.155396
0.147903
0.139003
0.128092
0.113166
0.0119197
0.00112718
7.07091e-05
3.45577e-06
7.05859e-08
8.32702e-10
6.69656e-12
4.06611e-14
6.98536e-17
0
0
0
0
0
0
0
0
0
0
0
0.0663364
0.0797338
0.0832246
0.0838544
0.0823984
0.0784048
0.0708478
0.057802
0.0357842
0.00735756
0.172483
0.16967
0.166158
0.161916
0.156868
0.150889
0.143781
0.135223
0.124579
0.109826
0.0120496
0.00115964
7.36201e-05
3.57298e-06
7.44579e-08
8.98549e-10
7.38038e-12
4.56303e-14
1.20656e-16
0
0
0
0
0
0
0
0
0
0
0
0.0641334
0.0776234
0.08131
0.0820823
0.0807787
0.076949
0.0695338
0.0565785
0.0345317
0.00677691
0.166718
0.1641
0.160869
0.156977
0.152329
0.146773
0.140081
0.131889
0.121512
0.106879
0.0122849
0.00120899
7.7981e-05
3.83349e-06
8.16942e-08
1.00578e-09
8.40056e-12
5.26379e-14
1.20656e-16
0
0
0
0
0
0
0
0
0
0
0
0.0619692
0.0754178
0.0793398
0.0802983
0.0791902
0.0755752
0.0683603
0.0555507
0.0334826
0.00636995
0.161195
0.158782
0.155846
0.152327
0.14811
0.143021
0.136797
0.129023
0.118942
0.104392
0.0127093
0.00128917
8.45993e-05
4.15014e-06
8.94627e-08
1.11279e-09
9.36885e-12
5.90771e-14
1.20656e-16
0
0
0
0
0
0
0
0
0
0
0
0.059824
0.0730575
0.0772648
0.0784736
0.077623
0.074292
0.0673558
0.054766
0.0327031
0.00615655
0.155852
0.153656
0.151033
0.147909
0.144161
0.139593
0.133913
0.126651
0.11695
0.102484
0.0134944
0.00142894
9.57236e-05
4.68042e-06
1.01159e-07
1.25844e-09
1.05807e-11
6.65006e-14
1.20656e-16
0
0
0
0
0
0
0
0
0
0
0
0.0576723
0.0704541
0.0750051
0.0765581
0.0760536
0.0730996
0.0665452
0.0542742
0.0322727
0.00616024
0.150627
0.14866
0.146364
0.143658
0.140415
0.136433
0.131396
0.124788
0.11564
0.101364
0.0150858
0.00169773
0.000115857
5.51454e-06
2.25264e-07
4.45136e-09
5.2104e-11
4.20154e-13
2.5052e-15
0
0
0
0
0
0
0
0
0
0
0
0.0554787
0.0674696
0.0724266
0.0744607
0.0744312
0.0719795
0.0659405
0.0541199
0.0322784
0.00641275
0.145454
0.143726
0.141765
0.139492
0.136785
0.133446
0.129163
0.123401
0.11511
0.101394
0.0190343
0.00230942
0.000156372
7.15561e-06
2.5702e-07
4.72051e-09
5.27658e-11
4.12638e-13
2.38772e-15
0
0
0
0
0
0
0
0
0
0
0
0.0531887
0.0638772
0.0692953
0.0720105
0.0726488
0.0708734
0.0655251
0.0543307
0.0328005
0.00695824
0.140259
0.138775
0.137149
0.13531
0.133148
0.130489
0.127052
0.122344
0.115347
0.103084
0.0313366
0.00394445
0.000240261
9.7768e-06
2.94176e-07
4.8552e-09
5.07667e-11
3.80188e-13
2.08608e-15
0
0
0
0
0
0
0
0
0
0
0
0.0507089
0.0593174
0.065213
0.0688891
0.0704896
0.0696452
0.0652259
0.0548964
0.0339025
0.00785321
0.134958
0.133716
0.132413
0.130989
0.129352
0.127364
0.124802
0.121281
0.116011
0.106683
0.103065
0.0985633
0.0945061
0.0908279
0.0874355
0.0842764
0.0813144
0.0785208
0.0758718
0.0733465
0.0709266
0.0685953
0.0663363
0.0641334
0.0619692
0.0598241
0.0576724
0.0554788
0.0531889
0.050709
0.0494343
0.0541167
0.059933
0.0646883
0.067589
0.0680295
0.0648722
0.0557398
0.0356092
0.00917009
0.129452
0.128444
0.127439
0.12639
0.125225
0.123837
0.122061
0.119624
0.116022
0.110141
0.106967
0.104151
0.101526
0.0990367
0.0966564
0.0943682
0.0921579
0.0900125
0.0879186
0.0858616
0.0838254
0.0817907
0.0797337
0.0776233
0.0754178
0.0730575
0.0704541
0.0674697
0.0638773
0.0593176
0.0541169
0.0531044
0.0559112
0.0601583
0.0639024
0.0657438
0.0641877
0.0566824
0.0378824
0.0109939
0.123617
0.122827
0.122087
0.121359
0.120587
0.11969
0.118547
0.116972
0.114669
0.111186
0.108342
0.105806
0.103434
0.101169
0.0989841
0.0968668
0.094808
0.0928003
0.0908362
0.0889075
0.0870046
0.0851155
0.0832244
0.0813098
0.0793397
0.0772647
0.0750051
0.0724266
0.0692953
0.0652131
0.0599332
0.0559113
0.0550379
0.0569788
0.0601899
0.062845
0.0629175
0.057445
0.0405912
0.0134144
0.117292
0.116698
0.116183
0.115714
0.115247
0.11472
0.11404
0.113078
0.111656
0.109575
0.107376
0.105194
0.103051
0.100951
0.098895
0.0968827
0.0949138
0.0929867
0.091099
0.0892473
0.087427
0.085632
0.0838543
0.0820823
0.0802983
0.0784736
0.0765581
0.0744608
0.0720105
0.0688892
0.0646884
0.0601584
0.0569789
0.0562094
0.0576207
0.0599347
0.0610718
0.0577337
0.0434871
0.0165085
0.110237
0.109815
0.109482
0.109211
0.108966
0.108694
0.108323
0.107756
0.106878
0.10558
0.103988
0.10223
0.100387
0.0985052
0.0966149
0.0947338
0.0928733
0.0910407
0.0892404
0.0874749
0.0857458
0.0840536
0.0823983
0.0807786
0.0791902
0.0776229
0.0760535
0.0744312
0.0726488
0.0704896
0.0675891
0.0639025
0.0601901
0.0576207
0.0569267
0.0578755
0.0590591
0.0574069
0.0462107
0.020298
0.10205
0.101773
0.101582
0.101455
0.101358
0.101246
0.101059
0.100722
0.100151
0.0992744
0.0981054
0.0967081
0.0951525
0.093496
0.0917812
0.0900389
0.0882913
0.0865544
0.0848405
0.0831593
0.0815201
0.079932
0.0784047
0.0769489
0.0755751
0.0742919
0.0730995
0.0719795
0.0708734
0.0696452
0.0680296
0.0657439
0.0628451
0.0599348
0.0578756
0.0572004
0.0574981
0.0565976
0.0483486
0.0246538
0.0919325
0.0917734
0.0916888
0.0916582
0.0916509
0.0916257
0.0915305
0.0913035
0.0908802
0.0902086
0.0892749
0.0881065
0.0867507
0.0852571
0.0836697
0.0820247
0.080351
0.078672
0.0770073
0.0753743
0.0737906
0.0722747
0.0708477
0.0695337
0.0683602
0.0673558
0.0665451
0.0659405
0.0655251
0.0652258
0.0648722
0.0641877
0.0629176
0.0610719
0.0590592
0.0574981
0.0566774
0.0555793
0.0495109
0.0291213
0.0780378
0.0779657
0.0779532
0.0779798
0.0780157
0.078022
0.0779511
0.0777495
0.0773647
0.0767551
0.0759038
0.0748228
0.0735442
0.072109
0.0705587
0.0689311
0.0672594
0.0655725
0.0638961
0.0622547
0.0606734
0.0591789
0.0578019
0.0565784
0.0555506
0.0547659
0.0542741
0.0541198
0.0543306
0.0548964
0.0557398
0.0566824
0.057445
0.0577337
0.0574069
0.0565976
0.0555793
0.0540823
0.0492145
0.032706
0.0560132
0.05599
0.0560114
0.0560563
0.0560948
0.0560893
0.0559955
0.0557659
0.055356
0.0547323
0.053881
0.0528103
0.0515464
0.0501256
0.048587
0.046968
0.0453019
0.0436178
0.0419409
0.0402944
0.0387014
0.0371876
0.0357842
0.0345317
0.0334826
0.0327031
0.0322727
0.0322784
0.0328005
0.0339025
0.0356091
0.0378824
0.0405911
0.0434871
0.0462107
0.0483486
0.0495109
0.0492145
0.0457736
0.0335976
0.0212752
0.0212596
0.021272
0.0212953
0.0213068
0.0212783
0.0211783
0.0209741
0.0206367
0.0201461
0.0194957
0.0186936
0.01776
0.0167226
0.0156113
0.0144562
0.0132854
0.0121252
0.011001
0.00993773
0.00896006
0.00809231
0.00735755
0.00677692
0.00636998
0.00615659
0.0061603
0.0064128
0.00695828
0.00785324
0.0091701
0.0109939
0.0134143
0.0165085
0.0202979
0.0246538
0.0291212
0.032706
0.0335976
0.0166013
)
;

boundaryField
{
    left
    {
        type            fixedValue;
        value           uniform 0;
    }
    right
    {
        type            fixedValue;
        value           uniform 0;
    }
    up
    {
        type            fixedValue;
        value           uniform 0;
    }
    down
    {
        type            fixedValue;
        value           uniform 0;
    }
    front
    {
        type            fixedValue;
        value           uniform 0;
    }
    back
    {
        type            fixedValue;
        value           uniform 0;
    }
}


// ************************************************************************* //
