/*--------------------------------*- C++ -*----------------------------------*\
| =========                 |                                                 |
| \\      /  F ield         | OpenFOAM: The Open Source CFD Toolbox           |
|  \\    /   O peration     | Version:  2.1.0                                 |
|   \\  /    A nd           | Web:      www.OpenFOAM.org                      |
|    \\/     M anipulation  |                                                 |
\*---------------------------------------------------------------------------*/
FoamFile
{
    version     2.0;
    format      ascii;
    class       volScalarField;
    location    "36135";
    object      po;
}
// * * * * * * * * * * * * * * * * * * * * * * * * * * * * * * * * * * * * * //

dimensions      [1 -1 -2 0 0 0 0];

internalField   nonuniform List<scalar> 
8000
(
11875.8
11863.7
11843.6
11819.3
11793.4
11767.2
11741.2
11715.6
11690.4
11665.3
11640.2
11614.9
11589.4
11563.3
11536.7
11509.4
11481.3
11452.6
11423
11392.8
11361.8
11330.2
11298.1
11265.5
11232.7
11199.9
11167.3
11135.3
11104.1
11074.3
11046.1
11019.9
10996.2
10975.1
10956.9
10941.7
10929.5
10920.3
10913.9
10910.3
11863.7
11853.1
11834.8
11812.2
11787.8
11762.7
11737.6
11712.7
11688
11663.4
11638.7
11613.7
11588.4
11562.5
11536
11508.8
11480.9
11452.2
11422.7
11392.4
11361.4
11329.7
11297.5
11264.8
11231.8
11198.7
11165.9
11133.5
11101.9
11071.7
11043.1
11016.6
10992.6
10971.3
10953
10937.7
10925.4
10916.2
10909.8
10906.2
11843.6
11834.8
11819.2
11799.4
11777.3
11754.2
11730.7
11707.1
11683.5
11659.7
11635.8
11611.4
11586.5
11561.1
11534.9
11507.9
11480.1
11451.4
11421.9
11391.6
11360.6
11328.8
11296.3
11263.3
11230
11196.4
11162.9
11129.8
11097.5
11066.5
11037.1
11010
10985.4
10963.7
10945
10929.5
10917.2
10907.9
10901.5
10897.8
11819.3
11812.2
11799.4
11782.5
11763.2
11742.5
11721
11699.2
11677
11654.5
11631.6
11608.1
11583.9
11559
11533.2
11506.5
11478.9
11450.4
11420.9
11390.6
11359.4
11327.4
11294.7
11261.3
11227.3
11193
11158.6
11124.5
11090.9
11058.6
11028
10999.8
10974.4
10952.1
10933
10917.3
10904.8
10895.5
10889
10885.3
11793.4
11787.8
11777.3
11763.2
11746.6
11728.5
11709.3
11689.4
11669
11648.1
11626.4
11604
11580.7
11556.4
11531.2
11504.8
11477.5
11449.1
11419.7
11389.4
11358
11325.8
11292.7
11258.7
11224.1
11188.8
11153.2
11117.5
11082.3
11048
11015.7
10985.9
10959.3
10936.3
10916.7
10900.7
10888.2
10878.8
10872.3
10868.6
11767.2
11762.7
11754.2
11742.5
11728.5
11712.8
11695.9
11678.3
11659.8
11640.6
11620.6
11599.4
11577.1
11553.7
11529
11503.1
11476
11447.8
11418.5
11388
11356.6
11324
11290.5
11255.9
11220.4
11184
11146.9
11109.2
11071.6
11034.7
10999.8
10967.9
10939.9
10916
10896
10879.8
10867.2
10857.8
10851.4
10847.7
11741.2
11737.6
11730.7
11721
11709.3
11695.9
11681.4
11666
11649.7
11632.6
11614.3
11594.6
11573.5
11550.9
11526.8
11501.3
11474.5
11446.4
11417.2
11386.7
11355.1
11322.3
11288.3
11253.1
11216.7
11179
11140.1
11100
11059.2
11018.6
10979.9
10945.2
10915.5
10890.8
10870.5
10854.3
10841.8
10832.6
10826.3
10822.7
11715.6
11712.7
11707.1
11699.2
11689.4
11678.3
11666
11652.9
11639
11624.2
11608
11590
11570.1
11548.3
11524.8
11499.7
11473.2
11445.3
11416
11385.5
11353.8
11320.7
11286.4
11250.6
11213.3
11174.3
11133.4
11090.6
11045.8
10999.7
10954.9
10916.6
10885.4
10860.2
10840
10824.2
10812.1
10803.1
10797
10793.5
11690.4
11688
11683.5
11677
11669
11659.8
11649.7
11639
11627.7
11615.7
11602.3
11586.1
11567.3
11546.3
11523.2
11498.5
11472.1
11444.3
11415.1
11384.6
11352.7
11319.5
11284.8
11248.6
11210.5
11170.4
11127.9
11082.2
11032.6
10978.7
10922.5
10880.1
10848.2
10823.6
10804.4
10789.4
10777.9
10769.5
10763.7
10760.4
11665.3
11663.4
11659.7
11654.5
11648.1
11640.6
11632.6
11624.2
11615.7
11607.2
11598.1
11583.7
11565.7
11545.1
11522.3
11497.7
11471.4
11443.7
11414.5
11384
11352.1
11318.7
11283.8
11247.3
11208.9
11168.1
11124.4
11076.6
11022.9
10959
10875.5
10832
10802.8
10780.8
10763.5
10750
10739.6
10731.9
10726.5
10723.4
11640.2
11638.7
11635.8
11631.6
11626.4
11620.6
11614.3
11608
11602.3
11598.1
11595.2
11578.2
11558.6
11536.6
11512.5
11486.5
11459
11430
11399.5
11367.5
11334.2
11299.3
11262.9
11224.6
11184.2
11141.1
11094.5
11042.5
10980.2
10889.4
10787.4
10768.6
10749.3
10732.3
10718.1
10706.5
10697.5
10690.7
10685.8
10682.9
11614.9
11613.7
11611.4
11608.1
11604
11599.4
11594.6
11590
11586.1
11583.7
11578.2
11550.8
11523.9
11496.1
11467.1
11436.9
11405.5
11372.8
11338.9
11303.6
11266.9
11228.6
11188.6
11146.5
11101.9
11053.9
11001.2
10941.5
10869.9
10777.5
10714.5
10704.8
10692.4
10680.1
10669
10659.5
10652
10646.1
10641.8
10639.2
11589.4
11588.4
11586.5
11583.9
11580.7
11577.1
11573.5
11570.1
11567.3
11565.7
11558.6
11523.9
11490.7
11457.5
11423.8
11389.4
11354.1
11317.8
11280.5
11242
11202.1
11160.7
11117.5
11072.1
11024
10972.4
10916
10853.1
10780.8
10696.6
10648.5
10642.7
10634.6
10625.7
10617.2
10609.8
10603.5
10598.6
10594.8
10592.5
11563.3
11562.5
11561.1
11559
11556.4
11553.7
11550.9
11548.3
11546.3
11545.1
11536.6
11496.1
11457.5
11419.4
11381.2
11342.7
11303.7
11263.9
11223.3
11181.7
11138.8
11094.5
11048.5
11000.3
10949.5
10895.5
10837.2
10773.7
10703.7
10627
10585.9
10582.1
10576.4
10570
10563.6
10557.7
10552.7
10548.6
10545.3
10543.2
11536.7
11536
11534.9
11533.2
11531.2
11529
11526.8
11524.8
11523.2
11522.3
11512.5
11467.1
11423.8
11381.2
11338.9
11296.5
11253.9
11210.8
11167.1
11122.5
11076.8
11029.9
10981.4
10931
10878.2
10822.5
10763.5
10700.5
10633.2
10562
10524.9
10522.2
10518.1
10513.4
10508.4
10503.8
10499.7
10496.3
10493.3
10491.5
11509.4
11508.9
11507.9
11506.5
11504.9
11503.1
11501.3
11499.7
11498.5
11497.7
11486.5
11436.9
11389.4
11342.7
11296.5
11250.6
11204.5
11158.3
11111.6
11064.3
11016.1
10966.8
10916.2
10863.9
10809.6
10752.9
10693.6
10631.5
10566.5
10499.2
10464.8
10462.6
10459.6
10455.9
10452.1
10448.3
10445
10442
10439.4
10437.7
11481.3
11480.9
11480.1
11478.9
11477.5
11476
11474.5
11473.2
11472.1
11471.4
11459
11405.5
11354.1
11303.7
11253.9
11204.5
11155.4
11106.2
11056.8
11006.9
10956.4
10905.1
10852.6
10798.7
10743.3
10686
10626.6
10565.3
10502.1
10437.5
10404.8
10403.1
10400.6
10397.7
10394.5
10391.5
10388.6
10386
10383.5
10382
11452.6
11452.2
11451.4
11450.4
11449.1
11447.8
11446.4
11445.3
11444.3
11443.7
11430
11372.8
11317.8
11263.9
11210.8
11158.3
11106.2
11054.3
11002.4
10950.2
10897.6
10844.4
10790.3
10735.2
10678.8
10621
10561.7
10500.9
10439
10376.4
10344.7
10343.3
10341.2
10338.7
10336
10333.3
10330.8
10328.3
10326
10324.5
11423
11422.7
11421.9
11420.9
11419.7
11418.5
11417.2
11416
11415.1
11414.5
11399.5
11338.9
11280.5
11223.3
11167.1
11111.6
11056.8
11002.4
10948.1
10893.9
10839.5
10784.6
10729.1
10672.9
10615.7
10557.4
10498.1
10437.8
10376.7
10315.3
10284.4
10283
10281.2
10278.9
10276.4
10274
10271.5
10269.1
10266.8
10265.3
11392.8
11392.4
11391.6
11390.6
11389.4
11388
11386.7
11385.6
11384.6
11384
11367.5
11303.6
11242
11181.7
11122.5
11064.3
11006.9
10950.2
10893.9
10837.8
10781.7
10725.4
10668.7
10611.5
10553.6
10495
10435.6
10375.5
10314.9
10254.2
10223.7
10222.4
10220.5
10218.3
10215.9
10213.4
10210.9
10208.4
10206
10204.6
11361.8
11361.4
11360.6
11359.4
11358
11356.6
11355.1
11353.8
11352.7
11352.1
11334.2
11266.9
11202.1
11138.8
11076.8
11016.1
10956.4
10897.6
10839.5
10781.7
10724.2
10666.6
10608.9
10550.8
10492.3
10433.3
10373.7
10313.7
10253.3
10192.9
10162.6
10161.2
10159.3
10157
10154.4
10151.7
10149
10146.2
10143.6
10142.2
11330.2
11329.7
11328.8
11327.4
11325.8
11324
11322.3
11320.7
11319.5
11318.7
11299.3
11228.6
11160.7
11094.5
11029.9
10966.8
10905.1
10844.4
10784.6
10725.4
10666.6
10608
10549.3
10490.5
10431.5
10372.1
10312.4
10252.3
10191.9
10131.5
10101.1
10099.7
10097.5
10094.9
10091.9
10088.8
10085.7
10082.5
10079.6
10078.1
11298.1
11297.5
11296.3
11294.7
11292.7
11290.5
11288.3
11286.4
11284.8
11283.8
11262.9
11188.6
11117.5
11048.5
10981.4
10916.2
10852.6
10790.3
10729.1
10668.7
10608.9
10549.3
10489.9
10430.6
10371
10311.3
10251.4
10191.1
10130.6
10070
10039.4
10037.8
10035.3
10032.1
10028.4
10024.7
10020.9
10017.1
10013.9
10012.2
11265.5
11264.8
11263.3
11261.3
11258.7
11255.9
11253.1
11250.6
11248.6
11247.3
11224.6
11146.5
11072.1
11000.3
10931
10863.9
10798.7
10735.2
10672.9
10611.5
10550.8
10490.5
10430.6
10370.7
10310.8
10250.8
10190.7
10130.3
10069.6
10008.6
9977.74
9975.79
9972.64
9968.6
9964.03
9959.26
9954.51
9949.92
9946.22
9944.23
11232.8
11231.8
11230
11227.3
11224.1
11220.4
11216.7
11213.3
11210.5
11208.9
11184.2
11101.9
11024
10949.5
10878.2
10809.6
10743.3
10678.8
10615.7
10553.6
10492.3
10431.5
10371
10310.8
10250.7
10190.5
10130.3
10069.8
10009
9947.63
9916.36
9913.92
9909.87
9904.62
9898.68
9892.5
9886.42
9880.74
9876.34
9873.98
11199.9
11198.7
11196.4
11193
11188.8
11184
11179
11174.3
11170.4
11168.1
11141.1
11053.9
10972.4
10895.5
10822.5
10752.9
10686
10621
10557.4
10495
10433.3
10372.1
10311.3
10250.8
10190.5
10130.3
10070.1
10009.8
9949.01
9887.43
9855.77
9852.6
9847.22
9840.24
9832.37
9824.25
9816.38
9809.26
9803.9
9801.03
11167.4
11165.9
11162.9
11158.6
11153.2
11146.9
11140.1
11133.4
11127.9
11124.4
11094.5
11001.2
10916
10837.2
10763.5
10693.6
10626.6
10561.7
10498.1
10435.6
10373.7
10312.4
10251.4
10190.7
10130.3
10070.1
10010.2
9950.23
9889.94
9828.62
9796.69
9792.42
9785.08
9775.63
9765.07
9754.31
9744.06
9735.06
9728.4
9724.85
11135.3
11133.5
11129.8
11124.5
11117.5
11109.2
11100
11090.6
11082.2
11076.6
11042.5
10941.5
10853.1
10773.7
10700.5
10631.5
10565.3
10500.9
10437.8
10375.5
10313.7
10252.3
10191.1
10130.3
10069.8
10009.8
9950.23
9891.12
9832.05
9772.01
9740.23
9734.19
9723.92
9710.95
9696.72
9682.42
9669.03
9657.57
9649.19
9644.75
11104.1
11101.9
11097.5
11091
11082.3
11071.6
11059.2
11045.8
11032.6
11022.9
10980.2
10869.9
10780.9
10703.7
10633.2
10566.5
10502.1
10439
10376.7
10314.9
10253.3
10191.9
10130.6
10069.6
10009
9949.01
9889.94
9832.05
9775.26
9718.56
9688.19
9679.06
9664.28
9646.35
9627.15
9608.2
9590.74
9576.06
9565.43
9559.81
11074.3
11071.7
11066.5
11058.6
11048.1
11034.7
11018.6
10999.7
10978.7
10959
10889.4
10777.5
10696.6
10627
10562
10499.2
10437.6
10376.4
10315.3
10254.2
10192.9
10131.5
10070
10008.6
9947.63
9887.43
9828.62
9772.01
9718.56
9668.83
9643.79
9628.44
9606.63
9581.81
9556.09
9531.14
9508.46
9489.62
9476.07
9468.92
11046.1
11043.1
11037.1
11028
11015.7
10999.8
10979.9
10954.9
10922.5
10875.5
10787.4
10714.5
10648.5
10585.9
10524.9
10464.8
10404.8
10344.7
10284.4
10223.7
10162.6
10101.1
10039.4
9977.75
9916.36
9855.77
9796.69
9740.23
9688.19
9643.79
9613.59
9583.24
9550.83
9517.01
9483.09
9450.63
9421.36
9397.17
9379.82
9370.68
11019.9
11016.6
11010
10999.8
10985.9
10967.9
10945.2
10916.6
10880.1
10832
10768.6
10704.8
10642.7
10582.1
10522.2
10462.6
10403.1
10343.3
10283
10222.4
10161.2
10099.7
10037.8
9975.79
9913.92
9852.61
9792.42
9734.19
9679.06
9628.44
9583.24
9539.43
9495.48
9451.28
9407.64
9366.07
9328.59
9297.55
9275.22
9263.45
10996.2
10992.6
10985.4
10974.4
10959.3
10939.9
10915.5
10885.4
10848.2
10802.8
10749.3
10692.4
10634.6
10576.4
10518.1
10459.6
10400.6
10341.2
10281.2
10220.5
10159.3
10097.5
10035.3
9972.64
9909.87
9847.22
9785.08
9723.92
9664.28
9606.63
9550.83
9495.48
9439.92
9384.33
9329.52
9277.08
9229.41
9189.58
9160.71
9145.42
10975.1
10971.3
10963.7
10952.1
10936.3
10916
10890.8
10860.2
10823.6
10780.8
10732.3
10680.1
10625.7
10570
10513.4
10455.9
10397.7
10338.7
10278.9
10218.3
10157
10094.9
10032.1
9968.6
9904.62
9840.24
9775.63
9710.95
9646.35
9581.81
9517.01
9451.28
9384.33
9316.56
9249.08
9183.76
9123.53
9072.39
9034.81
9014.76
10956.9
10953
10945
10933
10916.7
10896
10870.5
10840.1
10804.4
10763.5
10718.1
10669
10617.2
10563.6
10508.5
10452.1
10394.5
10336
10276.4
10215.9
10154.4
10091.9
10028.4
9964.03
9898.68
9832.37
9765.07
9696.72
9627.15
9556.09
9483.09
9407.64
9329.52
9249.08
9167.53
9087.15
9011.53
8945.92
8896.73
8870.12
10941.7
10937.7
10929.5
10917.3
10900.8
10879.8
10854.3
10824.2
10789.4
10750
10706.5
10659.6
10609.8
10557.7
10503.8
10448.4
10391.5
10333.3
10274
10213.4
10151.7
10088.8
10024.7
9959.26
9892.5
9824.25
9754.31
9682.42
9608.2
9531.14
9450.63
9366.07
9277.08
9183.76
9087.15
8989.65
8895.6
8811.76
8747.23
8711.63
10929.5
10925.4
10917.2
10904.8
10888.2
10867.2
10841.8
10812.1
10777.9
10739.6
10697.5
10652
10603.5
10552.7
10499.7
10445
10388.6
10330.8
10271.5
10210.9
10149
10085.7
10020.9
9954.51
9886.43
9816.38
9744.06
9669.03
9590.74
9508.46
9421.37
9328.59
9229.41
9123.53
9011.53
8895.6
8780.49
8674.61
8590.49
8542.84
10920.4
10916.2
10907.9
10895.5
10878.8
10857.8
10832.6
10803.1
10769.5
10731.9
10690.7
10646.1
10598.6
10548.6
10496.3
10442
10386
10328.3
10269.1
10208.4
10146.2
10082.5
10017.1
9949.92
9880.74
9809.26
9735.06
9657.57
9576.06
9489.62
9397.17
9297.55
9189.58
9072.39
8945.92
8811.76
8674.61
8544.18
8436.81
8374.05
10914
10909.8
10901.5
10889
10872.3
10851.4
10826.3
10797
10763.7
10726.6
10685.8
10641.8
10594.8
10545.3
10493.4
10439.4
10383.5
10326
10266.8
10206
10143.6
10079.6
10013.9
9946.22
9876.34
9803.9
9728.4
9649.19
9565.43
9476.07
9379.82
9275.22
9160.71
9034.81
8896.73
8747.23
8590.49
8436.81
8305.83
8226.63
10910.3
10906.2
10897.8
10885.3
10868.6
10847.7
10822.7
10793.5
10760.4
10723.4
10682.9
10639.2
10592.5
10543.2
10491.5
10437.7
10382
10324.5
10265.3
10204.6
10142.2
10078.1
10012.2
9944.23
9873.98
9801.03
9724.86
9644.75
9559.81
9468.92
9370.68
9263.45
9145.42
9014.76
8870.12
8711.63
8542.84
8374.05
8226.63
8135.03
11896.1
11879
11853.6
11825.4
11797
11769.3
11742.5
11716.4
11690.9
11665.6
11640.4
11615.1
11589.5
11563.4
11536.7
11509.4
11481.3
11452.6
11423
11392.8
11361.8
11330.2
11298
11265.5
11232.7
11199.9
11167.3
11135.3
11104.1
11074.2
11046
11019.9
10996.1
10975
10956.8
10941.5
10929.3
10920.2
10914
10910.7
11879
11865.1
11843
11817.4
11790.9
11764.6
11738.8
11713.4
11688.5
11663.7
11638.9
11613.9
11588.5
11562.6
11536.1
11508.9
11480.9
11452.2
11422.6
11392.4
11361.4
11329.7
11297.4
11264.7
11231.8
11198.7
11165.8
11133.4
11101.9
11071.6
11043
11016.5
10992.5
10971.2
10952.8
10937.5
10925.2
10916.1
10909.9
10906.5
11853.6
11843
11825.1
11803.3
11779.8
11755.7
11731.7
11707.7
11683.9
11660
11635.9
11611.5
11586.6
11561.1
11534.9
11507.9
11480.1
11451.4
11421.9
11391.6
11360.5
11328.7
11296.3
11263.3
11229.9
11196.4
11162.9
11129.8
11097.5
11066.4
11037
11009.9
10985.3
10963.6
10944.9
10929.4
10917
10907.8
10901.6
10898.2
11825.4
11817.4
11803.3
11785.3
11765
11743.7
11721.8
11699.7
11677.4
11654.8
11631.7
11608.2
11584
11559
11533.2
11506.5
11478.9
11450.4
11420.9
11390.6
11359.4
11327.4
11294.6
11261.2
11227.3
11193
11158.6
11124.4
11090.9
11058.5
11027.9
10999.7
10974.3
10951.9
10932.9
10917.1
10904.6
10895.3
10889.1
10885.7
11797
11790.9
11779.8
11765
11747.9
11729.4
11709.9
11689.9
11669.3
11648.2
11626.6
11604.1
11580.8
11556.5
11531.2
11504.9
11477.5
11449.1
11419.7
11389.3
11358
11325.8
11292.6
11258.7
11224
11188.8
11153.1
11117.5
11082.2
11048
11015.6
10985.8
10959.2
10936.1
10916.6
10900.6
10888
10878.6
10872.4
10869
11769.3
11764.6
11755.7
11743.7
11729.4
11713.4
11696.4
11678.6
11660
11640.8
11620.7
11599.5
11577.2
11553.7
11529
11503.1
11476
11447.8
11418.4
11388
11356.5
11324
11290.4
11255.9
11220.4
11183.9
11146.8
11109.2
11071.5
11034.7
10999.7
10967.8
10939.8
10915.8
10895.8
10879.6
10867
10857.7
10851.4
10848.1
11742.5
11738.8
11731.7
11721.8
11709.9
11696.4
11681.8
11666.2
11649.9
11632.7
11614.4
11594.7
11573.5
11550.9
11526.8
11501.3
11474.5
11446.4
11417.1
11386.7
11355
11322.2
11288.3
11253.1
11216.6
11178.9
11140
11099.9
11059.1
11018.5
10979.8
10945.1
10915.4
10890.6
10870.4
10854.2
10841.6
10832.4
10826.3
10823
11716.4
11713.4
11707.7
11699.7
11689.9
11678.6
11666.2
11653
11639.1
11624.2
11608.1
11590.1
11570.1
11548.3
11524.8
11499.7
11473.1
11445.2
11416
11385.5
11353.7
11320.7
11286.3
11250.5
11213.2
11174.2
11133.3
11090.5
11045.7
10999.6
10954.8
10916.5
10885.2
10860
10839.9
10824
10811.8
10803
10797.1
10793.9
11690.9
11688.5
11683.9
11677.4
11669.3
11660
11649.9
11639.1
11627.7
11615.7
11602.3
11586.2
11567.3
11546.3
11523.2
11498.4
11472.1
11444.3
11415.1
11384.6
11352.7
11319.4
11284.7
11248.5
11210.4
11170.3
11127.7
11082
11032.5
10978.6
10922.4
10879.9
10848
10823.5
10804.2
10789.2
10777.7
10769.4
10763.8
10760.7
11665.6
11663.7
11660
11654.8
11648.2
11640.8
11632.7
11624.2
11615.7
11607.2
11598.1
11583.7
11565.7
11545.1
11522.3
11497.7
11471.4
11443.7
11414.5
11383.9
11352
11318.6
11283.7
11247.2
11208.7
11168
11124.2
11076.5
11022.7
10958.8
10875.3
10831.8
10802.6
10780.6
10763.4
10749.8
10739.4
10731.8
10726.6
10723.8
11640.4
11638.9
11635.9
11631.7
11626.6
11620.7
11614.4
11608.1
11602.3
11598.1
11595.5
11578.7
11559.2
11537.2
11513.2
11487.4
11460
11431
11400.6
11368.8
11335.6
11300.9
11264.6
11226.5
11186.3
11143.4
11097.1
11045.4
10983.3
10891.6
10787.2
10768.5
10749.1
10732.1
10717.9
10706.3
10697.3
10690.5
10685.9
10683.3
11615.1
11613.9
11611.5
11608.2
11604.1
11599.5
11594.7
11590.1
11586.2
11583.7
11578.7
11551.1
11524.2
11496.4
11467.5
11437.4
11406
11373.4
11339.5
11304.2
11267.6
11229.4
11189.5
11147.5
11102.9
11055.1
11002.6
10943.1
10872
10779.7
10714.4
10704.7
10692.2
10679.9
10668.8
10659.3
10651.7
10646
10641.9
10639.6
11589.5
11588.5
11586.6
11584
11580.8
11577.2
11573.5
11570.1
11567.3
11565.7
11559.2
11524.2
11490.9
11457.7
11424
11389.6
11354.3
11318
11280.7
11242.2
11202.3
11161
11117.8
11072.4
11024.4
10972.8
10916.5
10853.6
10781.4
10696.9
10648.4
10642.6
10634.4
10625.5
10617
10609.5
10603.3
10598.5
10595
10592.9
11563.4
11562.6
11561.1
11559
11556.5
11553.7
11550.9
11548.3
11546.3
11545.1
11537.2
11496.4
11457.7
11419.5
11381.3
11342.8
11303.8
11264
11223.4
11181.8
11138.9
11094.6
11048.6
11000.5
10949.7
10895.7
10837.4
10773.9
10703.9
10627
10585.7
10581.9
10576.2
10569.8
10563.4
10557.5
10552.5
10548.4
10545.5
10543.5
11536.7
11536.1
11534.9
11533.2
11531.2
11529
11526.8
11524.8
11523.2
11522.3
11513.2
11467.5
11424
11381.3
11339
11296.6
11254
11210.9
11167.1
11122.5
11076.9
11030
10981.5
10931
10878.3
10822.6
10763.6
10700.5
10633.2
10561.9
10524.8
10522
10517.9
10513.1
10508.2
10503.6
10499.5
10496.2
10493.6
10491.8
11509.4
11508.9
11507.9
11506.5
11504.9
11503.1
11501.3
11499.7
11498.4
11497.7
11487.4
11437.4
11389.6
11342.8
11296.6
11250.6
11204.6
11158.3
11111.7
11064.3
11016.1
10966.9
10916.2
10863.9
10809.6
10753
10693.7
10631.5
10566.5
10499.1
10464.6
10462.4
10459.3
10455.7
10451.8
10448.1
10444.7
10441.9
10439.7
10438
11481.3
11480.9
11480.1
11478.9
11477.5
11476
11474.5
11473.1
11472.1
11471.4
11460
11406
11354.3
11303.8
11254
11204.6
11155.4
11106.2
11056.8
11007
10956.5
10905.1
10852.6
10798.8
10743.3
10686
10626.6
10565.3
10502
10437.4
10404.6
10402.8
10400.4
10397.4
10394.3
10391.2
10388.4
10385.9
10383.9
10382.3
11452.6
11452.2
11451.4
11450.4
11449.1
11447.8
11446.4
11445.2
11444.3
11443.7
11431
11373.4
11318
11264
11210.9
11158.3
11106.2
11054.3
11002.4
10950.2
10897.7
10844.4
10790.3
10735.2
10678.8
10621
10561.7
10500.9
10439
10376.2
10344.5
10343
10340.9
10338.4
10335.7
10333
10330.5
10328.3
10326.4
10324.8
11423
11422.7
11421.9
11420.9
11419.7
11418.4
11417.1
11416
11415.1
11414.5
11400.6
11339.5
11280.7
11223.4
11167.1
11111.7
11056.8
11002.4
10948.1
10893.9
10839.5
10784.6
10729.1
10672.9
10615.7
10557.4
10498.1
10437.8
10376.7
10315.1
10284.1
10282.8
10280.9
10278.6
10276.1
10273.6
10271.2
10269.1
10267.2
10265.7
11392.8
11392.4
11391.6
11390.6
11389.3
11388
11386.7
11385.5
11384.6
11383.9
11368.8
11304.2
11242.2
11181.8
11122.5
11064.3
11007
10950.2
10893.9
10837.8
10781.7
10725.4
10668.7
10611.5
10553.6
10495
10435.6
10375.5
10314.8
10254
10223.4
10222.1
10220.2
10218
10215.6
10213.1
10210.6
10208.4
10206.5
10204.9
11361.8
11361.4
11360.5
11359.4
11358
11356.5
11355.1
11353.7
11352.7
11352
11335.6
11267.6
11202.3
11138.9
11076.9
11016.1
10956.5
10897.7
10839.5
10781.7
10724.2
10666.6
10608.9
10550.8
10492.3
10433.3
10373.7
10313.7
10253.3
10192.7
10162.3
10160.9
10159
10156.6
10154
10151.3
10148.7
10146.3
10144.2
10142.5
11330.2
11329.7
11328.7
11327.4
11325.8
11324
11322.2
11320.7
11319.4
11318.6
11300.9
11229.4
11161
11094.6
11030
10966.9
10905.1
10844.4
10784.6
10725.4
10666.6
10608
10549.3
10490.5
10431.5
10372.1
10312.3
10252.2
10191.8
10131.3
10100.8
10099.3
10097.2
10094.5
10091.5
10088.4
10085.3
10082.6
10080.3
10078.4
11298.1
11297.4
11296.3
11294.6
11292.6
11290.4
11288.3
11286.3
11284.7
11283.7
11264.6
11189.5
11117.8
11048.6
10981.5
10916.2
10852.6
10790.3
10729.2
10668.7
10608.9
10549.3
10489.9
10430.5
10371
10311.3
10251.4
10191.1
10130.5
10069.8
10039.1
10037.4
10034.9
10031.6
10028
10024.2
10020.5
10017.3
10014.5
10012.5
11265.5
11264.8
11263.3
11261.2
11258.7
11255.9
11253.1
11250.5
11248.5
11247.2
11226.5
11147.5
11072.4
11000.5
10931
10863.9
10798.8
10735.2
10672.9
10611.5
10550.8
10490.5
10430.5
10370.7
10310.8
10250.8
10190.7
10130.2
10069.5
10008.4
9977.35
9975.36
9972.2
9968.13
9963.53
9958.77
9954.2
9950.19
9946.9
9944.59
11232.7
11231.8
11229.9
11227.3
11224
11220.4
11216.6
11213.2
11210.4
11208.7
11186.3
11102.9
11024.4
10949.7
10878.3
10809.6
10743.3
10678.8
10615.7
10553.6
10492.3
10431.5
10371
10310.8
10250.6
10190.5
10130.2
10069.8
10008.9
9947.38
9915.93
9913.45
9909.38
9904.1
9898.13
9891.97
9886.13
9881.09
9877.05
9874.37
11199.9
11198.7
11196.4
11193
11188.8
11184
11178.9
11174.2
11170.3
11168
11143.4
11055.1
10972.8
10895.7
10822.6
10753
10686
10621
10557.4
10495
10433.3
10372.1
10311.3
10250.8
10190.5
10130.3
10070.1
10009.7
9948.88
9887.17
9855.31
9852.09
9846.68
9839.66
9831.76
9823.68
9816.11
9809.68
9804.63
9801.44
11167.3
11165.8
11162.9
11158.6
11153.1
11146.8
11140
11133.3
11127.7
11124.3
11097.1
11002.6
10916.5
10837.4
10763.6
10693.7
10626.6
10561.7
10498.1
10435.6
10373.7
10312.3
10251.4
10190.7
10130.2
10070.1
10010.1
9950.16
9889.81
9828.34
9796.2
9791.86
9784.48
9774.99
9764.41
9753.71
9743.82
9735.52
9729.16
9725.28
11135.3
11133.4
11129.8
11124.4
11117.5
11109.2
11099.9
11090.5
11082.1
11076.5
11045.4
10943.1
10853.6
10773.9
10700.6
10631.5
10565.3
10500.9
10437.8
10375.5
10313.7
10252.2
10191.1
10130.2
10069.8
10009.7
9950.16
9891.02
9831.9
9771.73
9739.73
9733.6
9723.27
9710.25
9696
9681.79
9668.81
9658.04
9649.96
9645.17
11104.1
11101.9
11097.5
11090.9
11082.2
11071.5
11059.1
11045.7
11032.5
11022.7
10983.3
10872
10781.4
10703.9
10633.2
10566.5
10502
10439
10376.7
10314.8
10253.3
10191.8
10130.5
10069.5
10008.9
9948.88
9889.81
9831.9
9775.09
9718.29
9687.74
9678.48
9663.61
9645.61
9626.39
9607.53
9590.49
9576.49
9566.17
9560.2
11074.2
11071.6
11066.4
11058.5
11048
11034.7
11018.5
10999.6
10978.6
10958.8
10891.6
10779.7
10696.9
10627
10561.9
10499.1
10437.4
10376.2
10315.2
10254
10192.7
10131.3
10069.8
10008.4
9947.38
9887.17
9828.34
9771.73
9718.29
9668.57
9643.47
9627.95
9606
9581.07
9555.29
9530.42
9508.13
9489.92
9476.67
9469.17
11046
11043
11037
11027.9
11015.6
10999.7
10979.8
10954.8
10922.4
10875.4
10787.2
10714.4
10648.4
10585.7
10524.8
10464.6
10404.6
10344.5
10284.1
10223.4
10162.3
10100.8
10039.1
9977.35
9915.94
9855.31
9796.2
9739.73
9687.74
9643.47
9613.37
9582.92
9550.33
9516.32
9482.26
9449.81
9420.83
9397.15
9380.09
9370.58
11019.9
11016.5
11009.9
10999.7
10985.8
10967.8
10945.1
10916.5
10879.9
10831.8
10768.5
10704.7
10642.6
10581.9
10522
10462.4
10402.8
10343
10282.8
10222.1
10160.9
10099.3
10037.4
9975.36
9913.45
9852.09
9791.86
9733.6
9678.49
9627.96
9582.92
9539.2
9495.12
9450.67
9406.77
9365.04
9327.62
9296.86
9274.72
9262.58
10996.1
10992.5
10985.3
10974.3
10959.2
10939.8
10915.4
10885.2
10848
10802.6
10749.1
10692.3
10634.4
10576.2
10517.9
10459.3
10400.4
10340.9
10280.9
10220.2
10159
10097.2
10034.9
9972.2
9909.38
9846.68
9784.48
9723.27
9663.61
9606
9550.33
9495.12
9439.55
9383.7
9328.46
9275.57
9227.58
9187.6
9158.63
9142.87
10975
10971.2
10963.6
10951.9
10936.1
10915.8
10890.7
10860
10823.5
10780.6
10732.1
10679.9
10625.5
10569.8
10513.1
10455.7
10397.4
10338.4
10278.6
10218
10156.6
10094.5
10031.6
9968.14
9904.1
9839.66
9774.99
9710.25
9645.61
9581.07
9516.32
9450.67
9383.7
9315.63
9247.52
9181.31
9120.1
9068.03
9029.65
9008.81
10956.8
10952.8
10944.9
10932.9
10916.6
10895.9
10870.4
10839.9
10804.2
10763.4
10717.9
10668.8
10617
10563.4
10508.2
10451.8
10394.3
10335.7
10276.1
10215.6
10154
10091.5
10028
9963.53
9898.13
9831.76
9764.41
9696
9626.39
9555.29
9482.26
9406.77
9328.46
9247.52
9164.96
9082.97
9005.24
8937.24
8885.79
8857.51
10941.5
10937.5
10929.4
10917.1
10900.6
10879.6
10854.2
10824
10789.2
10749.8
10706.3
10659.3
10609.5
10557.5
10503.6
10448.1
10391.2
10333
10273.6
10213.1
10151.3
10088.4
10024.2
9958.77
9891.97
9823.68
9753.71
9681.79
9607.53
9530.42
9449.81
9365.04
9275.57
9181.31
9082.97
8982.65
8884.54
8795.63
8725.87
8686.53
10929.3
10925.2
10917
10904.6
10888
10867
10841.6
10811.9
10777.7
10739.4
10697.3
10651.7
10603.3
10552.5
10499.5
10444.7
10388.4
10330.5
10271.3
10210.6
10148.7
10085.3
10020.5
9954.2
9886.13
9816.11
9743.82
9668.81
9590.49
9508.13
9420.83
9327.62
9227.58
9120.1
9005.24
8884.54
8762.14
8646.42
8551.34
8495.49
10920.2
10916.1
10907.8
10895.3
10878.6
10857.7
10832.4
10803
10769.4
10731.8
10690.5
10646
10598.5
10548.4
10496.2
10441.9
10385.9
10328.3
10269.1
10208.4
10146.3
10082.6
10017.3
9950.19
9881.09
9809.68
9735.52
9658.04
9576.49
9489.92
9397.15
9296.86
9187.6
9068.03
8937.24
8795.63
8646.42
8498.48
8370
8290.28
10914
10909.9
10901.6
10889.1
10872.4
10851.4
10826.3
10797.1
10763.8
10726.7
10685.9
10641.9
10595
10545.5
10493.6
10439.7
10383.9
10326.4
10267.2
10206.5
10144.2
10080.3
10014.6
9946.9
9877.05
9804.63
9729.16
9649.96
9566.17
9476.67
9380.09
9274.72
9158.63
9029.65
8885.79
8725.87
8551.34
8370
8202.89
8092.11
10910.7
10906.5
10898.2
10885.7
10869
10848.1
10823
10793.9
10760.7
10723.8
10683.3
10639.6
10592.9
10543.5
10491.8
10438
10382.3
10324.8
10265.7
10204.9
10142.5
10078.4
10012.5
9944.6
9874.37
9801.44
9725.28
9645.18
9560.2
9469.17
9370.58
9262.58
9142.87
9008.81
8857.51
8686.53
8495.49
8290.28
8092.11
7952.34
11947.5
11913.1
11873.1
11836.3
11803.1
11772.8
11744.5
11717.6
11691.6
11666.1
11640.7
11615.3
11589.6
11563.5
11536.8
11509.4
11481.4
11452.6
11423
11392.7
11361.8
11330.2
11298
11265.5
11232.7
11199.9
11167.3
11135.2
11104
11074.1
11045.9
11019.8
10996
10974.9
10956.6
10941.4
10929.2
10920.1
10914.1
10910.9
11913
11889.7
11858.3
11826.4
11796.2
11767.7
11740.6
11714.6
11689.2
11664.2
11639.2
11614.1
11588.6
11562.7
11536.1
11508.9
11480.9
11452.2
11422.6
11392.4
11361.3
11329.7
11297.4
11264.7
11231.7
11198.7
11165.8
11133.4
11101.8
11071.5
11042.9
11016.5
10992.4
10971.1
10952.7
10937.3
10925.1
10916
10909.9
10906.7
11873.1
11858.3
11835.5
11809.9
11783.9
11758.2
11733.2
11708.7
11684.5
11660.4
11636.2
11611.7
11586.7
11561.2
11534.9
11507.9
11480.1
11451.4
11421.9
11391.6
11360.5
11328.7
11296.2
11263.2
11229.9
11196.3
11162.8
11129.7
11097.4
11066.3
11037
11009.8
10985.2
10963.4
10944.8
10929.2
10916.9
10907.7
10901.6
10898.4
11836.3
11826.4
11809.9
11789.8
11768
11745.6
11723.1
11700.5
11677.9
11655.1
11632
11608.4
11584.1
11559.1
11533.2
11506.5
11478.9
11450.4
11420.9
11390.6
11359.4
11327.3
11294.6
11261.2
11227.2
11192.9
11158.5
11124.3
11090.8
11058.4
11027.9
10999.6
10974.2
10951.8
10932.7
10916.9
10904.5
10895.2
10889.1
10885.9
11803.1
11796.2
11783.9
11768
11750
11730.7
11710.8
11690.5
11669.7
11648.5
11626.7
11604.2
11580.9
11556.5
11531.2
11504.9
11477.5
11449.1
11419.7
11389.3
11358
11325.7
11292.6
11258.6
11224
11188.7
11153.1
11117.4
11082.1
11047.9
11015.5
10985.7
10959.1
10936
10916.4
10900.4
10887.8
10878.5
10872.4
10869.2
11772.8
11767.7
11758.2
11745.6
11730.7
11714.4
11697.1
11679.1
11660.4
11641
11620.8
11599.6
11577.3
11553.7
11529
11503.1
11476
11447.7
11418.4
11388
11356.5
11323.9
11290.4
11255.8
11220.3
11183.9
11146.7
11109.1
11071.4
11034.6
10999.6
10967.7
10939.7
10915.7
10895.7
10879.5
10866.8
10857.6
10851.5
10848.3
11744.5
11740.6
11733.2
11723.1
11710.8
11697.1
11682.3
11666.6
11650.1
11632.8
11614.5
11594.8
11573.6
11550.9
11526.8
11501.3
11474.5
11446.4
11417.1
11386.6
11355
11322.2
11288.2
11253
11216.5
11178.8
11139.9
11099.8
11059
11018.4
10979.6
10945
10915.3
10890.5
10870.2
10854
10841.5
10832.4
10826.4
10823.3
11717.6
11714.6
11708.7
11700.5
11690.5
11679.1
11666.6
11653.3
11639.3
11624.4
11608.2
11590.1
11570.1
11548.3
11524.8
11499.7
11473.1
11445.2
11416
11385.4
11353.7
11320.6
11286.2
11250.4
11213.1
11174.1
11133.2
11090.4
11045.5
10999.5
10954.7
10916.4
10885.1
10859.9
10839.7
10823.8
10811.7
10802.9
10797.1
10794.1
11691.6
11689.2
11684.5
11677.9
11669.7
11660.4
11650.1
11639.3
11627.9
11615.8
11602.4
11586.2
11567.4
11546.3
11523.2
11498.4
11472
11444.2
11415
11384.5
11352.6
11319.3
11284.6
11248.4
11210.3
11170.2
11127.6
11081.9
11032.4
10978.4
10922.2
10879.8
10847.9
10823.3
10804
10789
10777.6
10769.3
10763.9
10761
11666.1
11664.2
11660.4
11655.1
11648.5
11641
11632.8
11624.4
11615.8
11607.3
11598.2
11583.7
11565.7
11545.1
11522.3
11497.6
11471.4
11443.6
11414.4
11383.9
11351.9
11318.5
11283.6
11247.1
11208.6
11167.8
11124.1
11076.3
11022.6
10958.6
10875.2
10831.7
10802.5
10780.4
10763.2
10749.6
10739.2
10731.7
10726.7
10724.1
11640.7
11639.2
11636.2
11632
11626.8
11620.8
11614.5
11608.2
11602.4
11598.2
11595.7
11579
11559.6
11537.7
11513.7
11488
11460.6
11431.7
11401.4
11369.7
11336.6
11302
11265.8
11227.8
11187.7
11145
11098.9
11047.4
10985.3
10892.9
10787.1
10768.3
10748.9
10731.9
10717.7
10706.1
10697.1
10690.5
10686
10683.6
11615.3
11614.1
11611.7
11608.4
11604.2
11599.6
11594.8
11590.1
11586.2
11583.7
11579
11551.4
11524.5
11496.8
11467.9
11437.8
11406.5
11373.9
11340.1
11304.9
11268.3
11230.2
11190.4
11148.5
11104
11056.3
11004.1
10944.9
10874.1
10781.5
10714.3
10704.5
10692.1
10679.7
10668.6
10659.1
10651.6
10645.9
10642
10639.9
11589.6
11588.6
11586.8
11584.1
11580.9
11577.3
11573.6
11570.1
11567.4
11565.7
11559.6
11524.5
11491.1
11457.9
11424.2
11389.8
11354.5
11318.3
11281
11242.5
11202.7
11161.3
11118.2
11072.9
11024.9
10973.4
10917.2
10854.3
10782.1
10697.3
10648.2
10642.4
10634.2
10625.3
10616.8
10609.3
10603.2
10598.4
10595.1
10593.2
11563.5
11562.7
11561.2
11559.1
11556.5
11553.7
11550.9
11548.3
11546.3
11545.1
11537.7
11496.8
11457.9
11419.7
11381.5
11343
11303.9
11264.2
11223.6
11181.9
11139.1
11094.8
11048.8
11000.7
10950
10896
10837.7
10774.2
10704.1
10627
10585.6
10581.7
10576
10569.6
10563.2
10557.3
10552.3
10548.4
10545.6
10543.9
11536.8
11536.1
11534.9
11533.2
11531.2
11529
11526.8
11524.8
11523.2
11522.3
11513.7
11467.9
11424.2
11381.5
11339.1
11296.7
11254
11211
11167.2
11122.6
11077
11030.1
10981.6
10931.2
10878.4
10822.8
10763.7
10700.7
10633.3
10561.8
10524.6
10521.8
10517.7
10512.9
10508
10503.4
10499.3
10496.1
10493.8
10492.2
11509.4
11508.9
11507.9
11506.5
11504.9
11503.1
11501.3
11499.7
11498.4
11497.6
11488
11437.8
11389.8
11343
11296.7
11250.7
11204.6
11158.4
11111.7
11064.4
11016.2
10966.9
10916.3
10864
10809.7
10753.1
10693.7
10631.5
10566.4
10499
10464.3
10462.2
10459.1
10455.4
10451.6
10447.8
10444.6
10441.9
10439.8
10438.4
11481.4
11480.9
11480.1
11478.9
11477.5
11476
11474.5
11473.1
11472
11471.4
11460.6
11406.5
11354.5
11303.9
11254
11204.6
11155.4
11106.2
11056.8
11007
10956.5
10905.1
10852.6
10798.8
10743.3
10686
10626.7
10565.3
10502
10437.3
10404.3
10402.6
10400.1
10397.1
10394
10390.9
10388.2
10385.9
10384.1
10382.7
11452.6
11452.2
11451.4
11450.4
11449.1
11447.7
11446.4
11445.2
11444.2
11443.6
11431.7
11373.9
11318.3
11264.2
11211
11158.4
11106.2
11054.3
11002.4
10950.2
10897.7
10844.4
10790.4
10735.2
10678.8
10621
10561.6
10500.9
10438.9
10376.1
10344.2
10342.7
10340.6
10338.1
10335.4
10332.8
10330.3
10328.3
10326.6
10325.2
11423
11422.6
11421.9
11420.9
11419.7
11418.4
11417.1
11416
11415
11414.4
11401.4
11340.1
11281
11223.6
11167.2
11111.7
11056.8
11002.4
10948.2
10893.9
10839.5
10784.6
10729.2
10672.9
10615.7
10557.4
10498.1
10437.7
10376.6
10315
10283.9
10282.5
10280.6
10278.3
10275.8
10273.4
10271.1
10269.1
10267.5
10266.1
11392.7
11392.4
11391.6
11390.6
11389.3
11388
11386.6
11385.4
11384.5
11383.9
11369.7
11304.9
11242.5
11181.9
11122.6
11064.4
11007
10950.2
10893.9
10837.8
10781.7
10725.4
10668.7
10611.5
10553.6
10495
10435.5
10375.4
10314.7
10253.8
10223.1
10221.8
10219.9
10217.7
10215.2
10212.8
10210.5
10208.5
10206.8
10205.3
11361.8
11361.3
11360.5
11359.4
11358
11356.5
11355
11353.7
11352.6
11351.9
11336.6
11268.3
11202.7
11139.1
11077
11016.2
10956.5
10897.7
10839.5
10781.7
10724.2
10666.6
10608.9
10550.8
10492.3
10433.2
10373.7
10313.6
10253.1
10192.5
10162
10160.6
10158.6
10156.3
10153.7
10151
10148.5
10146.3
10144.5
10142.9
11330.2
11329.7
11328.7
11327.4
11325.7
11323.9
11322.2
11320.6
11319.3
11318.5
11302
11230.2
11161.3
11094.8
11030.1
10966.9
10905.1
10844.4
10784.6
10725.4
10666.6
10608
10549.3
10490.5
10431.5
10372.1
10312.3
10252.2
10191.7
10131.1
10100.5
10099
10096.8
10094.1
10091.1
10088.1
10085.2
10082.7
10080.6
10078.8
11298
11297.4
11296.2
11294.6
11292.6
11290.4
11288.2
11286.2
11284.6
11283.6
11265.8
11190.4
11118.2
11048.8
10981.6
10916.3
10852.6
10790.4
10729.2
10668.7
10608.9
10549.3
10489.9
10430.5
10371
10311.3
10251.3
10191
10130.4
10069.5
10038.7
10037
10034.5
10031.2
10027.6
10023.9
10020.4
10017.4
10014.9
10013
11265.5
11264.7
11263.3
11261.2
11258.6
11255.8
11253
11250.4
11248.4
11247.1
11227.8
11148.5
11072.9
11000.7
10931.2
10864
10798.8
10735.2
10672.9
10611.5
10550.8
10490.5
10430.5
10370.7
10310.8
10250.8
10190.6
10130.2
10069.4
10008.1
9976.98
9974.96
9971.77
9967.7
9963.12
9958.44
9954.06
9950.31
9947.31
9945.05
11232.7
11231.7
11229.9
11227.2
11224
11220.3
11216.5
11213.1
11210.3
11208.6
11187.7
11104
11024.9
10950
10878.4
10809.7
10743.3
10678.8
10615.7
10553.6
10492.3
10431.5
10371
10310.8
10250.6
10190.5
10130.2
10069.7
10008.7
9947.1
9915.54
9913.02
9908.92
9903.64
9897.69
9891.64
9886.01
9881.23
9877.5
9874.85
11199.9
11198.7
11196.3
11192.9
11188.7
11183.9
11178.8
11174.1
11170.2
11167.8
11145
11056.3
10973.4
10896
10822.8
10753.1
10686
10621
10557.4
10495
10433.2
10372.1
10311.3
10250.8
10190.5
10130.2
10070
10009.6
9948.72
9886.88
9854.9
9851.64
9846.2
9839.17
9831.31
9823.34
9816
9809.82
9805.12
9801.95
11167.3
11165.8
11162.8
11158.5
11153.1
11146.7
11139.9
11133.2
11127.6
11124.1
11098.9
11004.1
10917.2
10837.7
10763.7
10693.7
10626.7
10561.7
10498.1
10435.5
10373.7
10312.3
10251.3
10190.6
10130.2
10070
10010
9950.05
9889.64
9828.05
9795.79
9791.4
9783.98
9774.48
9763.93
9753.37
9743.69
9735.65
9729.64
9725.8
11135.2
11133.4
11129.7
11124.3
11117.4
11109.1
11099.8
11090.4
11081.9
11076.4
11047.4
10944.9
10854.3
10774.2
10700.7
10631.5
10565.3
10500.9
10437.7
10375.4
10313.6
10252.2
10191
10130.2
10069.7
10009.6
9950.05
9890.89
9831.72
9771.44
9739.34
9733.15
9722.77
9709.73
9695.51
9681.42
9668.64
9658.12
9650.38
9645.66
11104
11101.8
11097.4
11090.8
11082.1
11071.4
11059
11045.6
11032.4
11022.6
10985.3
10874.1
10782.1
10704.1
10633.3
10566.4
10502
10438.9
10376.6
10314.7
10253.1
10191.7
10130.4
10069.4
10008.7
9948.72
9889.64
9831.72
9774.88
9718.01
9687.4
9678.07
9663.13
9645.08
9625.86
9607.11
9590.23
9576.42
9566.43
9560.57
11074.1
11071.5
11066.3
11058.5
11047.9
11034.6
11018.4
10999.5
10978.4
10958.6
10892.9
10781.5
10697.3
10627
10561.8
10499
10437.3
10376.1
10315
10253.8
10192.5
10131.1
10069.5
10008.1
9947.1
9886.88
9828.05
9771.44
9718.01
9668.29
9643.16
9627.58
9605.53
9580.52
9554.7
9529.86
9507.65
9489.55
9476.58
9469.22
11045.9
11043
11037
11027.9
11015.5
10999.6
10979.6
10954.7
10922.3
10875.2
10787.1
10714.3
10648.2
10585.6
10524.6
10464.3
10404.3
10344.2
10283.9
10223.1
10162
10100.5
10038.7
9976.98
9915.55
9854.9
9795.79
9739.34
9687.4
9643.16
9613.06
9582.55
9549.85
9515.7
9481.51
9448.96
9419.9
9396.18
9379.26
9369.91
11019.8
11016.5
11009.8
10999.6
10985.7
10967.7
10945
10916.4
10879.8
10831.7
10768.3
10704.5
10642.4
10581.7
10521.8
10462.2
10402.6
10342.7
10282.5
10221.8
10160.6
10099
10037
9974.96
9913.02
9851.64
9791.4
9733.16
9678.07
9627.58
9582.55
9538.77
9494.55
9449.86
9405.65
9363.58
9325.79
9294.68
9272.43
9260.36
10996
10992.4
10985.2
10974.2
10959.1
10939.7
10915.3
10885.1
10847.9
10802.5
10748.9
10692.1
10634.2
10576
10517.7
10459.1
10400.1
10340.6
10280.6
10219.9
10158.6
10096.8
10034.5
9971.77
9908.92
9846.2
9783.98
9722.77
9663.13
9605.53
9549.85
9494.55
9438.75
9382.48
9326.64
9272.97
9224.04
9183.09
9153.44
9137.52
10974.9
10971.1
10963.4
10951.8
10936
10915.7
10890.5
10859.9
10823.3
10780.4
10731.9
10679.7
10625.3
10569.6
10512.9
10455.4
10397.2
10338.1
10278.3
10217.7
10156.3
10094.1
10031.2
9967.7
9903.64
9839.17
9774.48
9709.73
9645.08
9580.52
9515.7
9449.86
9382.48
9313.7
9244.46
9176.66
9113.43
9059.11
9018.87
8997.19
10956.6
10952.7
10944.8
10932.7
10916.4
10895.7
10870.2
10839.7
10804
10763.2
10717.7
10668.6
10616.8
10563.2
10508
10451.6
10394
10335.4
10275.8
10215.2
10153.7
10091.1
10027.6
9963.12
9897.69
9831.31
9763.93
9695.51
9625.86
9554.7
9481.51
9405.65
9326.64
9244.46
9159.89
9074.9
8993.1
8920.28
8864.34
8833.55
10941.4
10937.3
10929.2
10917
10900.4
10879.5
10854
10823.8
10789
10749.6
10706.1
10659.1
10609.3
10557.3
10503.4
10447.9
10391
10332.8
10273.4
10212.8
10151
10088.1
10023.9
9958.44
9891.64
9823.35
9753.37
9681.42
9607.11
9529.86
9448.96
9363.58
9272.97
9176.66
9074.9
8969.2
8863.31
8764.47
8684.52
8638.6
10929.2
10925.1
10916.9
10904.5
10887.8
10866.8
10841.5
10811.7
10777.6
10739.3
10697.1
10651.6
10603.2
10552.3
10499.3
10444.6
10388.2
10330.3
10271.1
10210.5
10148.5
10085.2
10020.4
9954.06
9886.01
9816
9743.69
9668.65
9590.23
9507.65
9419.9
9325.79
9224.04
9113.43
8993.1
8863.31
8726.83
8591.56
8474.24
8402.04
10920.1
10916
10907.7
10895.2
10878.5
10857.6
10832.4
10802.9
10769.3
10731.7
10690.5
10645.9
10598.4
10548.4
10496.1
10441.9
10385.9
10328.3
10269.1
10208.5
10146.3
10082.7
10017.4
9950.31
9881.23
9809.82
9735.65
9658.12
9576.43
9489.55
9396.18
9294.68
9183.09
9059.11
8920.28
8764.47
8591.56
8407.55
8233.07
8114.43
10914.1
10909.9
10901.6
10889.1
10872.4
10851.5
10826.4
10797.1
10763.9
10726.7
10686
10642.1
10595.1
10545.6
10493.8
10439.8
10384.1
10326.6
10267.5
10206.8
10144.5
10080.6
10014.9
9947.31
9877.5
9805.12
9729.64
9650.38
9566.43
9476.58
9379.26
9272.43
9153.44
9018.87
8864.34
8684.52
8474.24
8233.07
7979.56
7783
10910.9
10906.8
10898.4
10885.9
10869.2
10848.3
10823.3
10794.1
10761
10724.1
10683.6
10639.9
10593.2
10543.9
10492.2
10438.4
10382.7
10325.2
10266.1
10205.3
10142.9
10078.8
10013
9945.05
9874.85
9801.95
9725.8
9645.67
9560.57
9469.22
9369.91
9260.36
9137.52
8997.19
8833.55
8638.6
8402.04
8114.43
7783
7486.86
12067.4
11974.2
11901.4
11849.6
11809.8
11776.4
11746.5
11718.8
11692.4
11666.6
11641.1
11615.5
11589.7
11563.6
11536.8
11509.5
11481.4
11452.6
11423
11392.7
11361.8
11330.2
11298
11265.5
11232.7
11199.8
11167.2
11135.2
11104
11074.1
11045.9
11019.7
10995.9
10974.8
10956.5
10941.3
10929.1
10920.1
10914.1
10911
11974.2
11927.4
11878.5
11837
11801.9
11770.8
11742.4
11715.7
11689.9
11664.6
11639.5
11614.3
11588.8
11562.8
11536.2
11508.9
11480.9
11452.2
11422.6
11392.4
11361.3
11329.6
11297.4
11264.7
11231.7
11198.6
11165.7
11133.3
11101.8
11071.5
11042.9
11016.4
10992.3
10971
10952.6
10937.2
10925
10916
10910
10906.9
11901.4
11878.5
11848.1
11817.3
11788.2
11760.8
11734.8
11709.7
11685.1
11660.8
11636.5
11611.9
11586.9
11561.3
11535
11507.9
11480.1
11451.4
11421.9
11391.6
11360.5
11328.7
11296.2
11263.2
11229.8
11196.3
11162.8
11129.7
11097.3
11066.3
11036.9
11009.7
10985.1
10963.3
10944.7
10929.1
10916.8
10907.7
10901.7
10898.6
11849.6
11837
11817.3
11794.6
11771
11747.5
11724.3
11701.3
11678.4
11655.4
11632.2
11608.5
11584.2
11559.2
11533.3
11506.6
11478.9
11450.4
11420.9
11390.6
11359.3
11327.3
11294.6
11261.1
11227.2
11192.9
11158.5
11124.3
11090.8
11058.4
11027.8
10999.5
10974.1
10951.7
10932.6
10916.9
10904.4
10895.2
10889.2
10886.1
11809.8
11801.9
11788.2
11771
11752
11732.1
11711.8
11691.1
11670.1
11648.8
11626.9
11604.4
11580.9
11556.6
11531.2
11504.9
11477.5
11449.1
11419.7
11389.3
11358
11325.7
11292.5
11258.6
11223.9
11188.6
11153
11117.3
11082
11047.8
11015.4
10985.6
10959
10935.9
10916.3
10900.3
10887.7
10878.5
10872.5
10869.4
11776.4
11770.8
11760.8
11747.5
11732.1
11715.4
11697.8
11679.5
11660.7
11641.2
11621
11599.7
11577.3
11553.8
11529
11503.1
11476
11447.7
11418.4
11387.9
11356.4
11323.9
11290.3
11255.8
11220.2
11183.8
11146.6
11109
11071.4
11034.5
10999.5
10967.6
10939.6
10915.6
10895.6
10879.4
10866.8
10857.6
10851.5
10848.5
11746.5
11742.4
11734.8
11724.3
11711.8
11697.8
11682.7
11666.9
11650.4
11633
11614.6
11594.8
11573.6
11550.9
11526.8
11501.3
11474.4
11446.4
11417.1
11386.6
11355
11322.1
11288.1
11252.9
11216.5
11178.8
11139.8
11099.7
11059
11018.3
10979.6
10944.9
10915.2
10890.4
10870.1
10853.9
10841.4
10832.3
10826.4
10823.4
11718.8
11715.7
11709.7
11701.3
11691.1
11679.5
11666.9
11653.6
11639.5
11624.5
11608.2
11590.2
11570.2
11548.3
11524.8
11499.7
11473.1
11445.2
11415.9
11385.4
11353.6
11320.5
11286.1
11250.3
11213
11174
11133.1
11090.3
11045.5
10999.4
10954.6
10916.3
10885
10859.8
10839.6
10823.7
10811.6
10802.9
10797.2
10794.3
11692.4
11689.9
11685.1
11678.4
11670.1
11660.7
11650.4
11639.5
11628
11615.9
11602.5
11586.2
11567.4
11546.3
11523.2
11498.4
11472
11444.2
11415
11384.4
11352.6
11319.3
11284.6
11248.3
11210.2
11170.1
11127.5
11081.8
11032.3
10978.3
10922.1
10879.7
10847.8
10823.2
10803.9
10788.9
10777.5
10769.2
10763.9
10761.1
11666.6
11664.6
11660.8
11655.5
11648.8
11641.2
11633
11624.5
11615.9
11607.4
11598.2
11583.7
11565.7
11545.1
11522.3
11497.6
11471.4
11443.6
11414.4
11383.8
11351.9
11318.5
11283.6
11247
11208.5
11167.8
11124
11076.3
11022.4
10958.5
10875.1
10831.5
10802.3
10780.3
10763.1
10749.5
10739.2
10731.7
10726.8
10724.2
11641.1
11639.5
11636.5
11632.2
11626.9
11621
11614.6
11608.2
11602.5
11598.2
11595.9
11579.2
11559.8
11538
11514.1
11488.3
11461
11432.2
11401.9
11370.2
11337.2
11302.6
11266.4
11228.5
11188.5
11145.9
11099.9
11048.5
10986.5
10893.5
10787
10768.2
10748.8
10731.8
10717.6
10706
10697
10690.4
10686.1
10683.8
11615.5
11614.3
11611.9
11608.5
11604.4
11599.7
11594.8
11590.2
11586.2
11583.7
11579.2
11551.7
11524.7
11497.1
11468.2
11438.2
11406.9
11374.4
11340.6
11305.5
11268.9
11230.9
11191.1
11149.3
11104.9
11057.3
11005.2
10946.3
10875.6
10782.8
10714.2
10704.4
10691.9
10679.6
10668.4
10659
10651.5
10645.9
10642.1
10640.1
11589.7
11588.8
11586.9
11584.2
11580.9
11577.3
11573.6
11570.2
11567.4
11565.7
11559.8
11524.7
11491.3
11458
11424.4
11390
11354.7
11318.5
11281.2
11242.8
11203
11161.7
11118.6
11073.3
11025.3
10973.9
10917.7
10854.9
10782.7
10697.6
10648.1
10642.3
10634
10625.2
10616.7
10609.2
10603.1
10598.4
10595.2
10593.4
11563.6
11562.8
11561.3
11559.2
11556.6
11553.8
11550.9
11548.3
11546.3
11545.1
11538
11497.1
11458
11419.8
11381.6
11343.1
11304
11264.3
11223.7
11182.1
11139.3
11095
11049
11000.9
10950.2
10896.2
10838
10774.5
10704.3
10627
10585.4
10581.5
10575.9
10569.4
10563
10557.1
10552.2
10548.4
10545.7
10544.1
11536.8
11536.2
11535
11533.3
11531.2
11529
11526.8
11524.8
11523.2
11522.3
11514.1
11468.2
11424.4
11381.6
11339.2
11296.8
11254.1
11211
11167.3
11122.7
11077.1
11030.2
10981.7
10931.3
10878.5
10822.9
10763.9
10700.8
10633.3
10561.8
10524.4
10521.6
10517.5
10512.7
10507.8
10503.2
10499.2
10496.1
10493.9
10492.4
11509.5
11508.9
11507.9
11506.6
11504.9
11503.1
11501.3
11499.7
11498.4
11497.6
11488.3
11438.2
11390
11343.1
11296.8
11250.7
11204.7
11158.4
11111.7
11064.4
11016.3
10967
10916.3
10864
10809.8
10753.1
10693.8
10631.6
10566.4
10498.9
10464.2
10462
10458.9
10455.2
10451.4
10447.7
10444.5
10441.9
10440
10438.7
11481.4
11480.9
11480.1
11478.9
11477.5
11476
11474.5
11473.1
11472
11471.4
11461
11406.9
11354.7
11304
11254.1
11204.7
11155.5
11106.3
11056.9
11007
10956.5
10905.2
10852.7
10798.8
10743.3
10686
10626.7
10565.3
10501.9
10437.2
10404.2
10402.4
10399.9
10397
10393.8
10390.8
10388.1
10385.9
10384.2
10383
11452.6
11452.2
11451.4
11450.4
11449.1
11447.7
11446.4
11445.2
11444.2
11443.6
11432.2
11374.4
11318.5
11264.3
11211
11158.4
11106.3
11054.3
11002.4
10950.3
10897.7
10844.5
10790.4
10735.2
10678.8
10621
10561.6
10500.9
10438.8
10375.9
10344.1
10342.5
10340.4
10337.9
10335.2
10332.6
10330.2
10328.3
10326.7
10325.5
11423
11422.7
11421.9
11420.9
11419.7
11418.4
11417.1
11415.9
11415
11414.4
11401.9
11340.6
11281.2
11223.7
11167.3
11111.7
11056.9
11002.4
10948.2
10893.9
10839.5
10784.6
10729.2
10672.9
10615.7
10557.4
10498.1
10437.7
10376.5
10314.8
10283.7
10282.3
10280.4
10278.1
10275.6
10273.2
10271
10269.1
10267.6
10266.4
11392.7
11392.4
11391.6
11390.6
11389.3
11387.9
11386.6
11385.4
11384.4
11383.8
11370.3
11305.5
11242.8
11182.1
11122.7
11064.4
11007
10950.3
10893.9
10837.8
10781.7
10725.4
10668.7
10611.5
10553.6
10494.9
10435.5
10375.4
10314.7
10253.7
10222.9
10221.5
10219.7
10217.4
10215
10212.6
10210.4
10208.5
10206.9
10205.6
11361.8
11361.3
11360.5
11359.3
11358
11356.5
11355
11353.6
11352.6
11351.9
11337.2
11268.9
11203
11139.3
11077.1
11016.3
10956.5
10897.7
10839.5
10781.7
10724.2
10666.6
10608.9
10550.8
10492.3
10433.2
10373.6
10313.5
10253
10192.3
10161.7
10160.3
10158.4
10156
10153.4
10150.8
10148.4
10146.3
10144.6
10143.2
11330.2
11329.7
11328.7
11327.3
11325.7
11323.9
11322.1
11320.5
11319.3
11318.5
11302.6
11230.9
11161.7
11095
11030.2
10967
10905.2
10844.5
10784.6
10725.4
10666.6
10608
10549.3
10490.5
10431.5
10372.1
10312.3
10252.1
10191.6
10130.9
10100.2
10098.7
10096.5
10093.9
10090.9
10087.9
10085.1
10082.7
10080.7
10079.2
11298
11297.4
11296.2
11294.6
11292.5
11290.3
11288.1
11286.1
11284.6
11283.6
11266.4
11191.1
11118.6
11049
10981.7
10916.3
10852.7
10790.4
10729.2
10668.7
10608.9
10549.3
10489.9
10430.5
10371
10311.3
10251.3
10190.9
10130.3
10069.4
10038.5
10036.8
10034.2
10031
10027.4
10023.7
10020.3
10017.4
10015.1
10013.3
11265.5
11264.7
11263.2
11261.1
11258.6
11255.8
11252.9
11250.3
11248.3
11247
11228.5
11149.3
11073.3
11000.9
10931.3
10864
10798.8
10735.2
10672.9
10611.5
10550.8
10490.5
10430.5
10370.6
10310.8
10250.8
10190.6
10130.1
10069.2
10007.9
9976.73
9974.68
9971.49
9967.43
9962.88
9958.27
9953.99
9950.34
9947.49
9945.39
11232.7
11231.7
11229.8
11227.2
11223.9
11220.2
11216.5
11213
11210.2
11208.5
11188.5
11104.9
11025.3
10950.2
10878.5
10809.8
10743.4
10678.8
10615.7
10553.6
10492.3
10431.5
10371
10310.8
10250.6
10190.4
10130.2
10069.6
10008.6
9946.89
9915.28
9912.74
9908.63
9903.35
9897.44
9891.46
9885.93
9881.27
9877.7
9875.21
11199.8
11198.6
11196.3
11192.9
11188.7
11183.8
11178.8
11174
11170.1
11167.8
11145.9
11057.3
10973.9
10896.2
10822.9
10753.1
10686
10621
10557.4
10494.9
10433.2
10372.1
10311.3
10250.8
10190.4
10130.2
10070
10009.5
9948.59
9886.66
9854.63
9851.35
9845.89
9838.88
9831.05
9823.16
9815.91
9809.86
9805.32
9802.32
11167.2
11165.7
11162.8
11158.5
11153
11146.7
11139.8
11133.1
11127.5
11124
11099.9
11005.2
10917.7
10838
10763.9
10693.8
10626.7
10561.6
10498.1
10435.5
10373.6
10312.3
10251.3
10190.6
10130.2
10070
10010
9949.96
9889.5
9827.83
9795.52
9791.11
9783.67
9774.17
9763.67
9753.17
9743.59
9735.65
9729.82
9726.15
11135.2
11133.3
11129.7
11124.3
11117.3
11109
11099.8
11090.3
11081.8
11076.3
11048.5
10946.3
10854.9
10774.5
10700.8
10631.6
10565.3
10500.9
10437.7
10375.4
10313.5
10252.1
10191
10130.1
10069.6
10009.5
9949.96
9890.78
9831.57
9771.22
9739.08
9732.87
9722.46
9709.42
9695.22
9681.19
9668.48
9658.04
9650.48
9645.96
11104
11101.8
11097.4
11090.8
11082
11071.4
11059
11045.5
11032.3
11022.5
10986.5
10875.6
10782.7
10704.3
10633.3
10566.4
10501.9
10438.8
10376.5
10314.7
10253
10191.6
10130.3
10069.2
10008.6
9948.59
9889.5
9831.57
9774.7
9717.8
9687.15
9677.79
9662.82
9644.74
9625.52
9606.79
9589.95
9576.19
9566.35
9560.7
11074.1
11071.5
11066.3
11058.4
11047.8
11034.5
11018.3
10999.4
10978.3
10958.5
10893.6
10782.8
10697.6
10627.1
10561.8
10498.9
10437.2
10375.9
10314.8
10253.7
10192.4
10130.9
10069.4
10007.9
9946.9
9886.66
9827.83
9771.22
9717.8
9668.06
9642.92
9627.29
9605.19
9580.12
9554.25
9529.36
9507.12
9488.99
9476.12
9468.96
11045.9
11042.9
11036.9
11027.8
11015.4
10999.5
10979.6
10954.6
10922.1
10875.1
10787
10714.2
10648.1
10585.4
10524.4
10464.2
10404.2
10344.1
10283.7
10222.9
10161.7
10100.2
10038.5
9976.73
9915.28
9854.63
9795.52
9739.09
9687.15
9642.92
9612.79
9582.23
9549.43
9515.17
9480.83
9448.11
9418.87
9394.97
9378.02
9368.84
11019.7
11016.4
11009.7
10999.5
10985.6
10967.6
10944.9
10916.3
10879.7
10831.6
10768.2
10704.4
10642.3
10581.5
10521.6
10462
10402.4
10342.5
10282.3
10221.5
10160.3
10098.7
10036.8
9974.68
9912.74
9851.35
9791.11
9732.87
9677.79
9627.29
9582.23
9538.36
9493.98
9449.06
9404.54
9362.07
9323.8
9292.2
9269.64
9257.61
10995.9
10992.3
10985.1
10974.1
10959
10939.6
10915.2
10885
10847.8
10802.3
10748.8
10691.9
10634
10575.9
10517.5
10458.9
10399.9
10340.4
10280.4
10219.7
10158.4
10096.5
10034.2
9971.49
9908.63
9845.9
9783.67
9722.46
9662.82
9605.19
9549.44
9493.98
9437.91
9381.21
9324.74
9270.22
9220.25
9178.16
9147.6
9131.36
10974.8
10971
10963.4
10951.7
10935.9
10915.6
10890.4
10859.8
10823.2
10780.3
10731.8
10679.6
10625.2
10569.4
10512.7
10455.2
10397
10337.9
10278.1
10217.5
10156
10093.9
10031
9967.43
9903.36
9838.88
9774.17
9709.42
9644.74
9580.12
9515.17
9449.06
9381.21
9311.66
9241.23
9171.76
9106.33
9049.5
9006.99
8984.13
10956.5
10952.6
10944.7
10932.6
10916.3
10895.6
10870.1
10839.6
10803.9
10763.1
10717.6
10668.4
10616.7
10563
10507.8
10451.4
10393.8
10335.2
10275.6
10215
10153.4
10090.9
10027.4
9962.88
9897.45
9831.05
9763.67
9695.22
9625.52
9554.25
9480.83
9404.54
9324.74
9241.23
9154.55
9066.37
8980.13
8901.86
8840.5
8806.34
10941.3
10937.3
10929.1
10916.9
10900.3
10879.4
10853.9
10823.7
10788.9
10749.5
10706
10659
10609.2
10557.1
10503.2
10447.7
10390.8
10332.6
10273.2
10212.6
10150.8
10087.9
10023.7
9958.27
9891.46
9823.16
9753.17
9681.19
9606.79
9529.37
9448.12
9362.07
9270.22
9171.76
9066.37
8954.85
8840.26
8729.74
8636.89
8581.76
10929.1
10925
10916.8
10904.4
10887.7
10866.8
10841.4
10811.6
10777.5
10739.2
10697
10651.5
10603.1
10552.2
10499.2
10444.5
10388.1
10330.2
10271
10210.4
10148.4
10085.1
10020.3
9953.99
9885.93
9815.91
9743.59
9668.48
9589.95
9507.12
9418.87
9323.8
9220.25
9106.33
8980.13
8840.26
8687.34
8527.56
8379.51
8281.76
10920.1
10916
10907.7
10895.2
10878.5
10857.6
10832.3
10802.9
10769.2
10731.7
10690.4
10645.9
10598.4
10548.4
10496.1
10441.9
10385.9
10328.3
10269.1
10208.5
10146.4
10082.7
10017.4
9950.35
9881.27
9809.86
9735.65
9658.04
9576.19
9488.99
9394.97
9292.2
9178.16
9049.5
8901.86
8729.74
8527.56
8294.21
8047.55
7856.19
10914.1
10910
10901.7
10889.2
10872.5
10851.6
10826.4
10797.2
10763.9
10726.8
10686.1
10642.1
10595.2
10545.7
10493.9
10440
10384.2
10326.7
10267.6
10206.9
10144.6
10080.7
10015.1
9947.5
9877.7
9805.32
9729.82
9650.49
9566.35
9476.12
9378.02
9269.64
9147.6
9007
8840.5
8636.89
8379.51
8047.55
7634.55
7231.76
10911.1
10906.9
10898.6
10886.1
10869.4
10848.5
10823.4
10794.3
10761.1
10724.2
10683.8
10640.1
10593.4
10544.1
10492.4
10438.7
10383
10325.5
10266.4
10205.6
10143.2
10079.2
10013.3
9945.39
9875.21
9802.32
9726.16
9645.96
9560.7
9468.96
9368.84
9257.61
9131.36
8984.13
8806.34
8581.76
8281.76
7856.19
7231.76
6418.06
12373.6
12061.6
11930
11860.3
11814.5
11778.7
11747.8
11719.6
11692.8
11666.9
11641.2
11615.6
11589.8
11563.6
11536.9
11509.5
11481.4
11452.6
11423
11392.7
11361.8
11330.1
11298
11265.4
11232.6
11199.8
11167.2
11135.1
11104
11074.1
11045.8
11019.7
10995.9
10974.7
10956.5
10941.2
10929.1
10920.1
10914.2
10911.1
12061.6
11968.6
11896.2
11845
11805.7
11772.9
11743.6
11716.4
11690.3
11664.9
11639.7
11614.4
11588.8
11562.8
11536.2
11509
11481
11452.2
11422.7
11392.3
11361.3
11329.6
11297.4
11264.7
11231.7
11198.6
11165.7
11133.3
11101.7
11071.5
11042.9
11016.4
10992.3
10971
10952.5
10937.2
10925
10916
10910
10907
11930
11896.2
11857.6
11822.4
11791
11762.4
11735.7
11710.3
11685.5
11661.1
11636.6
11612
11586.9
11561.3
11535
11508
11480.1
11451.4
11421.9
11391.6
11360.5
11328.7
11296.2
11263.2
11229.8
11196.3
11162.8
11129.6
11097.3
11066.2
11036.9
11009.7
10985.1
10963.3
10944.6
10929.1
10916.8
10907.7
10901.7
10898.6
11860.3
11845
11822.4
11797.8
11773
11748.7
11725
11701.8
11678.7
11655.7
11632.4
11608.6
11584.3
11559.2
11533.3
11506.6
11478.9
11450.4
11420.9
11390.5
11359.3
11327.3
11294.5
11261.1
11227.2
11192.9
11158.5
11124.3
11090.7
11058.4
11027.8
10999.5
10974
10951.7
10932.6
10916.8
10904.4
10895.2
10889.2
10886.1
11814.5
11805.7
11791
11773
11753.3
11733
11712.3
11691.5
11670.4
11649
11627.1
11604.4
11581
11556.6
11531.3
11504.9
11477.5
11449.1
11419.7
11389.3
11357.9
11325.7
11292.5
11258.6
11223.9
11188.6
11153
11117.3
11082
11047.8
11015.4
10985.6
10959
10935.9
10916.3
10900.3
10887.7
10878.5
10872.5
10869.4
11778.7
11772.9
11762.4
11748.7
11733
11716
11698.2
11679.8
11660.9
11641.4
11621
11599.8
11577.4
11553.8
11529
11503.1
11476
11447.7
11418.4
11387.9
11356.4
11323.9
11290.3
11255.7
11220.2
11183.8
11146.6
11109
11071.3
11034.4
10999.5
10967.6
10939.5
10915.5
10895.5
10879.3
10866.7
10857.5
10851.6
10848.5
11747.8
11743.6
11735.7
11725
11712.3
11698.2
11683
11667.1
11650.5
11633.1
11614.7
11594.9
11573.6
11550.9
11526.8
11501.3
11474.4
11446.4
11417.1
11386.6
11354.9
11322.1
11288.1
11252.9
11216.4
11178.7
11139.8
11099.7
11058.9
11018.3
10979.5
10944.8
10915.1
10890.3
10870
10853.8
10841.4
10832.3
10826.4
10823.5
11719.6
11716.4
11710.3
11701.8
11691.5
11679.8
11667.1
11653.7
11639.6
11624.6
11608.3
11590.2
11570.2
11548.3
11524.8
11499.7
11473.1
11445.1
11415.9
11385.4
11353.6
11320.5
11286.1
11250.3
11213
11174
11133.1
11090.2
11045.4
10999.4
10954.5
10916.2
10884.9
10859.7
10839.6
10823.7
10811.6
10802.8
10797.2
10794.3
11692.8
11690.3
11685.5
11678.7
11670.4
11660.9
11650.5
11639.6
11628.1
11616
11602.5
11586.3
11567.4
11546.3
11523.2
11498.4
11472
11444.2
11415
11384.4
11352.5
11319.3
11284.5
11248.3
11210.2
11170.1
11127.5
11081.8
11032.2
10978.3
10922.1
10879.6
10847.7
10823.1
10803.9
10788.8
10777.4
10769.2
10763.9
10761.2
11666.9
11664.9
11661.1
11655.7
11649
11641.4
11633.1
11624.6
11616
11607.4
11598.3
11583.8
11565.7
11545.1
11522.3
11497.6
11471.3
11443.6
11414.4
11383.8
11351.8
11318.4
11283.5
11247
11208.5
11167.7
11124
11076.2
11022.4
10958.5
10875
10831.5
10802.3
10780.3
10763
10749.5
10739.1
10731.7
10726.8
10724.3
11641.2
11639.7
11636.6
11632.4
11627.1
11621
11614.7
11608.3
11602.5
11598.3
11596
11579.4
11560
11538.1
11514.2
11488.6
11461.2
11432.4
11402.2
11370.6
11337.5
11303
11266.8
11228.9
11189
11146.4
11100.4
11049.1
10987
10893.8
10786.9
10768.1
10748.7
10731.7
10717.5
10706
10697
10690.4
10686.1
10683.9
11615.6
11614.4
11612
11608.6
11604.4
11599.8
11594.9
11590.2
11586.3
11583.8
11579.4
11551.8
11524.9
11497.2
11468.4
11438.4
11407.2
11374.7
11340.9
11305.8
11269.3
11231.3
11191.5
11149.7
11105.5
11057.9
11005.9
10947.1
10876.6
10783.6
10714.1
10704.3
10691.9
10679.5
10668.4
10659
10651.4
10645.9
10642.1
10640.1
11589.8
11588.8
11586.9
11584.3
11581
11577.4
11573.6
11570.2
11567.4
11565.7
11560
11524.9
11491.4
11458.1
11424.5
11390.1
11354.9
11318.7
11281.4
11242.9
11203.2
11161.9
11118.8
11073.5
11025.6
10974.2
10918.1
10855.3
10783
10697.8
10648.1
10642.2
10634
10625.1
10616.6
10609.2
10603
10598.4
10595.2
10593.5
11563.6
11562.8
11561.3
11559.2
11556.6
11553.8
11550.9
11548.3
11546.3
11545.1
11538.1
11497.2
11458.1
11419.9
11381.7
11343.1
11304.1
11264.4
11223.8
11182.2
11139.4
11095.1
11049.1
11001
10950.4
10896.4
10838.2
10774.6
10704.5
10627.1
10585.4
10581.5
10575.8
10569.3
10562.9
10557.1
10552.2
10548.4
10545.7
10544.2
11536.9
11536.2
11535
11533.3
11531.3
11529
11526.8
11524.8
11523.2
11522.3
11514.3
11468.4
11424.5
11381.7
11339.2
11296.8
11254.2
11211.1
11167.3
11122.8
11077.2
11030.2
10981.8
10931.4
10878.6
10823
10764
10700.9
10633.4
10561.8
10524.4
10521.5
10517.4
10512.7
10507.7
10503.2
10499.2
10496.1
10493.9
10492.5
11509.5
11509
11508
11506.6
11504.9
11503.1
11501.3
11499.7
11498.4
11497.6
11488.6
11438.4
11390.1
11343.1
11296.8
11250.7
11204.7
11158.5
11111.8
11064.5
11016.3
10967
10916.4
10864.1
10809.8
10753.2
10693.8
10631.6
10566.4
10498.9
10464.1
10461.9
10458.8
10455.1
10451.3
10447.6
10444.4
10441.9
10440
10438.8
11481.4
11481
11480.1
11478.9
11477.5
11476
11474.4
11473.1
11472
11471.3
11461.2
11407.2
11354.9
11304.1
11254.2
11204.7
11155.5
11106.3
11056.9
11007
10956.5
10905.2
10852.7
10798.8
10743.4
10686
10626.7
10565.3
10501.9
10437.1
10404.1
10402.3
10399.8
10396.9
10393.8
10390.7
10388.1
10385.9
10384.2
10383.1
11452.6
11452.2
11451.4
11450.4
11449.1
11447.7
11446.4
11445.2
11444.2
11443.6
11432.4
11374.7
11318.7
11264.4
11211.1
11158.5
11106.3
11054.3
11002.4
10950.3
10897.7
10844.5
10790.4
10735.2
10678.8
10621
10561.6
10500.8
10438.8
10375.9
10344
10342.4
10340.3
10337.8
10335.1
10332.5
10330.2
10328.3
10326.8
10325.7
11423
11422.7
11421.9
11420.9
11419.7
11418.4
11417.1
11415.9
11415
11414.4
11402.2
11340.9
11281.4
11223.8
11167.3
11111.8
11056.9
11002.4
10948.2
10894
10839.5
10784.6
10729.2
10672.9
10615.7
10557.4
10498.1
10437.7
10376.5
10314.7
10283.6
10282.2
10280.2
10278
10275.5
10273.1
10270.9
10269.1
10267.7
10266.5
11392.7
11392.4
11391.6
11390.6
11389.3
11387.9
11386.6
11385.4
11384.4
11383.8
11370.6
11305.8
11242.9
11182.2
11122.8
11064.5
11007
10950.3
10894
10837.8
10781.7
10725.4
10668.7
10611.5
10553.6
10494.9
10435.5
10375.3
10314.6
10253.6
10222.8
10221.4
10219.6
10217.3
10214.9
10212.5
10210.3
10208.5
10207
10205.8
11361.8
11361.3
11360.5
11359.3
11357.9
11356.4
11354.9
11353.6
11352.5
11351.8
11337.5
11269.3
11203.2
11139.4
11077.2
11016.3
10956.5
10897.7
10839.5
10781.7
10724.2
10666.6
10608.9
10550.8
10492.3
10433.2
10373.6
10313.5
10253
10192.3
10161.6
10160.2
10158.3
10155.9
10153.3
10150.8
10148.4
10146.4
10144.7
10143.4
11330.1
11329.6
11328.7
11327.3
11325.7
11323.9
11322.1
11320.5
11319.3
11318.4
11303
11231.3
11161.9
11095.1
11030.2
10967
10905.2
10844.5
10784.6
10725.4
10666.6
10608
10549.3
10490.5
10431.5
10372.1
10312.3
10252.1
10191.5
10130.8
10100.1
10098.6
10096.4
10093.7
10090.8
10087.8
10085.1
10082.7
10080.8
10079.3
11298
11297.4
11296.2
11294.5
11292.5
11290.3
11288.1
11286.1
11284.5
11283.6
11266.8
11191.5
11118.8
11049.1
10981.8
10916.4
10852.7
10790.4
10729.2
10668.7
10608.9
10549.3
10489.9
10430.5
10371
10311.3
10251.3
10190.9
10130.2
10069.3
10038.4
10036.6
10034.1
10030.8
10027.3
10023.6
10020.3
10017.4
10015.2
10013.5
11265.4
11264.7
11263.2
11261.1
11258.6
11255.7
11252.9
11250.3
11248.3
11247
11228.9
11149.7
11073.5
11001
10931.4
10864.1
10798.8
10735.2
10672.9
10611.5
10550.8
10490.5
10430.5
10370.6
10310.7
10250.8
10190.6
10130.1
10069.2
10007.8
9976.59
9974.54
9971.35
9967.29
9962.77
9958.18
9953.94
9950.35
9947.57
9945.58
11232.6
11231.7
11229.8
11227.2
11223.9
11220.2
11216.4
11213
11210.2
11208.5
11189
11105.5
11025.6
10950.4
10878.6
10809.8
10743.4
10678.8
10615.7
10553.6
10492.3
10431.5
10371
10310.7
10250.6
10190.4
10130.1
10069.6
10008.5
9946.78
9915.14
9912.59
9908.48
9903.22
9897.33
9891.37
9885.88
9881.27
9877.77
9875.4
11199.8
11198.6
11196.3
11192.9
11188.6
11183.8
11178.7
11174
11170.1
11167.7
11146.4
11057.9
10974.2
10896.4
10823
10753.2
10686
10621
10557.4
10494.9
10433.2
10372.1
10311.3
10250.8
10190.4
10130.2
10069.9
10009.5
9948.52
9886.55
9854.49
9851.2
9845.75
9838.74
9830.93
9823.07
9815.86
9809.85
9805.38
9802.5
11167.2
11165.7
11162.8
11158.5
11153
11146.6
11139.8
11133.1
11127.5
11124
11100.4
11005.9
10918.1
10838.2
10764
10693.8
10626.7
10561.6
10498.1
10435.5
10373.6
10312.3
10251.3
10190.6
10130.1
10069.9
10009.9
9949.9
9889.43
9827.72
9795.38
9790.96
9783.52
9774.03
9763.54
9753.06
9743.51
9735.62
9729.86
9726.33
11135.1
11133.3
11129.7
11124.3
11117.3
11109
11099.7
11090.2
11081.8
11076.2
11049.1
10947.1
10855.3
10774.6
10700.9
10631.6
10565.3
10500.8
10437.7
10375.3
10313.5
10252.1
10190.9
10130.1
10069.6
10009.5
9949.9
9890.71
9831.48
9771.11
9738.95
9732.72
9722.31
9709.26
9695.07
9681.05
9668.37
9657.96
9650.47
9646.09
11104
11101.8
11097.3
11090.7
11082
11071.3
11058.9
11045.4
11032.2
11022.4
10987
10876.6
10783
10704.5
10633.4
10566.4
10501.9
10438.8
10376.5
10314.6
10253
10191.5
10130.2
10069.2
10008.5
9948.52
9889.43
9831.48
9774.61
9717.68
9687.02
9677.64
9662.65
9644.56
9625.34
9606.6
9589.75
9576.01
9566.22
9560.71
11074.1
11071.5
11066.2
11058.4
11047.8
11034.4
11018.3
10999.4
10978.3
10958.5
10893.8
10783.6
10697.8
10627.1
10561.8
10498.9
10437.1
10375.9
10314.7
10253.6
10192.3
10130.8
10069.3
10007.8
9946.79
9886.55
9827.72
9771.11
9717.68
9667.93
9642.77
9627.13
9605
9579.89
9553.98
9529.06
9506.76
9488.6
9475.74
9468.72
11045.8
11042.9
11036.9
11027.8
11015.4
10999.5
10979.5
10954.5
10922.1
10875
10786.9
10714.1
10648.1
10585.4
10524.4
10464.1
10404.1
10344
10283.6
10222.8
10161.6
10100.1
10038.4
9976.59
9915.14
9854.49
9795.38
9738.95
9687.02
9642.77
9612.63
9582.04
9549.19
9514.84
9480.41
9447.58
9418.19
9394.16
9377.15
9368.06
11019.7
11016.4
11009.7
10999.5
10985.6
10967.6
10944.8
10916.2
10879.6
10831.5
10768.1
10704.3
10642.2
10581.5
10521.5
10461.9
10402.3
10342.4
10282.2
10221.4
10160.2
10098.6
10036.6
9974.54
9912.59
9851.2
9790.96
9732.72
9677.64
9627.13
9582.04
9538.1
9493.63
9448.56
9403.83
9361.1
9322.51
9290.58
9267.78
9255.74
10995.9
10992.3
10985.1
10974
10959
10939.5
10915.1
10884.9
10847.7
10802.3
10748.7
10691.9
10634
10575.8
10517.4
10458.8
10399.8
10340.3
10280.2
10219.6
10158.3
10096.4
10034.1
9971.35
9908.48
9845.75
9783.52
9722.31
9662.65
9605
9549.19
9493.63
9437.37
9380.4
9323.53
9268.47
9217.81
9174.96
9143.76
9127.27
10974.8
10971
10963.3
10951.7
10935.9
10915.6
10890.3
10859.7
10823.1
10780.3
10731.7
10679.5
10625.1
10569.3
10512.7
10455.1
10396.9
10337.8
10278
10217.3
10155.9
10093.7
10030.8
9967.3
9903.22
9838.74
9774.03
9709.26
9644.56
9579.89
9514.84
9448.56
9380.4
9310.35
9239.18
9168.63
9101.76
9043.26
8999.17
8975.42
10956.5
10952.6
10944.6
10932.6
10916.3
10895.5
10870.1
10839.6
10803.9
10763
10717.5
10668.4
10616.6
10562.9
10507.7
10451.3
10393.8
10335.2
10275.5
10214.9
10153.3
10090.8
10027.3
9962.77
9897.33
9830.93
9763.54
9695.07
9625.34
9553.98
9480.41
9403.83
9323.53
9239.18
9151.14
9060.88
8971.71
8889.69
8824.41
8787.64
10941.3
10937.2
10929.1
10916.8
10900.3
10879.3
10853.8
10823.7
10788.8
10749.5
10706
10659
10609.2
10557.1
10503.2
10447.6
10390.7
10332.5
10273.1
10212.5
10150.8
10087.8
10023.6
9958.18
9891.38
9823.07
9753.06
9681.05
9606.6
9529.06
9447.58
9361.1
9268.47
9168.63
9060.88
8945.53
8824.97
8706.03
8603.17
8540.16
10929.1
10925
10916.8
10904.4
10887.7
10866.7
10841.4
10811.6
10777.4
10739.1
10697
10651.4
10603
10552.2
10499.2
10444.4
10388.1
10330.2
10271
10210.3
10148.4
10085.1
10020.3
9953.94
9885.89
9815.86
9743.52
9668.37
9589.75
9506.76
9418.19
9322.51
9217.81
9101.76
8971.71
8824.97
8660.24
8481.38
8306.54
8182.81
10920.1
10916
10907.7
10895.2
10878.5
10857.5
10832.3
10802.8
10769.2
10731.7
10690.4
10645.9
10598.4
10548.4
10496.1
10441.9
10385.9
10328.3
10269.1
10208.5
10146.4
10082.7
10017.4
9950.35
9881.27
9809.85
9735.62
9657.96
9576.01
9488.6
9394.16
9290.58
9174.97
9043.26
8889.69
8706.03
8481.38
8205.28
7883.97
7596.03
10914.2
10910
10901.7
10889.2
10872.5
10851.6
10826.5
10797.2
10763.9
10726.8
10686.1
10642.1
10595.2
10545.7
10493.9
10440
10384.2
10326.8
10267.7
10207
10144.7
10080.8
10015.2
9947.57
9877.77
9805.38
9729.86
9650.47
9566.22
9475.74
9377.15
9267.78
9143.76
8999.17
8824.41
8603.17
8306.54
7883.97
7261.95
6451.08
10911.1
10907
10898.6
10886.1
10869.4
10848.5
10823.5
10794.3
10761.2
10724.3
10683.9
10640.1
10593.5
10544.2
10492.5
10438.8
10383.1
10325.7
10266.5
10205.8
10143.4
10079.3
10013.5
9945.58
9875.4
9802.51
9726.33
9646.09
9560.71
9468.72
9368.06
9255.74
9127.27
8975.42
8787.64
8540.16
8182.82
7596.03
6451.08
3694.6
)
;

boundaryField
{
    left
    {
        type            zeroGradient;
    }
    right
    {
        type            zeroGradient;
    }
    up
    {
        type            zeroGradient;
    }
    down
    {
        type            zeroGradient;
    }
    front
    {
        type            zeroGradient;
    }
    back
    {
        type            zeroGradient;
    }
}


// ************************************************************************* //
