/*--------------------------------*- C++ -*----------------------------------*\
| =========                 |                                                 |
| \\      /  F ield         | OpenFOAM: The Open Source CFD Toolbox           |
|  \\    /   O peration     | Version:  2.1.0                                 |
|   \\  /    A nd           | Web:      www.OpenFOAM.org                      |
|    \\/     M anipulation  |                                                 |
\*---------------------------------------------------------------------------*/
FoamFile
{
    version     2.0;
    format      ascii;
    class       volScalarField;
    location    "36135";
    object      so;
}
// * * * * * * * * * * * * * * * * * * * * * * * * * * * * * * * * * * * * * //

dimensions      [0 0 0 0 0 0 0];

internalField   nonuniform List<scalar> 
8000
(
0.265774
0.278036
0.293511
0.310218
0.326998
0.343263
0.358735
0.373297
0.386922
0.399627
0.411465
0.422498
0.432778
0.442358
0.451295
0.459648
0.467474
0.474828
0.48176
0.488321
0.494562
0.50053
0.506269
0.511824
0.517243
0.522573
0.527871
0.533199
0.538635
0.544275
0.550243
0.55671
0.563921
0.572263
0.582416
0.59572
0.615103
0.6472
0.703628
0.774331
0.278035
0.289255
0.303385
0.318765
0.334379
0.34968
0.364381
0.378335
0.391486
0.403828
0.415389
0.426206
0.436313
0.445752
0.454571
0.462824
0.470563
0.477838
0.484696
0.491188
0.49736
0.503255
0.508917
0.514385
0.519703
0.524917
0.530079
0.535252
0.540513
0.545961
0.551728
0.557989
0.564998
0.573151
0.583132
0.59629
0.615577
0.647676
0.704221
0.77468
0.29351
0.303385
0.315889
0.32967
0.343883
0.358015
0.371768
0.384974
0.397542
0.409438
0.420658
0.431204
0.441091
0.450344
0.459004
0.467116
0.474729
0.481885
0.488631
0.495013
0.501073
0.50685
0.512381
0.517702
0.522851
0.52787
0.532807
0.537727
0.54271
0.547864
0.55333
0.559299
0.566039
0.57395
0.583725
0.596718
0.615894
0.647979
0.704614
0.774914
0.310217
0.318765
0.32967
0.341887
0.354694
0.367634
0.380411
0.392839
0.404805
0.416243
0.427108
0.437367
0.447012
0.456057
0.464532
0.472479
0.479938
0.486948
0.493554
0.499798
0.505716
0.51134
0.516702
0.521831
0.526756
0.531513
0.536147
0.540721
0.54532
0.550066
0.555121
0.5607
0.567089
0.574701
0.584233
0.597042
0.6161
0.648166
0.704887
0.775086
0.326998
0.334379
0.343883
0.354694
0.366221
0.378058
0.389925
0.401632
0.413051
0.424076
0.434618
0.44461
0.454022
0.462857
0.471142
0.478911
0.486198
0.493048
0.499501
0.505592
0.511353
0.516809
0.521982
0.526892
0.531557
0.536003
0.540264
0.5444
0.548502
0.552709
0.557217
0.562283
0.568222
0.575466
0.584712
0.597316
0.616255
0.648316
0.705145
0.775265
0.343262
0.349679
0.358015
0.367634
0.378058
0.388937
0.400022
0.411129
0.422111
0.432823
0.443126
0.452912
0.462129
0.470776
0.478877
0.486466
0.493583
0.500272
0.506572
0.512514
0.518122
0.523414
0.528402
0.533091
0.537487
0.541594
0.545431
0.549042
0.55252
0.556025
0.559805
0.56419
0.569549
0.576333
0.585241
0.597619
0.616446
0.648534
0.705522
0.775532
0.358735
0.36438
0.371768
0.380411
0.389925
0.400021
0.410489
0.421159
0.431867
0.442433
0.452656
0.462349
0.471442
0.47994
0.487877
0.4953
0.502261
0.508806
0.514971
0.520786
0.52627
0.53143
0.536268
0.540774
0.544928
0.54871
0.552103
0.555119
0.557831
0.560415
0.563198
0.566655
0.57124
0.577435
0.585931
0.598056
0.616782
0.648951
0.706173
0.775979
0.373297
0.378335
0.384974
0.392839
0.401633
0.411129
0.421159
0.431578
0.442238
0.452946
0.463394
0.47319
0.482263
0.490666
0.498471
0.50576
0.512596
0.519033
0.525107
0.530847
0.536266
0.541367
0.546138
0.550551
0.55456
0.558101
0.561102
0.563501
0.565299
0.566653
0.567986
0.570089
0.573576
0.57897
0.586935
0.598758
0.617394
0.649713
0.707271
0.776695
0.386922
0.391486
0.397541
0.404805
0.41305
0.422111
0.431867
0.442238
0.453169
0.464556
0.475971
0.48619
0.495374
0.503746
0.511476
0.518684
0.525456
0.531854
0.537921
0.543685
0.54916
0.554344
0.559216
0.563732
0.567818
0.571358
0.574187
0.576098
0.576892
0.576543
0.575516
0.575335
0.577044
0.581229
0.588451
0.599882
0.618424
0.650976
0.708986
0.777756
0.399627
0.403827
0.409438
0.416243
0.424076
0.432823
0.442433
0.452946
0.464556
0.477759
0.49312
0.504193
0.513614
0.52205
0.529805
0.537053
0.543907
0.550442
0.556714
0.562757
0.568594
0.574226
0.579637
0.584777
0.589553
0.593798
0.59723
0.59938
0.599504
0.596657
0.590536
0.58467
0.582585
0.584623
0.590695
0.601575
0.620003
0.652876
0.711466
0.7792
0.411465
0.415389
0.420658
0.427108
0.434618
0.443126
0.452656
0.463394
0.475971
0.49312
0.757251
0.765917
0.761969
0.759717
0.758667
0.758386
0.758636
0.759262
0.760154
0.76122
0.762385
0.763569
0.764688
0.765637
0.766276
0.76637
0.765481
0.762596
0.754752
0.73202
0.595536
0.589627
0.587158
0.58826
0.593475
0.603845
0.622192
0.655502
0.714805
0.781013
0.422497
0.426206
0.431205
0.437367
0.44461
0.452912
0.462349
0.47319
0.48619
0.504193
0.765917
0.796941
0.797846
0.79751
0.797283
0.797167
0.797133
0.797158
0.797227
0.797323
0.797434
0.797548
0.797652
0.797732
0.797773
0.797747
0.797597
0.7972
0.796196
0.79354
0.600984
0.593959
0.591301
0.591943
0.596605
0.606608
0.624977
0.658881
0.719032
0.783123
0.432777
0.436313
0.441091
0.447012
0.454022
0.462129
0.471442
0.482263
0.495375
0.513615
0.761968
0.797846
0.799864
0.79991
0.799897
0.799888
0.799885
0.799884
0.799886
0.799889
0.799893
0.799899
0.799904
0.799908
0.799908
0.799907
0.799899
0.79988
0.799835
0.799743
0.606335
0.59815
0.595298
0.595665
0.599979
0.609771
0.628303
0.662995
0.724114
0.785416
0.442358
0.445752
0.450344
0.456057
0.462857
0.470776
0.47994
0.490666
0.503746
0.52205
0.759717
0.79751
0.79991
0.799996
0.799997
0.799996
0.799996
0.799996
0.799996
0.799996
0.799996
0.799997
0.799997
0.799997
0.799997
0.799997
0.799997
0.799996
0.799996
0.799992
0.61163
0.602335
0.599271
0.599441
0.60354
0.613261
0.63211
0.667806
0.729965
0.787752
0.451295
0.454571
0.459004
0.464533
0.471142
0.478877
0.487877
0.498471
0.511476
0.529805
0.758667
0.797283
0.799897
0.799997
0.8
0.8
0.8
0.8
0.8
0.8
0.8
0.8
0.8
0.8
0.8
0.8
0.8
0.8
0.8
0.8
0.616895
0.606558
0.603273
0.603285
0.607258
0.617026
0.636348
0.673276
0.736456
0.789998
0.459648
0.462824
0.467116
0.47248
0.478911
0.486466
0.4953
0.50576
0.518684
0.537054
0.758386
0.797167
0.799888
0.799996
0.8
0.8
0.8
0.8
0.8
0.8
0.8
0.8
0.8
0.8
0.8
0.8
0.8
0.8
0.8
0.8
0.622149
0.610842
0.60733
0.607206
0.611117
0.621036
0.640983
0.679379
0.743408
0.792044
0.467475
0.470563
0.474729
0.479938
0.486199
0.493583
0.502261
0.512596
0.525456
0.543907
0.758636
0.797133
0.799885
0.799996
0.8
0.8
0.8
0.8
0.8
0.8
0.8
0.8
0.8
0.8
0.8
0.8
0.8
0.8
0.8
0.8
0.627411
0.615204
0.61146
0.611215
0.615113
0.625274
0.645998
0.686092
0.750593
0.793817
0.474829
0.477838
0.481886
0.486948
0.493049
0.500273
0.508806
0.519032
0.531854
0.550443
0.759262
0.797158
0.799884
0.799996
0.8
0.8
0.8
0.8
0.8
0.8
0.8
0.8
0.8
0.8
0.8
0.8
0.8
0.8
0.8
0.8
0.632708
0.619662
0.615682
0.615326
0.619253
0.629737
0.651389
0.69339
0.757736
0.795284
0.48176
0.484696
0.488632
0.493555
0.499501
0.506572
0.514972
0.525107
0.537921
0.556714
0.760154
0.797227
0.799886
0.799996
0.8
0.8
0.8
0.8
0.8
0.8
0.8
0.8
0.8
0.8
0.8
0.8
0.8
0.8
0.8
0.8
0.638069
0.624242
0.620017
0.619557
0.623548
0.634432
0.657166
0.70122
0.764543
0.796451
0.488321
0.491188
0.495014
0.499798
0.505592
0.512514
0.520787
0.530847
0.543685
0.562758
0.76122
0.797323
0.799889
0.799996
0.8
0.8
0.8
0.8
0.8
0.8
0.8
0.8
0.8
0.8
0.8
0.8
0.8
0.8
0.8
0.8
0.643533
0.628974
0.624492
0.623933
0.628021
0.639375
0.663343
0.709471
0.770746
0.797346
0.494562
0.49736
0.501074
0.505716
0.511353
0.518122
0.52627
0.536266
0.54916
0.568594
0.762385
0.797435
0.799894
0.799996
0.8
0.8
0.8
0.8
0.8
0.8
0.8
0.8
0.8
0.8
0.8
0.8
0.8
0.8
0.8
0.8
0.649145
0.633902
0.629145
0.62849
0.632699
0.644586
0.669926
0.717978
0.776144
0.798012
0.500529
0.503256
0.506851
0.51134
0.516809
0.523414
0.531431
0.541367
0.554344
0.574226
0.763569
0.797548
0.799899
0.799997
0.8
0.8
0.8
0.8
0.8
0.8
0.8
0.8
0.8
0.8
0.8
0.8
0.8
0.8
0.8
0.8
0.654969
0.639087
0.634031
0.633274
0.637618
0.650084
0.676901
0.726487
0.780628
0.798493
0.506269
0.508917
0.512382
0.516702
0.521982
0.528402
0.536269
0.546138
0.559216
0.579637
0.764687
0.797652
0.799904
0.799997
0.8
0.8
0.8
0.8
0.8
0.8
0.8
0.8
0.8
0.8
0.8
0.8
0.8
0.8
0.8
0.8
0.66109
0.644613
0.639223
0.638347
0.642823
0.655889
0.684204
0.734637
0.784181
0.79883
0.511824
0.514386
0.517703
0.521831
0.526892
0.533092
0.540774
0.550551
0.563733
0.584777
0.765637
0.797732
0.799908
0.799997
0.8
0.8
0.8
0.8
0.8
0.8
0.8
0.8
0.8
0.8
0.8
0.8
0.8
0.8
0.8
0.8
0.667625
0.650602
0.644826
0.643795
0.648367
0.662004
0.691697
0.74203
0.786848
0.799056
0.517243
0.519704
0.522852
0.526756
0.531557
0.537487
0.544929
0.55456
0.567818
0.589553
0.766276
0.797773
0.799908
0.799997
0.8
0.8
0.8
0.8
0.8
0.8
0.8
0.8
0.8
0.8
0.8
0.8
0.8
0.8
0.8
0.8
0.674746
0.657231
0.650994
0.649732
0.654315
0.668414
0.699143
0.74832
0.788716
0.799197
0.522573
0.524917
0.52787
0.531513
0.536003
0.541594
0.54871
0.558102
0.571358
0.593798
0.76637
0.797747
0.799907
0.799997
0.8
0.8
0.8
0.8
0.8
0.8
0.8
0.8
0.8
0.8
0.8
0.8
0.8
0.8
0.8
0.8
0.682697
0.664765
0.65795
0.656318
0.660746
0.675072
0.706227
0.753281
0.789877
0.799266
0.527871
0.530079
0.532808
0.536148
0.540264
0.545431
0.552103
0.561103
0.574187
0.59723
0.765481
0.797597
0.799899
0.799997
0.8
0.8
0.8
0.8
0.8
0.8
0.8
0.8
0.8
0.8
0.8
0.8
0.8
0.8
0.8
0.8
0.691826
0.673601
0.666028
0.663786
0.66777
0.68191
0.712617
0.756825
0.790406
0.79927
0.533199
0.535252
0.537728
0.540721
0.5444
0.549042
0.555119
0.563501
0.576098
0.59938
0.762596
0.7972
0.79988
0.799996
0.8
0.8
0.8
0.8
0.8
0.8
0.8
0.8
0.8
0.8
0.8
0.8
0.8
0.8
0.8
0.8
0.70261
0.684341
0.675732
0.67248
0.675554
0.688875
0.718085
0.758999
0.790355
0.799206
0.538635
0.540513
0.542711
0.54532
0.548502
0.55252
0.557831
0.5653
0.576892
0.599504
0.754752
0.796196
0.799835
0.799996
0.8
0.8
0.8
0.8
0.8
0.8
0.8
0.8
0.8
0.8
0.8
0.8
0.8
0.8
0.8
0.8
0.715643
0.697871
0.687815
0.682921
0.684383
0.696008
0.722612
0.75997
0.789756
0.799061
0.544275
0.545962
0.547864
0.550066
0.552709
0.556025
0.560415
0.566653
0.576543
0.596657
0.732019
0.79354
0.799743
0.799992
0.8
0.8
0.8
0.8
0.8
0.8
0.8
0.8
0.8
0.8
0.8
0.8
0.8
0.8
0.8
0.8
0.731685
0.715382
0.703302
0.69585
0.694728
0.703554
0.726465
0.760059
0.788664
0.798817
0.550243
0.551728
0.55333
0.555121
0.557218
0.559805
0.563198
0.567986
0.575516
0.590536
0.595536
0.600984
0.606335
0.61163
0.616895
0.622148
0.627411
0.632707
0.638069
0.643532
0.649145
0.654969
0.661089
0.667625
0.674745
0.682696
0.691826
0.70261
0.715642
0.731684
0.74333
0.735371
0.722445
0.711899
0.707195
0.712035
0.730206
0.759814
0.787254
0.798461
0.55671
0.557989
0.5593
0.560701
0.562283
0.564191
0.566655
0.570089
0.575335
0.58467
0.589627
0.593959
0.59815
0.602335
0.606559
0.610843
0.615204
0.619662
0.624242
0.628974
0.633902
0.639087
0.644613
0.650602
0.657231
0.664765
0.6736
0.68434
0.69787
0.715381
0.735371
0.743558
0.738783
0.72905
0.721603
0.721957
0.734578
0.759489
0.785617
0.797936
0.563921
0.564999
0.566039
0.567089
0.568222
0.569549
0.571241
0.573577
0.577044
0.582585
0.587158
0.591301
0.595298
0.599271
0.603273
0.60733
0.611461
0.615682
0.620017
0.624492
0.629145
0.634031
0.639222
0.644826
0.650994
0.65795
0.666027
0.675732
0.687814
0.703302
0.722445
0.738782
0.745431
0.742488
0.735953
0.733105
0.740167
0.759643
0.783674
0.797194
0.572263
0.573151
0.573951
0.574702
0.575466
0.576333
0.577435
0.57897
0.58123
0.584624
0.588261
0.591944
0.595665
0.599441
0.603285
0.607206
0.611216
0.615326
0.619557
0.623933
0.62849
0.633274
0.638347
0.643795
0.649732
0.656318
0.663786
0.67248
0.68292
0.695849
0.711898
0.729049
0.742488
0.748208
0.746875
0.744012
0.746919
0.760771
0.781729
0.796202
0.582416
0.583132
0.583725
0.584234
0.584712
0.585241
0.585931
0.586936
0.588451
0.590695
0.593475
0.596605
0.599979
0.60354
0.607258
0.611117
0.615113
0.619253
0.623549
0.628021
0.632699
0.637618
0.642823
0.648367
0.654315
0.660746
0.667769
0.675554
0.684383
0.694728
0.707195
0.721602
0.735952
0.746875
0.751905
0.75236
0.753834
0.762962
0.780124
0.794962
0.59572
0.596291
0.596719
0.597042
0.597316
0.59762
0.598056
0.598759
0.599882
0.601576
0.603845
0.606608
0.609771
0.613261
0.617027
0.621036
0.625274
0.629737
0.634432
0.639375
0.644586
0.650084
0.655889
0.662004
0.668414
0.675072
0.68191
0.688875
0.696008
0.703554
0.712035
0.721957
0.733104
0.744012
0.75236
0.756804
0.759418
0.765716
0.779054
0.793514
0.615103
0.615577
0.615895
0.6161
0.616255
0.616446
0.616782
0.617394
0.618424
0.620003
0.622193
0.624977
0.628303
0.63211
0.636348
0.640983
0.645998
0.651389
0.657166
0.663343
0.669926
0.676901
0.684204
0.691697
0.699143
0.706226
0.712617
0.718085
0.722612
0.726465
0.730206
0.734578
0.740167
0.746919
0.753834
0.759418
0.76337
0.768453
0.778548
0.791925
0.6472
0.647677
0.64798
0.648166
0.648316
0.648535
0.648951
0.649714
0.650976
0.652876
0.655502
0.658882
0.662995
0.667806
0.673277
0.679379
0.686092
0.693389
0.70122
0.709471
0.717978
0.726487
0.734636
0.74203
0.74832
0.75328
0.756825
0.758999
0.75997
0.760059
0.759814
0.759489
0.759643
0.760771
0.762962
0.765716
0.768453
0.771979
0.779006
0.79043
0.703628
0.704222
0.704614
0.704887
0.705145
0.705522
0.706173
0.707271
0.708987
0.711466
0.714805
0.719032
0.724114
0.729965
0.736456
0.743408
0.750593
0.757736
0.764543
0.770746
0.776144
0.780628
0.784181
0.786848
0.788716
0.789877
0.790406
0.790355
0.789756
0.788664
0.787254
0.785618
0.783674
0.781729
0.780124
0.779054
0.778548
0.779006
0.782093
0.789921
0.774331
0.77468
0.774914
0.775086
0.775265
0.775532
0.775979
0.776695
0.777756
0.7792
0.781013
0.783123
0.785416
0.787752
0.789998
0.792044
0.793817
0.795284
0.796451
0.797346
0.798012
0.798493
0.79883
0.799056
0.799197
0.799266
0.79927
0.799206
0.799061
0.798817
0.798461
0.797936
0.797194
0.796202
0.794962
0.793514
0.791925
0.79043
0.789921
0.792513
0.21802
0.229801
0.24746
0.267957
0.288803
0.308762
0.327367
0.344501
0.360193
0.374533
0.387632
0.399614
0.410606
0.42073
0.430085
0.438758
0.446828
0.45437
0.461452
0.468128
0.474454
0.480479
0.486252
0.491819
0.497227
0.502525
0.507768
0.513017
0.518342
0.523833
0.5296
0.535787
0.542592
0.550298
0.559337
0.570415
0.584869
0.606207
0.64685
0.732368
0.229798
0.242237
0.259284
0.278383
0.297731
0.316393
0.333956
0.350277
0.365341
0.379195
0.391919
0.403612
0.414382
0.42433
0.433541
0.442092
0.450056
0.457505
0.464501
0.471095
0.477338
0.483279
0.488961
0.494427
0.499721
0.504889
0.509982
0.51506
0.520197
0.525483
0.531036
0.537007
0.543602
0.551111
0.559972
0.570896
0.585224
0.606463
0.647058
0.732599
0.247458
0.259284
0.274731
0.291829
0.309272
0.326317
0.34258
0.35788
0.372153
0.385396
0.397647
0.408975
0.419459
0.429173
0.438185
0.446563
0.454376
0.461688
0.468552
0.475019
0.481133
0.486938
0.492473
0.497775
0.502883
0.50784
0.512693
0.517505
0.522351
0.527333
0.532578
0.538253
0.544574
0.551843
0.560502
0.571265
0.58547
0.606617
0.647155
0.732708
0.267956
0.278383
0.291829
0.306803
0.322298
0.337684
0.352597
0.366826
0.380262
0.392857
0.404607
0.415545
0.425714
0.435162
0.443943
0.452116
0.459746
0.466888
0.473588
0.479894
0.485844
0.491476
0.496821
0.50191
0.506775
0.511452
0.515986
0.520437
0.52489
0.529458
0.53429
0.539576
0.545552
0.55253
0.560957
0.571549
0.585637
0.606704
0.647192
0.732761
0.288803
0.29773
0.309271
0.322297
0.336003
0.349852
0.363499
0.376717
0.389364
0.401353
0.412641
0.423212
0.433071
0.442246
0.450782
0.458735
0.466164
0.473115
0.479634
0.485759
0.491526
0.496963
0.502093
0.506939
0.511521
0.515865
0.520009
0.52401
0.527959
0.531987
0.536278
0.541059
0.546599
0.553224
0.561386
0.571794
0.58577
0.606772
0.647234
0.732844
0.308762
0.316392
0.326317
0.337684
0.349852
0.362367
0.374907
0.38725
0.399232
0.410736
0.421662
0.431932
0.441517
0.450435
0.458731
0.466466
0.473687
0.480442
0.486773
0.492716
0.498297
0.503537
0.508449
0.513044
0.517326
0.521307
0.525006
0.528472
0.531794
0.535128
0.538707
0.54283
0.547813
0.554004
0.561854
0.572062
0.585928
0.606884
0.647364
0.733062
0.327367
0.333955
0.342579
0.352597
0.363499
0.374907
0.386543
0.3982
0.409717
0.420937
0.431674
0.441759
0.451138
0.459837
0.467918
0.475442
0.482462
0.48903
0.495184
0.500957
0.506369
0.511433
0.516151
0.520518
0.524519
0.528139
0.53137
0.534229
0.536792
0.53923
0.541851
0.54509
0.549343
0.554984
0.562458
0.572437
0.586191
0.60712
0.647678
0.733534
0.344501
0.350276
0.35788
0.366826
0.376717
0.38725
0.3982
0.409408
0.420732
0.431981
0.442847
0.452939
0.462213
0.47075
0.478644
0.485976
0.492814
0.499214
0.505217
0.510851
0.516134
0.52107
0.525651
0.529856
0.533646
0.53697
0.53977
0.541999
0.543671
0.544941
0.546205
0.548186
0.551426
0.556333
0.563325
0.573024
0.58665
0.607566
0.648282
0.734384
0.360193
0.36534
0.372153
0.380263
0.389364
0.399232
0.409717
0.420732
0.432214
0.444048
0.455787
0.466199
0.475493
0.483921
0.491656
0.498821
0.505505
0.511771
0.517665
0.523216
0.528439
0.533335
0.537888
0.542062
0.545797
0.548999
0.551536
0.553242
0.553962
0.55369
0.552845
0.552794
0.554452
0.558286
0.564614
0.573945
0.587406
0.608312
0.649277
0.735729
0.374533
0.379195
0.385396
0.392857
0.401353
0.410736
0.420937
0.431981
0.444048
0.457609
0.473181
0.484287
0.493665
0.501996
0.509587
0.516612
0.523185
0.529381
0.535253
0.540834
0.546143
0.551183
0.555939
0.560371
0.564405
0.567918
0.5707
0.572406
0.572481
0.570187
0.565246
0.560564
0.559097
0.561141
0.566489
0.575308
0.588541
0.60943
0.65075
0.737658
0.387632
0.391919
0.397648
0.404607
0.412641
0.421662
0.431675
0.442847
0.455786
0.473181
0.748373
0.757126
0.751561
0.747977
0.745824
0.744578
0.743955
0.743777
0.743915
0.744264
0.744734
0.745228
0.745641
0.745837
0.745627
0.744701
0.742473
0.737582
0.726037
0.695651
0.569837
0.56479
0.562943
0.564186
0.568789
0.577108
0.590085
0.610954
0.652751
0.740221
0.399613
0.403611
0.408975
0.415545
0.423212
0.431932
0.44176
0.45294
0.466199
0.484287
0.757126
0.795291
0.796562
0.795915
0.795407
0.795058
0.794831
0.7947
0.79464
0.794631
0.794651
0.794682
0.7947
0.794677
0.794574
0.794326
0.793804
0.792713
0.790217
0.783971
0.575187
0.568526
0.56642
0.567251
0.571354
0.579264
0.592005
0.612874
0.655294
0.743412
0.410606
0.414382
0.419459
0.425715
0.433071
0.441517
0.451138
0.462214
0.475493
0.493665
0.751561
0.796562
0.799748
0.799827
0.799794
0.799767
0.799747
0.799734
0.799726
0.799723
0.799721
0.799721
0.799721
0.799718
0.79971
0.799692
0.799658
0.799588
0.799441
0.799145
0.58026
0.572091
0.569741
0.570317
0.574085
0.581688
0.59424
0.615146
0.65836
0.747179
0.42073
0.42433
0.429173
0.435162
0.442246
0.450435
0.459837
0.47075
0.483921
0.501996
0.747977
0.795915
0.799827
0.799989
0.799993
0.799992
0.79999
0.79999
0.799989
0.799989
0.79999
0.799989
0.799989
0.799989
0.799989
0.799987
0.799986
0.799984
0.799979
0.799971
0.585113
0.575577
0.57299
0.573386
0.576925
0.584307
0.59672
0.617712
0.661916
0.751428
0.430085
0.433541
0.438185
0.443943
0.450782
0.458732
0.467918
0.478644
0.491656
0.509587
0.745823
0.795407
0.799794
0.799993
0.8
0.8
0.8
0.8
0.8
0.8
0.8
0.8
0.8
0.8
0.8
0.8
0.8
0.8
0.8
0.799999
0.5898
0.579014
0.576205
0.576461
0.579838
0.587065
0.599385
0.620512
0.665929
0.756033
0.438759
0.442092
0.446564
0.452117
0.458735
0.466466
0.475442
0.485976
0.498821
0.516612
0.744578
0.795058
0.799767
0.799992
0.8
0.8
0.8
0.8
0.8
0.8
0.8
0.8
0.8
0.8
0.8
0.8
0.8
0.8
0.8
0.8
0.594349
0.58242
0.579402
0.579544
0.582804
0.589922
0.602179
0.623493
0.670371
0.760842
0.446829
0.450057
0.454377
0.459747
0.466164
0.473687
0.482463
0.492814
0.505505
0.523185
0.743955
0.794831
0.799747
0.79999
0.8
0.8
0.8
0.8
0.8
0.8
0.8
0.8
0.8
0.8
0.8
0.8
0.8
0.8
0.8
0.8
0.598784
0.585806
0.582592
0.582637
0.585808
0.592846
0.605058
0.626613
0.675232
0.765688
0.454371
0.457506
0.461689
0.466888
0.473115
0.480442
0.48903
0.499215
0.511772
0.529381
0.743777
0.7947
0.799734
0.79999
0.8
0.8
0.8
0.8
0.8
0.8
0.8
0.8
0.8
0.8
0.8
0.8
0.8
0.8
0.8
0.8
0.603126
0.589186
0.585785
0.585745
0.588844
0.595814
0.607983
0.62984
0.680512
0.770401
0.461452
0.464501
0.468553
0.473589
0.479634
0.486774
0.495185
0.505217
0.517666
0.535252
0.743915
0.79464
0.799726
0.799989
0.8
0.8
0.8
0.8
0.8
0.8
0.8
0.8
0.8
0.8
0.8
0.8
0.8
0.8
0.8
0.8
0.607396
0.592577
0.588995
0.588873
0.591905
0.598806
0.610917
0.633155
0.686221
0.774821
0.468128
0.471095
0.47502
0.479894
0.48576
0.492716
0.500957
0.510852
0.523217
0.540834
0.744265
0.794631
0.799723
0.799989
0.8
0.8
0.8
0.8
0.8
0.8
0.8
0.8
0.8
0.8
0.8
0.8
0.8
0.8
0.8
0.8
0.611613
0.595996
0.592233
0.592029
0.59499
0.601803
0.613826
0.636554
0.692354
0.778817
0.474454
0.477339
0.481134
0.485845
0.491527
0.498297
0.50637
0.516134
0.52844
0.546143
0.744734
0.794651
0.799721
0.79999
0.8
0.8
0.8
0.8
0.8
0.8
0.8
0.8
0.8
0.8
0.8
0.8
0.8
0.8
0.8
0.8
0.615796
0.599469
0.595516
0.595222
0.598094
0.604784
0.616673
0.640009
0.698868
0.782297
0.480479
0.48328
0.486939
0.491476
0.496963
0.503537
0.511434
0.52107
0.533335
0.551184
0.745228
0.794682
0.799721
0.799989
0.8
0.8
0.8
0.8
0.8
0.8
0.8
0.8
0.8
0.8
0.8
0.8
0.8
0.8
0.8
0.8
0.619969
0.603024
0.598866
0.598462
0.601213
0.607726
0.61942
0.643469
0.705638
0.785208
0.486252
0.488961
0.492473
0.496821
0.502094
0.50845
0.516152
0.525652
0.537888
0.555939
0.745641
0.7947
0.799721
0.799989
0.8
0.8
0.8
0.8
0.8
0.8
0.8
0.8
0.8
0.8
0.8
0.8
0.8
0.8
0.8
0.8
0.624152
0.606696
0.602306
0.601761
0.604341
0.610602
0.622027
0.646885
0.712418
0.787531
0.491819
0.494427
0.497775
0.50191
0.506939
0.513044
0.520518
0.529856
0.542063
0.560371
0.745837
0.794677
0.799718
0.799989
0.8
0.8
0.8
0.8
0.8
0.8
0.8
0.8
0.8
0.8
0.8
0.8
0.8
0.8
0.8
0.8
0.628371
0.61053
0.605866
0.60513
0.607468
0.61338
0.624457
0.650188
0.718823
0.78927
0.497227
0.499721
0.502883
0.506775
0.511521
0.517327
0.52452
0.533647
0.545798
0.564405
0.745627
0.794574
0.79971
0.799989
0.8
0.8
0.8
0.8
0.8
0.8
0.8
0.8
0.8
0.8
0.8
0.8
0.8
0.8
0.8
0.8
0.632646
0.61458
0.609584
0.608582
0.610585
0.616029
0.626675
0.653277
0.724365
0.790437
0.502526
0.504889
0.50784
0.511452
0.515866
0.521307
0.52814
0.536971
0.548999
0.567917
0.744701
0.794326
0.799692
0.799987
0.8
0.8
0.8
0.8
0.8
0.8
0.8
0.8
0.8
0.8
0.8
0.8
0.8
0.8
0.8
0.8
0.636994
0.618919
0.61351
0.612138
0.613686
0.618523
0.628655
0.656008
0.728534
0.79104
0.507769
0.509982
0.512693
0.515986
0.520009
0.525007
0.531371
0.53977
0.551536
0.5707
0.742473
0.793804
0.799658
0.799986
0.8
0.8
0.8
0.8
0.8
0.8
0.8
0.8
0.8
0.8
0.8
0.8
0.8
0.8
0.8
0.8
0.641425
0.623645
0.617722
0.615835
0.616774
0.620851
0.630375
0.658191
0.730899
0.791058
0.513017
0.515061
0.517505
0.520438
0.524011
0.528472
0.53423
0.541999
0.553242
0.572406
0.737582
0.792713
0.799588
0.799984
0.8
0.8
0.8
0.8
0.8
0.8
0.8
0.8
0.8
0.8
0.8
0.8
0.8
0.8
0.8
0.8
0.645945
0.628908
0.622349
0.619745
0.619886
0.623034
0.63182
0.659613
0.73118
0.790429
0.518343
0.520197
0.522352
0.524891
0.527959
0.531794
0.536792
0.543672
0.553962
0.572481
0.726037
0.790217
0.799441
0.799979
0.8
0.8
0.8
0.8
0.8
0.8
0.8
0.8
0.8
0.8
0.8
0.8
0.8
0.8
0.8
0.8
0.650619
0.635009
0.627655
0.624042
0.623132
0.625161
0.633001
0.660086
0.729271
0.789024
0.523834
0.525484
0.527333
0.529459
0.531988
0.535128
0.539231
0.544942
0.55369
0.570187
0.695651
0.783971
0.799145
0.799971
0.799999
0.8
0.8
0.8
0.8
0.8
0.8
0.8
0.8
0.8
0.8
0.8
0.8
0.8
0.8
0.8
0.655894
0.642694
0.634273
0.629166
0.626811
0.627447
0.634016
0.659486
0.725218
0.786646
0.529601
0.531037
0.532579
0.534291
0.536278
0.538707
0.541851
0.546206
0.552846
0.565246
0.569837
0.575187
0.58026
0.585113
0.5898
0.594349
0.598784
0.603127
0.607396
0.611613
0.615796
0.619969
0.624153
0.628371
0.632646
0.636994
0.641425
0.645945
0.650619
0.655894
0.659274
0.652019
0.643061
0.635979
0.631583
0.630367
0.635178
0.657945
0.719048
0.78294
0.535788
0.537008
0.538253
0.539577
0.54106
0.54283
0.54509
0.548187
0.552795
0.560564
0.56479
0.568526
0.572092
0.575577
0.579015
0.58242
0.585807
0.589187
0.592577
0.595997
0.59947
0.603024
0.606696
0.61053
0.61458
0.618919
0.623644
0.628908
0.635009
0.642694
0.652019
0.654635
0.650487
0.643827
0.637888
0.634586
0.637101
0.656265
0.711405
0.777624
0.542592
0.543603
0.544575
0.545553
0.546599
0.547813
0.549343
0.551426
0.554453
0.559098
0.562943
0.56642
0.569741
0.57299
0.576205
0.579402
0.582592
0.585786
0.588995
0.592233
0.595517
0.598866
0.602306
0.605866
0.609584
0.61351
0.617722
0.622349
0.627654
0.634273
0.64306
0.650487
0.652802
0.650059
0.6449
0.640383
0.640526
0.65542
0.703476
0.770636
0.550298
0.551111
0.551844
0.55253
0.553224
0.554004
0.554985
0.556333
0.558287
0.561142
0.564186
0.567251
0.570317
0.573386
0.576462
0.579545
0.582638
0.585745
0.588873
0.592029
0.595222
0.598463
0.601761
0.60513
0.608582
0.612139
0.615835
0.619745
0.624042
0.629166
0.635979
0.643827
0.650059
0.65235
0.650638
0.647066
0.645849
0.656515
0.696669
0.762393
0.559337
0.559972
0.560502
0.560958
0.561386
0.561854
0.562458
0.563325
0.564615
0.56649
0.56879
0.571355
0.574086
0.576925
0.579839
0.582804
0.585809
0.588844
0.591906
0.59499
0.598094
0.601213
0.604341
0.607468
0.610585
0.613686
0.616774
0.619886
0.623133
0.626811
0.631582
0.637888
0.644899
0.650638
0.653375
0.65311
0.652681
0.660349
0.692569
0.753987
0.570415
0.570896
0.571265
0.571549
0.571795
0.572062
0.572437
0.573024
0.573945
0.575309
0.577108
0.579264
0.581689
0.584308
0.587066
0.589922
0.592846
0.595814
0.598806
0.601803
0.604785
0.607726
0.610602
0.61338
0.616029
0.618523
0.620851
0.623035
0.625161
0.627447
0.630367
0.634586
0.640383
0.647066
0.65311
0.657186
0.659922
0.666993
0.692511
0.747097
0.584869
0.585224
0.58547
0.585638
0.58577
0.585929
0.586191
0.586651
0.587406
0.588542
0.590085
0.592006
0.59424
0.596721
0.599385
0.602179
0.605058
0.607983
0.610917
0.613826
0.616674
0.619421
0.622028
0.624457
0.626675
0.628655
0.630375
0.63182
0.633001
0.634016
0.635178
0.637101
0.640526
0.645849
0.652681
0.659922
0.666808
0.675827
0.697083
0.743508
0.606207
0.606463
0.606617
0.606704
0.606772
0.606885
0.60712
0.607567
0.608313
0.60943
0.610955
0.612875
0.615147
0.617712
0.620512
0.623494
0.626614
0.62984
0.633155
0.636554
0.640009
0.64347
0.646885
0.650188
0.653277
0.656008
0.658191
0.659613
0.660086
0.659486
0.657945
0.656265
0.65542
0.656515
0.660349
0.666992
0.675827
0.687159
0.706312
0.744496
0.646851
0.647058
0.647155
0.647192
0.647234
0.647364
0.647678
0.648282
0.649278
0.65075
0.652751
0.655294
0.65836
0.661917
0.665929
0.670371
0.675232
0.680512
0.686221
0.692354
0.698868
0.705638
0.712418
0.718823
0.724365
0.728534
0.730899
0.73118
0.729271
0.725218
0.719048
0.711405
0.703476
0.69667
0.692569
0.692511
0.697083
0.706312
0.722017
0.751167
0.732368
0.7326
0.732708
0.732761
0.732844
0.733063
0.733534
0.734385
0.735729
0.737658
0.740221
0.743412
0.747179
0.751428
0.756033
0.760842
0.765688
0.770401
0.774821
0.778818
0.782297
0.785208
0.787531
0.78927
0.790437
0.79104
0.791058
0.790429
0.789024
0.786646
0.78294
0.777624
0.770636
0.762393
0.753987
0.747098
0.743508
0.744496
0.751167
0.766902
0.201385
0.205891
0.218846
0.23939
0.262555
0.285228
0.306277
0.325438
0.342761
0.358393
0.372511
0.385289
0.396892
0.407478
0.417192
0.426151
0.434451
0.442176
0.449402
0.456196
0.462615
0.468713
0.474539
0.480142
0.48557
0.490871
0.4961
0.501314
0.506584
0.511991
0.517636
0.523649
0.530198
0.537519
0.545965
0.55614
0.569346
0.589219
0.62724
0.712216
0.205889
0.214239
0.230106
0.25071
0.27258
0.293802
0.313614
0.331798
0.34837
0.363427
0.377101
0.389534
0.400868
0.411246
0.420792
0.429611
0.43779
0.445407
0.452535
0.459235
0.46556
0.471561
0.477284
0.482773
0.488074
0.493231
0.498297
0.50333
0.5084
0.513593
0.519017
0.524808
0.531143
0.538265
0.546531
0.556547
0.569616
0.589378
0.627338
0.712343
0.218842
0.230105
0.246613
0.265825
0.285667
0.304978
0.323212
0.340159
0.355777
0.370101
0.383208
0.395198
0.406185
0.416286
0.425603
0.434225
0.44223
0.44969
0.45667
0.463225
0.469405
0.475253
0.480812
0.486122
0.491221
0.496153
0.500966
0.505721
0.510492
0.515374
0.520487
0.52598
0.532044
0.538929
0.546995
0.556848
0.569788
0.589447
0.627345
0.71236
0.239388
0.25071
0.265825
0.282843
0.300413
0.317716
0.334302
0.349946
0.36455
0.378089
0.390586
0.402096
0.412702
0.422491
0.431542
0.439929
0.447722
0.454989
0.461784
0.468158
0.474153
0.479808
0.485158
0.490236
0.495074
0.499711
0.504191
0.508575
0.512945
0.51741
0.52211
0.527219
0.532943
0.539545
0.547387
0.557072
0.569887
0.589455
0.627302
0.712332
0.262555
0.272581
0.285667
0.300413
0.315822
0.331246
0.346284
0.360694
0.374335
0.387129
0.399045
0.410098
0.420331
0.4298
0.438568
0.446699
0.454261
0.461311
0.467898
0.474067
0.479854
0.485291
0.490404
0.495216
0.499751
0.504037
0.508112
0.512036
0.515897
0.519823
0.523987
0.528601
0.533901
0.540164
0.547752
0.557259
0.569956
0.589449
0.627268
0.71234
0.285229
0.293803
0.304978
0.317715
0.331246
0.345035
0.358718
0.372051
0.384864
0.397033
0.408475
0.419148
0.429049
0.438214
0.4467
0.454572
0.461894
0.468717
0.475088
0.481045
0.486618
0.49183
0.496698
0.501233
0.505446
0.509347
0.512963
0.516341
0.519574
0.522811
0.526276
0.530249
0.535012
0.540859
0.548152
0.557466
0.570049
0.589486
0.627319
0.712483
0.306278
0.313613
0.323211
0.334301
0.346284
0.358718
0.371287
0.383758
0.395951
0.40771
0.418874
0.429294
0.438933
0.447829
0.456051
0.463672
0.470756
0.477355
0.483514
0.489266
0.494637
0.49964
0.504281
0.508558
0.512461
0.51598
0.51911
0.521874
0.524349
0.526705
0.529236
0.532353
0.536416
0.54174
0.548676
0.55777
0.570236
0.589639
0.62754
0.712874
0.325438
0.331798
0.340159
0.349945
0.360694
0.372051
0.383757
0.395622
0.40749
0.419184
0.430407
0.440774
0.450249
0.458923
0.466907
0.474291
0.481148
0.487536
0.493501
0.499073
0.504273
0.509107
0.513571
0.517647
0.521304
0.524496
0.527173
0.529299
0.530894
0.532111
0.533332
0.53524
0.538334
0.542962
0.549442
0.558267
0.570601
0.589988
0.628027
0.71363
0.34276
0.348368
0.355776
0.364549
0.374334
0.384863
0.395951
0.40749
0.419422
0.431638
0.44368
0.4543
0.463723
0.472222
0.479988
0.487148
0.493795
0.499996
0.505798
0.511233
0.516318
0.521057
0.525437
0.529428
0.532976
0.535998
0.538376
0.539962
0.540619
0.540351
0.539562
0.539539
0.541133
0.544745
0.550596
0.559066
0.571232
0.590614
0.628869
0.714865
0.358393
0.363426
0.3701
0.378089
0.387128
0.397033
0.40771
0.419184
0.431638
0.445539
0.461373
0.472588
0.481998
0.490316
0.497858
0.504802
0.511262
0.517317
0.523018
0.528399
0.533481
0.538266
0.542742
0.546876
0.550601
0.553811
0.556321
0.557826
0.557829
0.555664
0.551075
0.546741
0.545419
0.547357
0.552285
0.560262
0.572203
0.591582
0.630142
0.716664
0.372511
0.377101
0.383207
0.390585
0.399045
0.408475
0.418874
0.430407
0.44368
0.461374
0.744993
0.753527
0.747228
0.743045
0.740391
0.738702
0.737667
0.737097
0.736859
0.73684
0.736945
0.737076
0.737119
0.736933
0.736313
0.734928
0.732147
0.726461
0.713357
0.679527
0.555563
0.550696
0.54897
0.55014
0.554357
0.561846
0.573535
0.592926
0.631887
0.719078
0.385289
0.389534
0.395197
0.402095
0.410097
0.419148
0.429294
0.440774
0.4543
0.472589
0.753528
0.794473
0.7959
0.795078
0.794407
0.793916
0.793565
0.793324
0.793165
0.793066
0.793001
0.79295
0.792881
0.792761
0.792538
0.792123
0.791347
0.789814
0.786376
0.777791
0.561019
0.554222
0.552178
0.552934
0.55666
0.563741
0.575199
0.594636
0.634107
0.722112
0.396892
0.400868
0.406184
0.412701
0.420331
0.429049
0.438933
0.450249
0.463723
0.481998
0.747228
0.7959
0.79968
0.799775
0.79973
0.79969
0.799658
0.799635
0.799618
0.799607
0.799598
0.79959
0.799582
0.799571
0.799552
0.799518
0.799459
0.799347
0.799118
0.798646
0.566106
0.557566
0.555224
0.555713
0.559099
0.565861
0.577135
0.596675
0.636774
0.725732
0.407479
0.411245
0.416285
0.422491
0.4298
0.438214
0.447829
0.458924
0.472222
0.490316
0.743045
0.795078
0.799775
0.799986
0.79999
0.799988
0.799986
0.799986
0.799984
0.799984
0.799983
0.799983
0.799982
0.799981
0.79998
0.799979
0.799976
0.799972
0.799963
0.799949
0.570891
0.560803
0.558183
0.558477
0.561617
0.568138
0.579282
0.598991
0.639843
0.729871
0.417193
0.420792
0.425602
0.431541
0.438568
0.4467
0.45605
0.466907
0.479988
0.497858
0.740391
0.794407
0.79973
0.79999
0.8
0.8
0.8
0.8
0.8
0.8
0.8
0.8
0.8
0.8
0.8
0.8
0.8
0.799999
0.799999
0.799999
0.57545
0.563963
0.561087
0.561225
0.564179
0.570516
0.581584
0.601532
0.643261
0.734446
0.426152
0.42961
0.434224
0.439928
0.4467
0.454572
0.463672
0.474291
0.487148
0.504802
0.738702
0.793916
0.79969
0.799988
0.8
0.8
0.8
0.8
0.8
0.8
0.8
0.8
0.8
0.8
0.8
0.8
0.8
0.8
0.8
0.8
0.579825
0.567064
0.56395
0.563955
0.566761
0.572958
0.583995
0.604249
0.646979
0.739356
0.434451
0.437789
0.44223
0.447722
0.454261
0.461894
0.470756
0.481148
0.493795
0.511263
0.737667
0.793565
0.799658
0.799986
0.8
0.8
0.8
0.8
0.8
0.8
0.8
0.8
0.8
0.8
0.8
0.8
0.8
0.8
0.8
0.8
0.584045
0.570118
0.566783
0.56667
0.56935
0.575434
0.586478
0.607099
0.650954
0.744486
0.442176
0.445407
0.449689
0.454989
0.461311
0.468717
0.477355
0.487537
0.499996
0.517317
0.737097
0.793324
0.799635
0.799986
0.8
0.8
0.8
0.8
0.8
0.8
0.8
0.8
0.8
0.8
0.8
0.8
0.8
0.8
0.8
0.8
0.588137
0.57314
0.569593
0.569369
0.571935
0.577922
0.589001
0.610043
0.655148
0.749705
0.449403
0.452536
0.45667
0.461784
0.467898
0.475088
0.483514
0.493502
0.505799
0.523018
0.736859
0.793165
0.799618
0.799984
0.8
0.8
0.8
0.8
0.8
0.8
0.8
0.8
0.8
0.8
0.8
0.8
0.8
0.8
0.8
0.8
0.592124
0.576145
0.57239
0.572054
0.574509
0.580406
0.591539
0.613046
0.659533
0.754864
0.456197
0.459235
0.463225
0.468157
0.474067
0.481045
0.489267
0.499074
0.511234
0.5284
0.73684
0.793066
0.799607
0.799984
0.8
0.8
0.8
0.8
0.8
0.8
0.8
0.8
0.8
0.8
0.8
0.8
0.8
0.8
0.8
0.8
0.596028
0.579152
0.575183
0.574729
0.577065
0.58287
0.594067
0.616067
0.664075
0.759805
0.462615
0.46556
0.469404
0.474153
0.479855
0.486618
0.494637
0.504273
0.516319
0.533481
0.736945
0.793001
0.799598
0.799983
0.8
0.8
0.8
0.8
0.8
0.8
0.8
0.8
0.8
0.8
0.8
0.8
0.8
0.8
0.8
0.8
0.59987
0.58218
0.577983
0.577398
0.579601
0.5853
0.59656
0.619064
0.668736
0.76437
0.468713
0.471561
0.475253
0.479808
0.485291
0.49183
0.49964
0.509107
0.521057
0.538267
0.737076
0.79295
0.79959
0.799983
0.8
0.8
0.8
0.8
0.8
0.8
0.8
0.8
0.8
0.8
0.8
0.8
0.8
0.8
0.8
0.8
0.603669
0.585256
0.580806
0.580066
0.582112
0.587682
0.598988
0.621986
0.673452
0.768415
0.474539
0.477284
0.480812
0.485158
0.490404
0.496698
0.504281
0.513571
0.525438
0.542743
0.737119
0.79288
0.799582
0.799982
0.8
0.8
0.8
0.8
0.8
0.8
0.8
0.8
0.8
0.8
0.8
0.8
0.8
0.8
0.8
0.8
0.607443
0.588412
0.583671
0.582743
0.584596
0.590001
0.60132
0.624772
0.678121
0.771823
0.480142
0.482773
0.486122
0.490236
0.495216
0.501234
0.508558
0.517648
0.529428
0.546876
0.736933
0.792761
0.799571
0.799981
0.8
0.8
0.8
0.8
0.8
0.8
0.8
0.8
0.8
0.8
0.8
0.8
0.8
0.8
0.8
0.8
0.611214
0.59169
0.586605
0.585439
0.587051
0.59224
0.603516
0.627345
0.68258
0.7745
0.48557
0.488074
0.491221
0.495075
0.499752
0.505446
0.512462
0.521304
0.532977
0.550602
0.736313
0.792538
0.799552
0.79998
0.8
0.8
0.8
0.8
0.8
0.8
0.8
0.8
0.8
0.8
0.8
0.8
0.8
0.8
0.8
0.8
0.615001
0.595151
0.589648
0.588178
0.589484
0.594383
0.605529
0.629608
0.686586
0.776373
0.490871
0.493232
0.496153
0.499711
0.504037
0.509348
0.51598
0.524496
0.535999
0.553811
0.734928
0.792123
0.799518
0.799979
0.8
0.8
0.8
0.8
0.8
0.8
0.8
0.8
0.8
0.8
0.8
0.8
0.8
0.8
0.8
0.8
0.618833
0.598882
0.592869
0.590995
0.591906
0.59642
0.607306
0.631446
0.689811
0.777367
0.4961
0.498298
0.500967
0.504191
0.508113
0.512964
0.51911
0.527174
0.538376
0.556321
0.732147
0.791347
0.799459
0.799976
0.8
0.8
0.8
0.8
0.8
0.8
0.8
0.8
0.8
0.8
0.8
0.8
0.8
0.8
0.8
0.8
0.622749
0.60302
0.59638
0.593963
0.594354
0.598351
0.608797
0.632732
0.691868
0.777386
0.501315
0.503331
0.505722
0.508575
0.512037
0.516342
0.521874
0.529299
0.539962
0.557826
0.726461
0.789814
0.799347
0.799972
0.799999
0.8
0.8
0.8
0.8
0.8
0.8
0.8
0.8
0.8
0.8
0.8
0.8
0.8
0.8
0.8
0.626818
0.607799
0.600392
0.59722
0.596911
0.600209
0.609972
0.633338
0.692378
0.776292
0.506585
0.5084
0.510493
0.512945
0.515897
0.519574
0.52435
0.530894
0.540619
0.557829
0.713357
0.786376
0.799118
0.799963
0.799999
0.8
0.8
0.8
0.8
0.8
0.8
0.8
0.8
0.8
0.8
0.8
0.8
0.8
0.8
0.8
0.631179
0.61365
0.605301
0.601048
0.599752
0.602092
0.610853
0.633178
0.691054
0.773895
0.511992
0.513594
0.515374
0.51741
0.519823
0.522812
0.526705
0.532111
0.540352
0.555664
0.679527
0.777791
0.798646
0.799949
0.799999
0.8
0.8
0.8
0.8
0.8
0.8
0.8
0.8
0.8
0.8
0.8
0.8
0.8
0.8
0.8
0.636155
0.621375
0.611865
0.606004
0.603249
0.604234
0.611575
0.632308
0.687763
0.769944
0.517637
0.519017
0.520487
0.52211
0.523987
0.526276
0.529236
0.533332
0.539563
0.551075
0.555564
0.561019
0.566106
0.570891
0.57545
0.579825
0.584045
0.588137
0.592124
0.596028
0.59987
0.603669
0.607443
0.611214
0.615001
0.618833
0.622749
0.626818
0.631179
0.636155
0.63904
0.630771
0.62081
0.612918
0.608061
0.607099
0.61246
0.630931
0.682812
0.764261
0.523649
0.524808
0.525981
0.527219
0.528601
0.530249
0.532354
0.535241
0.539539
0.546741
0.550696
0.554222
0.557567
0.560804
0.563964
0.567064
0.570118
0.57314
0.576146
0.579152
0.58218
0.585256
0.588412
0.59169
0.595151
0.598882
0.60302
0.607799
0.61365
0.621375
0.630771
0.632991
0.628177
0.62084
0.614444
0.611244
0.614047
0.62949
0.676669
0.756799
0.530199
0.531144
0.532045
0.532944
0.533902
0.535012
0.536416
0.538335
0.541134
0.54542
0.548971
0.552178
0.555225
0.558184
0.561087
0.56395
0.566783
0.569593
0.57239
0.575183
0.577984
0.580806
0.583671
0.586605
0.589648
0.592869
0.59638
0.600392
0.605301
0.611865
0.62081
0.628177
0.630122
0.626875
0.621306
0.616742
0.616899
0.628662
0.670084
0.747745
0.53752
0.538266
0.53893
0.539546
0.540164
0.54086
0.54174
0.542962
0.544746
0.547357
0.55014
0.552934
0.555714
0.558477
0.561225
0.563956
0.56667
0.569369
0.572054
0.574729
0.577398
0.580066
0.582743
0.58544
0.588178
0.590995
0.593963
0.59722
0.601048
0.606004
0.612918
0.62084
0.626875
0.628734
0.626557
0.622717
0.621197
0.629215
0.664062
0.737631
0.545966
0.546532
0.546996
0.547388
0.547753
0.548153
0.548677
0.549442
0.550597
0.552286
0.554358
0.556661
0.5591
0.561618
0.564179
0.566762
0.569351
0.571935
0.574509
0.577065
0.579601
0.582112
0.584596
0.587051
0.589484
0.591906
0.594354
0.596911
0.599752
0.603249
0.608061
0.614444
0.621306
0.626557
0.62859
0.627639
0.626442
0.631717
0.659811
0.727402
0.556141
0.556548
0.556849
0.557073
0.55726
0.557467
0.557771
0.558268
0.559067
0.560263
0.561847
0.563742
0.565862
0.568138
0.570516
0.572958
0.575434
0.577922
0.580406
0.58287
0.5853
0.587682
0.590001
0.59224
0.594383
0.59642
0.598351
0.600209
0.602092
0.604234
0.607099
0.611244
0.616742
0.622717
0.627639
0.630377
0.631644
0.636277
0.658578
0.718472
0.569347
0.569617
0.569788
0.569888
0.569956
0.570049
0.570237
0.570602
0.571233
0.572203
0.573536
0.575199
0.577136
0.579283
0.581585
0.583995
0.586478
0.589001
0.591539
0.594067
0.59656
0.598989
0.601321
0.603516
0.605529
0.607306
0.608797
0.609972
0.610853
0.611575
0.61246
0.614047
0.616899
0.621196
0.626442
0.631644
0.636269
0.642626
0.661341
0.712639
0.58922
0.589379
0.589447
0.589455
0.589449
0.589487
0.589639
0.589988
0.590614
0.591583
0.592927
0.594637
0.596675
0.598991
0.601532
0.604249
0.607099
0.610043
0.613046
0.616067
0.619064
0.621986
0.624772
0.627345
0.629608
0.631447
0.632732
0.633338
0.633178
0.632308
0.630931
0.62949
0.628662
0.629215
0.631717
0.636277
0.642626
0.651424
0.668848
0.711736
0.62724
0.627339
0.627345
0.627302
0.627268
0.627319
0.62754
0.628027
0.62887
0.630142
0.631887
0.634107
0.636775
0.639843
0.643262
0.646979
0.650954
0.655149
0.659533
0.664075
0.668736
0.673452
0.678121
0.68258
0.686586
0.689811
0.691868
0.692378
0.691054
0.687763
0.682811
0.676669
0.670084
0.664062
0.659811
0.658578
0.661341
0.668848
0.68402
0.717983
0.712216
0.712342
0.71236
0.712332
0.71234
0.712483
0.712874
0.713631
0.714865
0.716664
0.719078
0.722112
0.725732
0.729871
0.734446
0.739356
0.744486
0.749705
0.754864
0.759804
0.76437
0.768415
0.771823
0.7745
0.776373
0.777367
0.777386
0.776292
0.773895
0.769944
0.764261
0.756799
0.747745
0.737631
0.727402
0.718472
0.712639
0.711736
0.717983
0.73776
0.200002
0.200242
0.204659
0.220132
0.243213
0.26761
0.290557
0.311356
0.33
0.346682
0.361628
0.375059
0.387177
0.398166
0.408191
0.417398
0.425901
0.433797
0.441166
0.448081
0.454605
0.460793
0.466697
0.472368
0.477853
0.483204
0.488473
0.493719
0.499011
0.504429
0.510073
0.516066
0.522572
0.529821
0.538163
0.548221
0.561326
0.580961
0.617679
0.701171
0.200242
0.20228
0.211933
0.230797
0.253779
0.276875
0.298488
0.318191
0.335988
0.352021
0.366469
0.379513
0.391328
0.402077
0.411912
0.420962
0.429333
0.43711
0.444371
0.451182
0.457603
0.463685
0.469477
0.475025
0.480375
0.485573
0.490671
0.495727
0.500812
0.50601
0.511426
0.517194
0.523483
0.53053
0.53869
0.548588
0.561557
0.581084
0.617741
0.701251
0.204655
0.211931
0.226641
0.246468
0.267951
0.289046
0.308883
0.327172
0.343881
0.359082
0.372889
0.385433
0.396852
0.407285
0.416863
0.425697
0.433876
0.441481
0.44858
0.455235
0.461498
0.467417
0.473034
0.478392
0.48353
0.488492
0.493328
0.498098
0.502877
0.507759
0.512861
0.518329
0.524346
0.531155
0.539115
0.54885
0.561689
0.581118
0.617717
0.701233
0.220128
0.230796
0.246468
0.264857
0.284045
0.302901
0.320851
0.337645
0.353194
0.367502
0.380614
0.392611
0.403592
0.413671
0.422954
0.43153
0.439479
0.446872
0.453771
0.46023
0.466295
0.472007
0.477403
0.482516
0.487381
0.492037
0.49653
0.500921
0.505293
0.509753
0.51444
0.519522
0.525201
0.531728
0.539466
0.549033
0.56175
0.581093
0.617648
0.701175
0.243211
0.253779
0.267951
0.284045
0.300836
0.317544
0.333713
0.349088
0.363533
0.376987
0.389433
0.400897
0.411448
0.421169
0.43014
0.438438
0.446132
0.453289
0.459963
0.466202
0.472044
0.477523
0.482667
0.487501
0.49205
0.496344
0.500422
0.504344
0.5082
0.512118
0.516267
0.520855
0.526112
0.532303
0.539788
0.549178
0.561779
0.581055
0.61759
0.701155
0.267612
0.276876
0.289047
0.302901
0.317544
0.332369
0.346977
0.361112
0.374601
0.387327
0.399212
0.410225
0.420395
0.429776
0.438437
0.446449
0.453881
0.460792
0.467232
0.473241
0.478852
0.484091
0.488975
0.493517
0.49773
0.501628
0.505235
0.508603
0.511825
0.51505
0.518499
0.522448
0.527171
0.532952
0.540145
0.549344
0.561833
0.581061
0.617614
0.701267
0.290558
0.298489
0.308884
0.320852
0.333713
0.346977
0.360299
0.373433
0.38619
0.398409
0.409935
0.42064
0.430506
0.439585
0.447952
0.455686
0.462858
0.469524
0.475733
0.48152
0.486911
0.491924
0.496566
0.500835
0.504724
0.508225
0.511336
0.514081
0.516539
0.51888
0.521396
0.524493
0.528521
0.533783
0.540624
0.549605
0.561981
0.581182
0.617803
0.701619
0.311358
0.318192
0.327173
0.337645
0.349088
0.361112
0.373433
0.385843
0.398175
0.410246
0.421773
0.432382
0.442048
0.450872
0.458969
0.466439
0.47336
0.479795
0.485789
0.491376
0.496578
0.501405
0.505852
0.509904
0.513532
0.516692
0.519338
0.521436
0.523008
0.52421
0.525421
0.527315
0.530381
0.534952
0.541341
0.550057
0.562306
0.581496
0.618246
0.702324
0.330002
0.33599
0.343882
0.353195
0.363534
0.374601
0.38619
0.398175
0.410488
0.42303
0.435345
0.446171
0.455749
0.464361
0.472208
0.479426
0.486113
0.492336
0.498145
0.503572
0.508638
0.513348
0.517689
0.521635
0.525134
0.528105
0.530437
0.531985
0.532617
0.532341
0.531557
0.531535
0.533113
0.536678
0.542443
0.550807
0.562894
0.582085
0.61903
0.703487
0.346683
0.352022
0.359083
0.367502
0.376987
0.387327
0.398409
0.410246
0.42303
0.437239
0.453362
0.464744
0.474264
0.482653
0.490239
0.497207
0.503674
0.509717
0.51539
0.520729
0.525753
0.530468
0.534861
0.538903
0.542532
0.545646
0.548069
0.549509
0.549484
0.547346
0.542844
0.538592
0.537302
0.539216
0.54407
0.551948
0.563819
0.583013
0.620224
0.705191
0.361628
0.36647
0.37289
0.380615
0.389432
0.399212
0.409935
0.421773
0.435345
0.453363
0.742881
0.751336
0.74462
0.740094
0.73716
0.735221
0.733959
0.733173
0.732723
0.732498
0.7324
0.732324
0.732159
0.731758
0.730912
0.729281
0.726211
0.720115
0.706172
0.670539
0.547328
0.542479
0.540773
0.541923
0.546073
0.553471
0.565104
0.584311
0.621866
0.707482
0.37506
0.379514
0.385434
0.392611
0.400898
0.410225
0.42064
0.432381
0.44617
0.464745
0.751335
0.793938
0.795465
0.794527
0.793747
0.793161
0.792726
0.792409
0.792181
0.792016
0.791889
0.791775
0.791641
0.791447
0.791135
0.790603
0.789655
0.787827
0.783765
0.773645
0.552923
0.545965
0.543908
0.544639
0.5483
0.5553
0.566717
0.58597
0.623954
0.710365
0.387178
0.391329
0.396852
0.403592
0.411449
0.420395
0.430507
0.442048
0.455749
0.474265
0.74462
0.795465
0.799631
0.799739
0.799684
0.799634
0.799594
0.799562
0.799539
0.79952
0.799504
0.799492
0.799477
0.799457
0.799429
0.799383
0.799304
0.799159
0.798864
0.798256
0.558104
0.549265
0.54688
0.547337
0.550658
0.557349
0.568602
0.58795
0.626458
0.713806
0.398167
0.402078
0.407285
0.413672
0.42117
0.429776
0.439585
0.450873
0.464361
0.482653
0.740094
0.794527
0.799739
0.799982
0.799988
0.799985
0.799982
0.799981
0.79998
0.799979
0.799978
0.799977
0.799976
0.799975
0.799973
0.799971
0.799967
0.799961
0.799949
0.799931
0.562936
0.552445
0.549758
0.550012
0.553089
0.559551
0.570697
0.590201
0.629326
0.717745
0.408192
0.411913
0.416864
0.422955
0.43014
0.438437
0.447952
0.45897
0.472208
0.49024
0.73716
0.793747
0.799684
0.799988
0.8
0.8
0.8
0.8
0.8
0.8
0.8
0.8
0.8
0.799999
0.799999
0.799999
0.799999
0.799999
0.799998
0.799998
0.56751
0.555537
0.552572
0.552665
0.555558
0.561852
0.572948
0.592667
0.632502
0.722107
0.417398
0.420963
0.425697
0.431531
0.438438
0.44645
0.455686
0.46644
0.479427
0.497208
0.735221
0.793161
0.799634
0.799985
0.8
0.8
0.8
0.8
0.8
0.8
0.8
0.8
0.8
0.8
0.8
0.8
0.8
0.8
0.8
0.8
0.571878
0.558557
0.555338
0.555294
0.558043
0.564216
0.575307
0.595299
0.635927
0.726808
0.425901
0.429333
0.433877
0.43948
0.446132
0.453882
0.462858
0.473361
0.486113
0.503674
0.733959
0.792726
0.799594
0.799982
0.8
0.8
0.8
0.8
0.8
0.8
0.8
0.8
0.8
0.8
0.8
0.8
0.8
0.8
0.8
0.8
0.576072
0.56152
0.558065
0.557899
0.56053
0.566614
0.57774
0.598051
0.639551
0.731757
0.433797
0.437111
0.441481
0.446873
0.453289
0.460792
0.469525
0.479795
0.492336
0.509717
0.733173
0.792409
0.799562
0.799981
0.8
0.8
0.8
0.8
0.8
0.8
0.8
0.8
0.8
0.8
0.8
0.8
0.8
0.8
0.8
0.8
0.580122
0.564442
0.560761
0.560482
0.563008
0.569025
0.580214
0.60088
0.643327
0.73685
0.441166
0.444371
0.44858
0.453772
0.459964
0.467232
0.475733
0.48579
0.498145
0.515391
0.732723
0.792181
0.799539
0.79998
0.8
0.8
0.8
0.8
0.8
0.8
0.8
0.8
0.8
0.8
0.8
0.8
0.8
0.8
0.8
0.8
0.584052
0.567338
0.563436
0.563044
0.565472
0.571433
0.582703
0.603747
0.647211
0.741969
0.448081
0.451183
0.455235
0.460231
0.466202
0.473241
0.48152
0.491377
0.503573
0.520729
0.732498
0.792016
0.79952
0.799979
0.8
0.8
0.8
0.8
0.8
0.8
0.8
0.8
0.8
0.8
0.8
0.8
0.8
0.8
0.8
0.8
0.587885
0.570226
0.566098
0.56559
0.567918
0.573825
0.585181
0.606612
0.65116
0.746979
0.454605
0.457603
0.461498
0.466295
0.472044
0.478853
0.486912
0.496579
0.508639
0.525754
0.7324
0.791889
0.799504
0.799978
0.8
0.8
0.8
0.8
0.8
0.8
0.8
0.8
0.8
0.8
0.8
0.8
0.8
0.8
0.8
0.8
0.591643
0.573129
0.56876
0.568123
0.570342
0.576188
0.587623
0.609431
0.655125
0.751726
0.460793
0.463686
0.467417
0.472007
0.477523
0.484091
0.491924
0.501405
0.513348
0.530468
0.732324
0.791775
0.799492
0.799977
0.8
0.8
0.8
0.8
0.8
0.8
0.8
0.8
0.8
0.8
0.8
0.8
0.8
0.8
0.8
0.8
0.595347
0.576072
0.571438
0.570653
0.572743
0.578506
0.589997
0.612153
0.659042
0.756048
0.466697
0.469478
0.473035
0.477403
0.482667
0.488975
0.496566
0.505852
0.517689
0.534862
0.732159
0.791641
0.799477
0.799976
0.8
0.8
0.8
0.8
0.8
0.8
0.8
0.8
0.8
0.8
0.8
0.8
0.8
0.8
0.8
0.8
0.599018
0.579091
0.574153
0.57319
0.575122
0.580767
0.592269
0.614717
0.662824
0.759785
0.472368
0.475026
0.478392
0.482516
0.487502
0.493518
0.500835
0.509905
0.521635
0.538904
0.731758
0.791447
0.799457
0.799975
0.799999
0.8
0.8
0.8
0.8
0.8
0.8
0.8
0.8
0.8
0.8
0.8
0.8
0.8
0.8
0.8
0.602679
0.582233
0.576938
0.57575
0.577479
0.582952
0.594395
0.617047
0.666344
0.762784
0.477854
0.480376
0.48353
0.487382
0.492051
0.497731
0.504725
0.513532
0.525134
0.542533
0.730912
0.791135
0.799429
0.799973
0.799999
0.8
0.8
0.8
0.8
0.8
0.8
0.8
0.8
0.8
0.8
0.8
0.8
0.8
0.8
0.8
0.606357
0.585565
0.579839
0.57836
0.579821
0.585044
0.596326
0.619051
0.669424
0.76491
0.483204
0.485574
0.488492
0.492038
0.496344
0.501628
0.508225
0.516693
0.528106
0.545646
0.729281
0.790603
0.799383
0.799971
0.799999
0.8
0.8
0.8
0.8
0.8
0.8
0.8
0.8
0.8
0.8
0.8
0.8
0.8
0.8
0.8
0.610086
0.589185
0.582935
0.581065
0.582164
0.587028
0.598009
0.620624
0.67183
0.76603
0.488473
0.490672
0.493329
0.496531
0.500423
0.505236
0.511336
0.519339
0.530437
0.548069
0.726211
0.789655
0.799304
0.799967
0.799999
0.8
0.8
0.8
0.8
0.8
0.8
0.8
0.8
0.8
0.8
0.8
0.8
0.8
0.8
0.8
0.613912
0.593245
0.586352
0.583943
0.584545
0.588902
0.599394
0.621653
0.673283
0.766007
0.493719
0.495728
0.498099
0.500922
0.504345
0.508604
0.514081
0.521436
0.531985
0.549509
0.720115
0.787827
0.799159
0.799961
0.799999
0.8
0.8
0.8
0.8
0.8
0.8
0.8
0.8
0.8
0.8
0.8
0.8
0.8
0.8
0.8
0.61791
0.597997
0.590315
0.587143
0.587046
0.590693
0.600454
0.622038
0.673489
0.764678
0.499011
0.500813
0.502878
0.505294
0.508201
0.511825
0.516539
0.523009
0.532618
0.549484
0.706172
0.783765
0.798864
0.799949
0.799998
0.8
0.8
0.8
0.8
0.8
0.8
0.8
0.8
0.8
0.8
0.8
0.8
0.8
0.8
0.8
0.622205
0.603878
0.595229
0.590946
0.589839
0.592494
0.601213
0.621725
0.672198
0.761853
0.50443
0.506011
0.507759
0.509754
0.512118
0.51505
0.518881
0.524211
0.532341
0.547346
0.670539
0.773645
0.798256
0.799931
0.799998
0.8
0.8
0.8
0.8
0.8
0.8
0.8
0.8
0.8
0.8
0.8
0.8
0.8
0.8
0.8
0.627041
0.611655
0.601835
0.595899
0.593282
0.594526
0.601797
0.620741
0.669321
0.757333
0.510073
0.511427
0.512861
0.514441
0.516268
0.5185
0.521397
0.525421
0.531558
0.542844
0.547328
0.552923
0.558104
0.562936
0.56751
0.571878
0.576072
0.580122
0.584052
0.587885
0.591643
0.595347
0.599018
0.602679
0.606357
0.610086
0.613912
0.617909
0.622204
0.62704
0.629689
0.621034
0.610788
0.602784
0.598003
0.597231
0.6025
0.61926
0.664934
0.75099
0.516066
0.517195
0.518329
0.519523
0.520856
0.522449
0.524494
0.527316
0.531535
0.538592
0.542479
0.545965
0.549265
0.552446
0.555537
0.558557
0.56152
0.564442
0.567338
0.570227
0.573129
0.576072
0.579092
0.582234
0.585565
0.589185
0.593245
0.597997
0.603878
0.611655
0.621034
0.623057
0.618025
0.61057
0.604198
0.60112
0.603809
0.617657
0.659334
0.74278
0.522573
0.523484
0.524346
0.525201
0.526112
0.527172
0.528521
0.530381
0.533113
0.537302
0.540773
0.543909
0.54688
0.549758
0.552572
0.555338
0.558065
0.560762
0.563436
0.566098
0.56876
0.571438
0.574153
0.576938
0.57984
0.582935
0.586352
0.590315
0.595229
0.601835
0.610788
0.618025
0.619759
0.616348
0.610728
0.6062
0.606207
0.616497
0.653073
0.732837
0.529821
0.530531
0.531155
0.531729
0.532303
0.532952
0.533783
0.534953
0.536678
0.539216
0.541924
0.544639
0.547337
0.550013
0.552665
0.555294
0.5579
0.560483
0.563045
0.56559
0.568124
0.570653
0.57319
0.57575
0.57836
0.581065
0.583944
0.587143
0.590946
0.595899
0.602784
0.61057
0.616347
0.617916
0.615521
0.61155
0.609773
0.616391
0.64694
0.721544
0.538164
0.538691
0.539115
0.539466
0.539789
0.540146
0.540624
0.541342
0.542444
0.54407
0.546073
0.548301
0.550658
0.553089
0.555558
0.558044
0.56053
0.563009
0.565473
0.567918
0.570342
0.572744
0.575122
0.577479
0.579821
0.582164
0.584545
0.587046
0.589839
0.593282
0.598003
0.604198
0.610728
0.615521
0.61706
0.615652
0.613915
0.617717
0.641905
0.70962
0.548222
0.548589
0.54885
0.549033
0.549179
0.549345
0.549606
0.550057
0.550807
0.551949
0.553472
0.5553
0.55735
0.559551
0.561853
0.564217
0.566614
0.569025
0.571434
0.573826
0.576188
0.578507
0.580767
0.582952
0.585044
0.587028
0.588902
0.590693
0.592494
0.594526
0.597231
0.60112
0.6062
0.61155
0.615652
0.617436
0.61761
0.620423
0.638994
0.698251
0.561327
0.561558
0.56169
0.56175
0.56178
0.561834
0.561982
0.562306
0.562895
0.56382
0.565105
0.566718
0.568603
0.570698
0.572948
0.575308
0.57774
0.580214
0.582703
0.585181
0.587623
0.589997
0.592269
0.594395
0.596326
0.598009
0.599394
0.600454
0.601213
0.601797
0.6025
0.603809
0.606207
0.609772
0.613915
0.61761
0.620353
0.624201
0.639115
0.689153
0.580961
0.581084
0.581118
0.581094
0.581056
0.581062
0.581182
0.581497
0.582086
0.583014
0.584312
0.58597
0.587951
0.590202
0.592668
0.5953
0.598051
0.60088
0.603747
0.606612
0.609431
0.612154
0.614717
0.617047
0.619051
0.620624
0.621653
0.622038
0.621725
0.620741
0.61926
0.617657
0.616497
0.616391
0.617717
0.620423
0.624201
0.629747
0.643223
0.684445
0.617679
0.617741
0.617717
0.617648
0.617591
0.617615
0.617803
0.618246
0.61903
0.620224
0.621866
0.623954
0.626458
0.629326
0.632502
0.635928
0.639552
0.643327
0.647211
0.65116
0.655125
0.659043
0.662825
0.666344
0.669424
0.67183
0.673283
0.673489
0.672197
0.669321
0.664934
0.659334
0.653073
0.64694
0.641905
0.638994
0.639115
0.643223
0.65473
0.687097
0.701171
0.701251
0.701233
0.701175
0.701155
0.701267
0.701619
0.702324
0.703487
0.705191
0.707482
0.710365
0.713806
0.717745
0.722107
0.726808
0.731757
0.73685
0.741969
0.746979
0.751726
0.756048
0.759785
0.762784
0.76491
0.76603
0.766007
0.764678
0.761853
0.757333
0.75099
0.74278
0.732837
0.721544
0.70962
0.698251
0.689153
0.684445
0.687097
0.705433
0.2
0.200002
0.200883
0.210054
0.230784
0.25567
0.279767
0.301661
0.32121
0.338612
0.354128
0.368012
0.38049
0.391764
0.402012
0.411393
0.420038
0.428053
0.435524
0.442527
0.449127
0.455383
0.461347
0.467072
0.472605
0.477999
0.483306
0.488587
0.493909
0.499353
0.505018
0.511027
0.517544
0.524798
0.533142
0.543201
0.556276
0.575663
0.611302
0.693251
0.200003
0.200191
0.204136
0.218749
0.241195
0.265266
0.288069
0.308819
0.327467
0.344176
0.359159
0.372628
0.38478
0.395794
0.405834
0.415046
0.423549
0.431437
0.438792
0.445685
0.452175
0.458319
0.464164
0.469759
0.47515
0.480385
0.485514
0.490599
0.495708
0.500927
0.506361
0.512141
0.518438
0.525488
0.53365
0.543548
0.556488
0.575769
0.611344
0.693302
0.200881
0.204134
0.214916
0.233649
0.255812
0.278059
0.299007
0.318236
0.335707
0.351517
0.36581
0.378739
0.390463
0.401133
0.410895
0.419875
0.428175
0.43588
0.443064
0.449791
0.456115
0.462087
0.467751
0.473147
0.47832
0.483312
0.488174
0.492966
0.497765
0.502663
0.507779
0.513257
0.519279
0.52609
0.534052
0.543788
0.556601
0.575787
0.611305
0.693262
0.210046
0.218744
0.233648
0.25254
0.27275
0.292681
0.311594
0.329195
0.345406
0.360248
0.373789
0.386126
0.397374
0.407658
0.417101
0.425807
0.433863
0.441344
0.448317
0.454838
0.460955
0.466712
0.472144
0.477289
0.482181
0.486859
0.491371
0.495779
0.500165
0.504638
0.509336
0.514426
0.52011
0.526639
0.534378
0.543948
0.556641
0.575748
0.611224
0.693186
0.230775
0.241191
0.25581
0.272749
0.290495
0.30811
0.325079
0.341131
0.356139
0.370052
0.382868
0.394626
0.405402
0.415296
0.424405
0.432816
0.440603
0.447836
0.454573
0.460863
0.466747
0.472261
0.477433
0.482289
0.486856
0.491164
0.495255
0.499187
0.503053
0.506979
0.511136
0.515732
0.520993
0.527187
0.534675
0.54407
0.556651
0.575695
0.611155
0.693149
0.255662
0.265262
0.278057
0.29268
0.30811
0.323669
0.33893
0.353627
0.367589
0.380704
0.392902
0.404157
0.414513
0.424041
0.432821
0.44093
0.44844
0.455414
0.461904
0.467954
0.473598
0.478861
0.483764
0.48832
0.492542
0.496446
0.500058
0.50343
0.506655
0.509885
0.51334
0.517295
0.522023
0.527807
0.535005
0.544212
0.556685
0.575686
0.611165
0.693241
0.279762
0.288066
0.299005
0.311593
0.325079
0.33893
0.352783
0.366381
0.379534
0.392079
0.403861
0.414763
0.424786
0.433989
0.442456
0.450271
0.457506
0.464223
0.47047
0.476287
0.4817
0.486727
0.491378
0.495651
0.499541
0.50304
0.506148
0.50889
0.511346
0.513688
0.516207
0.519309
0.523342
0.528609
0.535455
0.544448
0.556812
0.57579
0.611334
0.693566
0.301658
0.308817
0.318235
0.329194
0.341131
0.353627
0.36638
0.379175
0.391837
0.404177
0.415916
0.426689
0.436486
0.445415
0.453594
0.461127
0.468098
0.47457
0.480591
0.486196
0.491409
0.496239
0.500685
0.504732
0.508351
0.5115
0.514135
0.516223
0.517788
0.518987
0.520199
0.522098
0.52517
0.529748
0.536144
0.544874
0.557115
0.576086
0.611749
0.694233
0.321208
0.327466
0.335706
0.345405
0.356139
0.367589
0.379533
0.391837
0.404423
0.417191
0.429694
0.440662
0.450349
0.459045
0.466954
0.47422
0.48094
0.487186
0.493008
0.498441
0.503504
0.508204
0.512531
0.516458
0.519935
0.522885
0.525195
0.526726
0.527348
0.527069
0.526291
0.526279
0.527867
0.53144
0.537217
0.545597
0.557682
0.576652
0.612494
0.695342
0.33861
0.344175
0.351516
0.360247
0.370052
0.380704
0.392079
0.404177
0.417192
0.431615
0.44794
0.45944
0.469043
0.47749
0.485116
0.492109
0.498588
0.504632
0.510296
0.515616
0.520612
0.525291
0.529643
0.533637
0.537215
0.540279
0.542657
0.544063
0.544026
0.541906
0.537455
0.533256
0.532002
0.533939
0.53881
0.546712
0.558584
0.577552
0.613632
0.696972
0.354127
0.359158
0.365809
0.373788
0.382868
0.392902
0.403861
0.415915
0.429694
0.44794
0.741146
0.749557
0.742534
0.737749
0.734602
0.732475
0.731038
0.730086
0.729476
0.729093
0.728836
0.728602
0.728276
0.727709
0.726691
0.724876
0.721594
0.715217
0.70075
0.664168
0.54193
0.537108
0.535432
0.536608
0.54078
0.548207
0.559845
0.578817
0.615201
0.699168
0.368011
0.372628
0.37874
0.386126
0.394626
0.404157
0.414764
0.426689
0.440662
0.45944
0.749557
0.793493
0.795105
0.794073
0.793204
0.792539
0.792034
0.791654
0.791366
0.791145
0.790964
0.790795
0.790603
0.790346
0.789955
0.789323
0.788231
0.786165
0.781616
0.770381
0.54762
0.540577
0.538533
0.539287
0.542974
0.550008
0.561433
0.580435
0.617195
0.701931
0.380489
0.38478
0.390464
0.397374
0.405402
0.414514
0.424786
0.436486
0.450349
0.469043
0.742533
0.795105
0.799591
0.799708
0.799645
0.799587
0.79954
0.799501
0.799471
0.799446
0.799425
0.799405
0.799384
0.799359
0.799321
0.799263
0.799167
0.798992
0.798642
0.797922
0.552876
0.543859
0.541469
0.541947
0.545298
0.55203
0.563292
0.582367
0.619584
0.705229
0.391763
0.395794
0.401134
0.407659
0.415296
0.424042
0.433989
0.445415
0.459045
0.47749
0.737749
0.794073
0.799708
0.79998
0.799986
0.799983
0.79998
0.799978
0.799975
0.799974
0.799973
0.799972
0.79997
0.799969
0.799966
0.799964
0.799959
0.799952
0.799937
0.799915
0.557752
0.547015
0.544309
0.544584
0.547695
0.554204
0.565359
0.584561
0.622313
0.709004
0.402011
0.405834
0.410896
0.417102
0.424406
0.432821
0.442456
0.453594
0.466955
0.485116
0.734601
0.793204
0.799645
0.799986
0.8
0.8
0.8
0.8
0.8
0.8
0.799999
0.799999
0.799999
0.799999
0.799999
0.799999
0.799999
0.799998
0.799998
0.799997
0.562351
0.550075
0.547082
0.547196
0.550129
0.556478
0.567579
0.586961
0.625326
0.713186
0.411392
0.415046
0.419875
0.425808
0.432816
0.44093
0.450271
0.461128
0.47422
0.492109
0.732475
0.792539
0.799587
0.799983
0.8
0.8
0.8
0.8
0.8
0.8
0.8
0.8
0.8
0.8
0.8
0.8
0.8
0.8
0.8
0.8
0.566728
0.553057
0.549803
0.549782
0.552577
0.558813
0.569906
0.589515
0.628561
0.717698
0.420038
0.423549
0.428175
0.433863
0.440603
0.44844
0.457506
0.468098
0.480941
0.498588
0.731038
0.792034
0.79954
0.79998
0.8
0.8
0.8
0.8
0.8
0.8
0.8
0.8
0.8
0.8
0.8
0.8
0.8
0.8
0.8
0.8
0.57092
0.555976
0.55248
0.552342
0.555027
0.561181
0.572302
0.592179
0.631965
0.722459
0.428052
0.431437
0.43588
0.441344
0.447836
0.455414
0.464223
0.47457
0.487187
0.504632
0.730086
0.791654
0.799501
0.799978
0.8
0.8
0.8
0.8
0.8
0.8
0.8
0.8
0.8
0.8
0.8
0.8
0.8
0.8
0.8
0.8
0.574956
0.558848
0.555123
0.554877
0.557467
0.563563
0.574736
0.594909
0.635487
0.727381
0.435524
0.438793
0.443064
0.448317
0.454573
0.461905
0.470471
0.480592
0.493009
0.510296
0.729476
0.791366
0.799471
0.799975
0.8
0.8
0.8
0.8
0.8
0.8
0.8
0.8
0.8
0.8
0.8
0.8
0.8
0.8
0.8
0.8
0.578865
0.56169
0.557741
0.557389
0.559892
0.56594
0.57718
0.597667
0.639079
0.732366
0.442527
0.445685
0.449791
0.454838
0.460863
0.467955
0.476287
0.486197
0.498442
0.515616
0.729093
0.791145
0.799446
0.799974
0.8
0.8
0.8
0.8
0.8
0.8
0.8
0.8
0.8
0.8
0.8
0.8
0.8
0.8
0.8
0.8
0.582668
0.56452
0.560343
0.559883
0.562297
0.568299
0.579608
0.600413
0.642695
0.737297
0.449127
0.452175
0.456116
0.460956
0.466747
0.473598
0.4817
0.49141
0.503505
0.520612
0.728836
0.790964
0.799425
0.799973
0.799999
0.8
0.8
0.8
0.8
0.8
0.8
0.8
0.8
0.8
0.8
0.8
0.8
0.8
0.8
0.8
0.586388
0.56736
0.562943
0.562363
0.564681
0.570626
0.581994
0.603103
0.646282
0.742037
0.455383
0.458319
0.462088
0.466712
0.472261
0.478861
0.486728
0.49624
0.508205
0.525291
0.728602
0.790795
0.799405
0.799972
0.799999
0.8
0.8
0.8
0.8
0.8
0.8
0.8
0.8
0.8
0.8
0.8
0.8
0.8
0.8
0.8
0.590047
0.570239
0.565556
0.564838
0.56704
0.572907
0.584306
0.605687
0.649776
0.746425
0.461347
0.464164
0.467751
0.472144
0.477433
0.483764
0.491378
0.500686
0.512532
0.529643
0.728276
0.790603
0.799384
0.79997
0.799999
0.8
0.8
0.8
0.8
0.8
0.8
0.8
0.8
0.8
0.8
0.8
0.8
0.8
0.8
0.8
0.593668
0.573194
0.568206
0.56732
0.569376
0.575126
0.586511
0.608105
0.653095
0.750288
0.467071
0.46976
0.473148
0.477289
0.48229
0.48832
0.495651
0.504732
0.516458
0.533637
0.727709
0.790346
0.799359
0.799969
0.799999
0.8
0.8
0.8
0.8
0.8
0.8
0.8
0.8
0.8
0.8
0.8
0.8
0.8
0.8
0.8
0.597274
0.576272
0.570926
0.569824
0.571687
0.577266
0.588565
0.610285
0.656124
0.753443
0.472605
0.475151
0.47832
0.482181
0.486857
0.492543
0.499541
0.508351
0.519936
0.537216
0.726691
0.789955
0.799321
0.799966
0.799999
0.8
0.8
0.8
0.8
0.8
0.8
0.8
0.8
0.8
0.8
0.8
0.8
0.8
0.8
0.8
0.600896
0.579543
0.573764
0.572378
0.573982
0.579308
0.590421
0.61214
0.658714
0.755713
0.477999
0.480385
0.483312
0.486859
0.491165
0.496446
0.50304
0.511501
0.522885
0.540279
0.724876
0.789323
0.799263
0.799964
0.799999
0.8
0.8
0.8
0.8
0.8
0.8
0.8
0.8
0.8
0.8
0.8
0.8
0.8
0.8
0.8
0.604566
0.583109
0.5768
0.575026
0.576272
0.581235
0.592025
0.613571
0.66067
0.756923
0.483306
0.485515
0.488174
0.491371
0.495255
0.500058
0.506148
0.514135
0.525195
0.542657
0.721594
0.788231
0.799167
0.799959
0.799999
0.8
0.8
0.8
0.8
0.8
0.8
0.8
0.8
0.8
0.8
0.8
0.8
0.8
0.8
0.8
0.608335
0.587124
0.580161
0.577845
0.578594
0.583044
0.59333
0.614475
0.661762
0.756902
0.488587
0.490599
0.492966
0.495779
0.499188
0.50343
0.50889
0.516223
0.526726
0.544063
0.715217
0.786165
0.798992
0.799952
0.799998
0.8
0.8
0.8
0.8
0.8
0.8
0.8
0.8
0.8
0.8
0.8
0.8
0.8
0.8
0.8
0.612271
0.591842
0.584073
0.58098
0.581025
0.58476
0.59431
0.614759
0.661747
0.755472
0.493909
0.495709
0.497765
0.500166
0.503053
0.506655
0.511346
0.517788
0.527348
0.544026
0.70075
0.781616
0.798642
0.799937
0.799998
0.8
0.8
0.8
0.8
0.8
0.8
0.8
0.8
0.8
0.8
0.8
0.8
0.8
0.8
0.8
0.616488
0.597699
0.588941
0.584713
0.583733
0.586471
0.594987
0.614371
0.660424
0.752448
0.499353
0.500928
0.502663
0.504639
0.506979
0.509885
0.513688
0.518987
0.527069
0.541906
0.664168
0.770381
0.797922
0.799915
0.799997
0.8
0.8
0.8
0.8
0.8
0.8
0.8
0.8
0.8
0.8
0.8
0.8
0.8
0.8
0.8
0.621187
0.605446
0.595497
0.589582
0.587069
0.58839
0.595476
0.613332
0.657671
0.747667
0.505018
0.506361
0.507779
0.509336
0.511137
0.51334
0.516207
0.520199
0.526292
0.537456
0.54193
0.547621
0.552876
0.557752
0.562351
0.566728
0.57092
0.574957
0.578865
0.582668
0.586388
0.590048
0.593668
0.597274
0.600896
0.604566
0.608335
0.612271
0.616487
0.621187
0.623659
0.614765
0.604378
0.596359
0.591651
0.590947
0.596056
0.611797
0.653514
0.741001
0.511027
0.512141
0.513257
0.514427
0.515732
0.517295
0.519309
0.522099
0.526279
0.533257
0.537108
0.540577
0.543859
0.547015
0.550075
0.553057
0.555976
0.558849
0.56169
0.56452
0.567361
0.57024
0.573194
0.576272
0.579543
0.583109
0.587124
0.591842
0.597699
0.605445
0.614765
0.616645
0.611487
0.603989
0.597657
0.59463
0.597185
0.610099
0.648162
0.732399
0.517544
0.518439
0.51928
0.52011
0.520993
0.522023
0.523342
0.52517
0.527867
0.532003
0.535433
0.538533
0.54147
0.54431
0.547083
0.549803
0.552481
0.555124
0.557741
0.560343
0.562943
0.565556
0.568207
0.570926
0.573765
0.5768
0.580161
0.584073
0.588941
0.595497
0.604378
0.611487
0.613074
0.609569
0.603934
0.599421
0.599299
0.608738
0.642037
0.721924
0.524798
0.525489
0.526091
0.52664
0.527187
0.527807
0.528609
0.529748
0.53144
0.533939
0.536608
0.539287
0.541948
0.544585
0.547197
0.549783
0.552342
0.554877
0.557389
0.559883
0.562363
0.564838
0.56732
0.569825
0.572378
0.575026
0.577845
0.58098
0.584713
0.589582
0.596358
0.603989
0.609568
0.610949
0.608426
0.604375
0.602421
0.608226
0.635764
0.709798
0.533142
0.53365
0.534052
0.534379
0.534676
0.535005
0.535456
0.536145
0.537217
0.538811
0.54078
0.542975
0.545299
0.547695
0.550129
0.552578
0.555027
0.557467
0.559892
0.562297
0.564681
0.56704
0.569376
0.571688
0.573982
0.576272
0.578594
0.581025
0.583733
0.587069
0.591651
0.597657
0.603934
0.608426
0.609662
0.607975
0.605896
0.608806
0.630099
0.696465
0.543201
0.543549
0.543788
0.543949
0.544071
0.544212
0.544448
0.544874
0.545598
0.546712
0.548208
0.550008
0.55203
0.554204
0.556478
0.558813
0.561182
0.563563
0.56594
0.568299
0.570626
0.572907
0.575126
0.577266
0.579308
0.581235
0.583044
0.58476
0.586471
0.58839
0.590947
0.59463
0.59942
0.604375
0.607975
0.609173
0.608644
0.610251
0.625798
0.682737
0.556276
0.556488
0.556601
0.556642
0.556652
0.556685
0.556812
0.557116
0.557682
0.558585
0.559845
0.561434
0.563292
0.565359
0.567579
0.569906
0.572302
0.574736
0.57718
0.579608
0.581994
0.584307
0.586511
0.588565
0.590421
0.592025
0.59333
0.59431
0.594987
0.595476
0.596056
0.597185
0.599299
0.602421
0.605896
0.608644
0.610108
0.612088
0.62351
0.670039
0.575663
0.575769
0.575788
0.575748
0.575696
0.575687
0.575791
0.576086
0.576653
0.577553
0.578817
0.580435
0.582368
0.584561
0.586961
0.589516
0.592179
0.59491
0.597668
0.600413
0.603103
0.605687
0.608105
0.610285
0.61214
0.613571
0.614475
0.614759
0.614371
0.613332
0.611797
0.610099
0.608738
0.608226
0.608806
0.610251
0.612088
0.614829
0.62409
0.660662
0.611303
0.611344
0.611306
0.611225
0.611155
0.611165
0.611335
0.61175
0.612494
0.613633
0.615201
0.617196
0.619584
0.622314
0.625326
0.628561
0.631965
0.635487
0.639079
0.642695
0.646282
0.649776
0.653095
0.656124
0.658714
0.66067
0.661762
0.661748
0.660424
0.657671
0.653514
0.648162
0.642037
0.635764
0.630099
0.625798
0.62351
0.62409
0.630993
0.658427
0.693252
0.693302
0.693262
0.693186
0.693149
0.693241
0.693566
0.694233
0.695342
0.696972
0.699168
0.701931
0.705229
0.709004
0.713186
0.717698
0.722459
0.727381
0.732366
0.737297
0.742037
0.746425
0.750288
0.753443
0.755713
0.756923
0.756902
0.755472
0.752448
0.747667
0.741001
0.732399
0.721924
0.709798
0.696465
0.682738
0.670039
0.660662
0.658427
0.709454
)
;

boundaryField
{
    left
    {
        type            fixedValue;
        value           uniform 0;
    }
    right
    {
        type            fixedValue;
        value           uniform 0;
    }
    up
    {
        type            fixedValue;
        value           uniform 0;
    }
    down
    {
        type            fixedValue;
        value           uniform 0;
    }
    front
    {
        type            fixedValue;
        value           uniform 0;
    }
    back
    {
        type            fixedValue;
        value           uniform 0;
    }
}


// ************************************************************************* //
