/*--------------------------------*- C++ -*----------------------------------*\
| =========                 |                                                 |
| \\      /  F ield         | OpenFOAM: The Open Source CFD Toolbox           |
|  \\    /   O peration     | Version:  2.1.0                                 |
|   \\  /    A nd           | Web:      www.OpenFOAM.org                      |
|    \\/     M anipulation  |                                                 |
\*---------------------------------------------------------------------------*/
FoamFile
{
    version     2.0;
    format      ascii;
    class       volScalarField;
    location    "36135";
    object      sw;
}
// * * * * * * * * * * * * * * * * * * * * * * * * * * * * * * * * * * * * * //

dimensions      [0 0 0 0 0 0 0];

internalField   nonuniform List<scalar> 
8000
(
0.734226
0.721964
0.706489
0.689782
0.673002
0.656737
0.641265
0.626703
0.613078
0.600373
0.588535
0.577502
0.567222
0.557642
0.548705
0.540352
0.532526
0.525172
0.51824
0.511679
0.505438
0.49947
0.493731
0.488176
0.482757
0.477427
0.472129
0.466801
0.461365
0.455725
0.449757
0.44329
0.436079
0.427737
0.417584
0.40428
0.384897
0.3528
0.296372
0.225669
0.721965
0.710745
0.696615
0.681235
0.665621
0.65032
0.635619
0.621665
0.608514
0.596172
0.584611
0.573794
0.563687
0.554248
0.545429
0.537176
0.529437
0.522162
0.515304
0.508812
0.50264
0.496745
0.491083
0.485615
0.480297
0.475083
0.469921
0.464748
0.459487
0.454039
0.448272
0.442011
0.435002
0.426849
0.416868
0.40371
0.384423
0.352324
0.295779
0.22532
0.70649
0.696615
0.684111
0.67033
0.656117
0.641985
0.628232
0.615026
0.602458
0.590562
0.579342
0.568796
0.558909
0.549656
0.540996
0.532884
0.525271
0.518115
0.511369
0.504987
0.498927
0.49315
0.487619
0.482298
0.477149
0.47213
0.467193
0.462273
0.45729
0.452136
0.44667
0.440701
0.433961
0.42605
0.416275
0.403282
0.384106
0.352021
0.295386
0.225086
0.689783
0.681235
0.67033
0.658113
0.645306
0.632366
0.619589
0.607161
0.595195
0.583757
0.572892
0.562633
0.552988
0.543943
0.535468
0.527521
0.520062
0.513052
0.506446
0.500202
0.494284
0.48866
0.483298
0.478169
0.473244
0.468487
0.463853
0.459279
0.45468
0.449934
0.444879
0.4393
0.432911
0.425299
0.415767
0.402958
0.3839
0.351834
0.295113
0.224914
0.673002
0.665621
0.656117
0.645306
0.633779
0.621942
0.610075
0.598368
0.586949
0.575924
0.565382
0.55539
0.545978
0.537143
0.528858
0.521089
0.513802
0.506952
0.500499
0.494408
0.488647
0.483191
0.478018
0.473108
0.468443
0.463997
0.459736
0.4556
0.451498
0.447291
0.442783
0.437717
0.431778
0.424534
0.415288
0.402684
0.383745
0.351684
0.294855
0.224735
0.656738
0.650321
0.641985
0.632366
0.621942
0.611063
0.599978
0.588871
0.577889
0.567177
0.556874
0.547088
0.537871
0.529224
0.521123
0.513534
0.506417
0.499728
0.493428
0.487486
0.481878
0.476586
0.471598
0.466909
0.462513
0.458406
0.454569
0.450958
0.44748
0.443975
0.440195
0.43581
0.430451
0.423667
0.414759
0.402381
0.383554
0.351466
0.294478
0.224468
0.641265
0.63562
0.628232
0.619589
0.610075
0.599979
0.589511
0.578841
0.568133
0.557567
0.547344
0.537651
0.528558
0.52006
0.512123
0.5047
0.497739
0.491194
0.485029
0.479214
0.47373
0.46857
0.463732
0.459226
0.455072
0.45129
0.447897
0.444881
0.442169
0.439585
0.436802
0.433345
0.42876
0.422565
0.414069
0.401944
0.383218
0.351049
0.293827
0.224021
0.626703
0.621665
0.615026
0.607161
0.598367
0.588871
0.578841
0.568422
0.557762
0.547054
0.536606
0.52681
0.517737
0.509334
0.501529
0.49424
0.487404
0.480967
0.474893
0.469153
0.463734
0.458633
0.453862
0.449449
0.44544
0.441899
0.438898
0.436499
0.434701
0.433347
0.432014
0.429911
0.426424
0.42103
0.413065
0.401242
0.382606
0.350287
0.292729
0.223305
0.613078
0.608514
0.602459
0.595195
0.58695
0.577889
0.568133
0.557762
0.546831
0.535444
0.524029
0.51381
0.504626
0.496254
0.488524
0.481316
0.474544
0.468146
0.462079
0.456315
0.45084
0.445656
0.440784
0.436268
0.432182
0.428642
0.425813
0.423902
0.423108
0.423457
0.424484
0.424665
0.422956
0.418771
0.411549
0.400118
0.381576
0.349024
0.291014
0.222244
0.600373
0.596173
0.590562
0.583757
0.575924
0.567177
0.557567
0.547054
0.535444
0.522241
0.50688
0.495807
0.486386
0.47795
0.470195
0.462947
0.456093
0.449558
0.443286
0.437243
0.431406
0.425774
0.420363
0.415223
0.410447
0.406202
0.40277
0.40062
0.400496
0.403343
0.409464
0.41533
0.417415
0.415377
0.409305
0.398425
0.379997
0.347124
0.288534
0.2208
0.588535
0.584611
0.579342
0.572892
0.565382
0.556874
0.547344
0.536606
0.524029
0.50688
0.242749
0.234083
0.238031
0.240283
0.241333
0.241614
0.241364
0.240738
0.239846
0.23878
0.237615
0.236431
0.235312
0.234363
0.233724
0.23363
0.234519
0.237404
0.245248
0.26798
0.404464
0.410373
0.412842
0.41174
0.406525
0.396155
0.377808
0.344498
0.285195
0.218987
0.577503
0.573794
0.568795
0.562633
0.55539
0.547088
0.537651
0.52681
0.51381
0.495807
0.234083
0.203059
0.202154
0.20249
0.202717
0.202833
0.202867
0.202842
0.202773
0.202677
0.202566
0.202452
0.202348
0.202268
0.202227
0.202253
0.202403
0.2028
0.203804
0.20646
0.399016
0.406041
0.408699
0.408057
0.403395
0.393392
0.375023
0.341119
0.280968
0.216877
0.567223
0.563687
0.558909
0.552988
0.545978
0.537871
0.528558
0.517737
0.504625
0.486385
0.238032
0.202154
0.200136
0.20009
0.200103
0.200112
0.200115
0.200116
0.200114
0.200111
0.200107
0.200101
0.200096
0.200092
0.200092
0.200093
0.200101
0.20012
0.200165
0.200257
0.393665
0.40185
0.404702
0.404335
0.400021
0.390229
0.371697
0.337005
0.275886
0.214584
0.557642
0.554248
0.549656
0.543943
0.537143
0.529224
0.52006
0.509334
0.496254
0.47795
0.240283
0.20249
0.20009
0.200004
0.200003
0.200004
0.200004
0.200004
0.200004
0.200004
0.200004
0.200003
0.200003
0.200003
0.200003
0.200003
0.200003
0.200004
0.200004
0.200008
0.38837
0.397665
0.400729
0.400559
0.39646
0.386739
0.36789
0.332194
0.270035
0.212248
0.548705
0.545429
0.540996
0.535467
0.528858
0.521123
0.512123
0.501529
0.488524
0.470195
0.241333
0.202717
0.200103
0.200003
0.2
0.2
0.2
0.2
0.2
0.2
0.2
0.2
0.2
0.2
0.2
0.2
0.2
0.2
0.2
0.2
0.383105
0.393442
0.396727
0.396715
0.392742
0.382974
0.363652
0.326724
0.263544
0.210002
0.540352
0.537176
0.532884
0.52752
0.521089
0.513534
0.5047
0.49424
0.481316
0.462946
0.241614
0.202833
0.200112
0.200004
0.2
0.2
0.2
0.2
0.2
0.2
0.2
0.2
0.2
0.2
0.2
0.2
0.2
0.2
0.2
0.2
0.377851
0.389158
0.39267
0.392794
0.388883
0.378964
0.359017
0.320621
0.256592
0.207956
0.532525
0.529437
0.525271
0.520062
0.513801
0.506417
0.497739
0.487404
0.474544
0.456093
0.241364
0.202867
0.200115
0.200004
0.2
0.2
0.2
0.2
0.2
0.2
0.2
0.2
0.2
0.2
0.2
0.2
0.2
0.2
0.2
0.2
0.372589
0.384796
0.38854
0.388785
0.384887
0.374726
0.354002
0.313908
0.249407
0.206183
0.525171
0.522162
0.518114
0.513052
0.506951
0.499727
0.491194
0.480968
0.468146
0.449557
0.240738
0.202842
0.200116
0.200004
0.2
0.2
0.2
0.2
0.2
0.2
0.2
0.2
0.2
0.2
0.2
0.2
0.2
0.2
0.2
0.2
0.367292
0.380338
0.384318
0.384674
0.380747
0.370263
0.348611
0.30661
0.242264
0.204716
0.51824
0.515304
0.511368
0.506445
0.500499
0.493428
0.485028
0.474893
0.462079
0.443286
0.239846
0.202773
0.200114
0.200004
0.2
0.2
0.2
0.2
0.2
0.2
0.2
0.2
0.2
0.2
0.2
0.2
0.2
0.2
0.2
0.2
0.361931
0.375758
0.379983
0.380443
0.376452
0.365568
0.342834
0.29878
0.235457
0.203549
0.511679
0.508812
0.504986
0.500202
0.494408
0.487486
0.479213
0.469153
0.456315
0.437242
0.23878
0.202677
0.200111
0.200004
0.2
0.2
0.2
0.2
0.2
0.2
0.2
0.2
0.2
0.2
0.2
0.2
0.2
0.2
0.2
0.2
0.356467
0.371026
0.375508
0.376067
0.371979
0.360625
0.336657
0.290529
0.229254
0.202654
0.505438
0.50264
0.498926
0.494284
0.488647
0.481878
0.47373
0.463734
0.45084
0.431406
0.237615
0.202565
0.200106
0.200004
0.2
0.2
0.2
0.2
0.2
0.2
0.2
0.2
0.2
0.2
0.2
0.2
0.2
0.2
0.2
0.2
0.350855
0.366098
0.370855
0.37151
0.367301
0.355414
0.330074
0.282022
0.223856
0.201988
0.499471
0.496744
0.493149
0.48866
0.483191
0.476586
0.468569
0.458633
0.445656
0.425774
0.236431
0.202452
0.200101
0.200003
0.2
0.2
0.2
0.2
0.2
0.2
0.2
0.2
0.2
0.2
0.2
0.2
0.2
0.2
0.2
0.2
0.345031
0.360913
0.365969
0.366726
0.362382
0.349916
0.323099
0.273513
0.219372
0.201507
0.493731
0.491083
0.487618
0.483298
0.478018
0.471598
0.463731
0.453862
0.440784
0.420363
0.235313
0.202348
0.200096
0.200003
0.2
0.2
0.2
0.2
0.2
0.2
0.2
0.2
0.2
0.2
0.2
0.2
0.2
0.2
0.2
0.2
0.33891
0.355387
0.360777
0.361653
0.357177
0.344111
0.315796
0.265363
0.215819
0.20117
0.488176
0.485614
0.482297
0.478169
0.473108
0.466908
0.459226
0.449449
0.436267
0.415223
0.234363
0.202268
0.200092
0.200003
0.2
0.2
0.2
0.2
0.2
0.2
0.2
0.2
0.2
0.2
0.2
0.2
0.2
0.2
0.2
0.2
0.332375
0.349398
0.355174
0.356205
0.351633
0.337996
0.308303
0.25797
0.213152
0.200944
0.482757
0.480296
0.477148
0.473244
0.468443
0.462513
0.455071
0.44544
0.432182
0.410447
0.233724
0.202227
0.200092
0.200003
0.2
0.2
0.2
0.2
0.2
0.2
0.2
0.2
0.2
0.2
0.2
0.2
0.2
0.2
0.2
0.2
0.325254
0.342769
0.349006
0.350268
0.345685
0.331586
0.300857
0.25168
0.211284
0.200803
0.477427
0.475083
0.47213
0.468487
0.463997
0.458406
0.45129
0.441898
0.428642
0.406202
0.23363
0.202253
0.200093
0.200003
0.2
0.2
0.2
0.2
0.2
0.2
0.2
0.2
0.2
0.2
0.2
0.2
0.2
0.2
0.2
0.2
0.317303
0.335235
0.34205
0.343682
0.339254
0.324928
0.293773
0.246719
0.210123
0.200734
0.472129
0.469921
0.467192
0.463852
0.459736
0.454569
0.447897
0.438897
0.425813
0.40277
0.234519
0.202403
0.200101
0.200003
0.2
0.2
0.2
0.2
0.2
0.2
0.2
0.2
0.2
0.2
0.2
0.2
0.2
0.2
0.2
0.2
0.308174
0.326399
0.333972
0.336214
0.33223
0.31809
0.287383
0.243175
0.209594
0.20073
0.466801
0.464748
0.462272
0.459279
0.4556
0.450958
0.444881
0.436499
0.423902
0.40062
0.237404
0.2028
0.20012
0.200004
0.2
0.2
0.2
0.2
0.2
0.2
0.2
0.2
0.2
0.2
0.2
0.2
0.2
0.2
0.2
0.2
0.29739
0.315659
0.324268
0.32752
0.324446
0.311125
0.281915
0.241001
0.209645
0.200794
0.461365
0.459487
0.457289
0.45468
0.451498
0.44748
0.442169
0.4347
0.423108
0.400496
0.245248
0.203804
0.200165
0.200004
0.2
0.2
0.2
0.2
0.2
0.2
0.2
0.2
0.2
0.2
0.2
0.2
0.2
0.2
0.2
0.2
0.284357
0.302129
0.312185
0.317079
0.315617
0.303992
0.277388
0.24003
0.210244
0.200939
0.455725
0.454038
0.452136
0.449934
0.447291
0.443975
0.439585
0.433347
0.423457
0.403343
0.267981
0.20646
0.200257
0.200008
0.2
0.2
0.2
0.2
0.2
0.2
0.2
0.2
0.2
0.2
0.2
0.2
0.2
0.2
0.2
0.2
0.268315
0.284618
0.296698
0.30415
0.305272
0.296446
0.273535
0.239941
0.211336
0.201183
0.449757
0.448272
0.44667
0.444879
0.442782
0.440195
0.436802
0.432014
0.424484
0.409464
0.404464
0.399016
0.393665
0.38837
0.383105
0.377852
0.372589
0.367293
0.361931
0.356468
0.350855
0.345031
0.338911
0.332375
0.325255
0.317304
0.308174
0.29739
0.284358
0.268316
0.25667
0.264629
0.277555
0.288101
0.292805
0.287965
0.269794
0.240186
0.212746
0.201539
0.44329
0.442011
0.4407
0.439299
0.437717
0.435809
0.433345
0.429911
0.424665
0.41533
0.410373
0.406041
0.40185
0.397665
0.393441
0.389157
0.384796
0.380338
0.375758
0.371026
0.366098
0.360913
0.355387
0.349398
0.342769
0.335235
0.3264
0.31566
0.30213
0.284619
0.264629
0.256442
0.261217
0.27095
0.278397
0.278043
0.265422
0.240511
0.214383
0.202064
0.436079
0.435001
0.433961
0.432911
0.431778
0.430451
0.428759
0.426423
0.422956
0.417415
0.412842
0.408699
0.404702
0.400729
0.396727
0.39267
0.388539
0.384318
0.379983
0.375508
0.370855
0.365969
0.360778
0.355174
0.349006
0.34205
0.333973
0.324268
0.312186
0.296698
0.277555
0.261218
0.254569
0.257512
0.264047
0.266895
0.259833
0.240357
0.216326
0.202806
0.427737
0.426849
0.426049
0.425298
0.424534
0.423667
0.422565
0.42103
0.41877
0.415376
0.411739
0.408056
0.404335
0.400559
0.396715
0.392794
0.388784
0.384674
0.380443
0.376067
0.37151
0.366726
0.361653
0.356205
0.350268
0.343682
0.336214
0.32752
0.31708
0.304151
0.288102
0.270951
0.257512
0.251792
0.253125
0.255988
0.253081
0.239229
0.218271
0.203798
0.417584
0.416868
0.416275
0.415766
0.415288
0.414759
0.414069
0.413064
0.411549
0.409305
0.406525
0.403395
0.400021
0.39646
0.392742
0.388883
0.384887
0.380747
0.376451
0.371979
0.367301
0.362382
0.357177
0.351633
0.345685
0.339254
0.332231
0.324446
0.315617
0.305272
0.292805
0.278398
0.264048
0.253125
0.248095
0.24764
0.246166
0.237038
0.219876
0.205038
0.40428
0.403709
0.403281
0.402958
0.402684
0.40238
0.401944
0.401241
0.400118
0.398424
0.396155
0.393392
0.390229
0.386739
0.382973
0.378964
0.374726
0.370263
0.365568
0.360625
0.355414
0.349916
0.344111
0.337996
0.331586
0.324928
0.31809
0.311125
0.303992
0.296446
0.287965
0.278043
0.266896
0.255988
0.24764
0.243196
0.240582
0.234284
0.220946
0.206486
0.384897
0.384423
0.384105
0.3839
0.383745
0.383554
0.383218
0.382606
0.381576
0.379997
0.377807
0.375023
0.371697
0.36789
0.363652
0.359017
0.354002
0.348611
0.342834
0.336657
0.330074
0.323099
0.315796
0.308303
0.300857
0.293774
0.287383
0.281915
0.277388
0.273535
0.269794
0.265422
0.259833
0.253081
0.246166
0.240582
0.23663
0.231547
0.221452
0.208075
0.3528
0.352323
0.35202
0.351834
0.351684
0.351465
0.351049
0.350286
0.349024
0.347124
0.344498
0.341118
0.337005
0.332194
0.326723
0.320621
0.313908
0.306611
0.29878
0.290529
0.282022
0.273513
0.265364
0.25797
0.25168
0.24672
0.243175
0.241001
0.24003
0.239941
0.240186
0.240511
0.240357
0.239229
0.237038
0.234284
0.231547
0.228021
0.220994
0.20957
0.296372
0.295778
0.295386
0.295113
0.294855
0.294478
0.293827
0.292729
0.291013
0.288534
0.285195
0.280968
0.275886
0.270035
0.263544
0.256592
0.249407
0.242264
0.235457
0.229254
0.223856
0.219372
0.215819
0.213152
0.211284
0.210123
0.209594
0.209645
0.210244
0.211336
0.212746
0.214382
0.216326
0.218271
0.219876
0.220946
0.221452
0.220994
0.217907
0.210079
0.225669
0.22532
0.225086
0.224914
0.224735
0.224468
0.224021
0.223305
0.222244
0.2208
0.218987
0.216877
0.214584
0.212248
0.210002
0.207956
0.206183
0.204716
0.203549
0.202654
0.201988
0.201507
0.20117
0.200944
0.200803
0.200734
0.20073
0.200794
0.200939
0.201183
0.201539
0.202064
0.202806
0.203798
0.205038
0.206486
0.208075
0.20957
0.210079
0.207487
0.78198
0.770199
0.75254
0.732043
0.711197
0.691238
0.672633
0.655499
0.639807
0.625467
0.612368
0.600386
0.589394
0.57927
0.569915
0.561242
0.553172
0.54563
0.538548
0.531872
0.525546
0.519521
0.513748
0.508181
0.502773
0.497475
0.492232
0.486983
0.481658
0.476167
0.4704
0.464213
0.457408
0.449702
0.440663
0.429585
0.415131
0.393793
0.35315
0.267632
0.770202
0.757763
0.740716
0.721617
0.702269
0.683607
0.666044
0.649723
0.634659
0.620805
0.608081
0.596388
0.585618
0.57567
0.566459
0.557908
0.549944
0.542495
0.535499
0.528905
0.522662
0.516721
0.511039
0.505573
0.500279
0.495111
0.490018
0.48494
0.479803
0.474517
0.468964
0.462993
0.456398
0.448889
0.440028
0.429104
0.414776
0.393537
0.352942
0.267401
0.752542
0.740716
0.725269
0.708171
0.690728
0.673683
0.65742
0.64212
0.627847
0.614604
0.602353
0.591025
0.580541
0.570827
0.561815
0.553437
0.545624
0.538312
0.531448
0.524981
0.518867
0.513062
0.507527
0.502225
0.497117
0.49216
0.487307
0.482495
0.477649
0.472667
0.467422
0.461747
0.455426
0.448157
0.439498
0.428735
0.41453
0.393383
0.352845
0.267292
0.732044
0.721617
0.708171
0.693197
0.677702
0.662316
0.647403
0.633174
0.619738
0.607143
0.595393
0.584455
0.574286
0.564838
0.556057
0.547884
0.540254
0.533112
0.526412
0.520106
0.514156
0.508524
0.503179
0.49809
0.493225
0.488548
0.484014
0.479563
0.47511
0.470542
0.46571
0.460424
0.454448
0.44747
0.439043
0.428451
0.414363
0.393296
0.352808
0.267239
0.711197
0.70227
0.690729
0.677703
0.663997
0.650148
0.636501
0.623283
0.610636
0.598647
0.587359
0.576788
0.566929
0.557754
0.549218
0.541265
0.533836
0.526885
0.520366
0.514241
0.508474
0.503037
0.497907
0.493061
0.488479
0.484135
0.479991
0.47599
0.472041
0.468013
0.463722
0.458941
0.453401
0.446776
0.438614
0.428206
0.41423
0.393228
0.352766
0.267156
0.691238
0.683608
0.673683
0.662316
0.650148
0.637633
0.625093
0.61275
0.600768
0.589264
0.578338
0.568068
0.558483
0.549565
0.541269
0.533534
0.526313
0.519558
0.513227
0.507284
0.501703
0.496463
0.491551
0.486956
0.482674
0.478693
0.474994
0.471528
0.468206
0.464872
0.461293
0.45717
0.452187
0.445996
0.438146
0.427938
0.414072
0.393116
0.352636
0.266938
0.672633
0.666045
0.657421
0.647403
0.636501
0.625093
0.613457
0.6018
0.590283
0.579063
0.568326
0.558241
0.548862
0.540163
0.532082
0.524558
0.517538
0.51097
0.504816
0.499043
0.493631
0.488567
0.483849
0.479482
0.475481
0.471861
0.46863
0.465771
0.463208
0.46077
0.458149
0.45491
0.450657
0.445016
0.437542
0.427563
0.413809
0.39288
0.352322
0.266466
0.655499
0.649724
0.64212
0.633174
0.623283
0.61275
0.6018
0.590592
0.579268
0.568019
0.557153
0.547061
0.537787
0.52925
0.521356
0.514024
0.507186
0.500786
0.494783
0.489149
0.483866
0.47893
0.474349
0.470144
0.466354
0.46303
0.46023
0.458001
0.456329
0.455059
0.453795
0.451814
0.448574
0.443667
0.436675
0.426976
0.41335
0.392434
0.351718
0.265616
0.639807
0.63466
0.627847
0.619737
0.610636
0.600768
0.590283
0.579268
0.567786
0.555952
0.544213
0.533801
0.524507
0.516079
0.508344
0.501179
0.494495
0.488229
0.482335
0.476784
0.471561
0.466665
0.462112
0.457938
0.454203
0.451001
0.448464
0.446758
0.446038
0.44631
0.447155
0.447206
0.445548
0.441714
0.435386
0.426055
0.412594
0.391688
0.350723
0.264271
0.625467
0.620805
0.614604
0.607143
0.598647
0.589264
0.579063
0.568019
0.555952
0.542391
0.526819
0.515713
0.506335
0.498004
0.490413
0.483388
0.476815
0.470619
0.464747
0.459166
0.453857
0.448817
0.444061
0.439629
0.435595
0.432082
0.4293
0.427594
0.427519
0.429813
0.434754
0.439436
0.440903
0.438859
0.433511
0.424692
0.411459
0.39057
0.34925
0.262342
0.612368
0.608081
0.602352
0.595393
0.587359
0.578338
0.568325
0.557153
0.544214
0.526819
0.251627
0.242874
0.248439
0.252023
0.254176
0.255422
0.256045
0.256223
0.256085
0.255736
0.255266
0.254772
0.254359
0.254163
0.254373
0.255299
0.257527
0.262418
0.273963
0.304349
0.430163
0.43521
0.437057
0.435814
0.431211
0.422892
0.409915
0.389046
0.347249
0.259779
0.600387
0.596389
0.591025
0.584455
0.576788
0.568068
0.55824
0.54706
0.533801
0.515713
0.242874
0.204709
0.203438
0.204085
0.204593
0.204942
0.205169
0.2053
0.20536
0.205369
0.205349
0.205318
0.2053
0.205323
0.205426
0.205674
0.206196
0.207287
0.209783
0.216029
0.424813
0.431474
0.43358
0.432749
0.428646
0.420736
0.407995
0.387126
0.344706
0.256588
0.589394
0.585618
0.580541
0.574285
0.566929
0.558483
0.548862
0.537786
0.524507
0.506335
0.248439
0.203438
0.200252
0.200173
0.200206
0.200233
0.200253
0.200266
0.200274
0.200277
0.200279
0.200279
0.200279
0.200282
0.20029
0.200308
0.200342
0.200412
0.200559
0.200855
0.41974
0.427909
0.430259
0.429683
0.425915
0.418312
0.40576
0.384854
0.34164
0.252821
0.57927
0.57567
0.570827
0.564838
0.557754
0.549565
0.540163
0.52925
0.516079
0.498004
0.252023
0.204085
0.200173
0.200011
0.200007
0.200008
0.20001
0.20001
0.200011
0.200011
0.20001
0.200011
0.200011
0.200011
0.200011
0.200013
0.200014
0.200016
0.200021
0.200029
0.414887
0.424423
0.42701
0.426614
0.423075
0.415693
0.40328
0.382288
0.338084
0.248572
0.569915
0.566459
0.561815
0.556057
0.549218
0.541268
0.532082
0.521356
0.508344
0.490413
0.254177
0.204593
0.200206
0.200007
0.2
0.2
0.2
0.2
0.2
0.2
0.2
0.2
0.2
0.2
0.2
0.2
0.2
0.2
0.2
0.200001
0.4102
0.420986
0.423795
0.423539
0.420162
0.412935
0.400615
0.379488
0.334071
0.243967
0.561241
0.557908
0.553436
0.547883
0.541265
0.533534
0.524558
0.514024
0.501179
0.483388
0.255422
0.204942
0.200233
0.200008
0.2
0.2
0.2
0.2
0.2
0.2
0.2
0.2
0.2
0.2
0.2
0.2
0.2
0.2
0.2
0.2
0.405651
0.41758
0.420598
0.420456
0.417196
0.410078
0.397821
0.376507
0.329629
0.239158
0.553171
0.549943
0.545623
0.540253
0.533836
0.526313
0.517537
0.507186
0.494495
0.476815
0.256045
0.205169
0.200253
0.20001
0.2
0.2
0.2
0.2
0.2
0.2
0.2
0.2
0.2
0.2
0.2
0.2
0.2
0.2
0.2
0.2
0.401216
0.414194
0.417408
0.417363
0.414192
0.407154
0.394942
0.373387
0.324768
0.234312
0.545629
0.542494
0.538311
0.533112
0.526885
0.519558
0.51097
0.500785
0.488228
0.470619
0.256223
0.2053
0.200266
0.20001
0.2
0.2
0.2
0.2
0.2
0.2
0.2
0.2
0.2
0.2
0.2
0.2
0.2
0.2
0.2
0.2
0.396874
0.410814
0.414215
0.414255
0.411156
0.404186
0.392017
0.37016
0.319488
0.229599
0.538548
0.535499
0.531447
0.526411
0.520366
0.513226
0.504815
0.494783
0.482334
0.464748
0.256085
0.20536
0.200274
0.200011
0.2
0.2
0.2
0.2
0.2
0.2
0.2
0.2
0.2
0.2
0.2
0.2
0.2
0.2
0.2
0.2
0.392604
0.407423
0.411005
0.411127
0.408095
0.401194
0.389083
0.366845
0.313779
0.225179
0.531872
0.528905
0.52498
0.520106
0.51424
0.507284
0.499043
0.489148
0.476783
0.459166
0.255735
0.205369
0.200277
0.200011
0.2
0.2
0.2
0.2
0.2
0.2
0.2
0.2
0.2
0.2
0.2
0.2
0.2
0.2
0.2
0.2
0.388387
0.404004
0.407767
0.407971
0.40501
0.398197
0.386174
0.363446
0.307646
0.221183
0.525546
0.522661
0.518866
0.514155
0.508473
0.501703
0.49363
0.483866
0.47156
0.453857
0.255266
0.205349
0.200279
0.20001
0.2
0.2
0.2
0.2
0.2
0.2
0.2
0.2
0.2
0.2
0.2
0.2
0.2
0.2
0.2
0.2
0.384204
0.400531
0.404484
0.404778
0.401906
0.395216
0.383327
0.359991
0.301132
0.217703
0.519521
0.51672
0.513061
0.508524
0.503037
0.496463
0.488566
0.47893
0.466665
0.448816
0.254772
0.205318
0.200279
0.200011
0.2
0.2
0.2
0.2
0.2
0.2
0.2
0.2
0.2
0.2
0.2
0.2
0.2
0.2
0.2
0.2
0.380031
0.396976
0.401134
0.401538
0.398787
0.392274
0.38058
0.356531
0.294362
0.214792
0.513748
0.511039
0.507527
0.503179
0.497906
0.49155
0.483848
0.474348
0.462112
0.444061
0.254359
0.2053
0.200279
0.200011
0.2
0.2
0.2
0.2
0.2
0.2
0.2
0.2
0.2
0.2
0.2
0.2
0.2
0.2
0.2
0.2
0.375848
0.393304
0.397694
0.398239
0.395659
0.389398
0.377973
0.353115
0.287582
0.212469
0.508181
0.505573
0.502225
0.49809
0.493061
0.486956
0.479482
0.470144
0.457937
0.439629
0.254163
0.205323
0.200282
0.200011
0.2
0.2
0.2
0.2
0.2
0.2
0.2
0.2
0.2
0.2
0.2
0.2
0.2
0.2
0.2
0.2
0.371629
0.38947
0.394134
0.39487
0.392532
0.38662
0.375543
0.349812
0.281177
0.21073
0.502773
0.500279
0.497117
0.493225
0.488479
0.482673
0.47548
0.466353
0.454202
0.435595
0.254373
0.205426
0.20029
0.200011
0.2
0.2
0.2
0.2
0.2
0.2
0.2
0.2
0.2
0.2
0.2
0.2
0.2
0.2
0.2
0.2
0.367354
0.38542
0.390416
0.391418
0.389415
0.383971
0.373325
0.346723
0.275635
0.209563
0.497474
0.495111
0.49216
0.488548
0.484134
0.478693
0.47186
0.463029
0.451001
0.432083
0.255299
0.205674
0.200308
0.200013
0.2
0.2
0.2
0.2
0.2
0.2
0.2
0.2
0.2
0.2
0.2
0.2
0.2
0.2
0.2
0.2
0.363006
0.381081
0.38649
0.387862
0.386314
0.381477
0.371345
0.343992
0.271466
0.20896
0.492231
0.490018
0.487307
0.484014
0.479991
0.474993
0.468629
0.46023
0.448464
0.4293
0.257527
0.206196
0.200342
0.200014
0.2
0.2
0.2
0.2
0.2
0.2
0.2
0.2
0.2
0.2
0.2
0.2
0.2
0.2
0.2
0.2
0.358575
0.376355
0.382278
0.384165
0.383226
0.379149
0.369625
0.341809
0.269101
0.208942
0.486983
0.484939
0.482495
0.479562
0.475989
0.471528
0.46577
0.458001
0.446758
0.427594
0.262418
0.207287
0.200412
0.200016
0.2
0.2
0.2
0.2
0.2
0.2
0.2
0.2
0.2
0.2
0.2
0.2
0.2
0.2
0.2
0.2
0.354055
0.371092
0.377651
0.380255
0.380114
0.376966
0.36818
0.340387
0.26882
0.209571
0.481657
0.479803
0.477648
0.475109
0.472041
0.468206
0.463208
0.456328
0.446038
0.427519
0.273963
0.209783
0.200559
0.200021
0.2
0.2
0.2
0.2
0.2
0.2
0.2
0.2
0.2
0.2
0.2
0.2
0.2
0.2
0.2
0.2
0.349381
0.364991
0.372345
0.375958
0.376868
0.374839
0.366999
0.339914
0.270729
0.210976
0.476166
0.474516
0.472667
0.470541
0.468012
0.464872
0.460769
0.455058
0.44631
0.429813
0.304349
0.216029
0.200855
0.200029
0.200001
0.2
0.2
0.2
0.2
0.2
0.2
0.2
0.2
0.2
0.2
0.2
0.2
0.2
0.2
0.2
0.344106
0.357306
0.365727
0.370834
0.373189
0.372553
0.365984
0.340514
0.274782
0.213354
0.470399
0.468963
0.467421
0.465709
0.463722
0.461293
0.458149
0.453794
0.447154
0.434754
0.430163
0.424813
0.41974
0.414887
0.4102
0.405651
0.401216
0.396873
0.392604
0.388387
0.384204
0.380031
0.375847
0.371629
0.367354
0.363006
0.358575
0.354055
0.349381
0.344106
0.340726
0.347981
0.356939
0.364021
0.368417
0.369633
0.364822
0.342055
0.280952
0.21706
0.464212
0.462992
0.461747
0.460423
0.45894
0.45717
0.45491
0.451813
0.447205
0.439436
0.43521
0.431474
0.427908
0.424423
0.420985
0.41758
0.414193
0.410813
0.407423
0.404003
0.40053
0.396976
0.393304
0.38947
0.38542
0.381081
0.376356
0.371092
0.364991
0.357306
0.347981
0.345365
0.349513
0.356173
0.362112
0.365414
0.362899
0.343735
0.288595
0.222376
0.457408
0.456397
0.455425
0.454447
0.453401
0.452187
0.450657
0.448574
0.445547
0.440902
0.437057
0.43358
0.430259
0.42701
0.423795
0.420598
0.417408
0.414214
0.411005
0.407767
0.404483
0.401134
0.397694
0.394134
0.390416
0.38649
0.382278
0.377651
0.372346
0.365727
0.35694
0.349513
0.347198
0.349941
0.3551
0.359617
0.359474
0.34458
0.296524
0.229364
0.449702
0.448889
0.448156
0.44747
0.446776
0.445996
0.445015
0.443667
0.441713
0.438858
0.435814
0.432749
0.429683
0.426614
0.423538
0.420455
0.417362
0.414255
0.411127
0.407971
0.404778
0.401537
0.398239
0.39487
0.391418
0.387861
0.384165
0.380255
0.375958
0.370834
0.364021
0.356173
0.349941
0.34765
0.349362
0.352934
0.354151
0.343485
0.303331
0.237607
0.440663
0.440028
0.439498
0.439042
0.438614
0.438146
0.437542
0.436675
0.435385
0.43351
0.43121
0.428645
0.425914
0.423075
0.420161
0.417196
0.414191
0.411156
0.408094
0.40501
0.401906
0.398787
0.395659
0.392532
0.389415
0.386314
0.383226
0.380114
0.376867
0.373189
0.368418
0.362112
0.355101
0.349362
0.346625
0.34689
0.347319
0.339651
0.307431
0.246013
0.429585
0.429104
0.428735
0.428451
0.428205
0.427938
0.427563
0.426976
0.426055
0.424691
0.422892
0.420736
0.418311
0.415692
0.412934
0.410078
0.407154
0.404186
0.401194
0.398197
0.395215
0.392274
0.389398
0.38662
0.383971
0.381477
0.379149
0.376965
0.374839
0.372553
0.369633
0.365414
0.359617
0.352934
0.34689
0.342814
0.340078
0.333007
0.307489
0.252903
0.415131
0.414776
0.41453
0.414362
0.41423
0.414071
0.413809
0.413349
0.412594
0.411458
0.409915
0.407994
0.40576
0.403279
0.400615
0.397821
0.394942
0.392017
0.389083
0.386174
0.383326
0.380579
0.377972
0.375543
0.373325
0.371345
0.369625
0.36818
0.366999
0.365984
0.364822
0.362899
0.359474
0.354151
0.347319
0.340078
0.333192
0.324173
0.302917
0.256492
0.393793
0.393537
0.393383
0.393296
0.393228
0.393115
0.39288
0.392433
0.391687
0.39057
0.389045
0.387125
0.384853
0.382288
0.379488
0.376506
0.373386
0.37016
0.366845
0.363446
0.359991
0.35653
0.353115
0.349812
0.346723
0.343992
0.341809
0.340387
0.339914
0.340514
0.342055
0.343735
0.34458
0.343485
0.339651
0.333008
0.324173
0.312841
0.293688
0.255504
0.353149
0.352942
0.352845
0.352808
0.352766
0.352636
0.352322
0.351718
0.350722
0.34925
0.347249
0.344706
0.34164
0.338083
0.334071
0.329629
0.324768
0.319488
0.313779
0.307646
0.301132
0.294362
0.287582
0.281177
0.275635
0.271466
0.269101
0.26882
0.270729
0.274782
0.280952
0.288595
0.296524
0.30333
0.307431
0.307489
0.302917
0.293688
0.277983
0.248833
0.267632
0.2674
0.267292
0.267239
0.267156
0.266937
0.266466
0.265615
0.264271
0.262342
0.259779
0.256588
0.252821
0.248572
0.243967
0.239158
0.234312
0.229599
0.225179
0.221182
0.217703
0.214792
0.212469
0.21073
0.209563
0.20896
0.208942
0.209571
0.210976
0.213354
0.21706
0.222376
0.229364
0.237607
0.246013
0.252902
0.256492
0.255504
0.248833
0.233098
0.798615
0.794109
0.781154
0.76061
0.737445
0.714772
0.693723
0.674562
0.657239
0.641607
0.627489
0.614711
0.603108
0.592522
0.582808
0.573849
0.565549
0.557824
0.550598
0.543804
0.537385
0.531287
0.525461
0.519858
0.51443
0.509129
0.5039
0.498686
0.493416
0.488009
0.482364
0.476351
0.469802
0.462481
0.454035
0.44386
0.430654
0.410781
0.37276
0.287784
0.794111
0.785761
0.769894
0.74929
0.72742
0.706198
0.686386
0.668202
0.65163
0.636573
0.622899
0.610466
0.599132
0.588754
0.579208
0.570389
0.56221
0.554593
0.547465
0.540765
0.53444
0.528439
0.522716
0.517227
0.511926
0.506769
0.501703
0.49667
0.4916
0.486407
0.480983
0.475192
0.468857
0.461735
0.453469
0.443453
0.430384
0.410622
0.372662
0.287657
0.781158
0.769895
0.753387
0.734175
0.714333
0.695022
0.676788
0.659841
0.644223
0.629899
0.616792
0.604802
0.593815
0.583714
0.574397
0.565775
0.55777
0.55031
0.54333
0.536775
0.530595
0.524747
0.519188
0.513878
0.508779
0.503847
0.499034
0.494279
0.489508
0.484626
0.479513
0.47402
0.467956
0.461071
0.453005
0.443152
0.430212
0.410553
0.372655
0.28764
0.760612
0.74929
0.734175
0.717157
0.699587
0.682284
0.665698
0.650054
0.63545
0.621911
0.609414
0.597904
0.587298
0.577509
0.568458
0.560071
0.552278
0.545011
0.538216
0.531842
0.525847
0.520192
0.514842
0.509764
0.504926
0.500289
0.495809
0.491425
0.487055
0.48259
0.47789
0.472781
0.467057
0.460455
0.452613
0.442928
0.430113
0.410545
0.372698
0.287668
0.737445
0.727419
0.714333
0.699587
0.684178
0.668754
0.653716
0.639306
0.625665
0.612871
0.600955
0.589902
0.579669
0.5702
0.561432
0.553301
0.545739
0.538689
0.532102
0.525933
0.520146
0.514709
0.509596
0.504784
0.500249
0.495963
0.491888
0.487964
0.484103
0.480177
0.476013
0.471399
0.466099
0.459836
0.452248
0.442741
0.430044
0.410551
0.372732
0.28766
0.714771
0.706197
0.695022
0.682285
0.668754
0.654965
0.641282
0.627949
0.615136
0.602967
0.591525
0.580852
0.570951
0.561786
0.5533
0.545428
0.538106
0.531283
0.524912
0.518955
0.513382
0.50817
0.503302
0.498767
0.494554
0.490653
0.487037
0.483659
0.480426
0.477189
0.473724
0.469751
0.464988
0.459141
0.451848
0.442534
0.429951
0.410514
0.372681
0.287517
0.693722
0.686387
0.676789
0.665699
0.653716
0.641282
0.628713
0.616242
0.604049
0.59229
0.581126
0.570706
0.561067
0.552171
0.543949
0.536328
0.529244
0.522645
0.516486
0.510734
0.505363
0.50036
0.495719
0.491442
0.487539
0.48402
0.48089
0.478126
0.475651
0.473295
0.470764
0.467647
0.463584
0.45826
0.451324
0.44223
0.429764
0.410361
0.37246
0.287126
0.674562
0.668202
0.659841
0.650055
0.639306
0.627949
0.616243
0.604378
0.59251
0.580816
0.569593
0.559226
0.549751
0.541077
0.533093
0.525709
0.518852
0.512464
0.506499
0.500927
0.495727
0.490893
0.486429
0.482353
0.478696
0.475504
0.472827
0.470701
0.469106
0.467889
0.466668
0.46476
0.461666
0.457038
0.450558
0.441733
0.429399
0.410012
0.371973
0.28637
0.65724
0.651632
0.644224
0.635451
0.625666
0.615137
0.604049
0.59251
0.580578
0.568362
0.55632
0.5457
0.536277
0.527778
0.520012
0.512852
0.506205
0.500004
0.494202
0.488767
0.483682
0.478943
0.474563
0.470572
0.467024
0.464002
0.461624
0.460038
0.459381
0.459649
0.460438
0.460461
0.458867
0.455255
0.449404
0.440934
0.428768
0.409386
0.371131
0.285135
0.641607
0.636574
0.6299
0.621911
0.612872
0.602967
0.59229
0.580816
0.568362
0.554461
0.538627
0.527412
0.518002
0.509684
0.502142
0.495198
0.488738
0.482683
0.476982
0.471601
0.466519
0.461734
0.457258
0.453124
0.449399
0.446189
0.443679
0.442174
0.442171
0.444336
0.448925
0.453259
0.454581
0.452643
0.447715
0.439738
0.427797
0.408418
0.369858
0.283336
0.627489
0.622899
0.616793
0.609415
0.600955
0.591525
0.581126
0.569593
0.55632
0.538626
0.255007
0.246473
0.252772
0.256955
0.259609
0.261298
0.262333
0.262903
0.263141
0.26316
0.263055
0.262924
0.262881
0.263067
0.263687
0.265072
0.267853
0.273539
0.286643
0.320473
0.444437
0.449304
0.45103
0.44986
0.445643
0.438154
0.426465
0.407074
0.368113
0.280922
0.614711
0.610466
0.604803
0.597905
0.589903
0.580852
0.570706
0.559226
0.5457
0.527411
0.246472
0.205527
0.2041
0.204922
0.205593
0.206084
0.206435
0.206676
0.206835
0.206934
0.206999
0.20705
0.207119
0.207239
0.207462
0.207877
0.208653
0.210186
0.213624
0.222209
0.438981
0.445778
0.447822
0.447066
0.44334
0.436259
0.424801
0.405364
0.365893
0.277888
0.603108
0.599132
0.593816
0.587299
0.579669
0.570951
0.561067
0.549751
0.536277
0.518002
0.252772
0.2041
0.20032
0.200225
0.20027
0.20031
0.200342
0.200365
0.200382
0.200393
0.200402
0.20041
0.200418
0.200429
0.200448
0.200482
0.200541
0.200653
0.200882
0.201354
0.433894
0.442434
0.444776
0.444287
0.440901
0.434139
0.422865
0.403325
0.363226
0.274268
0.592521
0.588755
0.583715
0.577509
0.5702
0.561786
0.552171
0.541076
0.527778
0.509684
0.256955
0.204922
0.200225
0.200014
0.20001
0.200012
0.200014
0.200014
0.200016
0.200016
0.200017
0.200017
0.200018
0.200019
0.20002
0.200021
0.200024
0.200028
0.200037
0.200051
0.429109
0.439197
0.441817
0.441523
0.438383
0.431862
0.420718
0.401009
0.360157
0.270129
0.582807
0.579208
0.574398
0.568459
0.561432
0.5533
0.54395
0.533093
0.520012
0.502142
0.259609
0.205593
0.20027
0.20001
0.2
0.2
0.2
0.2
0.2
0.2
0.2
0.2
0.2
0.2
0.2
0.2
0.2
0.200001
0.200001
0.200001
0.42455
0.436037
0.438913
0.438775
0.435821
0.429484
0.418416
0.398468
0.356739
0.265554
0.573848
0.57039
0.565776
0.560072
0.5533
0.545428
0.536328
0.525709
0.512852
0.495198
0.261298
0.206084
0.20031
0.200012
0.2
0.2
0.2
0.2
0.2
0.2
0.2
0.2
0.2
0.2
0.2
0.2
0.2
0.2
0.2
0.2
0.420175
0.432936
0.43605
0.436045
0.433239
0.427042
0.416005
0.395751
0.353021
0.260644
0.565549
0.562211
0.55777
0.552278
0.545739
0.538106
0.529244
0.518852
0.506205
0.488737
0.262333
0.206435
0.200342
0.200014
0.2
0.2
0.2
0.2
0.2
0.2
0.2
0.2
0.2
0.2
0.2
0.2
0.2
0.2
0.2
0.2
0.415955
0.429882
0.433217
0.43333
0.43065
0.424566
0.413522
0.392901
0.349046
0.255514
0.557824
0.554593
0.550311
0.545011
0.538689
0.531283
0.522645
0.512463
0.500004
0.482683
0.262903
0.206676
0.200365
0.200014
0.2
0.2
0.2
0.2
0.2
0.2
0.2
0.2
0.2
0.2
0.2
0.2
0.2
0.2
0.2
0.2
0.411863
0.42686
0.430407
0.430631
0.428065
0.422078
0.410999
0.389957
0.344852
0.250295
0.550597
0.547464
0.54333
0.538216
0.532102
0.524912
0.516486
0.506498
0.494201
0.476982
0.263141
0.206835
0.200382
0.200016
0.2
0.2
0.2
0.2
0.2
0.2
0.2
0.2
0.2
0.2
0.2
0.2
0.2
0.2
0.2
0.2
0.407876
0.423855
0.42761
0.427946
0.425491
0.419594
0.408461
0.386954
0.340467
0.245136
0.543803
0.540765
0.536775
0.531843
0.525933
0.518955
0.510733
0.500926
0.488766
0.4716
0.26316
0.206934
0.200393
0.200016
0.2
0.2
0.2
0.2
0.2
0.2
0.2
0.2
0.2
0.2
0.2
0.2
0.2
0.2
0.2
0.2
0.403972
0.420848
0.424817
0.425271
0.422935
0.41713
0.405933
0.383933
0.335925
0.240195
0.537385
0.53444
0.530596
0.525847
0.520145
0.513382
0.505363
0.495727
0.483681
0.466519
0.263055
0.206999
0.200402
0.200017
0.2
0.2
0.2
0.2
0.2
0.2
0.2
0.2
0.2
0.2
0.2
0.2
0.2
0.2
0.2
0.2
0.40013
0.41782
0.422017
0.422602
0.420399
0.4147
0.40344
0.380936
0.331264
0.23563
0.531287
0.528439
0.524747
0.520192
0.514709
0.50817
0.50036
0.490893
0.478943
0.461733
0.262924
0.20705
0.20041
0.200017
0.2
0.2
0.2
0.2
0.2
0.2
0.2
0.2
0.2
0.2
0.2
0.2
0.2
0.2
0.2
0.2
0.396331
0.414744
0.419194
0.419934
0.417888
0.412318
0.401012
0.378014
0.326548
0.231585
0.525461
0.522716
0.519188
0.514842
0.509596
0.503302
0.495719
0.486429
0.474562
0.457257
0.262881
0.20712
0.200418
0.200018
0.2
0.2
0.2
0.2
0.2
0.2
0.2
0.2
0.2
0.2
0.2
0.2
0.2
0.2
0.2
0.2
0.392557
0.411588
0.416329
0.417257
0.415404
0.409999
0.39868
0.375228
0.321879
0.228177
0.519858
0.517227
0.513878
0.509764
0.504784
0.498766
0.491442
0.482352
0.470572
0.453124
0.263067
0.207239
0.200429
0.200019
0.2
0.2
0.2
0.2
0.2
0.2
0.2
0.2
0.2
0.2
0.2
0.2
0.2
0.2
0.2
0.2
0.388786
0.40831
0.413395
0.414561
0.412949
0.40776
0.396484
0.372655
0.31742
0.2255
0.51443
0.511926
0.508779
0.504925
0.500248
0.494554
0.487538
0.478696
0.467023
0.449398
0.263687
0.207462
0.200448
0.20002
0.2
0.2
0.2
0.2
0.2
0.2
0.2
0.2
0.2
0.2
0.2
0.2
0.2
0.2
0.2
0.2
0.384999
0.404849
0.410352
0.411822
0.410516
0.405617
0.394471
0.370392
0.313414
0.223627
0.509129
0.506768
0.503847
0.500289
0.495963
0.490652
0.48402
0.475504
0.464001
0.446189
0.265072
0.207877
0.200482
0.200021
0.2
0.2
0.2
0.2
0.2
0.2
0.2
0.2
0.2
0.2
0.2
0.2
0.2
0.2
0.2
0.2
0.381167
0.401118
0.407131
0.409005
0.408094
0.40358
0.392694
0.368554
0.310189
0.222633
0.5039
0.501702
0.499033
0.495809
0.491887
0.487036
0.48089
0.472826
0.461624
0.443679
0.267853
0.208653
0.200541
0.200024
0.2
0.2
0.2
0.2
0.2
0.2
0.2
0.2
0.2
0.2
0.2
0.2
0.2
0.2
0.2
0.2
0.377251
0.39698
0.40362
0.406037
0.405646
0.401649
0.391203
0.367268
0.308132
0.222614
0.498685
0.496669
0.494278
0.491425
0.487963
0.483658
0.478126
0.470701
0.460038
0.442174
0.273539
0.210186
0.200653
0.200028
0.200001
0.2
0.2
0.2
0.2
0.2
0.2
0.2
0.2
0.2
0.2
0.2
0.2
0.2
0.2
0.2
0.373182
0.392201
0.399608
0.40278
0.403089
0.399791
0.390028
0.366662
0.307622
0.223708
0.493415
0.4916
0.489507
0.487055
0.484103
0.480426
0.47565
0.469106
0.459381
0.442171
0.286643
0.213624
0.200882
0.200037
0.200001
0.2
0.2
0.2
0.2
0.2
0.2
0.2
0.2
0.2
0.2
0.2
0.2
0.2
0.2
0.2
0.368821
0.38635
0.394699
0.398952
0.400248
0.397908
0.389147
0.366822
0.308946
0.226105
0.488008
0.486406
0.484626
0.48259
0.480177
0.477188
0.473295
0.467889
0.459648
0.444336
0.320473
0.222209
0.201354
0.200051
0.200001
0.2
0.2
0.2
0.2
0.2
0.2
0.2
0.2
0.2
0.2
0.2
0.2
0.2
0.2
0.2
0.363845
0.378625
0.388135
0.393996
0.396751
0.395766
0.388425
0.367692
0.312237
0.230056
0.482363
0.480983
0.479513
0.47789
0.476013
0.473724
0.470764
0.466668
0.460437
0.448925
0.444436
0.438981
0.433894
0.429109
0.42455
0.420175
0.415955
0.411863
0.407876
0.403972
0.40013
0.396331
0.392557
0.388786
0.384999
0.381167
0.377251
0.373182
0.368821
0.363845
0.36096
0.369229
0.37919
0.387082
0.391939
0.392901
0.38754
0.369069
0.317188
0.235739
0.476351
0.475192
0.474019
0.472781
0.471399
0.469751
0.467646
0.464759
0.460461
0.453259
0.449304
0.445778
0.442433
0.439196
0.436036
0.432936
0.429882
0.42686
0.423854
0.420848
0.41782
0.414744
0.411588
0.40831
0.404849
0.401118
0.39698
0.392201
0.38635
0.378625
0.369229
0.367009
0.371823
0.37916
0.385556
0.388756
0.385953
0.37051
0.323331
0.243201
0.469801
0.468856
0.467955
0.467056
0.466098
0.464988
0.463584
0.461665
0.458866
0.45458
0.451029
0.447822
0.444775
0.441816
0.438913
0.43605
0.433217
0.430407
0.42761
0.424817
0.422016
0.419194
0.416329
0.413395
0.410352
0.407131
0.40362
0.399608
0.394699
0.388135
0.37919
0.371823
0.369878
0.373125
0.378694
0.383258
0.383101
0.371338
0.329916
0.252255
0.46248
0.461734
0.46107
0.460454
0.459836
0.45914
0.45826
0.457038
0.455254
0.452643
0.44986
0.447066
0.444286
0.441523
0.438775
0.436044
0.43333
0.430631
0.427946
0.425271
0.422602
0.419934
0.417257
0.41456
0.411822
0.409005
0.406037
0.40278
0.398952
0.393996
0.387082
0.37916
0.373125
0.371266
0.373443
0.377283
0.378803
0.370785
0.335938
0.262369
0.454034
0.453468
0.453004
0.452612
0.452247
0.451847
0.451323
0.450558
0.449403
0.447714
0.445642
0.443339
0.4409
0.438382
0.435821
0.433238
0.430649
0.428065
0.425491
0.422935
0.420399
0.417888
0.415404
0.412949
0.410516
0.408094
0.405646
0.403089
0.400248
0.396751
0.391939
0.385556
0.378694
0.373443
0.37141
0.372361
0.373558
0.368283
0.340189
0.272598
0.443859
0.443452
0.443151
0.442927
0.44274
0.442533
0.442229
0.441732
0.440933
0.439737
0.438153
0.436258
0.434138
0.431862
0.429484
0.427042
0.424566
0.422078
0.419594
0.41713
0.4147
0.412318
0.409999
0.40776
0.405617
0.40358
0.401649
0.399791
0.397908
0.395766
0.392901
0.388756
0.383258
0.377283
0.372361
0.369623
0.368356
0.363723
0.341422
0.281528
0.430653
0.430383
0.430212
0.430112
0.430044
0.429951
0.429763
0.429398
0.428767
0.427797
0.426464
0.424801
0.422864
0.420717
0.418415
0.416005
0.413522
0.410999
0.408461
0.405933
0.40344
0.401011
0.398679
0.396484
0.394471
0.392694
0.391203
0.390028
0.389147
0.388425
0.38754
0.385953
0.383101
0.378804
0.373558
0.368356
0.363731
0.357374
0.338659
0.287361
0.41078
0.410621
0.410553
0.410545
0.410551
0.410513
0.410361
0.410012
0.409386
0.408417
0.407073
0.405363
0.403325
0.401009
0.398468
0.395751
0.392901
0.389957
0.386954
0.383933
0.380936
0.378014
0.375228
0.372655
0.370392
0.368553
0.367268
0.366662
0.366822
0.367692
0.369069
0.37051
0.371338
0.370785
0.368283
0.363723
0.357374
0.348576
0.331152
0.288264
0.37276
0.372661
0.372655
0.372698
0.372732
0.372681
0.37246
0.371973
0.37113
0.369858
0.368113
0.365893
0.363225
0.360157
0.356738
0.353021
0.349046
0.344851
0.340467
0.335925
0.331264
0.326548
0.321879
0.31742
0.313414
0.310189
0.308132
0.307622
0.308946
0.312237
0.317189
0.323331
0.329916
0.335938
0.340189
0.341422
0.338659
0.331152
0.31598
0.282017
0.287784
0.287658
0.28764
0.287668
0.28766
0.287517
0.287126
0.286369
0.285135
0.283336
0.280922
0.277888
0.274268
0.270129
0.265554
0.260644
0.255514
0.250295
0.245136
0.240196
0.23563
0.231585
0.228177
0.2255
0.223627
0.222633
0.222614
0.223708
0.226105
0.230056
0.235739
0.243201
0.252255
0.262369
0.272598
0.281528
0.287361
0.288264
0.282017
0.26224
0.799998
0.799758
0.795341
0.779868
0.756787
0.73239
0.709443
0.688644
0.67
0.653318
0.638372
0.624941
0.612823
0.601834
0.591809
0.582602
0.574099
0.566203
0.558834
0.551919
0.545395
0.539207
0.533303
0.527632
0.522147
0.516796
0.511527
0.506281
0.500989
0.495571
0.489927
0.483934
0.477428
0.470179
0.461837
0.451779
0.438674
0.419039
0.382321
0.298829
0.799758
0.79772
0.788067
0.769203
0.746221
0.723125
0.701512
0.681809
0.664012
0.647979
0.633531
0.620487
0.608672
0.597923
0.588088
0.579038
0.570667
0.56289
0.555629
0.548818
0.542397
0.536315
0.530523
0.524975
0.519625
0.514427
0.509329
0.504273
0.499188
0.49399
0.488574
0.482806
0.476517
0.46947
0.46131
0.451412
0.438443
0.418916
0.382259
0.298749
0.795345
0.788069
0.773359
0.753532
0.732049
0.710954
0.691117
0.672828
0.656119
0.640918
0.627111
0.614567
0.603148
0.592715
0.583137
0.574303
0.566124
0.558519
0.55142
0.544765
0.538502
0.532583
0.526966
0.521608
0.51647
0.511508
0.506672
0.501902
0.497123
0.492241
0.487139
0.481671
0.475654
0.468845
0.460885
0.45115
0.438311
0.418882
0.382283
0.298767
0.779872
0.769204
0.753532
0.735143
0.715955
0.697099
0.679149
0.662355
0.646806
0.632498
0.619386
0.607389
0.596408
0.586329
0.577046
0.56847
0.560521
0.553128
0.546229
0.53977
0.533705
0.527993
0.522597
0.517484
0.512619
0.507963
0.50347
0.499079
0.494707
0.490247
0.48556
0.480478
0.474799
0.468272
0.460534
0.450967
0.43825
0.418907
0.382352
0.298825
0.756789
0.746221
0.732049
0.715955
0.699164
0.682456
0.666287
0.650912
0.636467
0.623013
0.610567
0.599103
0.588552
0.578831
0.56986
0.561562
0.553868
0.546711
0.540037
0.533798
0.527956
0.522477
0.517333
0.512499
0.50795
0.503656
0.499578
0.495656
0.4918
0.487882
0.483733
0.479145
0.473888
0.467697
0.460212
0.450822
0.438221
0.418945
0.38241
0.298845
0.732388
0.723124
0.710953
0.697099
0.682456
0.667631
0.653023
0.638888
0.625399
0.612673
0.600788
0.589775
0.579605
0.570224
0.561563
0.553551
0.546119
0.539208
0.532768
0.526759
0.521148
0.515909
0.511025
0.506483
0.50227
0.498372
0.494765
0.491397
0.488175
0.48495
0.481501
0.477552
0.472829
0.467048
0.459855
0.450656
0.438167
0.418939
0.382386
0.298733
0.709442
0.701511
0.691116
0.679148
0.666287
0.653023
0.639701
0.626567
0.61381
0.601591
0.590065
0.57936
0.569494
0.560415
0.552048
0.544314
0.537142
0.530476
0.524267
0.51848
0.513089
0.508076
0.503434
0.499165
0.495276
0.491775
0.488664
0.485919
0.483461
0.48112
0.478604
0.475507
0.471479
0.466217
0.459376
0.450395
0.438019
0.418818
0.382197
0.298381
0.688642
0.681808
0.672827
0.662355
0.650912
0.638888
0.626567
0.614157
0.601825
0.589754
0.578227
0.567618
0.557952
0.549128
0.541031
0.533561
0.52664
0.520205
0.514211
0.508624
0.503422
0.498595
0.494148
0.490096
0.486468
0.483308
0.480662
0.478564
0.476992
0.47579
0.474579
0.472685
0.469619
0.465048
0.458659
0.449943
0.437694
0.418504
0.381754
0.297676
0.669998
0.66401
0.656118
0.646805
0.636466
0.625399
0.61381
0.601825
0.589512
0.57697
0.564655
0.553829
0.544251
0.535639
0.527792
0.520574
0.513887
0.507664
0.501855
0.496428
0.491362
0.486652
0.482311
0.478365
0.474866
0.471895
0.469563
0.468015
0.467383
0.467659
0.468443
0.468465
0.466887
0.463322
0.457557
0.449193
0.437106
0.417915
0.38097
0.296513
0.653317
0.647978
0.640917
0.632498
0.623013
0.612673
0.601591
0.589754
0.57697
0.562761
0.546638
0.535256
0.525736
0.517347
0.509761
0.502793
0.496326
0.490283
0.48461
0.479271
0.474247
0.469532
0.465139
0.461097
0.457468
0.454354
0.451931
0.450491
0.450516
0.452654
0.457156
0.461408
0.462698
0.460784
0.45593
0.448052
0.436181
0.416987
0.379776
0.294809
0.638372
0.63353
0.62711
0.619385
0.610568
0.600788
0.590065
0.578227
0.564655
0.546637
0.257119
0.248664
0.25538
0.259906
0.26284
0.264779
0.266041
0.266827
0.267277
0.267502
0.2676
0.267676
0.267841
0.268242
0.269088
0.270719
0.273789
0.279885
0.293828
0.329461
0.452672
0.457521
0.459227
0.458077
0.453927
0.446529
0.434896
0.415689
0.378134
0.292518
0.62494
0.620486
0.614566
0.607389
0.599102
0.589775
0.57936
0.567619
0.55383
0.535255
0.248665
0.206062
0.204535
0.205473
0.206253
0.206839
0.207274
0.207591
0.207819
0.207984
0.208111
0.208225
0.208359
0.208553
0.208865
0.209397
0.210345
0.212173
0.216235
0.226355
0.447077
0.454035
0.456092
0.455361
0.4517
0.4447
0.433283
0.41403
0.376046
0.289635
0.612822
0.608671
0.603148
0.596408
0.588551
0.579605
0.569493
0.557952
0.544251
0.525735
0.25538
0.204535
0.200369
0.200261
0.200316
0.200366
0.200406
0.200438
0.200461
0.20048
0.200496
0.200508
0.200523
0.200543
0.200571
0.200617
0.200696
0.200841
0.201136
0.201744
0.441896
0.450735
0.45312
0.452663
0.449342
0.442651
0.431398
0.41205
0.373542
0.286194
0.601833
0.597922
0.592715
0.586328
0.57883
0.570224
0.560415
0.549127
0.535639
0.517347
0.259906
0.205473
0.200261
0.200018
0.200012
0.200015
0.200018
0.200019
0.20002
0.200021
0.200022
0.200023
0.200024
0.200025
0.200027
0.200029
0.200033
0.200039
0.200051
0.200069
0.437064
0.447555
0.450242
0.449988
0.446911
0.440449
0.429303
0.409799
0.370674
0.282255
0.591808
0.588087
0.583136
0.577045
0.56986
0.561563
0.552048
0.54103
0.527792
0.50976
0.26284
0.206253
0.200316
0.200012
0.2
0.2
0.2
0.2
0.2
0.2
0.2
0.2
0.2
0.200001
0.200001
0.200001
0.200001
0.200001
0.200002
0.200002
0.43249
0.444463
0.447428
0.447335
0.444442
0.438148
0.427052
0.407333
0.367498
0.277893
0.582602
0.579037
0.574303
0.568469
0.561562
0.55355
0.544314
0.53356
0.520573
0.502792
0.264779
0.206839
0.200366
0.200015
0.2
0.2
0.2
0.2
0.2
0.2
0.2
0.2
0.2
0.2
0.2
0.2
0.2
0.2
0.2
0.2
0.428122
0.441443
0.444662
0.444706
0.441957
0.435784
0.424693
0.404701
0.364073
0.273192
0.574099
0.570667
0.566123
0.56052
0.553868
0.546118
0.537142
0.526639
0.513887
0.496326
0.266041
0.207274
0.200406
0.200018
0.2
0.2
0.2
0.2
0.2
0.2
0.2
0.2
0.2
0.2
0.2
0.2
0.2
0.2
0.2
0.2
0.423928
0.43848
0.441935
0.442101
0.43947
0.433386
0.42226
0.401949
0.360449
0.268243
0.566203
0.562889
0.558519
0.553127
0.546711
0.539208
0.530475
0.520205
0.507664
0.490283
0.266827
0.207591
0.200438
0.200019
0.2
0.2
0.2
0.2
0.2
0.2
0.2
0.2
0.2
0.2
0.2
0.2
0.2
0.2
0.2
0.2
0.419878
0.435558
0.439239
0.439518
0.436992
0.430975
0.419786
0.39912
0.356673
0.26315
0.558834
0.555629
0.55142
0.546228
0.540036
0.532768
0.524267
0.51421
0.501855
0.484609
0.267277
0.207819
0.200461
0.20002
0.2
0.2
0.2
0.2
0.2
0.2
0.2
0.2
0.2
0.2
0.2
0.2
0.2
0.2
0.2
0.2
0.415948
0.432662
0.436564
0.436956
0.434528
0.428567
0.417297
0.396253
0.352789
0.258031
0.551919
0.548817
0.544765
0.539769
0.533798
0.526759
0.51848
0.508623
0.496427
0.479271
0.267502
0.207984
0.20048
0.200021
0.2
0.2
0.2
0.2
0.2
0.2
0.2
0.2
0.2
0.2
0.2
0.2
0.2
0.2
0.2
0.2
0.412115
0.429774
0.433902
0.43441
0.432082
0.426175
0.414819
0.393388
0.34884
0.253021
0.545395
0.542397
0.538502
0.533705
0.527956
0.521147
0.513088
0.503421
0.491361
0.474246
0.2676
0.208111
0.200496
0.200022
0.2
0.2
0.2
0.2
0.2
0.2
0.2
0.2
0.2
0.2
0.2
0.2
0.2
0.2
0.2
0.2
0.408357
0.426871
0.43124
0.431877
0.429658
0.423812
0.412377
0.390569
0.344875
0.248274
0.539207
0.536314
0.532583
0.527993
0.522477
0.515909
0.508076
0.498595
0.486652
0.469532
0.267676
0.208225
0.200508
0.200023
0.2
0.2
0.2
0.2
0.2
0.2
0.2
0.2
0.2
0.2
0.2
0.2
0.2
0.2
0.2
0.2
0.404653
0.423928
0.428562
0.429347
0.427257
0.421494
0.410003
0.387847
0.340958
0.243952
0.533303
0.530522
0.526965
0.522597
0.517333
0.511025
0.503434
0.494148
0.482311
0.465138
0.267841
0.208359
0.200523
0.200024
0.2
0.2
0.2
0.2
0.2
0.2
0.2
0.2
0.2
0.2
0.2
0.2
0.2
0.2
0.2
0.2
0.400982
0.420909
0.425847
0.42681
0.424878
0.419233
0.407731
0.385283
0.337176
0.240215
0.527632
0.524974
0.521608
0.517484
0.512498
0.506482
0.499165
0.490095
0.478365
0.461096
0.268242
0.208553
0.200543
0.200025
0.200001
0.2
0.2
0.2
0.2
0.2
0.2
0.2
0.2
0.2
0.2
0.2
0.2
0.2
0.2
0.2
0.397321
0.417767
0.423062
0.42425
0.422521
0.417048
0.405605
0.382953
0.333656
0.237216
0.522146
0.519624
0.51647
0.512618
0.507949
0.502269
0.495275
0.486468
0.474866
0.457467
0.269088
0.208865
0.200571
0.200027
0.200001
0.2
0.2
0.2
0.2
0.2
0.2
0.2
0.2
0.2
0.2
0.2
0.2
0.2
0.2
0.2
0.393643
0.414435
0.420161
0.42164
0.420179
0.414956
0.403674
0.380949
0.330576
0.23509
0.516796
0.514426
0.511508
0.507962
0.503656
0.498372
0.491775
0.483307
0.471894
0.454354
0.270719
0.209397
0.200617
0.200029
0.200001
0.2
0.2
0.2
0.2
0.2
0.2
0.2
0.2
0.2
0.2
0.2
0.2
0.2
0.2
0.2
0.389914
0.410815
0.417065
0.418935
0.417836
0.412972
0.401991
0.379376
0.32817
0.23397
0.511527
0.509328
0.506671
0.503469
0.499577
0.494764
0.488664
0.480661
0.469563
0.451931
0.273789
0.210345
0.200696
0.200033
0.200001
0.2
0.2
0.2
0.2
0.2
0.2
0.2
0.2
0.2
0.2
0.2
0.2
0.2
0.2
0.2
0.386088
0.406755
0.413648
0.416057
0.415455
0.411098
0.400606
0.378347
0.326717
0.233993
0.506281
0.504272
0.501901
0.499078
0.495655
0.491396
0.485919
0.478564
0.468015
0.450491
0.279885
0.212173
0.200841
0.200039
0.200001
0.2
0.2
0.2
0.2
0.2
0.2
0.2
0.2
0.2
0.2
0.2
0.2
0.2
0.2
0.2
0.38209
0.402003
0.409685
0.412857
0.412954
0.409307
0.399546
0.377962
0.326511
0.235322
0.500989
0.499187
0.497122
0.494706
0.491799
0.488175
0.483461
0.476991
0.467382
0.450516
0.293828
0.216235
0.201136
0.200051
0.200002
0.2
0.2
0.2
0.2
0.2
0.2
0.2
0.2
0.2
0.2
0.2
0.2
0.2
0.2
0.2
0.377795
0.396122
0.404771
0.409054
0.410161
0.407506
0.398787
0.378275
0.327802
0.238147
0.49557
0.493989
0.492241
0.490246
0.487882
0.48495
0.481119
0.475789
0.467659
0.452654
0.329461
0.226355
0.201744
0.200069
0.200002
0.2
0.2
0.2
0.2
0.2
0.2
0.2
0.2
0.2
0.2
0.2
0.2
0.2
0.2
0.2
0.372959
0.388345
0.398165
0.404101
0.406718
0.405474
0.398203
0.379259
0.330679
0.242667
0.489927
0.488573
0.487139
0.485559
0.483732
0.4815
0.478603
0.474579
0.468442
0.457156
0.452672
0.447077
0.441896
0.437064
0.43249
0.428122
0.423928
0.419878
0.415948
0.412115
0.408357
0.404653
0.400982
0.397321
0.393643
0.389914
0.386088
0.382091
0.377796
0.37296
0.370311
0.378966
0.389212
0.397216
0.401997
0.402769
0.3975
0.38074
0.335066
0.24901
0.483934
0.482805
0.481671
0.480477
0.479144
0.477551
0.475506
0.472684
0.468465
0.461408
0.457521
0.454035
0.450735
0.447554
0.444463
0.441443
0.43848
0.435558
0.432662
0.429773
0.426871
0.423928
0.420908
0.417766
0.414435
0.410815
0.406755
0.402003
0.396122
0.388345
0.378966
0.376943
0.381975
0.38943
0.395802
0.39888
0.396191
0.382343
0.340666
0.25722
0.477427
0.476516
0.475654
0.474799
0.473888
0.472828
0.471479
0.469619
0.466887
0.462698
0.459227
0.456091
0.45312
0.450242
0.447428
0.444662
0.441935
0.439238
0.436564
0.433902
0.43124
0.428562
0.425847
0.423062
0.42016
0.417065
0.413648
0.409685
0.404771
0.398165
0.389212
0.381975
0.380241
0.383652
0.389272
0.3938
0.393793
0.383503
0.346927
0.267163
0.470179
0.469469
0.468845
0.468271
0.467697
0.467048
0.466217
0.465047
0.463322
0.460784
0.458076
0.455361
0.452663
0.449987
0.447335
0.444706
0.4421
0.439517
0.436955
0.43441
0.431876
0.429347
0.42681
0.42425
0.42164
0.418935
0.416056
0.412857
0.409054
0.404101
0.397216
0.38943
0.383653
0.382084
0.384479
0.38845
0.390227
0.383609
0.35306
0.278456
0.461836
0.461309
0.460885
0.460534
0.460211
0.459854
0.459376
0.458658
0.457556
0.45593
0.453927
0.451699
0.449342
0.446911
0.444442
0.441956
0.43947
0.436991
0.434527
0.432082
0.429658
0.427256
0.424878
0.422521
0.420179
0.417836
0.415455
0.412954
0.410161
0.406718
0.401997
0.395802
0.389272
0.384479
0.38294
0.384348
0.386085
0.382283
0.358095
0.29038
0.451778
0.451411
0.45115
0.450967
0.450821
0.450655
0.450394
0.449943
0.449193
0.448051
0.446528
0.4447
0.44265
0.440449
0.438147
0.435783
0.433386
0.430975
0.428566
0.426174
0.423812
0.421493
0.419233
0.417048
0.414956
0.412972
0.411098
0.409307
0.407506
0.405474
0.402769
0.39888
0.3938
0.38845
0.384348
0.382564
0.38239
0.379577
0.361006
0.301749
0.438673
0.438442
0.43831
0.43825
0.43822
0.438166
0.438018
0.437694
0.437105
0.43618
0.434895
0.433282
0.431397
0.429302
0.427052
0.424692
0.42226
0.419786
0.417297
0.414819
0.412377
0.410003
0.407731
0.405605
0.403674
0.401991
0.400606
0.399546
0.398787
0.398203
0.3975
0.396191
0.393793
0.390228
0.386085
0.38239
0.379647
0.375799
0.360885
0.310847
0.419039
0.418916
0.418882
0.418906
0.418944
0.418938
0.418818
0.418503
0.417914
0.416986
0.415688
0.41403
0.412049
0.409798
0.407332
0.4047
0.401949
0.39912
0.396253
0.393388
0.390569
0.387846
0.385283
0.382953
0.380949
0.379376
0.378347
0.377962
0.378275
0.379259
0.38074
0.382343
0.383503
0.383609
0.382283
0.379577
0.375799
0.370253
0.356777
0.315555
0.382321
0.382259
0.382283
0.382352
0.382409
0.382385
0.382197
0.381754
0.38097
0.379776
0.378134
0.376046
0.373542
0.370674
0.367498
0.364072
0.360448
0.356673
0.352789
0.34884
0.344875
0.340957
0.337175
0.333656
0.330576
0.32817
0.326717
0.326511
0.327803
0.330679
0.335066
0.340666
0.346927
0.35306
0.358095
0.361006
0.360885
0.356777
0.34527
0.312903
0.298829
0.298749
0.298767
0.298825
0.298845
0.298733
0.298381
0.297676
0.296513
0.294809
0.292518
0.289635
0.286194
0.282255
0.277893
0.273192
0.268243
0.26315
0.258031
0.253021
0.248274
0.243952
0.240215
0.237216
0.23509
0.23397
0.233993
0.235322
0.238147
0.242667
0.24901
0.25722
0.267163
0.278456
0.29038
0.301749
0.310847
0.315555
0.312903
0.294567
0.8
0.799998
0.799117
0.789946
0.769216
0.74433
0.720233
0.698339
0.67879
0.661388
0.645872
0.631988
0.61951
0.608236
0.597988
0.588607
0.579962
0.571947
0.564476
0.557473
0.550873
0.544617
0.538653
0.532928
0.527395
0.522001
0.516694
0.511413
0.506091
0.500647
0.494982
0.488973
0.482456
0.475202
0.466858
0.456799
0.443724
0.424337
0.388698
0.306749
0.799997
0.799809
0.795864
0.781251
0.758805
0.734734
0.711931
0.691181
0.672533
0.655824
0.640841
0.627372
0.61522
0.604206
0.594166
0.584954
0.576451
0.568563
0.561208
0.554315
0.547825
0.541681
0.535836
0.530241
0.52485
0.519615
0.514486
0.509401
0.504292
0.499073
0.493639
0.487859
0.481562
0.474512
0.46635
0.456452
0.443512
0.424231
0.388656
0.306698
0.799119
0.795866
0.785084
0.766351
0.744188
0.721941
0.700993
0.681764
0.664293
0.648483
0.63419
0.621261
0.609537
0.598867
0.589105
0.580125
0.571825
0.56412
0.556936
0.550209
0.543885
0.537913
0.532249
0.526853
0.52168
0.516688
0.511826
0.507034
0.502235
0.497337
0.492221
0.486743
0.480721
0.47391
0.465948
0.456212
0.443399
0.424213
0.388695
0.306738
0.789954
0.781256
0.766352
0.74746
0.72725
0.707319
0.688406
0.670805
0.654594
0.639752
0.626211
0.613874
0.602626
0.592342
0.582899
0.574193
0.566137
0.558656
0.551683
0.545162
0.539045
0.533288
0.527856
0.522711
0.517819
0.513141
0.508629
0.504221
0.499835
0.495362
0.490664
0.485574
0.47989
0.473361
0.465622
0.456052
0.443359
0.424252
0.388776
0.306814
0.769225
0.758809
0.74419
0.727251
0.709505
0.69189
0.674921
0.658869
0.643861
0.629948
0.617132
0.605374
0.594598
0.584704
0.575595
0.567184
0.559397
0.552164
0.545427
0.539137
0.533253
0.527739
0.522567
0.517711
0.513144
0.508836
0.504745
0.500813
0.496947
0.493021
0.488864
0.484268
0.479007
0.472813
0.465325
0.45593
0.443349
0.424305
0.388845
0.306851
0.744338
0.734738
0.721943
0.70732
0.69189
0.676331
0.66107
0.646373
0.632411
0.619296
0.607098
0.595843
0.585487
0.575959
0.567179
0.55907
0.55156
0.544586
0.538096
0.532046
0.526402
0.521139
0.516236
0.51168
0.507458
0.503554
0.499942
0.49657
0.493345
0.490115
0.48666
0.482705
0.477977
0.472193
0.464995
0.455788
0.443315
0.424314
0.388835
0.306759
0.720238
0.711934
0.700995
0.688407
0.674921
0.66107
0.647217
0.633619
0.620466
0.607921
0.596139
0.585237
0.575214
0.566011
0.557544
0.549729
0.542494
0.535777
0.52953
0.523713
0.5183
0.513273
0.508622
0.504349
0.500459
0.49696
0.493852
0.49111
0.488654
0.486312
0.483793
0.480691
0.476658
0.471391
0.464545
0.455552
0.443188
0.42421
0.388666
0.306434
0.698342
0.691183
0.681765
0.670806
0.658869
0.646373
0.63362
0.620825
0.608163
0.595823
0.584084
0.573311
0.563514
0.554585
0.546406
0.538873
0.531902
0.52543
0.519409
0.513804
0.508591
0.503761
0.499315
0.495268
0.491649
0.4885
0.485865
0.483777
0.482212
0.481013
0.479801
0.477902
0.47483
0.470252
0.463856
0.455126
0.442885
0.423914
0.388251
0.305767
0.678792
0.672534
0.664294
0.654595
0.643861
0.632411
0.620467
0.608163
0.595577
0.582809
0.570306
0.559338
0.549651
0.540955
0.533046
0.52578
0.51906
0.512814
0.506992
0.501559
0.496496
0.491796
0.487469
0.483542
0.480065
0.477115
0.474805
0.473274
0.472652
0.472931
0.473709
0.473721
0.472133
0.46856
0.462783
0.454403
0.442318
0.423348
0.387506
0.304658
0.66139
0.655825
0.648484
0.639753
0.629948
0.619296
0.607921
0.595823
0.582808
0.568385
0.55206
0.54056
0.530957
0.52251
0.514884
0.507891
0.501412
0.495368
0.489704
0.484384
0.479388
0.474709
0.470357
0.466363
0.462785
0.459721
0.457343
0.455937
0.455974
0.458094
0.462545
0.466744
0.467998
0.466061
0.46119
0.453288
0.441416
0.422448
0.386368
0.303028
0.645873
0.640842
0.634191
0.626212
0.617132
0.607098
0.596139
0.584085
0.570306
0.55206
0.258854
0.250443
0.257466
0.262251
0.265398
0.267525
0.268962
0.269914
0.270524
0.270907
0.271164
0.271398
0.271724
0.272291
0.273309
0.275124
0.278406
0.284783
0.29925
0.335832
0.45807
0.462892
0.464568
0.463392
0.45922
0.451793
0.440155
0.421183
0.384799
0.300832
0.631989
0.627372
0.62126
0.613874
0.605374
0.595843
0.585236
0.573311
0.559338
0.54056
0.250443
0.206507
0.204895
0.205927
0.206796
0.207461
0.207966
0.208346
0.208634
0.208855
0.209036
0.209205
0.209397
0.209654
0.210045
0.210677
0.211769
0.213835
0.218384
0.229619
0.45238
0.459423
0.461467
0.460713
0.457026
0.449992
0.438567
0.419565
0.382805
0.298069
0.619511
0.61522
0.609536
0.602626
0.594598
0.585486
0.575214
0.563514
0.549651
0.530957
0.257467
0.204895
0.200409
0.200292
0.200355
0.200413
0.20046
0.200499
0.200529
0.200554
0.200575
0.200595
0.200616
0.200641
0.200679
0.200737
0.200833
0.201008
0.201358
0.202078
0.447124
0.456141
0.458531
0.458053
0.454702
0.44797
0.436708
0.417633
0.380416
0.294771
0.608237
0.604206
0.598866
0.592341
0.584704
0.575958
0.566011
0.554585
0.540955
0.52251
0.262251
0.205927
0.200292
0.20002
0.200014
0.200017
0.20002
0.200022
0.200025
0.200026
0.200027
0.200028
0.20003
0.200031
0.200034
0.200036
0.200041
0.200048
0.200063
0.200085
0.442248
0.452985
0.455691
0.455416
0.452305
0.445796
0.434641
0.415439
0.377687
0.290996
0.597989
0.594166
0.589104
0.582898
0.575594
0.567179
0.557544
0.546406
0.533045
0.514884
0.265399
0.206796
0.200355
0.200014
0.2
0.2
0.2
0.2
0.2
0.2
0.200001
0.200001
0.200001
0.200001
0.200001
0.200001
0.200001
0.200002
0.200002
0.200003
0.437649
0.449925
0.452918
0.452804
0.449871
0.443522
0.432421
0.413039
0.374674
0.286814
0.588608
0.584954
0.580125
0.574192
0.567184
0.55907
0.549729
0.538872
0.52578
0.507891
0.267525
0.207461
0.200413
0.200017
0.2
0.2
0.2
0.2
0.2
0.2
0.2
0.2
0.2
0.2
0.2
0.2
0.2
0.2
0.2
0.2
0.433272
0.446943
0.450197
0.450218
0.447423
0.441187
0.430094
0.410485
0.371439
0.282302
0.579962
0.576451
0.571825
0.566137
0.559397
0.55156
0.542494
0.531902
0.519059
0.501412
0.268962
0.207966
0.20046
0.20002
0.2
0.2
0.2
0.2
0.2
0.2
0.2
0.2
0.2
0.2
0.2
0.2
0.2
0.2
0.2
0.2
0.42908
0.444024
0.44752
0.447658
0.444973
0.438819
0.427698
0.407821
0.368035
0.277541
0.571948
0.568563
0.56412
0.558656
0.552164
0.544586
0.535777
0.52543
0.512813
0.495368
0.269914
0.208346
0.200499
0.200022
0.2
0.2
0.2
0.2
0.2
0.2
0.2
0.2
0.2
0.2
0.2
0.2
0.2
0.2
0.2
0.2
0.425044
0.441152
0.444877
0.445123
0.442533
0.436437
0.425264
0.405091
0.364513
0.272619
0.564476
0.561207
0.556936
0.551683
0.545427
0.538095
0.529529
0.519408
0.506991
0.489704
0.270524
0.208634
0.200529
0.200025
0.2
0.2
0.2
0.2
0.2
0.2
0.2
0.2
0.2
0.2
0.2
0.2
0.2
0.2
0.2
0.2
0.421135
0.43831
0.442259
0.442611
0.440108
0.43406
0.42282
0.402333
0.360921
0.267634
0.557473
0.554315
0.550209
0.545162
0.539137
0.532045
0.523713
0.513803
0.501558
0.484384
0.270907
0.208855
0.200554
0.200026
0.2
0.2
0.2
0.2
0.2
0.2
0.2
0.2
0.2
0.2
0.2
0.2
0.2
0.2
0.2
0.2
0.417332
0.43548
0.439657
0.440117
0.437703
0.431701
0.420392
0.399587
0.357305
0.262703
0.550873
0.547825
0.543884
0.539044
0.533253
0.526402
0.5183
0.50859
0.496495
0.479388
0.271164
0.209036
0.200575
0.200027
0.200001
0.2
0.2
0.2
0.2
0.2
0.2
0.2
0.2
0.2
0.2
0.2
0.2
0.2
0.2
0.2
0.413612
0.43264
0.437057
0.437637
0.435319
0.429374
0.418006
0.396897
0.353718
0.257963
0.544617
0.541681
0.537912
0.533288
0.527739
0.521139
0.513272
0.50376
0.491795
0.474709
0.271398
0.209205
0.200595
0.200028
0.200001
0.2
0.2
0.2
0.2
0.2
0.2
0.2
0.2
0.2
0.2
0.2
0.2
0.2
0.2
0.2
0.409953
0.429761
0.434444
0.435162
0.43296
0.427093
0.415694
0.394313
0.350224
0.253575
0.538653
0.535836
0.532249
0.527856
0.522567
0.516236
0.508622
0.499314
0.487468
0.470357
0.271724
0.209397
0.200616
0.20003
0.200001
0.2
0.2
0.2
0.2
0.2
0.2
0.2
0.2
0.2
0.2
0.2
0.2
0.2
0.2
0.2
0.406332
0.426806
0.431794
0.43268
0.430624
0.424874
0.413489
0.391895
0.346905
0.249712
0.532929
0.53024
0.526852
0.522711
0.51771
0.51168
0.504349
0.495268
0.483542
0.466363
0.272291
0.209654
0.200641
0.200031
0.200001
0.2
0.2
0.2
0.2
0.2
0.2
0.2
0.2
0.2
0.2
0.2
0.2
0.2
0.2
0.2
0.402726
0.423728
0.429074
0.430176
0.428313
0.422734
0.411435
0.389715
0.343876
0.246557
0.527395
0.524849
0.52168
0.517819
0.513143
0.507457
0.500459
0.491649
0.480064
0.462784
0.273309
0.210045
0.200679
0.200034
0.200001
0.2
0.2
0.2
0.2
0.2
0.2
0.2
0.2
0.2
0.2
0.2
0.2
0.2
0.2
0.2
0.399104
0.420457
0.426236
0.427622
0.426018
0.420692
0.409579
0.38786
0.341286
0.244287
0.522001
0.519615
0.516688
0.513141
0.508835
0.503554
0.49696
0.488499
0.477115
0.459721
0.275124
0.210677
0.200737
0.200036
0.200001
0.2
0.2
0.2
0.2
0.2
0.2
0.2
0.2
0.2
0.2
0.2
0.2
0.2
0.2
0.2
0.395434
0.416891
0.4232
0.424974
0.423728
0.418765
0.407975
0.386429
0.33933
0.243077
0.516694
0.514485
0.511826
0.508629
0.504745
0.499942
0.493852
0.485865
0.474805
0.457343
0.278406
0.211769
0.200833
0.200041
0.200001
0.2
0.2
0.2
0.2
0.2
0.2
0.2
0.2
0.2
0.2
0.2
0.2
0.2
0.2
0.2
0.391665
0.412876
0.419839
0.422155
0.421406
0.416956
0.40667
0.385525
0.338238
0.243098
0.511413
0.509401
0.507034
0.504221
0.500812
0.49657
0.49111
0.483777
0.473274
0.455937
0.284783
0.213835
0.201008
0.200048
0.200002
0.2
0.2
0.2
0.2
0.2
0.2
0.2
0.2
0.2
0.2
0.2
0.2
0.2
0.2
0.2
0.387729
0.408158
0.415927
0.41902
0.418975
0.41524
0.40569
0.385241
0.338253
0.244528
0.506091
0.504291
0.502235
0.499834
0.496947
0.493345
0.488654
0.482212
0.472652
0.455974
0.29925
0.218384
0.201358
0.200063
0.200002
0.2
0.2
0.2
0.2
0.2
0.2
0.2
0.2
0.2
0.2
0.2
0.2
0.2
0.2
0.2
0.383512
0.402301
0.411059
0.415287
0.416267
0.413529
0.405013
0.385629
0.339576
0.247552
0.500647
0.499072
0.497337
0.495361
0.493021
0.490115
0.486312
0.481013
0.472931
0.458094
0.335832
0.229619
0.202078
0.200085
0.200003
0.2
0.2
0.2
0.2
0.2
0.2
0.2
0.2
0.2
0.2
0.2
0.2
0.2
0.2
0.2
0.378813
0.394554
0.404503
0.410418
0.412931
0.41161
0.404524
0.386668
0.342329
0.252333
0.494982
0.493639
0.492221
0.490664
0.488863
0.48666
0.483793
0.479801
0.473708
0.462544
0.45807
0.452379
0.447124
0.442248
0.437649
0.433272
0.42908
0.425043
0.421135
0.417332
0.413612
0.409952
0.406332
0.402726
0.399104
0.395434
0.391665
0.387729
0.383513
0.378813
0.376341
0.385235
0.395622
0.403641
0.408349
0.409053
0.403944
0.388203
0.346486
0.258999
0.488973
0.487859
0.486743
0.485573
0.484268
0.482705
0.480691
0.477901
0.473721
0.466743
0.462892
0.459423
0.456141
0.452985
0.449925
0.446943
0.444024
0.441151
0.43831
0.43548
0.432639
0.42976
0.426806
0.423728
0.420457
0.416891
0.412876
0.408158
0.402301
0.394555
0.385235
0.383355
0.388513
0.396011
0.402343
0.40537
0.402815
0.389901
0.351838
0.267601
0.482456
0.481561
0.48072
0.47989
0.479007
0.477977
0.476658
0.47483
0.472133
0.467997
0.464567
0.461467
0.45853
0.45569
0.452917
0.450197
0.447519
0.444876
0.442259
0.439657
0.437057
0.434444
0.431793
0.429074
0.426235
0.4232
0.419839
0.415927
0.411059
0.404503
0.395622
0.388513
0.386926
0.390431
0.396066
0.400579
0.400701
0.391262
0.357963
0.278076
0.475202
0.474511
0.473909
0.47336
0.472813
0.472193
0.471391
0.470252
0.46856
0.466061
0.463392
0.460713
0.458052
0.455415
0.452803
0.450217
0.447658
0.445123
0.442611
0.440117
0.437637
0.435162
0.43268
0.430175
0.427622
0.424974
0.422155
0.41902
0.415287
0.410418
0.403642
0.396011
0.390432
0.389051
0.391574
0.395625
0.397579
0.391774
0.364236
0.290202
0.466858
0.46635
0.465948
0.465621
0.465324
0.464995
0.464544
0.463855
0.462783
0.461189
0.45922
0.457025
0.454701
0.452305
0.449871
0.447422
0.444973
0.442533
0.440108
0.437703
0.435319
0.43296
0.430624
0.428312
0.426018
0.423728
0.421406
0.418975
0.416267
0.412931
0.408349
0.402343
0.396066
0.391574
0.390338
0.392025
0.394104
0.391194
0.369901
0.303535
0.456799
0.456451
0.456212
0.456051
0.455929
0.455788
0.455552
0.455126
0.454402
0.453288
0.451792
0.449992
0.44797
0.445796
0.443522
0.441187
0.438818
0.436437
0.43406
0.431701
0.429374
0.427093
0.424874
0.422734
0.420692
0.418765
0.416956
0.41524
0.413529
0.41161
0.409053
0.40537
0.40058
0.395625
0.392025
0.390827
0.391356
0.389749
0.374202
0.317263
0.443724
0.443512
0.443399
0.443358
0.443348
0.443315
0.443188
0.442884
0.442318
0.441415
0.440155
0.438566
0.436708
0.434641
0.432421
0.430094
0.427698
0.425264
0.42282
0.420392
0.418006
0.415693
0.413489
0.411435
0.409579
0.407975
0.40667
0.40569
0.405013
0.404524
0.403944
0.402815
0.400701
0.397579
0.394104
0.391356
0.389892
0.387912
0.37649
0.329961
0.424337
0.424231
0.424212
0.424252
0.424304
0.424313
0.424209
0.423914
0.423347
0.422447
0.421183
0.419565
0.417632
0.415439
0.413039
0.410484
0.407821
0.40509
0.402332
0.399587
0.396897
0.394313
0.391895
0.389715
0.38786
0.386429
0.385525
0.385241
0.385629
0.386668
0.388203
0.389901
0.391262
0.391774
0.391194
0.389749
0.387912
0.385171
0.37591
0.339338
0.388697
0.388656
0.388694
0.388775
0.388845
0.388835
0.388665
0.38825
0.387506
0.386367
0.384799
0.382804
0.380416
0.377686
0.374674
0.371439
0.368035
0.364513
0.360921
0.357305
0.353718
0.350224
0.346905
0.343876
0.341286
0.33933
0.338238
0.338252
0.339576
0.342329
0.346486
0.351838
0.357963
0.364236
0.369901
0.374202
0.37649
0.37591
0.369007
0.341573
0.306748
0.306698
0.306738
0.306814
0.306851
0.306759
0.306434
0.305767
0.304658
0.303028
0.300832
0.298069
0.294771
0.290996
0.286814
0.282302
0.277541
0.272619
0.267634
0.262703
0.257963
0.253575
0.249712
0.246557
0.244287
0.243077
0.243098
0.244528
0.247552
0.252333
0.258999
0.267601
0.278076
0.290202
0.303535
0.317262
0.329961
0.339338
0.341573
0.290546
)
;

boundaryField
{
    left
    {
        type            fixedValue;
        value           uniform 0;
    }
    right
    {
        type            fixedValue;
        value           uniform 0;
    }
    up
    {
        type            fixedValue;
        value           uniform 0;
    }
    down
    {
        type            fixedValue;
        value           uniform 0;
    }
    front
    {
        type            fixedValue;
        value           uniform 0;
    }
    back
    {
        type            fixedValue;
        value           uniform 0;
    }
}


// ************************************************************************* //
