1
0.67465
0.449767
0.337325
0.26986
0.224883
0.192757
0.168663
0.149922
0.13493
0.122664
0.112442
0.103792
0.0963786
0.0899534
0.0843313
0.0793706
0.0749611
0.0710158
0.067465
0.0642524
0.0613318
0.0586652
0.0562208
0.053972
0.0518962
0.0499741
0.0481893
0.0465276
0.0449767
0.0435258
0.0421656
0.0408879
0.0396853
0.0385514
0.0374806
0.0364676
0.0355079
0.0345974
0.0337325
0.0329098
0.0321262
0.0313791
0.0306659
0.0299845
0.0293326
0.0287085
0.0281104
0.0275367
0.026986
0.0264569
0.0259481
0.0254585
0.024987
0.0245327
0.0240947
0.0236719
0.0232638
0.0228695
0.0224883
0.0221197
0.0217629
0.0214175
0.0210828
0.0207585
0.0204439
0.0201388
0.0198427
0.0195551
0.0192757
0.0190042
0.0187403
0.0184836
0.0182338
0.0179907
0.017754
0.0175234
0.0172987
0.0170798
0.0168663
0.016658
0.0164549
0.0162566
0.0160631
0.0158741
0.0156895
0.0155092
0.015333
0.0151607
0.0149922
0.0148275
0.0146663
0.0145086
0.0143543
0.0142032
0.0140552
0.0139103
0.0137684
0.0136293
0.013493
0.0133594
0.0132284
0.0131
0.012974
0.0128505
0.0127293
0.0126103
0.0124935
0.0123789
0.0122664
0.0121559
0.0120473
0.0119407
0.011836
0.0117331
0.0116319
0.0115325
0.0114348
0.0113387
0.0112442
0.0111512
0.0110598
0.0109699
0.0108815
0.0107944
0.0107087
0.0106244
0.0105414
0.0104597
0.0103792
0.0103
0.010222
0.0101451
0.0100694
0.00999482
0.00992133
0.00984891
0.00977754
0.0097072
0.00963786
0.00956951
0.00950212
0.00943567
0.00937015
0.00930552
0.00924179
0.00917892
0.0091169
0.00905571
0.00899534
0.00893577
0.00887698
0.00881896
0.0087617
0.00870517
0.00864937
0.00859427
0.00853988
0.00848617
0.00843313
0.00838075
0.00832902
0.00827792
0.00822745
0.00817758
0.00812832
0.00807965
0.00803155
0.00798403
0.00793707
0.00789065
0.00784477
0.00779943
0.0077546
0.00771029
0.00766648
0.00762317
0.00758034
0.007538
0.00749612
0.0074547
0.00741374
0.00737323
0.00733316
0.00729352
0.00725431
0.00721552
0.00717713
0.00713916
0.00710159
0.0070644
0.00702761
0.0069912
0.00695516
0.00691949
0.00688419
0.00684925
0.00681465
0.00678041
0.00674651
0.00671294
0.00667971
0.0066468
0.00661422
0.00658196
0.00655001
0.00651836
0.00648703
0.00645599
0.00642524
0.00639479
0.00636463
0.00633475
0.00630515
0.00627582
0.00624677
0.00621798
0.00618946
0.00616119
0.00613319
0.00610544
0.00607793
0.00605068
0.00602367
0.0059969
0.00597036
0.00594406
0.00591799
0.00589215
0.00586653
0.00584113
0.00581596
0.00579099
0.00576625
0.00574171
0.00571738
0.00569326
0.00566933
0.00564561
0.00562209
0.00559876
0.00557563
0.00555268
0.00552992
0.00550735
0.00548497
0.00546276
0.00544073
0.00541888
0.00539721
0.0053757
0.00535437
0.00533321
0.00531221
0.00529138
0.00527071
0.0052502
0.00522985
0.00520966
0.00518962
0.00516974
0.00515001
0.00513042
0.00511099
0.0050917
0.00507256
0.00505356
0.00503471
0.00501599
0.00499741
0.00497897
0.00496067
0.0049425
0.00492446
0.00490655
0.00488877
0.00487113
0.0048536
0.00483621
0.00481894
0.00480179
0.00478476
0.00476785
0.00475106
0.00473439
0.00471784
0.0047014
0.00468508
0.00466886
0.00465277
0.00463678
0.0046209
0.00460513
0.00458946
0.0045739
0.00455845
0.0045431
0.00452786
0.00451272
0.00449767
0.00448273
0.00446789
0.00445314
0.00443849
0.00442394
0.00440948
0.00439512
0.00438085
0.00436667
0.00435259
0.00433859
0.00432469
0.00431087
0.00429714
0.0042835
0.00426994
0.00425647
0.00424309
0.00422979
0.00421657
0.00420343
0.00419038
0.00417741
0.00416451
0.0041517
0.00413896
0.00412631
0.00411373
0.00410122
0.00408879
0.00407644
0.00406416
0.00405196
0.00403983
0.00402777
0.00401578
0.00400386
0.00399202
0.00398024
0.00396854
0.0039569
0.00394533
0.00393383
0.00392239
0.00391102
0.00389972
0.00388848
0.00387731
0.0038662
0.00385515
0.00384417
0.00383325
0.00382239
0.00381159
0.00380085
0.00379017
0.00377956
0.003769
