1
0.3493
5.98889e-10
-2.43216e-09
1.78963e-08
-4.93619e-10
2.58287e-09
-2.30727e-10
2.92845e-09
2.26344e-09
9.11502e-09
2.27657e-09
9.07172e-09
2.32495e-09
9.13047e-09
2.30797e-09
9.07523e-09
2.34591e-09
9.13441e-09
2.31484e-09
9.07954e-09
2.34901e-09
9.13455e-09
2.31661e-09
9.08492e-09
2.34865e-09
9.13415e-09
2.31823e-09
9.08995e-09
2.34784e-09
9.13371e-09
2.31991e-09
9.09419e-09
2.34702e-09
9.13319e-09
2.32138e-09
9.09772e-09
2.34627e-09
9.13265e-09
2.32283e-09
9.10058e-09
2.34555e-09
9.13217e-09
2.32388e-09
9.10289e-09
2.34501e-09
9.13169e-09
2.32486e-09
9.10489e-09
2.34436e-09
9.13129e-09
2.32568e-09
9.10654e-09
2.34386e-09
9.1309e-09
2.32649e-09
9.10789e-09
2.34348e-09
9.13051e-09
2.32709e-09
9.10911e-09
2.34311e-09
9.13024e-09
2.32761e-09
9.11012e-09
2.34275e-09
9.12989e-09
2.32814e-09
9.11106e-09
2.34238e-09
9.12961e-09
2.3287e-09
9.11186e-09
2.34213e-09
9.12929e-09
2.32907e-09
9.11256e-09
2.34174e-09
9.12903e-09
2.32947e-09
9.11322e-09
2.34155e-09
9.12878e-09
2.32976e-09
9.11385e-09
2.34125e-09
9.12855e-09
2.33012e-09
9.11436e-09
2.34104e-09
9.12831e-09
2.33045e-09
9.11486e-09
2.3408e-09
9.12815e-09
2.33077e-09
9.11528e-09
2.34067e-09
9.12792e-09
2.33101e-09
9.11576e-09
2.34047e-09
9.12775e-09
2.33118e-09
9.11613e-09
2.3403e-09
9.12746e-09
2.33141e-09
9.11649e-09
2.34012e-09
9.12726e-09
2.33174e-09
9.11683e-09
2.3399e-09
9.12715e-09
2.33196e-09
9.11705e-09
2.3397e-09
9.12701e-09
2.33211e-09
9.11743e-09
2.33945e-09
9.12683e-09
2.33221e-09
9.11768e-09
2.33945e-09
9.12669e-09
2.33238e-09
9.11794e-09
2.33934e-09
9.12649e-09
2.33254e-09
9.11822e-09
2.33919e-09
9.12634e-09
2.33276e-09
9.11845e-09
2.33901e-09
9.12623e-09
2.33294e-09
9.11858e-09
2.33888e-09
9.1261e-09
2.33302e-09
9.11883e-09
2.33881e-09
9.12604e-09
2.33317e-09
9.119e-09
2.33864e-09
9.12591e-09
2.33323e-09
9.11917e-09
2.33852e-09
9.12572e-09
2.3334e-09
9.11934e-09
2.33854e-09
9.1256e-09
2.33347e-09
9.11951e-09
2.33836e-09
9.12556e-09
2.33369e-09
9.11969e-09
2.33834e-09
9.12543e-09
2.33371e-09
9.11977e-09
2.33827e-09
9.12535e-09
2.3338e-09
9.11992e-09
2.3381e-09
9.12525e-09
2.33392e-09
9.1201e-09
2.33809e-09
9.1252e-09
2.33392e-09
9.12018e-09
2.33795e-09
9.12507e-09
2.33403e-09
9.12035e-09
2.3379e-09
9.12503e-09
2.33424e-09
9.12044e-09
2.33786e-09
9.12488e-09
2.33429e-09
9.12053e-09
2.33771e-09
9.12481e-09
2.33437e-09
9.1206e-09
2.33772e-09
9.12475e-09
2.33446e-09
9.12068e-09
2.33755e-09
9.12466e-09
2.3345e-09
9.12074e-09
2.33757e-09
9.1246e-09
2.33465e-09
9.12091e-09
2.33754e-09
9.12455e-09
2.33469e-09
9.12096e-09
2.33741e-09
9.12446e-09
2.33462e-09
9.12106e-09
2.33741e-09
9.12448e-09
2.33473e-09
9.12113e-09
2.3373e-09
9.12438e-09
2.33471e-09
9.1212e-09
2.33725e-09
9.12427e-09
2.33486e-09
9.12129e-09
2.3372e-09
9.12422e-09
2.33483e-09
9.12141e-09
2.33728e-09
9.12418e-09
2.3349e-09
9.12141e-09
2.33708e-09
9.1241e-09
2.33504e-09
9.12149e-09
2.33705e-09
9.12409e-09
2.33505e-09
9.12153e-09
2.3371e-09
9.12403e-09
2.33507e-09
9.12161e-09
2.33702e-09
9.12399e-09
2.33516e-09
9.1216e-09
2.33701e-09
9.12393e-09
2.33522e-09
9.12168e-09
2.33699e-09
9.12388e-09
2.33529e-09
9.12178e-09
2.33694e-09
9.12386e-09
2.33517e-09
9.12172e-09
2.33687e-09
9.12377e-09
2.33531e-09
9.12184e-09
2.33691e-09
9.12376e-09
2.33539e-09
9.12183e-09
2.33684e-09
9.12373e-09
2.33534e-09
9.12191e-09
2.33681e-09
9.1237e-09
2.33533e-09
9.12193e-09
2.33676e-09
9.12373e-09
2.33532e-09
9.12202e-09
2.33677e-09
9.12368e-09
2.33539e-09
9.12202e-09
2.33673e-09
9.12359e-09
2.33546e-09
9.12208e-09
2.33667e-09
9.1236e-09
2.33539e-09
9.12213e-09
2.33665e-09
9.12357e-09
2.33553e-09
9.12211e-09
2.33665e-09
9.12352e-09
2.33552e-09
9.12215e-09
2.33666e-09
9.12349e-09
2.33556e-09
9.1222e-09
2.33659e-09
9.12344e-09
2.33563e-09
9.12224e-09
2.33654e-09
9.12344e-09
2.33564e-09
9.12219e-09
2.33659e-09
9.12344e-09
2.33555e-09
9.12228e-09
2.33653e-09
9.12337e-09
2.33557e-09
9.12227e-09
2.33651e-09
9.12335e-09
2.33566e-09
9.12221e-09
2.33647e-09
9.12339e-09
2.3356e-09
9.12232e-09
2.33638e-09
9.12333e-09
2.33568e-09
9.12235e-09
2.33653e-09
9.12333e-09
2.3357e-09
9.12239e-09
2.33646e-09
9.12327e-09
2.33562e-09
9.12237e-09
2.33643e-09
9.12328e-09
2.33576e-09
9.1224e-09
2.33644e-09
9.12328e-09
2.33569e-09
9.12235e-09
2.33639e-09
9.12323e-09
2.3358e-09
9.12243e-09
2.33634e-09
