/*--------------------------------*- C++ -*----------------------------------*\
| =========                 |                                                 |
| \\      /  F ield         | OpenFOAM: The Open Source CFD Toolbox           |
|  \\    /   O peration     | Version:  2.1.0                                 |
|   \\  /    A nd           | Web:      www.OpenFOAM.org                      |
|    \\/     M anipulation  |                                                 |
\*---------------------------------------------------------------------------*/
FoamFile
{
    version     2.0;
    format      ascii;
    class       volScalarField;
    location    "24090";
    object      kr_w;
}
// * * * * * * * * * * * * * * * * * * * * * * * * * * * * * * * * * * * * * //

dimensions      [0 0 0 0 0 0 0];

internalField   nonuniform List<scalar> 
15000
(
0.5625
0.562495
0.562106
0.557981
0.544826
0.523118
0.497515
0.471571
0.446891
0.424002
0.40298
0.383733
0.366117
0.349979
0.335178
0.321583
0.309075
0.297547
0.286901
0.27705
0.267915
0.259426
0.251516
0.244122
0.23719
0.230673
0.22453
0.218726
0.213229
0.208011
0.203048
0.198318
0.193799
0.189473
0.185323
0.181335
0.177494
0.17379
0.170209
0.166742
0.163379
0.160112
0.156933
0.153836
0.150815
0.147865
0.144982
0.142161
0.139399
0.136695
0.134047
0.131452
0.12891
0.12642
0.123982
0.121595
0.119261
0.116977
0.114744
0.112562
0.11043
0.108347
0.106313
0.104326
0.102385
0.100488
0.0986316
0.0968155
0.0950373
0.0932946
0.0915847
0.089905
0.0882534
0.086628
0.0850262
0.0834456
0.0818836
0.080338
0.0788065
0.0772874
0.075778
0.0742755
0.0727776
0.0712822
0.069787
0.0682891
0.0667853
0.0652724
0.0637471
0.0622055
0.0606427
0.0590525
0.057427
0.0557564
0.054028
0.0522257
0.0503282
0.0483069
0.0461238
0.0437265
0.0410419
0.0379664
0.0343527
0.0299986
0.0246683
0.0182608
0.0113376
0.00555298
0.00219944
0.000775803
0.000264483
9.07412e-05
3.18216e-05
1.14707e-05
4.25893e-06
1.62981e-06
6.42738e-07
2.61009e-07
1.09001e-07
4.67335e-08
2.05348e-08
9.23467e-09
4.24768e-09
1.9992e-09
9.64191e-10
4.77588e-10
2.43588e-10
1.28205e-10
6.96618e-11
3.89555e-11
2.22423e-11
1.2863e-11
7.48135e-12
4.34126e-12
2.50164e-12
1.42458e-12
7.97973e-13
4.38255e-13
2.35378e-13
1.23117e-13
6.2338e-14
3.02879e-14
1.39802e-14
6.08679e-15
2.46075e-15
9.39848e-16
2.66714e-16
3.17516e-18
0
0
0.562494
0.562387
0.560835
0.553321
0.536817
0.513885
0.488627
0.463601
0.439912
0.417916
0.39765
0.379028
0.361924
0.346209
0.331758
0.318455
0.306191
0.294866
0.284393
0.274691
0.265686
0.257309
0.249496
0.242188
0.235331
0.228882
0.2228
0.217052
0.211607
0.206439
0.201524
0.196839
0.192363
0.188078
0.183969
0.180021
0.17622
0.172553
0.169009
0.165577
0.162249
0.159016
0.15587
0.152805
0.149814
0.146894
0.144038
0.141243
0.138506
0.135825
0.133199
0.130624
0.1281
0.125626
0.123202
0.120829
0.118506
0.116232
0.114008
0.111833
0.109708
0.107631
0.105602
0.103619
0.101682
0.0997868
0.0979334
0.09612
0.094344
0.0926028
0.0908937
0.0892149
0.0875641
0.0859389
0.0843367
0.0827547
0.0811904
0.079642
0.0781072
0.0765835
0.0750677
0.0735574
0.0720505
0.0705449
0.0690372
0.0675239
0.0660021
0.0644684
0.0629184
0.0613477
0.0597506
0.0581203
0.056447
0.0547193
0.0529222
0.0510363
0.049036
0.0468873
0.0445443
0.0419434
0.0389962
0.0355791
0.0315214
0.0266102
0.0206761
0.0139308
0.00757789
0.00327517
0.00120831
0.000416161
0.000141426
4.86089e-05
1.70658e-05
6.14595e-06
2.2751e-06
8.66637e-07
3.39842e-07
1.37152e-07
5.69068e-08
2.42314e-08
1.05645e-08
4.70532e-09
2.13746e-09
9.89777e-10
4.67592e-10
2.25913e-10
1.12094e-10
5.74591e-11
3.06259e-11
1.70087e-11
9.71736e-12
5.64776e-12
3.31395e-12
1.95446e-12
1.15268e-12
6.75062e-13
3.89056e-13
2.19944e-13
1.21929e-13
6.61736e-14
3.49776e-14
1.7819e-14
8.64915e-15
3.97213e-15
1.71459e-15
6.8266e-16
1.93685e-16
3.17516e-18
0
0
0.562117
0.560865
0.55577
0.5434
0.524049
0.500875
0.476711
0.45313
0.430818
0.410008
0.390726
0.372911
0.35647
0.341301
0.327302
0.314375
0.302426
0.29137
0.281127
0.271623
0.26279
0.254562
0.24688
0.239685
0.232931
0.226575
0.22058
0.214913
0.209545
0.204451
0.199605
0.194987
0.190575
0.186352
0.182303
0.178413
0.174669
0.171056
0.167565
0.164185
0.160907
0.157722
0.154622
0.151601
0.148654
0.145773
0.142954
0.140194
0.13749
0.134839
0.132239
0.129689
0.127187
0.124733
0.122327
0.119969
0.117659
0.115397
0.113184
0.111018
0.1089
0.106831
0.104809
0.102832
0.1009
0.09901
0.0971618
0.0953533
0.0935817
0.0918446
0.0901397
0.0884646
0.0868172
0.0851949
0.0835947
0.082014
0.0804508
0.0789028
0.0773675
0.0758417
0.0743227
0.0728081
0.0712957
0.0697822
0.0682639
0.0667379
0.0652005
0.063648
0.0620758
0.0604782
0.0588486
0.0571793
0.0554596
0.053675
0.0518079
0.0498351
0.047726
0.0454392
0.042918
0.040084
0.0368279
0.0329986
0.0283994
0.0228315
0.0163116
0.00964502
0.00451805
0.00175117
0.000613888
0.000207962
7.03588e-05
2.41154e-05
8.4284e-06
3.0146e-06
1.10612e-06
4.17113e-07
1.61859e-07
6.46651e-08
2.6582e-08
1.12197e-08
4.84562e-09
2.13296e-09
9.53675e-10
4.32167e-10
1.98405e-10
9.24709e-11
4.40075e-11
2.16325e-11
1.11931e-11
6.21944e-12
3.58523e-12
2.10688e-12
1.25362e-12
7.58401e-13
4.64533e-13
2.85063e-13
1.71246e-13
1.00592e-13
5.81595e-14
3.32186e-14
1.86287e-14
1.01478e-14
5.2676e-15
2.57823e-15
1.19069e-15
4.88975e-16
1.30182e-16
0
0
0
0.558151
0.553558
0.543615
0.527638
0.507376
0.485173
0.462701
0.440884
0.420158
0.400695
0.382531
0.365637
0.349955
0.335416
0.321942
0.309454
0.297877
0.287138
0.277168
0.2679
0.259272
0.251224
0.243699
0.236645
0.230018
0.223779
0.217894
0.21233
0.207061
0.202061
0.197306
0.192774
0.188445
0.184303
0.180332
0.176517
0.172845
0.169304
0.165882
0.162568
0.159355
0.156232
0.153191
0.150227
0.147333
0.144502
0.141731
0.139014
0.136351
0.133737
0.13117
0.128649
0.126173
0.123742
0.121356
0.119016
0.116722
0.114473
0.112271
0.110115
0.108007
0.105946
0.103932
0.101962
0.100037
0.098154
0.0963129
0.0945112
0.0927465
0.0910161
0.0893177
0.087649
0.0860075
0.0843904
0.082795
0.0812187
0.0796593
0.0781143
0.0765807
0.0750554
0.0735361
0.07202
0.0705039
0.0689845
0.0674583
0.0659219
0.0643714
0.0628018
0.0612082
0.0595848
0.0579239
0.0562156
0.0544482
0.0526042
0.0506628
0.0485961
0.0463662
0.0439222
0.0411929
0.0380801
0.0344468
0.0301095
0.0248581
0.0185925
0.0117881
0.00595667
0.00243114
0.000870427
0.00029491
9.85109e-05
3.30378e-05
1.12181e-05
3.87504e-06
1.36644e-06
4.93376e-07
1.8292e-07
6.98151e-08
2.74827e-08
1.11624e-08
4.66709e-09
1.99752e-09
8.69232e-10
3.82153e-10
1.68906e-10
7.48208e-11
3.32089e-11
1.48416e-11
6.78456e-12
3.30289e-12
1.88505e-12
1.11252e-12
6.65549e-13
4.03217e-13
2.52216e-13
1.6347e-13
1.08832e-13
6.90154e-14
4.22646e-14
2.56363e-14
1.56091e-14
9.50009e-15
5.62004e-15
3.17199e-15
1.67966e-15
8.41418e-16
3.55618e-16
5.08026e-17
0
0
0
0.545522
0.537569
0.52473
0.507806
0.48839
0.46794
0.447449
0.427507
0.408427
0.390361
0.373365
0.357444
0.342574
0.328712
0.315806
0.3038
0.292632
0.282244
0.272577
0.263573
0.255175
0.247329
0.239982
0.233089
0.22661
0.22051
0.214755
0.209316
0.204166
0.199279
0.194633
0.190205
0.185977
0.181933
0.178057
0.174334
0.170751
0.167296
0.163958
0.160727
0.157592
0.154544
0.151577
0.148682
0.145853
0.143083
0.140369
0.137705
0.135089
0.132519
0.12999
0.127504
0.125058
0.122654
0.120291
0.117971
0.115693
0.113459
0.11127
0.109125
0.107027
0.104975
0.102968
0.101007
0.0990898
0.0972158
0.0953835
0.0935907
0.0918348
0.0901133
0.0884238
0.0867639
0.0851308
0.0835217
0.0819338
0.0803645
0.0788116
0.0772721
0.0757428
0.0742209
0.0727037
0.0711881
0.0696706
0.0681477
0.0666156
0.0650704
0.0635077
0.0619223
0.0603086
0.0586596
0.0569665
0.0552174
0.0533979
0.0514903
0.0494669
0.0472937
0.0449239
0.0422934
0.0393128
0.0358566
0.0317537
0.0267922
0.0208025
0.0140024
0.0076096
0.00328412
0.00120569
0.000409485
0.000135304
4.44881e-05
1.47003e-05
4.90781e-06
1.662e-06
5.72949e-07
2.01821e-07
7.29384e-08
2.71653e-08
1.04724e-08
4.19115e-09
1.73857e-09
7.40247e-10
3.1972e-10
1.38597e-10
5.97599e-11
2.54308e-11
1.06107e-11
4.32472e-12
1.73204e-12
7.30399e-13
4.71096e-13
2.89041e-13
1.76885e-13
1.09045e-13
7.03648e-14
4.89896e-14
3.85751e-14
2.58744e-14
1.63203e-14
1.03415e-14
6.7885e-15
4.62939e-15
3.04181e-15
1.9178e-15
1.11766e-15
5.96931e-16
2.76239e-16
3.17516e-18
0
0
0
0.524668
0.5154
0.502224
0.486206
0.468514
0.450096
0.431618
0.413509
0.39603
0.379333
0.363494
0.348548
0.3345
0.321333
0.309016
0.297511
0.286773
0.276755
0.26741
0.258686
0.250534
0.242904
0.235751
0.229036
0.222723
0.216779
0.211173
0.205876
0.200863
0.196108
0.191588
0.187282
0.183172
0.179242
0.175476
0.171861
0.168382
0.16503
0.161791
0.158656
0.155614
0.152657
0.149775
0.146962
0.144211
0.141513
0.138866
0.136265
0.133705
0.131185
0.128702
0.126255
0.123844
0.121469
0.119132
0.116833
0.114574
0.112355
0.110178
0.108045
0.105957
0.103914
0.101916
0.0999633
0.0980553
0.096191
0.0943688
0.0925865
0.0908414
0.0891311
0.0874529
0.0858042
0.084182
0.0825833
0.0810055
0.079446
0.077902
0.0763702
0.0748478
0.0733319
0.0718194
0.0703065
0.0687897
0.0672651
0.0657288
0.0641762
0.0626024
0.0610018
0.059368
0.0576928
0.0559655
0.0541726
0.0522964
0.0503159
0.0481976
0.0458994
0.0433625
0.0405049
0.0372119
0.033324
0.0286339
0.0229343
0.0162536
0.00946775
0.00434303
0.00164487
0.000561795
0.00018396
5.941e-05
1.91443e-05
6.19e-06
2.01581e-06
6.63443e-07
2.21493e-07
7.53368e-08
2.62485e-08
9.4335e-09
3.52756e-09
1.3852e-09
5.73273e-10
2.45066e-10
1.06029e-10
4.56791e-11
1.93282e-11
7.91997e-12
3.08756e-12
1.11598e-12
3.58708e-13
1.70294e-13
1.54345e-14
1.35897e-15
2.31787e-16
8.95396e-16
1.9178e-15
2.9402e-15
1.47359e-14
9.23338e-15
5.68037e-15
3.67049e-15
2.61633e-15
2.13689e-15
1.60346e-15
1.16211e-15
7.58864e-16
4.12771e-16
1.9051e-16
3.17516e-18
0
0
0
0.500077
0.491048
0.478867
0.464466
0.448706
0.432276
0.41568
0.399269
0.383282
0.367872
0.353136
0.339133
0.325888
0.313406
0.301675
0.290673
0.28037
0.270729
0.261712
0.253276
0.245376
0.237971
0.231023
0.224498
0.218364
0.212591
0.207149
0.202012
0.197152
0.192545
0.188168
0.184
0.180024
0.176223
0.172583
0.16909
0.165731
0.162496
0.159372
0.156348
0.153414
0.150561
0.14778
0.145063
0.142401
0.139789
0.13722
0.13469
0.132195
0.129734
0.127302
0.1249
0.122528
0.120186
0.117877
0.115601
0.113361
0.111157
0.108994
0.106871
0.104793
0.102758
0.100769
0.0988257
0.0969274
0.0950735
0.0932625
0.0914921
0.0897598
0.0880628
0.0863982
0.084763
0.083154
0.0815683
0.0800032
0.0784558
0.0769229
0.0754015
0.0738886
0.0723811
0.0708755
0.0693676
0.0678536
0.0663294
0.0647905
0.0632319
0.0616479
0.0600325
0.058378
0.0566744
0.0549093
0.0530673
0.0511269
0.0490597
0.0468303
0.0443812
0.0416383
0.0384963
0.0348071
0.0303716
0.0249628
0.0184849
0.0114852
0.00562342
0.00221388
0.00076415
0.000248636
7.90453e-05
2.49052e-05
7.82283e-06
2.45777e-06
7.74494e-07
2.45504e-07
7.85535e-08
2.54853e-08
8.43642e-09
2.8763e-09
1.02484e-09
3.90351e-10
1.63504e-10
7.14257e-11
3.14357e-11
1.36414e-11
5.73791e-12
2.29446e-12
8.46613e-13
2.72292e-13
6.54306e-14
3.95943e-15
0
0
0
0
0
0
3.17516e-18
3.17516e-18
3.17516e-18
3.17516e-18
7.62039e-17
9.7795e-16
8.06492e-16
7.14412e-16
5.20727e-16
3.11166e-16
9.84301e-17
0
0
0
0
0.475216
0.467017
0.456189
0.443468
0.429519
0.414876
0.399955
0.385061
0.370418
0.356184
0.342469
0.329349
0.316865
0.305039
0.293875
0.283362
0.273484
0.264215
0.255522
0.24737
0.239722
0.232544
0.225805
0.219478
0.213533
0.207942
0.202678
0.197715
0.193024
0.188581
0.184363
0.180349
0.176521
0.172864
0.169363
0.166007
0.162783
0.159679
0.156684
0.153787
0.150978
0.148245
0.14558
0.142973
0.140415
0.1379
0.135422
0.132975
0.130556
0.128161
0.125789
0.123438
0.121109
0.118804
0.116525
0.114273
0.112052
0.109864
0.107713
0.105601
0.10353
0.101504
0.0995225
0.0975871
0.095698
0.0938547
0.0920557
0.0902988
0.0885811
0.0868996
0.0852508
0.0836314
0.0820382
0.0804679
0.0789178
0.0773846
0.0758652
0.0743567
0.0728559
0.0713594
0.0698629
0.0683625
0.0668536
0.0653318
0.0637916
0.0622278
0.0606341
0.0590033
0.0573263
0.0555916
0.0537846
0.0518861
0.04987
0.0477012
0.0453323
0.0426964
0.0396936
0.0361872
0.0319885
0.0268636
0.0206372
0.0135906
0.0071168
0.00293563
0.00103047
0.000334363
0.000104917
3.2415e-05
9.9267e-06
3.02202e-06
9.16346e-07
2.77258e-07
8.38813e-08
2.54405e-08
7.76256e-09
2.39577e-09
7.54833e-10
2.47169e-10
8.76201e-11
3.86612e-11
1.77867e-11
8.12909e-12
3.61351e-12
1.53849e-12
6.14912e-13
2.22477e-13
6.74436e-14
1.33325e-14
3.33392e-16
0
0
0
0
0
0
0
0
0
0
0
3.17516e-18
3.17516e-18
4.60399e-16
3.39742e-16
2.00035e-16
3.17516e-18
0
0
0
0
0.451674
0.44439
0.434848
0.423622
0.411236
0.398127
0.384647
0.371071
0.357609
0.344423
0.331629
0.319314
0.307532
0.296318
0.285685
0.275637
0.266165
0.257249
0.248866
0.240985
0.233578
0.226622
0.220093
0.213965
0.208214
0.202815
0.197742
0.192966
0.18846
0.184197
0.180153
0.176307
0.172642
0.169142
0.165795
0.162589
0.159513
0.156557
0.153707
0.150954
0.148285
0.14569
0.143157
0.140676
0.138239
0.135837
0.133463
0.131113
0.12878
0.126463
0.124157
0.121864
0.119584
0.117319
0.115072
0.112846
0.110645
0.108472
0.106331
0.104227
0.102163
0.100142
0.0981662
0.0962373
0.0943564
0.0925233
0.0907368
0.0889944
0.087293
0.0856291
0.0839986
0.0823976
0.0808226
0.0792702
0.0777372
0.0762205
0.0747171
0.073224
0.0717376
0.0702544
0.0687699
0.0672792
0.0657778
0.0642605
0.0627208
0.0611529
0.0595499
0.0579027
0.0562005
0.0544301
0.052574
0.0506083
0.048501
0.0462076
0.0436654
0.0407872
0.0374482
0.0334671
0.0286113
0.0226561
0.0156919
0.00878502
0.00382368
0.00137428
0.000446484
0.000138666
4.21341e-05
1.26269e-05
3.74261e-06
1.09848e-06
3.19514e-07
9.21692e-08
2.63881e-08
7.50461e-09
2.1222e-09
5.9752e-10
1.67833e-10
4.71912e-11
1.33623e-11
7.00452e-12
3.5313e-12
1.70897e-12
7.90054e-13
3.46998e-13
1.42692e-13
5.30919e-14
1.64981e-14
2.77827e-15
3.17516e-18
0
0
0
0
0
0
0
0
0
0
0
0
0
3.11166e-16
2.15911e-16
7.30288e-17
0
0
0
0
0
0.429977
0.423512
0.415061
0.405078
0.393987
0.382153
0.369881
0.357422
0.344975
0.332699
0.320716
0.309117
0.297967
0.287307
0.277163
0.267542
0.258444
0.249854
0.241753
0.234121
0.226941
0.220195
0.213867
0.207935
0.20238
0.197179
0.192304
0.187729
0.183423
0.179357
0.175504
0.171842
0.168353
0.165024
0.161843
0.158801
0.155888
0.153093
0.150406
0.147815
0.145306
0.142867
0.140485
0.13815
0.135852
0.13358
0.131329
0.12909
0.126858
0.12463
0.122402
0.120175
0.11795
0.115729
0.113516
0.111317
0.109134
0.106974
0.104842
0.102743
0.100682
0.0986627
0.0966888
0.0947633
0.0928882
0.0910634
0.0892891
0.0875623
0.0858792
0.0842354
0.0826259
0.081046
0.0794916
0.0779592
0.0764453
0.0749471
0.0734617
0.0719863
0.070517
0.0690497
0.0675798
0.0661023
0.0646114
0.0631005
0.0615634
0.0599926
0.0583797
0.0567141
0.0549834
0.0531715
0.0512566
0.0492095
0.0469896
0.044539
0.0417758
0.0385829
0.0347943
0.0301864
0.0245102
0.0177157
0.0105568
0.00487159
0.00180424
0.000589374
0.000181685
5.4447e-05
1.6024e-05
4.6454e-06
1.32755e-06
3.73981e-07
1.0382e-07
2.83846e-08
7.63552e-09
2.01771e-09
5.22308e-10
1.31725e-10
3.19686e-11
7.22377e-12
1.35553e-12
1.1877e-13
7.16317e-15
1.61933e-16
0
3.17516e-18
4.34997e-16
3.65144e-16
7.58864e-16
3.17516e-18
0
0
0
0
0
0
0
0
0
0
0
0
0
3.17516e-18
1.84159e-16
8.57294e-17
3.17516e-18
0
0
0
0
0
0.410203
0.404416
0.396845
0.387859
0.377809
0.367007
0.355724
0.344188
0.332589
0.321083
0.309795
0.298818
0.288221
0.278053
0.268342
0.259103
0.250336
0.242032
0.234178
0.226767
0.219789
0.213234
0.20709
0.201343
0.195978
0.190974
0.186306
0.181945
0.177856
0.174005
0.170362
0.166901
0.163603
0.160457
0.157454
0.154588
0.151852
0.149236
0.146731
0.144322
0.141995
0.139735
0.137529
0.135362
0.133225
0.131106
0.128997
0.126889
0.124776
0.122652
0.120514
0.118363
0.116199
0.114027
0.111852
0.109679
0.107514
0.105365
0.103237
0.101139
0.0990754
0.0970522
0.0950746
0.0931447
0.0912582
0.0894248
0.0876501
0.0859376
0.0842762
0.0826571
0.0810741
0.079521
0.0779931
0.0764862
0.0749969
0.0735228
0.0720611
0.0706086
0.0691618
0.0677161
0.0662666
0.064807
0.0633309
0.0618306
0.0602988
0.0587266
0.0571034
0.0554172
0.0536529
0.0517907
0.0498034
0.0476541
0.0452899
0.0426351
0.0395809
0.0359719
0.031593
0.0261871
0.0196081
0.0123366
0.0060481
0.00231923
0.000764493
0.000234488
6.947e-05
2.01385e-05
5.73309e-06
1.60368e-06
4.40538e-07
1.1872e-07
3.13389e-08
8.08629e-09
2.03348e-09
4.96229e-10
1.16726e-10
2.61691e-11
5.47138e-12
1.01358e-12
1.40872e-13
4.81672e-15
0
0
0
0
0
0
0
0
0
0
0
0
0
0
0
0
0
0
0
0
0
0
3.49268e-17
3.17516e-18
0
0
0
0
0
0
0.392265
0.387019
0.380136
0.371927
0.362689
0.352698
0.342198
0.3314
0.320488
0.309614
0.298903
0.288449
0.278324
0.268577
0.259238
0.250324
0.241834
0.233766
0.226119
0.218891
0.21208
0.205684
0.199696
0.19411
0.188918
0.184104
0.179645
0.175511
0.171661
0.168052
0.164643
0.161404
0.158314
0.155364
0.15255
0.149871
0.147326
0.144907
0.142605
0.140404
0.138286
0.136235
0.134232
0.132263
0.130315
0.128376
0.126436
0.124484
0.122511
0.120511
0.11848
0.116417
0.114324
0.112207
0.110072
0.107926
0.105777
0.103635
0.101507
0.0994026
0.0973285
0.0952927
0.0932989
0.0913363
0.0894287
0.0875838
0.0858067
0.0840982
0.0824583
0.0808649
0.0793093
0.077784
0.076283
0.074802
0.0733383
0.0718898
0.0704544
0.0690293
0.0676107
0.0661939
0.0647729
0.0633405
0.0618882
0.0604071
0.0588873
0.0573176
0.0556857
0.053977
0.0521731
0.0502491
0.0481708
0.0458897
0.0433359
0.040408
0.0369599
0.0327863
0.0276281
0.0212787
0.0140091
0.00726464
0.00290113
0.000967158
0.000295665
8.67439e-05
2.48245e-05
6.96187e-06
1.91447e-06
5.15829e-07
1.35968e-07
3.4989e-08
8.7655e-09
2.12986e-09
4.99395e-10
1.12189e-10
2.39006e-11
4.75658e-12
8.65089e-13
1.39291e-13
1.89367e-14
1.58758e-16
0
0
0
0
0
0
0
0
0
0
0
0
0
0
0
0
0
0
0
0
0
0
0
0
0
0
0
0
0
0
0.37603
0.371202
0.364841
0.357214
0.348586
0.339204
0.329293
0.319058
0.308677
0.298299
0.288048
0.278017
0.268276
0.258874
0.249838
0.241181
0.232907
0.225022
0.217531
0.210438
0.203746
0.197459
0.191579
0.18611
0.181055
0.176408
0.172155
0.168264
0.164683
0.161352
0.158214
0.155226
0.152365
0.149624
0.147008
0.144526
0.142186
0.139985
0.137912
0.135952
0.13408
0.132275
0.130514
0.128779
0.127057
0.125334
0.123598
0.121836
0.120035
0.118185
0.116282
0.114324
0.112314
0.110259
0.108167
0.106048
0.103913
0.101773
0.099638
0.0975178
0.0954224
0.0933614
0.0913129
0.0893076
0.0873587
0.0854803
0.0836848
0.0819783
0.0803606
0.0787981
0.0772756
0.0757818
0.0743094
0.0728542
0.0714146
0.0699902
0.0685806
0.0671838
0.0657966
0.064414
0.0630294
0.0616334
0.0602158
0.0587643
0.0572656
0.0557055
0.0540685
0.0523363
0.0504856
0.0484847
0.0462889
0.0438329
0.0410216
0.037717
0.0337222
0.0287803
0.0226497
0.0154532
0.00840503
0.00349789
0.00118252
0.000360567
0.000104846
2.96622e-05
8.213e-06
2.22772e-06
5.91453e-07
1.53439e-07
3.88031e-08
9.53544e-09
2.26759e-09
5.18987e-10
1.13474e-10
2.34595e-11
4.51983e-12
7.9535e-13
1.24857e-13
1.74983e-14
3.78797e-15
0
0
0
0
0
0
0
0
0
0
0
0
0
0
0
0
0
0
0
0
0
0
0
0
0
0
0
0
0
0
0
0.361358
0.356841
0.350857
0.343642
0.335437
0.326475
0.316973
0.307133
0.29713
0.287114
0.277206
0.267496
0.25805
0.24891
0.240098
0.231626
0.223505
0.215743
0.208347
0.201323
0.194679
0.188424
0.182572
0.177097
0.17189
0.16714
0.163053
0.159422
0.15617
0.153201
0.150419
0.147758
0.145184
0.142695
0.140311
0.138059
0.135963
0.134032
0.132254
0.130608
0.129063
0.127583
0.12614
0.124712
0.123283
0.121841
0.120371
0.118854
0.117276
0.11562
0.11388
0.112053
0.110144
0.108162
0.10612
0.10403
0.101907
0.0997626
0.0976109
0.0954632
0.093331
0.0912004
0.0890788
0.0869899
0.084952
0.0829897
0.081133
0.0794054
0.0778051
0.0762802
0.0748
0.0733469
0.0719096
0.0704838
0.0690702
0.0676712
0.0662893
0.0649247
0.0635754
0.0622368
0.0609016
0.0595585
0.0581935
0.0567895
0.0553282
0.0537904
0.0521558
0.0504007
0.0484945
0.0463951
0.0440415
0.0413432
0.0381681
0.0343266
0.0295649
0.0236228
0.0165304
0.00931957
0.00401311
0.00138288
0.000420092
0.000121031
3.3869e-05
9.27187e-06
2.48649e-06
6.52782e-07
1.67492e-07
4.18994e-08
1.01859e-08
2.39622e-09
5.42473e-10
1.17322e-10
2.40013e-11
4.5805e-12
7.99008e-13
1.23377e-13
1.59552e-14
1.4701e-15
0
0
0
0
0
0
0
0
0
0
0
0
0
0
0
0
0
0
0
0
0
0
0
0
0
0
0
0
0
0
0
0
0.348117
0.343821
0.338083
0.331122
0.323167
0.314445
0.305176
0.295563
0.285788
0.276
0.266318
0.256826
0.24758
0.238614
0.229946
0.221589
0.213553
0.205842
0.198461
0.191415
0.184713
0.178369
0.172083
0.165751
0.15969
0.154097
0.149322
0.146099
0.143441
0.141171
0.139083
0.137045
0.13499
0.132921
0.13089
0.128975
0.127247
0.125733
0.124428
0.123301
0.122298
0.121357
0.12043
0.119488
0.118516
0.117505
0.116438
0.115292
0.114044
0.112672
0.111165
0.109522
0.107752
0.105869
0.103891
0.101836
0.0997238
0.0975709
0.0953925
0.093202
0.0910121
0.0887794
0.0865361
0.0842924
0.0820657
0.0798932
0.0778516
0.0760349
0.0744562
0.0729784
0.071554
0.0701524
0.0687554
0.0673579
0.0659656
0.0645888
0.0632354
0.0619095
0.0606116
0.0593385
0.058082
0.056828
0.0555561
0.0542403
0.0528536
0.0513683
0.0497564
0.0479858
0.0460152
0.0437858
0.0412111
0.0381626
0.0344543
0.0298349
0.0240387
0.0170549
0.00981491
0.00431943
0.00150984
0.000459981
0.000131191
3.63215e-05
9.84058e-06
2.61374e-06
6.8036e-07
1.73323e-07
4.31194e-08
1.04436e-08
2.45238e-09
5.5531e-10
1.20405e-10
2.47702e-11
4.77561e-12
8.48058e-13
1.35186e-13
1.85747e-14
2.0194e-15
3.49268e-17
0
0
0
0
0
0
0
0
0
0
0
0
0
0
0
0
0
0
0
0
0
0
0
0
0
0
0
0
0
0
0
0
0.33619
0.332032
0.326421
0.319564
0.311689
0.303026
0.293807
0.284251
0.274548
0.264853
0.255278
0.245898
0.236757
0.22788
0.219282
0.210969
0.20294
0.195192
0.18772
0.180522
0.173599
0.166446
0.158873
0.151083
0.143068
0.135396
0.128601
0.125179
0.123433
0.122426
0.121616
0.120706
0.119537
0.118098
0.116512
0.114991
0.11374
0.112839
0.112294
0.112059
0.112032
0.112068
0.112064
0.111976
0.111796
0.111523
0.111145
0.11063
0.10994
0.10904
0.107914
0.106565
0.105011
0.103279
0.101397
0.0993953
0.0973011
0.0951373
0.0929225
0.0906714
0.088378
0.0859959
0.0835447
0.0810121
0.0783821
0.0756825
0.0731136
0.0710406
0.069486
0.0680798
0.0667503
0.0654352
0.0640974
0.0627295
0.06135
0.0599886
0.0586664
0.0573946
0.0561782
0.0550169
0.0539035
0.0528206
0.0517358
0.0506044
0.0493809
0.0480216
0.0464848
0.0447247
0.0426825
0.0402728
0.0373687
0.033786
0.0292773
0.0235862
0.0167223
0.00962908
0.00425591
0.00149749
0.000458871
0.000130643
3.58144e-05
9.61745e-06
2.53527e-06
6.56113e-07
1.66548e-07
4.13989e-08
1.00508e-08
2.37431e-09
5.4295e-10
1.19382e-10
2.50228e-11
4.94499e-12
9.08138e-13
1.5196e-13
2.25214e-14
2.83225e-15
2.06386e-16
0
0
0
0
0
0
0
0
0
0
0
0
0
0
0
0
0
0
0
0
0
0
0
0
0
0
0
0
0
0
0
0
0
0.325432
0.321313
0.3157
0.308806
0.300869
0.292143
0.28288
0.27318
0.263255
0.253509
0.243922
0.23455
0.225427
0.216567
0.207968
0.199621
0.191509
0.18361
0.175899
0.168352
0.160547
0.151576
0.141608
0.130835
0.119195
0.108688
0.0983066
0.0947707
0.0943027
0.0955
0.0968472
0.0977747
0.0979152
0.0971828
0.095792
0.0934361
0.0925543
0.0923583
0.0928694
0.0940457
0.095711
0.0974753
0.0990794
0.100445
0.101598
0.102579
0.103392
0.103988
0.104287
0.104219
0.103756
0.10291
0.101719
0.100234
0.098511
0.0965989
0.0945406
0.0923698
0.0901106
0.0877786
0.0853238
0.082732
0.0799618
0.0769349
0.0735015
0.0696098
0.0657696
0.0632346
0.0616527
0.0604303
0.0593267
0.0582082
0.056987
0.0556438
0.0542328
0.0528447
0.0515302
0.0503116
0.0492016
0.0482088
0.0473343
0.0465612
0.0458373
0.0450699
0.0441742
0.0430732
0.0416989
0.0399829
0.0378379
0.0351373
0.031699
0.0272888
0.0216988
0.0150625
0.00846203
0.00368625
0.00129893
0.000402036
0.000115803
3.18265e-05
8.50189e-06
2.23284e-06
5.76766e-07
1.46487e-07
3.65463e-08
8.94096e-09
2.13867e-09
4.97886e-10
1.1209e-10
2.42012e-11
4.9596e-12
9.52552e-13
1.68757e-13
2.70111e-14
3.8102e-15
3.8102e-16
0
0
0
0
0
0
0
0
0
0
0
0
0
0
0
0
0
0
0
0
0
0
0
0
0
0
0
0
0
0
0
0
0
0
0.315733
0.31154
0.305775
0.29866
0.290461
0.281466
0.271958
0.262094
0.252085
0.242302
0.232043
0.222566
0.213392
0.204485
0.195816
0.18735
0.17904
0.170833
0.162666
0.154462
0.144275
0.132007
0.117683
0.103703
0.088898
0.079034
0.068001
0.0657236
0.0658922
0.0692474
0.0724607
0.0749387
0.0760501
0.0754249
0.0717395
0.066542
0.0644878
0.0644843
0.0657428
0.0683889
0.0723546
0.0765863
0.0804073
0.0837002
0.0866228
0.0893473
0.0919363
0.094307
0.0962564
0.0976008
0.098259
0.0982492
0.0976505
0.0965649
0.0950937
0.0933251
0.0913299
0.0891603
0.0868499
0.0844137
0.0817781
0.0789012
0.0756797
0.0718993
0.0670626
0.0610666
0.0551001
0.0523269
0.0508212
0.0500771
0.0494185
0.0486486
0.0475764
0.0461436
0.0443162
0.0426858
0.0413144
0.0400973
0.0390447
0.0381857
0.0375583
0.0371846
0.0370063
0.036807
0.0364283
0.0357235
0.034575
0.0328767
0.0305011
0.0272803
0.0230319
0.0176978
0.0116997
0.00626469
0.00267119
0.000950041
0.000301231
8.90802e-05
2.50822e-05
6.77824e-06
1.78388e-06
4.62378e-07
1.18042e-07
2.96742e-08
7.34073e-09
1.7844e-09
4.24933e-10
9.85867e-11
2.21067e-11
4.74211e-12
9.61132e-13
1.81508e-13
3.14119e-14
4.87388e-15
6.15982e-16
3.17516e-18
0
0
0
0
0
0
0
0
0
0
0
0
0
0
0
0
0
0
0
0
0
0
0
0
0
0
0
0
0
0
0
0
0
0
0.307002
0.302618
0.296535
0.28899
0.28029
0.270782
0.260805
0.250586
0.240352
0.230355
0.220117
0.210303
0.20041
0.191383
0.18257
0.173877
0.165214
0.156473
0.147509
0.136834
0.123129
0.105369
0.0866367
0.0737899
0.0603761
0.0569273
0.053973
0.0342548
0.0284685
0.0581871
0.0603296
0.0621461
0.0628116
0.0613363
0.0557679
0.0487324
0.0462357
0.0452764
0.0455065
0.0473878
0.0519423
0.05729
0.0619853
0.065947
0.0696123
0.0733932
0.0774916
0.0818055
0.0858644
0.0891481
0.0913844
0.092553
0.0927791
0.0922387
0.0911043
0.0895221
0.0876059
0.0854366
0.0830619
0.0804954
0.0776537
0.074455
0.0707088
0.0659841
0.0591133
0.0507705
0.043397
0.0408819
0.0395966
0.0397208
0.0395535
0.0391489
0.038113
0.0362425
0.0321728
0.0296244
0.0278163
0.026283
0.0249698
0.023938
0.0233164
0.0233035
0.0239753
0.0246896
0.0251836
0.0251532
0.0243754
0.0226945
0.0199917
0.0162489
0.0117421
0.00722874
0.00368863
0.00157083
0.000578514
0.000192317
5.95115e-05
1.7436e-05
4.87937e-06
1.31031e-06
3.42586e-07
8.83e-08
2.24352e-08
5.61922e-09
1.3875e-09
3.37643e-10
8.07874e-11
1.88763e-11
4.26391e-12
9.19226e-13
1.86287e-13
3.50094e-14
5.99153e-15
8.60469e-16
3.17516e-18
0
0
0
0
0
0
0
0
0
0
0
0
0
0
0
0
0
0
0
0
0
0
0
0
0
0
0
0
0
0
0
0
0
0
0
0.299149
0.294447
0.287852
0.279614
0.270103
0.259773
0.249066
0.238293
0.22768
0.217361
0.207072
0.197207
0.18727
0.176932
0.167873
0.158807
0.149559
0.139913
0.129562
0.114384
0.0959807
0.0731201
0.0552706
0.0498265
0.0456751
0.00599033
0.00015137
0.000132307
0.000390264
0.00158451
0.0287005
0.0539291
0.0544983
0.0520264
0.0440585
0.0404055
0.013759
0.00109845
0.00316538
0.0236858
0.046233
0.0493616
0.0519572
0.0540901
0.0563367
0.0592667
0.0633375
0.0686929
0.0746368
0.0799322
0.0838812
0.0863393
0.0874595
0.0874942
0.0866959
0.0852786
0.0834096
0.0812068
0.0787384
0.0760156
0.0729753
0.069487
0.0652659
0.0595854
0.0502273
0.0412697
0.0364033
0.0164876
0.00839156
0.0301765
0.0307011
0.0309817
0.0301093
0.0273394
0.0187844
0.0162011
0.0140026
0.0118703
0.00981895
0.00815966
0.00719991
0.00747069
0.00956997
0.011596
0.0132363
0.013954
0.0134112
0.0116307
0.00894541
0.00598363
0.00344478
0.001716
0.000752684
0.000296358
0.000106051
3.50214e-05
1.08309e-05
3.17292e-06
8.87394e-07
2.38115e-07
6.21774e-08
1.6013e-08
4.0657e-09
1.01783e-09
2.51562e-10
6.15333e-11
1.49091e-11
3.54373e-12
8.15709e-13
1.78933e-13
3.6635e-14
6.93773e-15
1.14623e-15
5.08026e-17
0
0
0
0
0
0
0
0
0
0
0
0
0
0
0
0
0
0
0
0
0
0
0
0
0
0
0
0
0
0
0
0
0
0
0
0
0.292086
0.286926
0.279577
0.270289
0.259528
0.247948
0.236194
0.224658
0.213534
0.202852
0.192459
0.182476
0.172521
0.162235
0.15123
0.141533
0.131283
0.120022
0.105552
0.0826316
0.0638117
0.0429774
0.0374688
0.00654853
0.000153954
2.34456e-05
8.56973e-07
5.1249e-07
1.47693e-06
7.37295e-06
0.000169757
0.0168355
0.0443564
0.0416666
0.0337578
0.00173936
1.14664e-05
1.94544e-06
1.26875e-05
0.00019413
0.0211497
0.0440375
0.0451093
0.0454861
0.0460611
0.0474683
0.0505002
0.0561605
0.0641124
0.0714081
0.0768955
0.0804442
0.0822857
0.0827479
0.0821524
0.0807764
0.0788433
0.0765179
0.073901
0.0709991
0.0677987
0.0641311
0.0596446
0.0531811
0.0409902
0.0345831
0.00352297
2.22048e-05
1.94879e-05
0.000278981
0.00511741
0.0248401
0.0238968
0.0179159
0.00904028
0.000553841
3.56766e-06
0.000115638
1.29504e-06
3.9468e-06
2.72378e-05
0.000601644
0.00610124
0.00608603
0.00674128
0.00672147
0.00566006
0.00404958
0.00249839
0.00135662
0.000664311
0.000300485
0.000127621
5.07724e-05
1.83843e-05
6.1001e-06
1.88724e-06
5.52504e-07
1.54566e-07
4.15507e-08
1.08692e-08
2.80397e-09
7.12388e-10
1.78165e-10
4.39641e-11
1.07919e-11
2.66992e-12
6.52429e-13
1.55078e-13
3.52411e-14
7.38226e-15
1.3812e-15
1.30182e-16
0
0
0
0
0
0
0
0
0
0
0
0
0
0
0
0
0
0
0
0
0
0
0
0
0
0
0
0
0
0
0
0
0
0
0
0
0
0.285728
0.279963
0.27155
0.260685
0.24799
0.234513
0.221303
0.208804
0.197091
0.186069
0.175554
0.165438
0.155374
0.145023
0.133762
0.121043
0.108837
0.094208
0.0685266
0.0406962
0.0326846
0.0235262
0.000544556
3.25633e-05
1.15126e-06
1.2147e-07
3.84105e-09
1.94759e-09
5.32256e-09
2.76244e-08
8.88346e-07
0.000514948
0.0078128
0.0306665
0.00631575
0.000143731
7.2702e-07
5.57527e-09
3.68746e-08
8.33331e-07
0.000273267
0.0295057
0.0113284
0.00557078
0.00709547
0.0206865
0.0350817
0.0537142
0.0604433
0.0668275
0.0721477
0.0758604
0.077885
0.0784137
0.0777363
0.0761517
0.0739327
0.0713046
0.0684426
0.0653226
0.0620014
0.0583273
0.0539767
0.0470929
0.0328389
0.00149746
9.06659e-06
5.26403e-08
3.62292e-08
1.11377e-06
2.5727e-05
0.00595068
0.0169312
0.00698798
0.0016224
8.48595e-05
1.81523e-07
1.94874e-07
2.65381e-09
5.38168e-09
2.55806e-08
4.99556e-07
7.04056e-06
0.000341775
0.00377978
0.00279929
0.00176223
0.000974321
0.000488525
0.000228609
0.000102254
4.47235e-05
1.94905e-05
8.35967e-06
3.10722e-06
1.02997e-06
3.16169e-07
9.19958e-08
2.5684e-08
6.9177e-09
1.81391e-09
4.68639e-10
1.18931e-10
2.9554e-11
7.19267e-12
1.74052e-12
4.46587e-13
1.13464e-13
2.81796e-14
6.68054e-15
1.37167e-15
1.58758e-16
0
0
0
0
0
0
0
0
0
0
0
0
0
0
0
0
0
0
0
0
0
0
0
0
0
0
0
0
0
0
0
0
0
0
0
0
0
0
0.280003
0.273502
0.263637
0.250375
0.234553
0.218035
0.202815
0.189165
0.17689
0.165647
0.155076
0.14486
0.134598
0.123877
0.112078
0.0976541
0.0788972
0.0564339
0.0262374
0.0122124
0.00075498
0.000176733
4.4991e-06
1.9747e-07
6.52443e-09
6.11243e-10
1.6096e-11
7.19241e-12
1.92745e-11
1.07517e-10
7.19857e-09
3.45097e-06
0.000959648
0.020644
0.00228594
3.24319e-05
1.7093e-07
6.40706e-10
1.18006e-10
3.5828e-09
0.0032956
0.0166515
0.00130859
5.61084e-05
0.000111477
0.00499973
0.0210615
0.0517552
0.0583152
0.0641153
0.0690427
0.072528
0.0743446
0.0745691
0.0734317
0.0712287
0.0682925
0.0649151
0.0615866
0.058072
0.0542302
0.0500223
0.0449553
0.0369815
0.0213474
0.000516716
1.95614e-06
5.58115e-09
9.87042e-11
4.22107e-09
1.12946e-07
0.00129996
0.00612146
0.000484478
0.000117994
9.69755e-06
2.66124e-08
4.09647e-10
5.17555e-12
5.22928e-12
2.2356e-11
3.25033e-10
3.56388e-09
4.52699e-06
0.000987192
0.000576714
0.000293765
0.000136291
5.9976e-05
2.57184e-05
1.09324e-05
4.76573e-06
2.28271e-06
1.27722e-06
4.91473e-07
1.59533e-07
4.78658e-08
1.37213e-08
3.80525e-09
1.02523e-09
2.68769e-10
6.93769e-11
1.75369e-11
4.30011e-12
1.00812e-12
2.23109e-13
6.28873e-14
1.67744e-14
4.44523e-15
1.28594e-15
1.74634e-16
0
0
0
0
0
0
0
0
0
0
0
0
0
0
0
0
0
0
0
0
0
0
0
0
0
0
0
0
0
0
0
0
0
0
0
0
0
0
0
0.274863
0.267594
0.255887
0.238948
0.217593
0.195454
0.177225
0.162217
0.149741
0.138735
0.128397
0.118205
0.107626
0.0960706
0.0827389
0.0658678
0.0412665
0.0133187
0.0017904
0.000102223
4.85702e-06
1.75252e-06
3.48785e-08
1.23211e-09
3.47617e-11
2.95112e-12
6.57418e-14
2.61824e-14
7.06855e-14
6.36658e-13
3.93753e-10
2.55482e-07
6.38311e-05
0.00938627
0.000282977
5.64521e-07
3.74712e-09
1.48033e-11
4.01379e-13
1.0951e-11
0.0010968
0.00551282
5.97877e-05
6.8121e-07
7.62928e-07
0.00107814
0.0107917
0.0507628
0.0570737
0.0625428
0.0670992
0.0701699
0.0714654
0.0709511
0.0686989
0.064807
0.0596236
0.0401654
0.0358848
0.0325362
0.0291153
0.0262326
0.0252218
0.0217246
0.0135803
0.000457279
2.06554e-06
6.80581e-09
1.64382e-11
1.61788e-11
5.17409e-10
0.000258451
0.00167371
5.15469e-06
6.97492e-07
8.10944e-07
3.9307e-08
7.76607e-10
6.83021e-12
6.98917e-14
1.79587e-14
1.59168e-13
7.08173e-13
4.00237e-09
2.32473e-11
1.33779e-06
2.05593e-06
5.33843e-07
2.7032e-07
1.92876e-07
8.68812e-08
3.71172e-08
4.30538e-08
2.19202e-07
7.00236e-08
2.05646e-08
5.83659e-09
1.62171e-09
4.42795e-10
1.19209e-10
3.14745e-11
8.0617e-12
2.02433e-12
4.89921e-13
1.1015e-13
2.05084e-14
8.12842e-16
0
0
3.17516e-18
0
0
0
0
0
0
0
0
0
0
0
0
0
0
0
0
0
0
0
0
0
0
0
0
0
0
0
0
0
0
0
0
0
0
0
0
0
0
0
0
0.270286
0.26248
0.248865
0.225735
0.189304
0.144947
0.112974
0.0892005
0.103901
0.0994356
0.0907544
0.0815723
0.0714652
0.0596158
0.0457812
0.0283625
0.00949897
0.000758008
1.51665e-05
1.06772e-06
3.61501e-08
1.23261e-08
2.45245e-10
7.66812e-12
1.8422e-13
1.36373e-14
0
0
0
2.51155e-15
2.65684e-12
1.8586e-09
6.70916e-07
0.00349813
2.87356e-05
1.98271e-08
7.39095e-11
2.35216e-13
5.42953e-16
3.57555e-14
0.000244944
0.000837236
6.69003e-07
4.86643e-09
2.87601e-09
0.000153073
0.0164237
0.0504206
0.0565385
0.0616697
0.0657232
0.0681079
0.0684186
0.0664039
0.0618
0.0450972
0.0291021
0.0138766
0.00122117
0.000526813
0.00114138
0.00209258
0.0134655
0.0114141
0.00888241
0.000613149
3.4277e-06
1.31042e-08
3.5174e-11
1.29499e-13
2.1078e-12
4.30838e-05
0.000331061
3.46889e-06
2.72867e-09
2.53426e-08
1.57596e-09
5.55551e-11
1.68344e-12
4.11374e-14
2.12736e-16
5.08026e-16
3.17516e-18
0
2.14387e-14
2.69724e-09
4.6978e-09
1.21952e-09
5.9241e-10
4.05082e-10
1.7554e-10
7.06852e-11
7.40269e-11
3.49811e-10
1.11455e-10
3.13182e-11
8.31988e-12
2.06992e-12
4.33289e-13
3.43819e-13
2.19451e-13
2.2096e-14
8.85236e-15
3.62921e-15
1.17799e-15
7.20762e-16
0
0
0
0
0
0
0
0
0
0
0
0
0
0
0
0
0
0
0
0
0
0
0
0
0
0
0
0
0
0
0
0
0
0
0
0
0
0
0
0
0
0
0
0
0.26623
0.258502
0.24488
0.221514
0.185391
0.14258
0.0519411
0.0342015
0.0364921
0.0386336
0.0356713
0.0308392
0.0317804
0.0236216
0.0165173
0.010379
0.000263414
8.23971e-06
1.43056e-07
8.10705e-09
2.51063e-10
7.37112e-11
1.58668e-12
5.03168e-14
3.17516e-18
0
0
0
0
0
8.86506e-15
7.13766e-12
3.83745e-09
0.00105454
9.89246e-06
5.41077e-09
1.30734e-11
2.75128e-14
0
0
4.99094e-05
8.83477e-05
6.52138e-08
1.20935e-10
7.6728e-12
1.87091e-05
0.0420759
0.0510371
0.056664
0.0611992
0.0642998
0.0651755
0.0630612
0.0577515
0.0510185
0.00269758
0.000700585
0.000158286
1.7382e-05
1.00888e-05
1.95662e-05
2.73483e-05
0.000105425
0.00117836
0.00544706
0.000884671
5.88809e-06
2.38526e-08
6.51603e-11
1.30045e-13
7.95061e-15
6.50769e-06
5.50205e-05
1.33197e-07
1.0058e-11
1.28926e-10
2.32802e-11
5.52844e-13
1.05288e-14
2.22261e-16
0
0
0
0
0
5.55984e-12
1.00319e-11
2.5736e-12
1.21436e-12
8.00484e-13
3.32297e-13
1.26899e-13
1.24447e-13
5.55739e-13
1.7171e-13
4.64145e-14
1.17037e-14
2.65126e-15
3.8102e-16
4.82625e-16
2.47663e-16
0
0
0
0
0
0
0
0
0
0
0
0
0
0
0
0
0
0
0
0
0
0
0
0
0
0
0
0
0
0
0
0
0
0
0
0
0
0
0
0
0
0
0
0
0
0
0
0
0
0.262431
0.255071
0.242229
0.220412
0.187188
0.148543
0.137609
0.0020067
0.000944147
2.86958e-05
0.000582887
0.00575283
0.0155532
0.00178592
0.000555914
0.000109746
4.05159e-06
8.45858e-08
1.25991e-09
5.38265e-11
1.56159e-12
3.78279e-13
8.59517e-15
0
0
0
0
0
0
0
0
2.27469e-14
1.63488e-11
0.000272226
1.45858e-06
1.17221e-09
1.2147e-12
9.23973e-16
0
0
9.34447e-06
8.04775e-06
5.3745e-10
6.25682e-13
1.50439e-14
0.00135134
0.043861
0.0518214
0.0569725
0.0604081
0.0617873
0.060359
0.0561124
0.0510556
0.00483106
8.24004e-05
1.49812e-05
2.1487e-06
2.3354e-07
1.55605e-07
2.7209e-07
3.07678e-07
1.4003e-06
8.95847e-05
0.0024666
0.000380869
2.05226e-06
7.07761e-09
1.69016e-11
3.03292e-14
0
9.02816e-07
8.33279e-06
3.37238e-09
3.6997e-14
6.4619e-13
2.0175e-13
3.861e-15
0
0
0
0
0
0
0
1.20307e-14
2.10863e-14
5.18187e-15
2.30834e-15
1.39707e-15
4.38173e-16
3.17516e-18
3.17516e-18
7.52514e-16
8.57294e-17
0
0
0
0
0
0
0
0
0
0
0
0
0
0
0
0
0
0
0
0
0
0
0
0
0
0
0
0
0
0
0
0
0
0
0
0
0
0
0
0
0
0
0
0
0
0
0
0
0
0
0
0
0
0
0
0.258723
0.25182
0.239985
0.220236
0.190755
0.157081
0.144065
0.13988
2.53328e-05
6.9827e-07
1.13722e-05
0.00012161
0.000414138
3.9545e-05
1.17102e-05
1.25606e-06
4.47349e-08
7.63125e-10
9.65836e-12
3.17342e-13
8.52849e-15
3.71494e-16
0
0
0
0
0
0
0
0
0
0
5.90199e-14
6.43057e-05
1.61854e-07
3.68041e-10
4.47971e-13
3.17516e-18
0
0
1.63319e-06
6.33663e-07
8.90709e-11
2.46901e-14
1.34793e-06
0.00270754
0.0446394
0.0525176
0.0568547
0.0584783
0.057923
0.0550369
0.0513304
0.00892087
0.000251729
4.88984e-06
2.54529e-07
2.99829e-08
3.22306e-09
2.25699e-09
3.61202e-09
3.52419e-09
1.83323e-08
1.68955e-06
0.000926693
0.00011507
3.52597e-07
8.01826e-10
1.398e-12
1.74634e-15
0
1.16252e-07
1.17106e-06
1.19518e-09
7.01835e-13
3.45458e-15
1.13036e-15
0
0
0
0
0
0
0
0
0
0
0
0
0
0
0
0
0
0
0
0
0
0
0
0
0
0
0
0
0
0
0
0
0
0
0
0
0
0
0
0
0
0
0
0
0
0
0
0
0
0
0
0
0
0
0
0
0
0
0
0
0
0
0
0
0
0
0
0
0
0
0
0
0
0.255031
0.248612
0.237839
0.220246
0.194507
0.165286
0.150363
0.14327
0.139591
0.000242025
1.65204e-07
2.01782e-06
8.13834e-06
6.30392e-07
1.59165e-07
1.32684e-08
4.21701e-10
6.00198e-12
6.23507e-14
3.01641e-16
0
0
0
0
0
0
0
0
0
0
0
0
0
1.42637e-05
2.43243e-08
3.35564e-11
3.84989e-14
0
0
0
2.65712e-07
4.5414e-08
5.4576e-13
0
1.60343e-05
0.00440031
0.0450216
0.0526754
0.055432
0.0549948
0.0534553
0.0502332
0.0205502
0.000466122
1.17331e-05
2.17364e-07
5.48388e-09
4.35818e-10
4.80704e-11
3.35361e-11
4.87805e-11
3.75498e-11
2.53667e-10
1.13916e-07
0.000308765
2.90697e-05
2.59708e-08
2.65788e-11
2.86368e-14
0
0
1.39408e-08
1.53476e-07
3.7799e-10
9.54676e-13
1.72729e-15
0
0
0
0
0
0
0
0
0
0
0
0
0
0
0
0
0
0
0
0
0
0
0
0
0
0
0
0
0
0
0
0
0
0
0
0
0
0
0
0
0
0
0
0
0
0
0
0
0
0
0
0
0
0
0
0
0
0
0
0
0
0
0
0
0
0
0
0
0
0
0
0
0
0
0.251307
0.245358
0.235598
0.220018
0.197637
0.172152
0.156257
0.147166
0.141743
0.136739
0.0697664
0.00233611
2.849e-06
6.95349e-09
1.52355e-09
1.20543e-10
3.64449e-12
4.7691e-14
3.17516e-18
0
0
0
0
0
0
0
0
0
0
0
0
0
0
2.99099e-06
1.63371e-09
1.50445e-12
5.30252e-16
0
0
0
4.01572e-08
3.03241e-09
3.36117e-10
5.79275e-07
0.000848828
0.0074137
0.0446471
0.0521411
0.0543663
0.0464904
0.0441068
0.0465371
0.00521352
7.10296e-05
1.18136e-06
1.86448e-08
2.9341e-10
8.7053e-12
8.39859e-13
5.49326e-13
7.42595e-13
2.99446e-13
1.93897e-12
2.90852e-07
9.68632e-05
6.9696e-06
1.52038e-10
1.18129e-13
0
0
0
1.55759e-09
1.87812e-08
6.5132e-11
3.25521e-13
8.06492e-16
0
0
0
0
0
0
0
0
0
0
0
0
0
0
0
0
0
0
0
0
0
0
0
0
0
0
0
0
0
0
0
0
0
0
0
0
0
0
0
0
0
0
0
0
0
0
0
0
0
0
0
0
0
0
0
0
0
0
0
0
0
0
0
0
0
0
0
0
0
0
0
0
0
0
0.247525
0.24201
0.233162
0.219351
0.199831
0.177457
0.16141
0.151065
0.144349
0.139054
0.133598
0.127674
0.119514
0.0463892
0.00259743
4.91292e-06
1.74381e-09
6.92471e-13
0
0
0
0
0
0
0
0
0
0
0
0
0
0
5.23988e-11
5.98625e-07
9.90943e-11
4.69638e-14
0
0
0
0
5.6768e-09
2.21759e-10
1.90187e-09
1.43455e-06
0.000509053
0.00706211
0.0439723
0.0510506
0.0535636
0.0395502
0.0376006
0.0406079
0.00131072
2.58759e-05
4.14357e-07
5.9716e-09
8.30009e-11
1.4234e-12
2.59443e-14
1.67109e-14
8.94444e-15
5.65179e-16
1.05447e-14
1.61957e-06
3.00529e-05
1.44222e-06
7.28744e-13
3.49268e-17
0
0
0
1.62529e-10
2.14466e-09
1.95819e-11
2.37305e-13
1.70189e-15
0
0
0
0
0
0
0
0
0
0
0
0
0
0
0
0
0
0
0
0
0
0
0
0
0
0
0
0
0
0
0
0
0
0
0
0
0
0
0
0
0
0
0
0
0
0
0
0
0
0
0
0
0
0
0
0
0
0
0
0
0
0
0
0
0
0
0
0
0
0
0
0
0
0
0.243677
0.238548
0.230493
0.21818
0.20103
0.181235
0.165569
0.154548
0.146928
0.141192
0.136391
0.130912
0.123174
0.108195
0.000192831
4.99376e-07
1.45864e-10
6.81428e-13
6.55671e-15
0
0
0
0
0
0
0
0
0
0
0
0
0
2.75539e-09
1.15211e-07
5.15801e-12
6.06456e-16
0
0
0
0
7.28175e-10
2.62022e-11
1.67526e-08
8.16109e-06
0.00138877
0.0104075
0.0432518
0.0491534
0.0522093
0.0486547
0.0382538
0.025986
0.000117305
2.28741e-06
3.66608e-08
5.24082e-10
6.23202e-12
6.69324e-14
1.05415e-15
3.17516e-18
0
0
0
1.08485e-07
9.43732e-06
1.92502e-07
2.13689e-15
0
0
0
0
1.57703e-11
2.19151e-10
3.27877e-12
3.5927e-14
0
0
0
0
0
0
0
0
0
0
0
0
0
0
0
0
0
0
0
0
0
0
0
0
0
0
0
0
0
0
0
0
0
0
0
0
0
0
0
0
0
0
0
0
0
0
0
0
0
0
0
0
0
0
0
0
0
0
0
0
0
0
0
0
0
0
0
0
0
0
0
0
0
0
0
0.239769
0.234977
0.22759
0.216516
0.201291
0.183616
0.168601
0.157303
0.149056
0.142773
0.137571
0.132158
0.12522
0.113074
0.00677528
3.07477e-05
6.13433e-08
1.08501e-10
2.83012e-13
0
0
0
0
0
0
0
0
0
0
0
0
0
8.79766e-11
1.97436e-08
1.98102e-13
3.17516e-18
0
0
0
0
7.75532e-11
4.51466e-12
1.2085e-06
0.000111892
0.00402381
0.020022
0.042293
0.046311
0.0501535
0.0482805
0.0380004
0.005341
2.56079e-05
3.57928e-07
4.91157e-09
6.87195e-11
1.09698e-12
9.2429e-15
0
0
0
0
1.37826e-11
3.09867e-08
3.67053e-06
8.89387e-09
0
0
0
0
0
1.28946e-12
2.08377e-11
6.82911e-13
4.47698e-16
0
0
0
0
0
0
0
0
0
0
0
0
0
0
0
0
0
0
0
0
0
0
0
0
0
0
0
0
0
0
0
0
0
0
0
0
0
0
0
0
0
0
0
0
0
0
0
0
0
0
0
0
0
0
0
0
0
0
0
0
0
0
0
0
0
0
0
0
0
0
0
0
0
0
0
0.235816
0.23131
0.224476
0.214403
0.200716
0.184761
0.170496
0.159182
0.150543
0.143797
0.138189
0.132774
0.126546
0.116769
0.110194
0.0874367
0.0404062
0.00786066
0.000717831
4.28809e-05
0.000539712
8.95645e-05
9.10239e-06
3.3554e-07
3.95835e-11
5.40254e-14
0
0
0
0
0
0.000332586
7.83955e-06
1.97673e-07
7.93602e-09
1.08304e-10
1.75923e-13
0
0
2.46905e-06
2.31348e-08
1.79256e-09
1.31178e-05
0.000564892
0.00512323
0.0188059
0.0371717
0.0455574
0.0489708
0.0474968
0.0376473
0.000910377
2.09253e-05
4.36174e-07
7.94737e-09
1.32698e-10
2.07311e-12
1.44978e-14
0
0
0
0
1.0613e-13
2.27323e-07
1.43758e-06
2.24165e-09
6.34572e-13
0
0
0
0
7.44195e-14
1.74142e-12
4.71321e-14
0
0
0
0
0
0
0
0
0
0
0
0
0
0
0
0
0
0
0
0
0
0
0
0
0
0
0
0
0
0
0
0
0
0
0
0
0
0
0
0
0
0
0
0
0
0
0
0
0
0
0
0
0
0
0
0
0
0
0
0
0
0
0
0
0
0
0
0
0
0
0
0
0
0
0
0
0.231843
0.227574
0.221183
0.2119
0.19942
0.184837
0.171315
0.160152
0.15132
0.144267
0.138384
0.132982
0.127345
0.11982
0.113641
0.109821
0.104768
0.0996991
0.0957964
0.0928642
0.0901895
0.0865773
0.0803953
0.0741376
0.0208325
0.000735633
3.96886e-06
1.63579e-08
5.84994e-11
1.77936e-13
0.00415483
0.0191001
0.0455218
0.0243656
0.0209153
0.00463814
0.000326598
1.56338e-05
6.10681e-07
0.0041065
0.0174933
0.0107218
0.00384101
0.00129118
0.00354303
0.0138315
0.0329958
0.0449525
0.0481831
0.0465902
0.0367099
0.00129432
3.89314e-05
9.07431e-07
1.7225e-08
2.82127e-10
4.04501e-12
4.33092e-14
0
0
0
0
9.09883e-11
4.97195e-08
4.24696e-07
4.54248e-08
1.68289e-10
0
0
0
0
1.08972e-14
1.5886e-13
2.78779e-15
0
0
0
0
0
0
0
0
0
0
0
0
0
0
0
0
0
0
0
0
0
0
0
0
0
0
0
0
0
0
0
0
0
0
0
0
0
0
0
0
0
0
0
0
0
0
0
0
0
0
0
0
0
0
0
0
0
0
0
0
0
0
0
0
0
0
0
0
0
0
0
0
0
0
0
0
0.227879
0.223797
0.217748
0.209067
0.197505
0.183993
0.171148
0.16023
0.15136
0.144151
0.138119
0.132743
0.127516
0.121503
0.116149
0.112388
0.108715
0.105076
0.101594
0.0982584
0.0949576
0.0914257
0.0867978
0.0801797
0.0750662
0.0490742
0.0156718
0.00251345
0.000271322
0.0136775
0.0607152
0.0612343
0.0604409
0.0524894
0.0392319
0.0367438
0.0352115
0.0255795
0.0358657
0.0347264
0.0325482
0.0280281
0.0176702
0.00815559
0.0031511
0.0265933
0.041192
0.0446593
0.0472946
0.0456034
0.03549
0.00142945
4.26533e-05
9.53951e-07
1.71975e-08
2.62788e-10
3.52439e-12
6.75738e-14
0
0
0
0
1.03856e-10
1.09741e-08
8.62831e-08
6.68692e-09
1.04789e-10
0
0
0
3.17516e-18
1.24784e-15
9.13812e-15
3.17516e-18
0
0
0
0
0
0
0
0
0
0
0
0
0
0
0
0
0
0
0
0
0
0
0
0
0
0
0
0
0
0
0
0
0
0
0
0
0
0
0
0
0
0
0
0
0
0
0
0
0
0
0
0
0
0
0
0
0
0
0
0
0
0
0
0
0
0
0
0
0
0
0
0
0
0
0
0
0.223959
0.220015
0.214209
0.205957
0.195058
0.182344
0.170073
0.159441
0.150642
0.143398
0.137313
0.131973
0.126997
0.121828
0.117051
0.113122
0.109498
0.106019
0.102669
0.0994474
0.0963318
0.0932362
0.0898047
0.0851625
0.0799507
0.0772171
0.0743995
0.0660677
0.0717914
0.0714356
0.0709609
0.0698471
0.0683192
0.0652586
0.05823
0.0524093
0.0453693
0.044332
0.0437267
0.0423921
0.0406954
0.0365064
0.0279797
0.0165477
0.00665803
0.0220679
0.0405564
0.0439444
0.0463138
0.0445835
0.0342549
0.00141375
4.07662e-05
8.68386e-07
1.47781e-08
2.1042e-10
2.57547e-12
5.05169e-15
0
0
0
0
2.63119e-10
2.74949e-09
1.42372e-08
7.51176e-10
5.71528e-12
0
0
0
0
0
3.17516e-18
0
0
0
0
0
0
0
0
0
0
0
0
0
0
0
0
0
0
0
0
0
0
0
0
0
0
0
0
0
0
0
0
0
0
0
0
0
0
0
0
0
0
0
0
0
0
0
0
0
0
0
0
0
0
0
0
0
0
0
0
0
0
0
0
0
0
0
0
0
0
0
0
0
0
0
0
0
0.220116
0.216261
0.210602
0.202612
0.192137
0.179967
0.168147
0.1578
0.149144
0.141953
0.135886
0.130593
0.125766
0.121034
0.116592
0.11263
0.108955
0.105465
0.102138
0.0989939
0.0960583
0.0933389
0.0907398
0.0878786
0.0845388
0.0817855
0.0783252
0.0773874
0.0767591
0.0757799
0.0746312
0.0732387
0.0716628
0.0697544
0.066809
0.0631422
0.0585559
0.0564347
0.0552592
0.0533096
0.0500679
0.0450616
0.0370499
0.0254252
0.0128018
0.0181821
0.0361104
0.0426728
0.0452754
0.0436101
0.0331852
0.00140055
3.89289e-05
7.97244e-07
1.28231e-08
1.71734e-10
1.97935e-12
3.17516e-18
0
0
0
0
5.28871e-11
5.29886e-10
2.04745e-09
7.97948e-11
3.61334e-13
0
0
0
0
0
0
0
0
0
0
0
0
0
0
0
0
0
0
0
0
0
0
0
0
0
0
0
0
0
0
0
0
0
0
0
0
0
0
0
0
0
0
0
0
0
0
0
0
0
0
0
0
0
0
0
0
0
0
0
0
0
0
0
0
0
0
0
0
0
0
0
0
0
0
0
0
0
0
0
0
0
0
0
0.216384
0.212569
0.206957
0.199057
0.188768
0.176893
0.165388
0.155306
0.146837
0.139764
0.133769
0.128539
0.123805
0.11929
0.115027
0.111073
0.10735
0.103805
0.100436
0.097277
0.0943809
0.0916069
0.0889713
0.0868561
0.0850919
0.0833629
0.0814574
0.0802934
0.0791416
0.0779313
0.0765831
0.0750999
0.0735262
0.0718274
0.0699609
0.0678523
0.0654239
0.0633129
0.0613568
0.0589819
0.0558108
0.0513016
0.0443984
0.0338624
0.0205251
0.0180335
0.0306464
0.0398284
0.0438003
0.0427031
0.0324137
0.00178045
3.61254e-05
6.46238e-07
9.77138e-09
1.24769e-10
1.39229e-12
7.98236e-15
0
0
0
0
1.13083e-11
1.01467e-10
2.98275e-10
8.53812e-12
1.93939e-14
0
0
0
0
0
0
0
0
0
0
0
0
0
0
0
0
0
0
0
0
0
0
0
0
0
0
0
0
0
0
0
0
0
0
0
0
0
0
0
0
0
0
0
0
0
0
0
0
0
0
0
0
0
0
0
0
0
0
0
0
0
0
0
0
0
0
0
0
0
0
0
0
0
0
0
0
0
0
0
0
0
0
0
0.212751
0.208868
0.203147
0.195159
0.184904
0.173252
0.162044
0.152018
0.143682
0.136779
0.1309
0.125748
0.121078
0.116666
0.112475
0.1085
0.104694
0.101025
0.0974953
0.0941082
0.0900238
0.0850107
0.0784931
0.071682
0.0698361
0.0695989
0.0693816
0.0685959
0.0674568
0.0665139
0.0654434
0.0642785
0.0630177
0.0618271
0.0609187
0.0602172
0.0595602
0.0588735
0.0581692
0.0573124
0.055904
0.0533663
0.0487404
0.0406287
0.0285697
0.0212246
0.0269604
0.0360211
0.0416788
0.0417443
0.0319593
0.00364903
0.00017392
3.34726e-06
4.99311e-08
6.18129e-10
6.39441e-12
6.29984e-14
3.17516e-18
0
0
0
2.60398e-12
2.09571e-11
4.96347e-11
1.28665e-12
3.17516e-18
0
0
0
0
0
0
0
0
0
0
0
0
0
0
0
0
0
0
0
0
0
0
0
0
0
0
0
0
0
0
0
0
0
0
0
0
0
0
0
0
0
0
0
0
0
0
0
0
0
0
0
0
0
0
0
0
0
0
0
0
0
0
0
0
0
0
0
0
0
0
0
0
0
0
0
0
0
0
0
0
0
0
0
0.20924
0.205164
0.199128
0.19079
0.180328
0.168776
0.157831
0.148131
0.140068
0.133171
0.12722
0.122152
0.117526
0.113143
0.108936
0.104866
0.100879
0.0969347
0.0930023
0.0878179
0.080531
0.0718305
0.060623
0.0509633
0.048015
0.0463669
0.0459013
0.0455347
0.0456363
0.0473957
0.0484409
0.0487538
0.0480386
0.0454539
0.044254
0.0438695
0.0439706
0.0445714
0.0457959
0.0475547
0.0490971
0.0496872
0.0484576
0.0440694
0.0352384
0.026356
0.026109
0.0325817
0.0390415
0.0405828
0.0317468
0.00428876
0.000196409
3.6134e-06
5.19085e-08
6.1973e-10
6.37369e-12
7.53276e-14
1.84159e-16
0
0
0
6.21773e-13
4.68066e-12
1.15801e-11
3.00815e-14
0
0
0
0
0
0
0
0
0
0
0
0
0
0
0
0
0
0
0
0
0
0
0
0
0
0
0
0
0
0
0
0
0
0
0
0
0
0
0
0
0
0
0
0
0
0
0
0
0
0
0
0
0
0
0
0
0
0
0
0
0
0
0
0
0
0
0
0
0
0
0
0
0
0
0
0
0
0
0
0
0
0
0
0
0.205867
0.201436
0.194836
0.185857
0.174961
0.163407
0.15271
0.143382
0.135618
0.128946
0.123161
0.11772
0.113055
0.10863
0.104309
0.100017
0.0956647
0.0911443
0.0856404
0.0760083
0.063373
0.0537213
0.0428858
0.0395285
0.0214724
0.00385479
0.000298236
0.00295401
0.0156092
0.0407282
0.0413846
0.0416008
0.0403757
0.0331522
0.0306737
0.029372
0.0289619
0.0292474
0.0308032
0.0342548
0.0381946
0.0414153
0.0433129
0.042928
0.0386319
0.0313854
0.0275585
0.0304766
0.0363823
0.0391706
0.0317141
0.00585464
0.000263906
4.60527e-06
6.33586e-08
7.32513e-10
7.32532e-12
9.08637e-14
3.8737e-16
0
0
0
1.60606e-13
1.07996e-12
2.43026e-12
3.49268e-17
0
0
0
0
0
0
0
0
0
0
0
0
0
0
0
0
0
0
0
0
0
0
0
0
0
0
0
0
0
0
0
0
0
0
0
0
0
0
0
0
0
0
0
0
0
0
0
0
0
0
0
0
0
0
0
0
0
0
0
0
0
0
0
0
0
0
0
0
0
0
0
0
0
0
0
0
0
0
0
0
0
0
0
0
0.202631
0.197634
0.190151
0.180205
0.168673
0.157049
0.146615
0.137692
0.130244
0.123811
0.118153
0.112802
0.10776
0.102959
0.0983677
0.093639
0.0885728
0.0828425
0.0723615
0.0553458
0.0402697
0.0357997
0.0314872
0.00350836
0.000112966
6.18588e-06
8.49825e-07
1.75315e-05
0.000408206
0.00700684
0.014861
0.035086
0.0324615
0.0230349
0.00522094
0.000380488
7.05668e-05
0.00152001
0.0119571
0.029986
0.0325469
0.0349648
0.0370867
0.0385832
0.0380785
0.0343389
0.0297767
0.0297532
0.0341867
0.0375961
0.0318351
0.010581
0.000312724
5.06995e-06
6.58052e-08
7.35338e-10
7.25602e-12
1.23777e-13
8.82695e-16
0
0
0
4.64971e-14
2.62681e-13
4.01045e-13
0
0
0
0
0
0
0
0
0
0
0
0
0
0
0
0
0
0
0
0
0
0
0
0
0
0
0
0
0
0
0
0
0
0
0
0
0
0
0
0
0
0
0
0
0
0
0
0
0
0
0
0
0
0
0
0
0
0
0
0
0
0
0
0
0
0
0
0
0
0
0
0
0
0
0
0
0
0
0
0
0
0
0
0
0
0.199518
0.193673
0.184902
0.173623
0.161274
0.14955
0.139408
0.130901
0.123771
0.117562
0.11199
0.106676
0.101552
0.0962132
0.0906872
0.0850827
0.0785077
0.0697397
0.0508407
0.0304687
0.0248179
0.00320528
8.11263e-05
1.63552e-05
8.07828e-07
2.44295e-08
2.43006e-09
6.1496e-08
1.63683e-06
5.42592e-05
0.00178538
0.0250031
0.0226476
0.00900933
0.000265791
9.55458e-07
2.1396e-07
6.25786e-06
0.000399882
0.0119041
0.0296533
0.0304034
0.0312331
0.0325527
0.0339216
0.0338032
0.030908
0.0296154
0.032585
0.0360016
0.0321085
0.0268238
0.000299941
5.39276e-06
7.5137e-08
9.04662e-10
9.62338e-12
1.29702e-13
8.95396e-16
0
0
0
1.31166e-14
7.29875e-14
1.11416e-14
0
0
0
0
0
0
0
0
0
0
0
0
0
0
0
0
0
0
0
0
0
0
0
0
0
0
0
0
0
0
0
0
0
0
0
0
0
0
0
0
0
0
0
0
0
0
0
0
0
0
0
0
0
0
0
0
0
0
0
0
0
0
0
0
0
0
0
0
0
0
0
0
0
0
0
0
0
0
0
0
0
0
0
0
0
0.196504
0.189452
0.178889
0.165844
0.152473
0.140628
0.130782
0.122668
0.115828
0.109798
0.104251
0.098865
0.0934681
0.0876922
0.080951
0.0725567
0.0619784
0.0447026
0.0218395
0.0110975
0.00024975
2.00234e-05
6.83361e-07
9.49932e-08
4.29814e-09
1.01058e-10
7.39043e-12
2.23499e-10
5.03658e-09
1.78642e-07
1.30336e-05
0.00293964
0.0140799
0.000495505
3.91512e-06
1.72456e-08
5.37052e-10
1.50923e-08
1.80895e-06
0.0031667
0.0119568
0.00184744
0.00133204
0.0123372
0.0250998
0.0329276
0.0308551
0.0293895
0.0314261
0.0345486
0.0318952
0.0271718
0.00123924
1.70627e-05
2.17069e-07
2.6458e-09
3.26973e-11
7.64417e-13
7.75692e-15
0
0
0
3.77844e-15
1.98384e-14
3.17516e-18
0
0
0
0
0
0
0
0
0
0
0
0
0
0
0
0
0
0
0
0
0
0
0
0
0
0
0
0
0
0
0
0
0
0
0
0
0
0
0
0
0
0
0
0
0
0
0
0
0
0
0
0
0
0
0
0
0
0
0
0
0
0
0
0
0
0
0
0
0
0
0
0
0
0
0
0
0
0
0
0
0
0
0
0
0
0.193582
0.184925
0.171952
0.156517
0.141717
0.129634
0.119965
0.112135
0.105513
0.0995669
0.0938977
0.0881486
0.0819829
0.0748647
0.0659561
0.0529038
0.031541
0.00998256
0.00202802
7.55846e-05
1.96183e-06
1.4552e-07
4.56418e-09
5.46951e-10
2.13376e-11
4.16654e-13
2.31819e-14
8.07028e-13
1.58583e-11
1.05933e-09
4.90934e-07
0.000319158
0.00682265
0.000227084
5.80739e-07
1.50933e-09
4.36267e-12
3.98835e-11
5.43529e-09
0.000647884
0.00227399
2.51068e-05
1.28688e-05
0.0021961
0.0112217
0.0317981
0.0304775
0.0290389
0.030507
0.0333104
0.0314013
0.0268917
0.0025752
9.8979e-05
1.71948e-06
1.90986e-08
1.3154e-10
5.65325e-13
3.95943e-15
0
0
0
1.14623e-15
5.09931e-15
0
0
0
0
0
0
0
0
0
0
0
0
0
0
0
0
0
0
0
0
0
0
0
0
0
0
0
0
0
0
0
0
0
0
0
0
0
0
0
0
0
0
0
0
0
0
0
0
0
0
0
0
0
0
0
0
0
0
0
0
0
0
0
0
0
0
0
0
0
0
0
0
0
0
0
0
0
0
0
0
0
0
0
0
0
0
0.190821
0.18027
0.164138
0.145052
0.127472
0.114527
0.104458
0.0965939
0.0901293
0.0841515
0.0780278
0.0712633
0.0632713
0.0531965
0.040394
0.0230264
0.00478848
0.000139277
2.10192e-05
7.58673e-07
1.60622e-08
9.63436e-10
2.84288e-11
3.1153e-12
1.06355e-13
9.01746e-16
0
2.04481e-15
1.02323e-13
7.78369e-11
5.64246e-08
1.79426e-05
0.00214341
7.4241e-05
2.23511e-07
5.0886e-10
9.3292e-13
1.06171e-13
1.59211e-11
0.000113865
0.00022897
4.8073e-07
5.79514e-08
0.000202573
0.00251451
0.0308359
0.0299777
0.0285978
0.0297034
0.0322302
0.0308116
0.0265131
0.00272557
6.142e-05
8.33961e-07
8.62914e-09
6.96688e-11
4.68337e-13
4.12771e-15
0
0
0
3.33392e-16
1.0097e-15
0
0
0
0
0
0
0
0
0
0
0
0
0
0
0
0
0
0
0
0
0
0
0
0
0
0
0
0
0
0
0
0
0
0
0
0
0
0
0
0
0
0
0
0
0
0
0
0
0
0
0
0
0
0
0
0
0
0
0
0
0
0
0
0
0
0
0
0
0
0
0
0
0
0
0
0
0
0
0
0
0
0
0
0
0
0
0.188425
0.176161
0.155748
0.127594
0.0969456
0.0760069
0.0595369
0.0478035
0.0594482
0.058319
0.0526678
0.0456657
0.0370201
0.0260828
0.0150538
0.0064454
0.000108004
1.5467e-06
2.17873e-07
6.37411e-09
1.24219e-10
6.13886e-12
1.70008e-13
1.85017e-14
3.17516e-18
0
0
0
3.17516e-18
4.25278e-13
3.17259e-10
1.38436e-07
0.000570541
1.11756e-05
2.69612e-08
5.2882e-11
8.78472e-14
3.17516e-18
6.05154e-14
1.78974e-05
1.59743e-05
2.82486e-08
1.97432e-10
1.24353e-05
0.000351177
0.0300464
0.0294174
0.0280918
0.0289495
0.0312361
0.0301959
0.0262337
0.00596213
0.000199163
2.57281e-06
2.56259e-08
2.08614e-10
1.42456e-12
2.4617e-14
2.57188e-16
0
0
3.17516e-18
0
0
0
0
0
0
0
0
0
0
0
0
0
0
0
0
0
0
0
0
0
0
0
0
0
0
0
0
0
0
0
0
0
0
0
0
0
0
0
0
0
0
0
0
0
0
0
0
0
0
0
0
0
0
0
0
0
0
0
0
0
0
0
0
0
0
0
0
0
0
0
0
0
0
0
0
0
0
0
0
0
0
0
0
0
0
0
0.18665
0.174225
0.153573
0.125621
0.0963326
0.0329929
0.00216236
0.0177115
0.0208874
0.023622
0.0227875
0.0202194
0.0174099
0.0150551
0.000449339
6.00957e-05
1.33443e-06
1.6073e-08
1.71916e-09
4.63493e-11
8.79565e-13
3.90323e-14
3.17516e-18
0
0
0
0
0
0
6.06456e-16
9.89654e-13
5.75299e-10
0.000129561
1.17723e-06
2.20649e-09
3.57315e-12
4.72464e-15
0
0
2.54582e-06
9.1801e-07
1.33894e-09
2.12855e-12
5.76719e-07
3.77838e-05
0.0293218
0.0288152
0.027534
0.0282095
0.0302787
0.0295575
0.0262175
0.021979
0.000751476
1.09859e-05
1.16969e-07
1.00367e-09
7.14806e-12
8.47102e-14
8.76345e-16
0
0
0
0
0
0
0
0
0
0
0
0
0
0
0
0
0
0
0
0
0
0
0
0
0
0
0
0
0
0
0
0
0
0
0
0
0
0
0
0
0
0
0
0
0
0
0
0
0
0
0
0
0
0
0
0
0
0
0
0
0
0
0
0
0
0
0
0
0
0
0
0
0
0
0
0
0
0
0
0
0
0
0
0
0
0
0
0
0
0
0.185064
0.173144
0.153603
0.127597
0.100852
0.0980305
6.75544e-05
0.00052704
0.000404022
0.000903372
0.00119278
0.00139754
0.00022951
0.000263454
7.96818e-06
5.71562e-07
1.21943e-08
1.36976e-10
1.1507e-11
2.8278e-13
5.06121e-15
0
0
0
0
0
0
0
0
0
1.88287e-15
1.80778e-12
2.65736e-05
1.13735e-07
1.66059e-10
2.19772e-13
3.17516e-18
0
0
3.24278e-07
4.62285e-08
5.00906e-11
5.06915e-14
2.18175e-08
3.40515e-06
0.0286192
0.0281773
0.026928
0.0274627
0.0293399
0.0288149
0.0258449
0.021802
0.000687635
9.05291e-06
8.88523e-08
7.24383e-10
5.19433e-12
5.7753e-14
4.47698e-16
0
0
0
0
0
0
0
0
0
0
0
0
0
0
0
0
0
0
0
0
0
0
0
0
0
0
0
0
0
0
0
0
0
0
0
0
0
0
0
0
0
0
0
0
0
0
0
0
0
0
0
0
0
0
0
0
0
0
0
0
0
0
0
0
0
0
0
0
0
0
0
0
0
0
0
0
0
0
0
0
0
0
0
0
0
0
0
0
0
0
0.183463
0.172293
0.154382
0.130992
0.107337
0.101189
0.0991762
9.11197e-06
8.78914e-06
3.29369e-05
3.67106e-05
4.06919e-05
3.39279e-06
3.3931e-06
9.88828e-08
5.05358e-09
9.18768e-11
9.4404e-13
6.90185e-14
4.44523e-16
0
0
0
0
0
0
0
0
0
0
0
4.61034e-15
5.0213e-06
1.11314e-08
1.27228e-11
1.35992e-14
0
0
0
3.74061e-08
2.08366e-09
1.58185e-12
6.57259e-16
7.0683e-10
2.66332e-07
0.0279236
0.0275057
0.0262747
0.0266988
0.0284189
0.0280037
0.0252128
0.0210704
0.000550984
6.14083e-06
5.42852e-08
4.21148e-10
2.94468e-12
2.51695e-14
3.17516e-18
0
0
0
0
0
0
0
0
0
0
0
0
0
0
0
0
0
0
0
0
0
0
0
0
0
0
0
0
0
0
0
0
0
0
0
0
0
0
0
0
0
0
0
0
0
0
0
0
0
0
0
0
0
0
0
0
0
0
0
0
0
0
0
0
0
0
0
0
0
0
0
0
0
0
0
0
0
0
0
0
0
0
0
0
0
0
0
0
0
0
0.181805
0.171477
0.15533
0.134603
0.113712
0.10509
0.101159
0.0992385
0.00636453
7.06495e-07
7.97575e-07
7.98517e-07
4.28758e-08
3.49273e-08
1.05502e-09
3.96141e-11
5.62471e-13
4.24202e-15
3.17516e-18
0
0
0
0
0
0
0
0
0
0
0
0
0
8.82255e-07
6.65381e-10
5.9928e-13
3.17516e-18
0
0
0
3.94566e-09
8.8274e-11
4.75068e-14
0
2.03094e-11
1.85258e-08
0.0272334
0.0268006
0.0255736
0.0259104
0.0275071
0.027152
0.024447
0.0201486
0.00057321
4.45232e-06
3.52058e-08
2.69776e-10
1.87938e-12
1.35452e-14
3.17516e-18
0
0
0
0
0
0
0
0
0
0
0
0
0
0
0
0
0
0
0
0
0
0
0
0
0
0
0
0
0
0
0
0
0
0
0
0
0
0
0
0
0
0
0
0
0
0
0
0
0
0
0
0
0
0
0
0
0
0
0
0
0
0
0
0
0
0
0
0
0
0
0
0
0
0
0
0
0
0
0
0
0
0
0
0
0
0
0
0
0
0
0.18006
0.170571
0.156109
0.137807
0.11925
0.109211
0.103786
0.1007
0.09791
0.0949742
0.0501633
0.00913461
3.61334e-10
2.45042e-10
1.12382e-11
2.96211e-13
2.22261e-15
0
0
0
0
0
0
0
0
0
0
0
0
0
0
1.10453e-10
1.45086e-07
3.23799e-11
2.10609e-14
0
0
0
0
3.82472e-10
4.84699e-12
2.864e-15
4.6254e-11
3.47618e-07
0.000160256
0.0265236
0.0260591
0.0248209
0.0250888
0.0265881
0.0262671
0.0236038
0.0191019
0.00102234
2.65899e-05
3.19505e-07
2.71713e-09
1.92875e-11
1.41406e-13
1.56218e-15
0
0
0
0
0
0
0
0
0
0
0
0
0
0
0
0
0
0
0
0
0
0
0
0
0
0
0
0
0
0
0
0
0
0
0
0
0
0
0
0
0
0
0
0
0
0
0
0
0
0
0
0
0
0
0
0
0
0
0
0
0
0
0
0
0
0
0
0
0
0
0
0
0
0
0
0
0
0
0
0
0
0
0
0
0
0
0
0
0
0
0.178213
0.169505
0.156551
0.140345
0.123754
0.113108
0.106647
0.102658
0.0998041
0.0966226
0.09314
0.085801
0.0770269
8.6513e-13
1.13738e-13
1.67331e-15
0
0
0
0
0
0
0
0
0
0
0
0
0
0
0
4.15323e-10
2.24964e-08
1.39769e-12
1.74634e-16
0
0
0
0
3.35754e-11
4.91957e-13
9.29215e-13
2.17763e-09
2.88563e-06
0.000517071
0.0257827
0.0252743
0.024005
0.02422
0.0256395
0.0253417
0.0226998
0.0179157
0.000697257
9.06641e-06
8.67264e-08
6.90253e-10
5.10559e-12
3.72129e-14
1.68284e-16
0
0
0
0
0
0
0
0
0
0
0
0
0
0
0
0
0
0
0
0
0
0
0
0
0
0
0
0
0
0
0
0
0
0
0
0
0
0
0
0
0
0
0
0
0
0
0
0
0
0
0
0
0
0
0
0
0
0
0
0
0
0
0
0
0
0
0
0
0
0
0
0
0
0
0
0
0
0
0
0
0
0
0
0
0
0
0
0
0
0
0.176258
0.168251
0.156596
0.142149
0.127206
0.116457
0.109322
0.104588
0.101187
0.0979805
0.0949473
0.0899669
0.0817335
0.000276399
9.6525e-16
0
0
0
0
0
0
0
0
0
0
0
0
0
0
0
0
3.90555e-11
3.00599e-09
5.29427e-14
0
0
0
0
0
2.50299e-12
5.9185e-14
1.01143e-11
2.35441e-08
1.84164e-05
0.00137459
0.0249976
0.0244342
0.0231045
0.0232788
0.0246296
0.0243557
0.0217404
0.0166355
0.00106457
2.35694e-05
2.12707e-07
1.58557e-09
1.03879e-11
7.66834e-14
1.30182e-16
0
0
0
0
0
0
0
0
0
0
0
0
0
0
0
0
0
0
0
0
0
0
0
0
0
0
0
0
0
0
0
0
0
0
0
0
0
0
0
0
0
0
0
0
0
0
0
0
0
0
0
0
0
0
0
0
0
0
0
0
0
0
0
0
0
0
0
0
0
0
0
0
0
0
0
0
0
0
0
0
0
0
0
0
0
0
0
0
0
0
0.174199
0.166803
0.156241
0.143245
0.129672
0.119097
0.111564
0.10626
0.102333
0.0989219
0.0957695
0.0916277
0.0848846
0.0827472
0.00342265
1.84135e-05
1.79054e-07
1.91991e-09
1.7471e-11
1.28759e-13
3.17516e-18
0
0
0
0
0
0
0
0
0
0
1.27058e-12
3.60715e-10
1.31134e-15
0
0
0
0
0
1.41063e-13
5.80737e-15
2.3365e-10
5.20765e-07
8.48697e-05
0.0034813
0.0241428
0.0234851
0.0220908
0.0222173
0.0235078
0.0232676
0.0207102
0.0153628
0.00111659
1.20998e-05
9.816e-08
6.73108e-10
4.11254e-12
4.12676e-14
0
0
0
0
0
0
0
0
0
0
0
0
0
0
0
0
0
0
0
0
0
0
0
0
0
0
0
0
0
0
0
0
0
0
0
0
0
0
0
0
0
0
0
0
0
0
0
0
0
0
0
0
0
0
0
0
0
0
0
0
0
0
0
0
0
0
0
0
0
0
0
0
0
0
0
0
0
0
0
0
0
0
0
0
0
0
0
0
0
0
0
0.172044
0.165171
0.155511
0.143696
0.131252
0.120986
0.11326
0.107556
0.103212
0.0995575
0.0962669
0.092594
0.087443
0.0841789
0.0807435
0.0788592
0.0766052
0.0740722
0.0714743
0.0687015
0.0655491
0.0611667
0.0140542
0.000417537
6.11729e-07
1.08785e-09
2.70626e-12
7.56641e-15
0
0.000226323
0.00515735
0.021682
0.00921278
0.00481726
0.000121154
1.61871e-07
1.64375e-10
1.68458e-13
4.07691e-06
2.10607e-08
0.000103149
1.58453e-05
0.00100435
0.00938726
0.0181281
0.0231421
0.0223469
0.0208679
0.0209436
0.022186
0.0219918
0.0195379
0.0144393
0.0079944
8.79265e-05
7.19671e-07
4.62031e-09
2.10036e-11
2.20655e-13
0
0
0
0
0
0
0
0
0
0
0
0
0
0
0
0
0
0
0
0
0
0
0
0
0
0
0
0
0
0
0
0
0
0
0
0
0
0
0
0
0
0
0
0
0
0
0
0
0
0
0
0
0
0
0
0
0
0
0
0
0
0
0
0
0
0
0
0
0
0
0
0
0
0
0
0
0
0
0
0
0
0
0
0
0
0
0
0
0
0
0
0.169808
0.163373
0.154446
0.143578
0.132051
0.122143
0.114365
0.108409
0.103764
0.0998999
0.0964926
0.0930676
0.0889794
0.0856687
0.0830311
0.0807035
0.0783555
0.0759181
0.0733797
0.0706838
0.0676572
0.0636687
0.0594794
0.0556749
0.00868593
8.42254e-05
4.54086e-07
7.12177e-05
0.00227458
0.0170616
0.0391835
0.0385992
0.0306353
0.018768
0.0160993
0.00191348
7.30315e-05
0.000641406
0.00183659
0.00727925
0.00285257
0.000722251
0.000228852
0.00471404
0.0158624
0.0215156
0.0208531
0.0192241
0.0192924
0.0205132
0.0203542
0.0178088
0.0123324
0.00549577
7.19047e-05
6.95425e-07
6.44817e-09
4.20425e-11
3.20491e-13
0
0
0
0
0
0
0
0
0
0
0
0
0
0
0
0
0
0
0
0
0
0
0
0
0
0
0
0
0
0
0
0
0
0
0
0
0
0
0
0
0
0
0
0
0
0
0
0
0
0
0
0
0
0
0
0
0
0
0
0
0
0
0
0
0
0
0
0
0
0
0
0
0
0
0
0
0
0
0
0
0
0
0
0
0
0
0
0
0
0
0
0.167512
0.161434
0.153086
0.14296
0.132164
0.122608
0.114867
0.108774
0.103932
0.0999085
0.0964053
0.093087
0.0895591
0.0863966
0.0836953
0.0811948
0.0787347
0.0762623
0.0737695
0.0712493
0.0686429
0.0656866
0.0625923
0.0586596
0.0551861
0.0342233
0.00940458
0.014512
0.0464071
0.0469239
0.0467656
0.0456297
0.0423614
0.0339799
0.0257202
0.0241391
0.0228557
0.0214314
0.0197182
0.0174915
0.0130536
0.00598456
0.00164452
0.00165631
0.0097088
0.018608
0.0186725
0.017062
0.0170536
0.0182894
0.0181525
0.0152689
0.00917758
0.00310572
3.86049e-05
3.95755e-07
4.12516e-09
4.3814e-11
4.11714e-13
3.76892e-15
0
0
0
0
0
0
0
0
0
0
0
0
0
0
0
0
0
0
0
0
0
0
0
0
0
0
0
0
0
0
0
0
0
0
0
0
0
0
0
0
0
0
0
0
0
0
0
0
0
0
0
0
0
0
0
0
0
0
0
0
0
0
0
0
0
0
0
0
0
0
0
0
0
0
0
0
0
0
0
0
0
0
0
0
0
0
0
0
0
0
0.165179
0.15938
0.151472
0.141905
0.131667
0.122422
0.114765
0.108617
0.10366
0.0995272
0.0959474
0.0926568
0.0893852
0.0863336
0.0835635
0.0809509
0.0784054
0.0758972
0.0734349
0.0710434
0.0687332
0.0664331
0.0640862
0.0612495
0.0580689
0.0565001
0.0554855
0.0547374
0.0539742
0.0529432
0.0517922
0.0504707
0.0484664
0.0444989
0.0391197
0.0364562
0.0344309
0.0324893
0.0304513
0.0282412
0.0233436
0.0151418
0.00690424
0.00247946
0.00486008
0.0131407
0.0152003
0.0141348
0.0140682
0.0153423
0.0152172
0.0118547
0.00566359
0.00141469
1.68877e-05
1.66988e-07
1.65138e-09
1.64103e-11
1.65172e-13
3.03546e-15
3.17516e-18
0
0
0
0
0
0
0
0
0
0
0
0
0
0
0
0
0
0
0
0
0
0
0
0
0
0
0
0
0
0
0
0
0
0
0
0
0
0
0
0
0
0
0
0
0
0
0
0
0
0
0
0
0
0
0
0
0
0
0
0
0
0
0
0
0
0
0
0
0
0
0
0
0
0
0
0
0
0
0
0
0
0
0
0
0
0
0
0
0
0.162834
0.15724
0.149641
0.140461
0.130616
0.121618
0.114059
0.107909
0.102896
0.0986984
0.0950618
0.0917613
0.0885889
0.0855875
0.0827722
0.0800808
0.0774644
0.0749129
0.0724479
0.0701096
0.0679406
0.0659577
0.0641428
0.0623648
0.0604651
0.0585181
0.0568645
0.055371
0.053947
0.0529595
0.05184
0.0505855
0.0491702
0.0473543
0.0450234
0.0429821
0.0410635
0.039037
0.036723
0.0339283
0.0296482
0.0226415
0.0136811
0.00620458
0.00368176
0.00792664
0.010637
0.0104243
0.010443
0.0117243
0.0116147
0.00791567
0.0027335
0.000569351
8.34719e-06
8.01115e-08
7.63393e-10
8.15489e-12
6.37541e-14
1.64791e-15
0
0
0
0
0
0
0
0
0
0
0
0
0
0
0
0
0
0
0
0
0
0
0
0
0
0
0
0
0
0
0
0
0
0
0
0
0
0
0
0
0
0
0
0
0
0
0
0
0
0
0
0
0
0
0
0
0
0
0
0
0
0
0
0
0
0
0
0
0
0
0
0
0
0
0
0
0
0
0
0
0
0
0
0
0
0
0
0
0
0
0.160505
0.155042
0.147625
0.138665
0.129047
0.120208
0.112736
0.106615
0.101592
0.0973648
0.0936908
0.0903654
0.0872146
0.0842145
0.0813505
0.0785825
0.0758832
0.0732528
0.070716
0.0683127
0.0660791
0.0636781
0.060824
0.0571777
0.0519772
0.0461385
0.0436619
0.0423123
0.0414095
0.0406293
0.0400737
0.0397227
0.0394204
0.0389741
0.0382661
0.0373939
0.036545
0.0357054
0.0347317
0.0333409
0.0309519
0.0264403
0.0192313
0.0111353
0.00552565
0.00522076
0.00653491
0.00664997
0.00676974
0.0079167
0.0078535
0.00446396
0.00108727
0.000192477
5.72609e-06
5.41441e-08
4.78677e-10
7.95996e-12
2.02636e-13
7.68072e-15
2.0321e-16
0
0
0
0
0
0
0
0
0
0
0
0
0
0
0
0
0
0
0
0
0
0
0
0
0
0
0
0
0
0
0
0
0
0
0
0
0
0
0
0
0
0
0
0
0
0
0
0
0
0
0
0
0
0
0
0
0
0
0
0
0
0
0
0
0
0
0
0
0
0
0
0
0
0
0
0
0
0
0
0
0
0
0
0
0
0
0
0
0
0.158198
0.152777
0.145409
0.136519
0.127006
0.118266
0.110768
0.104691
0.0996913
0.095464
0.0917695
0.0884138
0.0852426
0.0822042
0.0792661
0.0763934
0.0735644
0.0707764
0.0680407
0.0653146
0.0617981
0.0570751
0.0508341
0.0439746
0.0352488
0.0277237
0.0260367
0.0250588
0.0246203
0.0258203
0.0267922
0.0275565
0.0278607
0.0274965
0.0260107
0.0231547
0.022756
0.0231416
0.0241744
0.0251511
0.0255457
0.0244549
0.0207375
0.0146277
0.00840271
0.00507404
0.0042063
0.00385667
0.00386551
0.00468366
0.00468529
0.0024652
0.000564082
2.10062e-05
1.02947e-06
2.10054e-08
4.51204e-10
2.04227e-11
8.71601e-13
4.63352e-14
2.72747e-15
3.17516e-18
0
0
0
0
0
0
0
0
0
0
0
0
0
0
0
0
0
0
0
0
0
0
0
0
0
0
0
0
0
0
0
0
0
0
0
0
0
0
0
0
0
0
0
0
0
0
0
0
0
0
0
0
0
0
0
0
0
0
0
0
0
0
0
0
0
0
0
0
0
0
0
0
0
0
0
0
0
0
0
0
0
0
0
0
0
0
0
0
0.15589
0.15038
0.142881
0.13388
0.124363
0.115686
0.108314
0.10233
0.0973857
0.0929578
0.0892153
0.0858227
0.0826001
0.0794822
0.0764236
0.0733832
0.070329
0.0672343
0.0640638
0.0597061
0.053571
0.044953
0.0351927
0.0284266
0.0205334
0.0183532
0.00757266
0.00141288
0.003661
0.0203059
0.0208763
0.0213529
0.0212435
0.0200461
0.0160041
0.0105973
0.00916634
0.00929551
0.0113243
0.0135825
0.01564
0.0171716
0.0169283
0.0142112
0.00981157
0.00585229
0.00349354
0.00238281
0.00208658
0.00250067
0.00251417
0.00128899
0.000305045
1.54602e-05
1.09725e-06
1.03427e-07
7.80697e-09
4.56298e-10
2.96255e-11
2.11199e-12
1.58203e-13
1.20434e-14
8.00141e-16
0
0
0
0
0
0
0
0
0
0
0
0
0
0
0
0
0
0
0
0
0
0
0
0
0
0
0
0
0
0
0
0
0
0
0
0
0
0
0
0
0
0
0
0
0
0
0
0
0
0
0
0
0
0
0
0
0
0
0
0
0
0
0
0
0
0
0
0
0
0
0
0
0
0
0
0
0
0
0
0
0
0
0
0
0
0
0
0.153603
0.14786
0.140036
0.130731
0.121087
0.11243
0.105189
0.0993114
0.0944125
0.0900286
0.0862454
0.0824674
0.0791523
0.075898
0.0726391
0.0693127
0.0658467
0.0621345
0.0572835
0.0495067
0.0398152
0.0279452
0.0178106
0.0152673
0.0119063
0.00124209
5.28721e-05
1.14541e-06
3.94983e-05
0.000886289
0.00445277
0.0164894
0.0161806
0.0135948
0.00765683
0.00442593
0.000594136
0.000494441
0.00738958
0.00758411
0.00811579
0.00960584
0.0104758
0.00999898
0.00821362
0.00571315
0.00330299
0.0017731
0.00119007
0.0012819
0.00127119
0.000651297
0.000162426
1.07153e-05
8.7909e-07
8.9338e-08
7.7755e-09
4.33605e-10
3.63179e-11
3.33553e-12
3.08924e-13
2.77573e-14
2.28612e-15
3.17516e-18
0
0
0
0
0
0
0
0
0
0
0
0
0
0
0
0
0
0
0
0
0
0
0
0
0
0
0
0
0
0
0
0
0
0
0
0
0
0
0
0
0
0
0
0
0
0
0
0
0
0
0
0
0
0
0
0
0
0
0
0
0
0
0
0
0
0
0
0
0
0
0
0
0
0
0
0
0
0
0
0
0
0
0
0
0
0
0.151351
0.145224
0.136863
0.127044
0.117129
0.108429
0.101293
0.0955082
0.0906425
0.0863048
0.0824587
0.0786707
0.0747073
0.0711724
0.067556
0.0636827
0.0593333
0.0540826
0.0444268
0.0321129
0.0221556
0.0118114
0.00770425
0.000579743
1.17687e-05
1.81454e-06
1.23777e-07
1.96327e-09
5.82275e-08
1.63499e-06
0.00012678
0.00172894
0.0090836
0.00567502
0.00159831
5.05277e-05
8.16748e-07
2.46594e-07
0.000122064
0.00053714
0.000957346
0.00567926
0.00514323
0.0047197
0.00444796
0.00401
0.00273657
0.00142488
0.000759335
0.000671382
0.000635739
0.000322935
8.06563e-05
4.53748e-06
1.7761e-07
1.05609e-08
1.10155e-09
1.51445e-10
1.81872e-11
2.12196e-12
2.40582e-13
2.5668e-14
2.43853e-15
3.17516e-18
0
0
0
0
0
0
0
0
0
0
0
0
0
0
0
0
0
0
0
0
0
0
0
0
0
0
0
0
0
0
0
0
0
0
0
0
0
0
0
0
0
0
0
0
0
0
0
0
0
0
0
0
0
0
0
0
0
0
0
0
0
0
0
0
0
0
0
0
0
0
0
0
0
0
0
0
0
0
0
0
0
0
0
0
0
0
0.149154
0.14249
0.133367
0.122795
0.112407
0.103531
0.0964254
0.090677
0.0858101
0.0814706
0.0775044
0.0735799
0.0694557
0.0647286
0.0602736
0.0550472
0.0482674
0.038501
0.0231495
0.0109006
0.00617633
0.00231289
5.52953e-05
9.88986e-07
4.30208e-08
4.24665e-09
2.45642e-10
3.15111e-12
8.74287e-11
1.91312e-09
1.7575e-07
2.53085e-05
0.000455331
0.00134969
3.08014e-05
1.20898e-07
5.97008e-10
1.87357e-10
1.47822e-07
6.4855e-06
5.27562e-05
0.000719911
8.49487e-05
0.000174327
0.000568777
0.00248853
0.00201253
0.00109583
0.000516346
0.000370517
0.000325407
0.000153078
3.80508e-05
3.11525e-06
2.89142e-07
2.33317e-08
1.95993e-09
2.6274e-10
3.69312e-11
5.04591e-12
6.49496e-13
7.62389e-14
7.91251e-15
5.96931e-16
0
0
0
0
0
0
0
0
0
0
0
0
0
0
0
0
0
0
0
0
0
0
0
0
0
0
0
0
0
0
0
0
0
0
0
0
0
0
0
0
0
0
0
0
0
0
0
0
0
0
0
0
0
0
0
0
0
0
0
0
0
0
0
0
0
0
0
0
0
0
0
0
0
0
0
0
0
0
0
0
0
0
0
0
0
0
0.147037
0.139716
0.129612
0.117984
0.10676
0.0973763
0.0901057
0.0842304
0.0792433
0.074771
0.0705504
0.0662536
0.0615471
0.055866
0.0480817
0.039398
0.0274104
0.0121468
0.00351159
0.000997409
3.80405e-05
4.21524e-07
1.61602e-07
2.58811e-09
1.1524e-10
9.86981e-12
4.71064e-13
4.8199e-15
1.34462e-13
2.56986e-12
2.02256e-10
3.76833e-08
1.46267e-05
0.000257731
5.43318e-06
1.37203e-08
2.8156e-11
1.85176e-13
1.29131e-10
1.0573e-08
3.3715e-06
4.04472e-05
3.67261e-07
3.43713e-07
5.23203e-05
0.000409971
0.00134637
0.000744674
0.000341548
0.000214307
0.000171025
6.72821e-05
1.60456e-05
1.94055e-06
2.29434e-07
2.31362e-08
2.88738e-09
5.69739e-10
9.84025e-11
1.57258e-11
2.31253e-12
3.02869e-13
3.42124e-14
3.16246e-15
7.62039e-17
0
0
0
0
0
0
0
0
0
0
0
0
0
0
0
0
0
0
0
0
0
0
0
0
0
0
0
0
0
0
0
0
0
0
0
0
0
0
0
0
0
0
0
0
0
0
0
0
0
0
0
0
0
0
0
0
0
0
0
0
0
0
0
0
0
0
0
0
0
0
0
0
0
0
0
0
0
0
0
0
0
0
0
0
0
0.145052
0.13705
0.125812
0.112683
0.0997728
0.0888416
0.0807673
0.0741988
0.0686981
0.0638208
0.0590581
0.0539124
0.0478093
0.0399597
0.0282335
0.0156657
0.00542034
0.00103433
0.000157548
1.7898e-06
1.55049e-07
2.22199e-09
5.14845e-10
8.06667e-12
2.99621e-13
2.25945e-14
3.71494e-16
0
0
3.33392e-15
3.71367e-13
4.72514e-10
4.55095e-07
3.63693e-05
5.47321e-07
5.83488e-10
7.60439e-13
6.73135e-16
1.31045e-13
1.14643e-11
2.13373e-07
1.51944e-06
1.17466e-09
5.73601e-10
3.58888e-06
3.91412e-05
0.000847545
0.000477581
0.000221572
0.000129615
9.87448e-05
4.12833e-05
2.16035e-06
2.44183e-07
2.86153e-08
2.03037e-08
9.52419e-09
2.70016e-09
5.6002e-10
1.06491e-10
1.80714e-11
2.67433e-12
3.34519e-13
3.37234e-14
2.47028e-15
3.17516e-18
0
0
0
0
0
0
0
0
0
0
0
0
0
0
0
0
0
0
0
0
0
0
0
0
0
0
0
0
0
0
0
0
0
0
0
0
0
0
0
0
0
0
0
0
0
0
0
0
0
0
0
0
0
0
0
0
0
0
0
0
0
0
0
0
0
0
0
0
0
0
0
0
0
0
0
0
0
0
0
0
0
0
0
0
0.143273
0.134766
0.122449
0.106953
0.0887854
0.0694239
0.0554156
0.0435769
0.0341469
0.0417532
0.0379964
0.0329082
0.0261119
0.0175349
0.0080676
0.00212127
6.96237e-05
9.69557e-07
7.35907e-07
8.82517e-09
8.02452e-10
1.04303e-11
1.72042e-12
2.70746e-14
2.66714e-16
0
0
0
0
0
3.17516e-18
9.36819e-13
1.61656e-09
5.01406e-06
4.0915e-08
4.59256e-11
4.74242e-14
0
3.17516e-18
1.11194e-14
1.3372e-08
4.29792e-08
6.93651e-11
6.02306e-13
1.74813e-07
2.8069e-06
0.000507836
0.000295425
0.000142639
8.13722e-05
5.98332e-05
2.74239e-05
1.20785e-06
7.84341e-08
1.85304e-08
1.39136e-07
5.29123e-08
1.54261e-08
3.83823e-09
8.50619e-10
1.65721e-10
2.78758e-11
3.93222e-12
4.42396e-13
3.59429e-14
1.5082e-15
0
0
0
0
0
0
0
0
0
0
0
0
0
0
0
0
0
0
0
0
0
0
0
0
0
0
0
0
0
0
0
0
0
0
0
0
0
0
0
0
0
0
0
0
0
0
0
0
0
0
0
0
0
0
0
0
0
0
0
0
0
0
0
0
0
0
0
0
0
0
0
0
0
0
0
0
0
0
0
0
0
0
0
0
0.141761
0.133191
0.120646
0.104679
0.0862654
0.0677532
0.0211177
0.00132448
0.00307122
0.00509562
0.00760855
0.0101302
0.00730729
0.00315541
0.000857837
0.00012716
1.03095e-06
7.82007e-09
4.42747e-09
4.70459e-11
3.32266e-12
4.45698e-14
5.55019e-15
0
0
0
0
0
0
0
0
9.6525e-16
3.28441e-12
6.19906e-07
2.72356e-09
2.62797e-12
2.13053e-15
0
0
0
8.15443e-10
1.01921e-09
1.43395e-12
2.26389e-15
5.01968e-09
1.69087e-07
0.00029248
0.000177196
9.10384e-05
5.25871e-05
3.80342e-05
2.01825e-05
4.205e-06
2.0515e-06
1.00293e-06
5.18233e-07
2.01435e-07
6.4965e-08
1.85626e-08
4.64998e-09
1.0183e-09
1.923e-10
3.04926e-11
3.874e-12
3.62759e-13
2.14546e-14
7.20762e-16
0
0
0
0
0
0
0
0
0
0
0
0
0
0
0
0
0
0
0
0
0
0
0
0
0
0
0
0
0
0
0
0
0
0
0
0
0
0
0
0
0
0
0
0
0
0
0
0
0
0
0
0
0
0
0
0
0
0
0
0
0
0
0
0
0
0
0
0
0
0
0
0
0
0
0
0
0
0
0
0
0
0
0
0.140365
0.132065
0.11996
0.104556
0.0867676
0.0686913
0.0386079
5.07635e-05
3.27563e-05
5.40223e-06
0.000178609
0.000903317
0.00156707
7.65246e-05
7.07957e-06
5.69324e-07
7.56583e-09
5.55035e-11
1.97309e-11
2.19848e-13
1.22688e-14
0
0
0
0
0
0
0
0
0
0
0
5.12471e-15
7.0284e-08
1.60486e-10
1.38275e-13
0
0
0
0
4.76356e-11
2.23995e-11
2.74556e-14
0
9.36658e-11
8.31635e-09
0.000160547
0.000102364
5.66603e-05
3.40607e-05
2.48411e-05
1.60433e-05
1.01743e-05
6.04879e-06
3.00375e-06
1.3547e-06
5.38734e-07
1.89535e-07
5.85975e-08
1.60064e-08
3.84887e-09
8.03888e-10
1.42109e-10
2.03149e-11
2.16641e-12
1.48512e-13
6.01058e-15
1.84159e-16
0
0
0
0
0
0
0
0
0
0
0
0
0
0
0
0
0
0
0
0
0
0
0
0
0
0
0
0
0
0
0
0
0
0
0
0
0
0
0
0
0
0
0
0
0
0
0
0
0
0
0
0
0
0
0
0
0
0
0
0
0
0
0
0
0
0
0
0
0
0
0
0
0
0
0
0
0
0
0
0
0
0
0.138971
0.131103
0.119769
0.10547
0.089142
0.0727205
0.0668102
0.0646013
3.97332e-07
7.09476e-08
2.11456e-06
1.09658e-05
1.67011e-05
7.32764e-07
5.99001e-08
2.84039e-09
4.14688e-11
3.09756e-13
7.64611e-14
2.85765e-16
0
0
0
0
0
0
0
0
0
0
0
0
0
7.4389e-09
2.19674e-11
1.68696e-14
0
0
0
0
2.66617e-12
4.74808e-13
2.79414e-16
0
7.88584e-14
3.70957e-10
8.38493e-05
5.61198e-05
3.34077e-05
2.09162e-05
1.5064e-05
1.03452e-05
6.39317e-06
3.5255e-06
1.75623e-06
7.98859e-07
3.33925e-07
1.28362e-07
4.50553e-08
1.42786e-08
4.02814e-09
9.92745e-10
2.07813e-10
3.52632e-11
4.44673e-12
3.42171e-13
7.15682e-15
3.17516e-18
0
0
0
0
0
0
0
0
0
0
0
0
0
0
0
0
0
0
0
0
0
0
0
0
0
0
0
0
0
0
0
0
0
0
0
0
0
0
0
0
0
0
0
0
0
0
0
0
0
0
0
0
0
0
0
0
0
0
0
0
0
0
0
0
0
0
0
0
0
0
0
0
0
0
0
0
0
0
0
0
0
0
0.137545
0.13021
0.119818
0.106854
0.0922356
0.0778282
0.0715088
0.0670018
0.0546452
5.70839e-10
2.02453e-08
1.04759e-07
1.40215e-07
5.42284e-09
3.84929e-10
1.36041e-11
1.8702e-13
8.31893e-16
3.17516e-18
0
0
0
0
0
0
0
0
0
0
0
0
0
0
7.33978e-10
1.29727e-12
1.11766e-15
0
0
0
0
1.45883e-13
1.01891e-14
0
0
0
1.24696e-11
4.06323e-05
2.87198e-05
1.82749e-05
1.18401e-05
8.35668e-06
5.73545e-06
3.52769e-06
1.95358e-06
9.91163e-07
4.64618e-07
2.02314e-07
8.19819e-08
3.08224e-08
1.06611e-08
3.34568e-09
9.3376e-10
2.2508e-10
4.46884e-11
6.68013e-12
6.03395e-13
1.11575e-14
3.17516e-18
0
0
0
0
0
0
0
0
0
0
0
0
0
0
0
0
0
0
0
0
0
0
0
0
0
0
0
0
0
0
0
0
0
0
0
0
0
0
0
0
0
0
0
0
0
0
0
0
0
0
0
0
0
0
0
0
0
0
0
0
0
0
0
0
0
0
0
0
0
0
0
0
0
0
0
0
0
0
0
0
0
0
0.136059
0.129299
0.119902
0.108312
0.095361
0.0826168
0.075259
0.0697162
0.067498
0.0657321
0.0272269
7.16672e-10
9.33994e-10
3.31334e-11
2.06923e-12
5.75403e-14
3.17516e-18
0
0
0
0
0
0
0
0
0
0
0
0
0
0
0
0
6.89187e-11
2.06614e-13
0
0
0
0
0
7.56641e-15
3.17516e-18
0
0
0
3.30468e-13
1.75446e-05
1.35125e-05
9.17199e-06
6.11104e-06
4.23937e-06
2.86881e-06
1.77302e-06
9.98704e-07
5.19361e-07
2.51498e-07
1.14057e-07
4.85688e-08
1.93946e-08
7.21984e-09
2.47759e-09
7.70184e-10
2.11225e-10
4.89573e-11
8.83019e-12
1.00038e-12
1.88065e-14
9.52549e-18
0
0
0
0
0
0
0
0
0
0
0
0
0
0
0
0
0
0
0
0
0
0
0
0
0
0
0
0
0
0
0
0
0
0
0
0
0
0
0
0
0
0
0
0
0
0
0
0
0
0
0
0
0
0
0
0
0
0
0
0
0
0
0
0
0
0
0
0
0
0
0
0
0
0
0
0
0
0
0
0
0
0
0.134491
0.12831
0.119885
0.109605
0.0981814
0.0868612
0.0790744
0.07326
0.0702203
0.0675051
0.0645882
0.0628766
0.0599048
0.0219132
0.0013369
4.04763e-05
3.81827e-07
6.52172e-10
5.38568e-13
2.70206e-15
0
0
0
0
0
0
0
0
0
0
0
0
0
6.10214e-12
5.46763e-14
0
0
0
0
0
1.74634e-16
0
0
0
0
6.83295e-15
6.00387e-06
5.722e-06
4.20059e-06
2.86164e-06
1.96292e-06
1.31656e-06
8.24351e-07
4.76002e-07
2.54998e-07
1.27783e-07
6.03153e-08
2.69277e-08
1.13772e-08
4.5329e-09
1.68906e-09
5.80616e-10
1.80314e-10
4.89437e-11
1.09255e-11
1.71352e-12
7.60483e-14
1.67966e-15
0
0
0
0
0
0
0
0
0
0
0
0
0
0
0
0
0
0
0
0
0
0
0
0
0
0
0
0
0
0
0
0
0
0
0
0
0
0
0
0
0
0
0
0
0
0
0
0
0
0
0
0
0
0
0
0
0
0
0
0
0
0
0
0
0
0
0
0
0
0
0
0
0
0
0
0
0
0
0
0
0
0
0.132825
0.127202
0.119685
0.110605
0.100547
0.0904815
0.0827161
0.0767679
0.0729157
0.0698007
0.0672601
0.0648199
0.0615681
0.0548479
3.80437e-05
1.04101e-06
6.77394e-09
5.16711e-11
1.7265e-13
0
0
0
0
0
0
0
0
0
0
0
0
0
1.9559e-15
4.77805e-13
1.77809e-15
0
0
0
0
0
0
0
0
0
0
3.17516e-18
3.99527e-07
2.49022e-06
1.78299e-06
1.20741e-06
8.19552e-07
5.52108e-07
3.56433e-07
2.13161e-07
1.18149e-07
6.13213e-08
3.00972e-08
1.40603e-08
6.26812e-09
2.66298e-09
1.07237e-09
4.05394e-10
1.41805e-10
4.49745e-11
1.25837e-11
3.00975e-12
1.04292e-12
3.36123e-14
2.00035e-16
0
0
0
0
0
0
0
0
0
0
0
0
0
0
0
0
0
0
0
0
0
0
0
0
0
0
0
0
0
0
0
0
0
0
0
0
0
0
0
0
0
0
0
0
0
0
0
0
0
0
0
0
0
0
0
0
0
0
0
0
0
0
0
0
0
0
0
0
0
0
0
0
0
0
0
0
0
0
0
0
0
0.131045
0.12595
0.119262
0.111257
0.102406
0.093453
0.0859732
0.0799882
0.0755993
0.0720927
0.0691962
0.0664189
0.063162
0.0576421
0.000321451
5.93956e-07
9.12709e-10
2.01919e-12
5.3057e-15
0
0
0
0
0
0
0
0
0
0
0
0
0
0
3.47077e-14
0
0
0
0
0
0
0
0
0
0
0
0
1.40187e-08
9.1731e-07
6.5537e-07
4.39663e-07
2.95031e-07
2.04895e-07
1.4303e-07
9.01702e-08
5.18749e-08
2.78604e-08
1.41959e-08
6.92682e-09
3.25075e-09
1.4679e-09
6.35881e-10
2.62614e-10
1.02428e-10
3.72539e-11
1.24374e-11
3.74367e-12
1.10867e-12
6.84248e-14
1.66379e-15
0
0
0
0
0
0
0
0
0
0
0
0
0
0
0
0
0
0
0
0
0
0
0
0
0
0
0
0
0
0
0
0
0
0
0
0
0
0
0
0
0
0
0
0
0
0
0
0
0
0
0
0
0
0
0
0
0
0
0
0
0
0
0
0
0
0
0
0
0
0
0
0
0
0
0
0
0
0
0
0
0
0.129141
0.124536
0.118596
0.111544
0.103755
0.0957946
0.0887488
0.0828453
0.078161
0.0743262
0.0710769
0.0680521
0.0648248
0.0601589
0.0591101
0.0574098
0.0256145
0.00475335
0.000465688
3.13297e-05
0.000909401
0.00307579
0.000534629
5.54149e-06
0
0
0
0
0
0
0
4.50435e-05
0.000180357
3.79103e-06
5.08464e-07
7.06787e-10
5.31954e-13
3.17516e-18
0
0
0
0
0
0
0
0
3.12008e-10
2.71303e-07
1.98517e-07
1.29013e-07
8.03468e-08
5.98538e-08
5.22325e-08
3.58874e-08
2.14663e-08
1.19136e-08
6.29791e-09
3.20799e-09
1.5828e-09
7.57668e-10
3.51479e-10
1.5746e-10
6.77415e-11
2.77855e-11
1.07804e-11
3.93038e-12
1.38014e-12
5.92428e-13
4.11184e-14
1.0097e-15
0
0
0
0
0
0
0
0
0
0
0
0
0
0
0
0
0
0
0
0
0
0
0
0
0
0
0
0
0
0
0
0
0
0
0
0
0
0
0
0
0
0
0
0
0
0
0
0
0
0
0
0
0
0
0
0
0
0
0
0
0
0
0
0
0
0
0
0
0
0
0
0
0
0
0
0
0
0
0
0
0.127103
0.122951
0.11768
0.111472
0.104618
0.0975478
0.0910163
0.0853111
0.0805277
0.0764888
0.0730002
0.0698225
0.0666906
0.0630137
0.0609688
0.0588099
0.0572228
0.0554982
0.0539627
0.0526194
0.0513299
0.0498911
0.0446457
0.0418726
0.00339305
7.67737e-06
1.28233e-08
2.08407e-11
3.38568e-14
0
3.98696e-05
0.00482247
0.0181329
0.00877922
0.00237717
3.31614e-05
4.13289e-08
3.58903e-11
2.90845e-14
7.09974e-07
0.000147213
0.000441661
0.000135816
3.63974e-05
9.34373e-06
2.219e-06
4.50056e-07
1.02867e-07
5.42764e-08
2.9197e-08
3.87083e-09
3.8767e-09
2.14517e-08
1.40306e-08
8.37973e-09
4.76125e-09
2.60847e-09
1.38749e-09
7.19414e-10
3.6431e-10
1.80207e-10
8.69457e-11
4.08026e-11
1.8559e-11
8.15594e-12
3.46012e-12
1.43474e-12
6.29914e-13
2.8759e-13
2.91194e-14
9.7795e-16
3.17516e-18
0
0
0
0
0
0
0
0
0
0
0
0
0
0
0
0
0
0
0
0
0
0
0
0
0
0
0
0
0
0
0
0
0
0
0
0
0
0
0
0
0
0
0
0
0
0
0
0
0
0
0
0
0
0
0
0
0
0
0
0
0
0
0
0
0
0
0
0
0
0
0
0
0
0
0
0
0
0
0.12492
0.121185
0.116514
0.111052
0.105026
0.0987581
0.0927795
0.0873696
0.0826432
0.0785354
0.074928
0.0716737
0.0686191
0.0655052
0.0630956
0.0609127
0.0593667
0.0579174
0.0564725
0.0549922
0.0534325
0.051716
0.048864
0.0451117
0.0426474
0.0239585
0.00227866
6.19187e-05
0.000527145
0.00647659
0.0325592
0.0319351
0.0305214
0.0251226
0.0136533
0.0104373
0.00136391
7.19178e-05
0.000457435
0.00651027
0.00417269
0.00233861
0.000890107
0.000272035
7.64106e-05
1.96662e-05
4.48892e-06
8.65576e-07
1.6236e-07
3.14383e-08
1.98287e-09
2.0152e-10
6.18926e-09
4.40819e-09
2.81574e-09
1.69588e-09
9.80918e-10
5.50304e-10
3.01253e-10
1.61515e-10
8.49707e-11
4.38829e-11
2.2234e-11
1.10392e-11
5.36731e-12
2.55887e-12
1.2056e-12
5.79448e-13
2.88791e-13
1.56818e-13
7.81789e-14
3.26502e-14
2.66396e-15
3.17516e-18
0
0
0
0
0
0
0
0
0
0
0
0
0
0
0
0
0
0
0
0
0
0
0
0
0
0
0
0
0
0
0
0
0
0
0
0
0
0
0
0
0
0
0
0
0
0
0
0
0
0
0
0
0
0
0
0
0
0
0
0
0
0
0
0
0
0
0
0
0
0
0
0
0
0
0
0
0.122582
0.119231
0.115098
0.110298
0.105007
0.099466
0.0940511
0.089007
0.0844561
0.0803988
0.0767777
0.0735104
0.0705109
0.0676619
0.065193
0.0630112
0.0612342
0.0596313
0.0580832
0.0565262
0.0549124
0.0531856
0.0510428
0.0481401
0.0452034
0.0430968
0.0415077
0.0404131
0.0394473
0.0386474
0.0381375
0.037118
0.0356486
0.0326861
0.0254083
0.018223
0.0163379
0.0146488
0.0133647
0.0126771
0.0101647
0.00638957
0.00290907
0.00103551
0.000320873
9.04977e-05
2.35252e-05
5.67444e-06
1.32747e-06
3.14489e-07
1.25709e-07
4.55927e-08
1.40317e-08
4.28489e-09
1.60908e-09
7.40709e-10
3.86148e-10
2.12582e-10
1.18902e-10
6.64144e-11
3.67902e-11
2.01558e-11
1.0907e-11
5.82542e-12
3.07056e-12
1.5993e-12
8.26781e-13
4.2993e-13
2.27269e-13
1.22076e-13
6.39192e-14
3.22978e-14
1.8e-14
9.66837e-15
5.07391e-15
2.66396e-15
1.40342e-15
7.46163e-16
3.74669e-16
1.68284e-16
3.17516e-18
0
0
0
0
0
0
0
0
0
0
0
0
0
0
0
0
0
0
0
0
0
0
0
0
0
0
0
0
0
0
0
0
0
0
0
0
0
0
0
0
0
0
0
0
0
0
0
0
0
0
0
0
0
0
0
0
0
0
0
0
0
0
0
0
0
0
0
0
0
0.120077
0.117081
0.113432
0.109222
0.104584
0.0997029
0.0948436
0.090209
0.085918
0.0820057
0.0784574
0.0752338
0.0722889
0.0695651
0.0671152
0.0649207
0.0629961
0.0612415
0.0595719
0.0579295
0.0562731
0.0545661
0.0527175
0.0505693
0.0483072
0.0467267
0.0454294
0.0442823
0.0432307
0.042205
0.0411993
0.0399953
0.0385838
0.036623
0.0331718
0.0286566
0.0262772
0.0245843
0.0228688
0.0207643
0.0172091
0.0119712
0.00633769
0.00252924
0.000821937
0.000238796
6.53371e-05
1.7346e-05
4.62413e-06
1.29698e-06
4.25541e-07
1.38386e-07
4.21398e-08
1.2213e-08
3.57524e-09
1.10375e-09
3.73256e-10
1.42844e-10
6.24864e-11
3.05785e-11
1.61153e-11
8.83809e-12
4.92992e-12
2.76059e-12
1.54121e-12
8.55335e-13
4.71807e-13
2.59554e-13
1.42727e-13
7.79979e-14
4.23186e-14
2.29691e-14
1.25197e-14
6.70595e-15
3.57206e-15
1.90192e-15
1.00335e-15
5.20727e-16
2.66714e-16
6.35033e-17
0
0
0
0
0
0
0
0
0
0
0
0
0
0
0
0
0
0
0
0
0
0
0
0
0
0
0
0
0
0
0
0
0
0
0
0
0
0
0
0
0
0
0
0
0
0
0
0
0
0
0
0
0
0
0
0
0
0
0
0
0
0
0
0
0
0
0
0
0
0
0.117393
0.114724
0.111511
0.107827
0.103775
0.0994906
0.0951659
0.0909615
0.0869852
0.0832879
0.0798808
0.0767521
0.0738799
0.0712343
0.068817
0.0666144
0.064612
0.0627579
0.0609975
0.0592883
0.0575994
0.055909
0.0541929
0.0524179
0.0506483
0.0491398
0.0478121
0.0465935
0.0454477
0.0443067
0.0431336
0.0418644
0.0404919
0.0388896
0.0369037
0.034539
0.0324904
0.0306274
0.028452
0.0255641
0.0213636
0.0155501
0.008988
0.00387511
0.00131592
0.000392566
0.00011092
3.0879e-05
8.69854e-06
2.53894e-06
7.81972e-07
2.42734e-07
7.39829e-08
2.21408e-08
6.60556e-09
1.99129e-09
6.13589e-10
1.96071e-10
6.63877e-11
2.44874e-11
1.00767e-11
4.64727e-12
2.35639e-12
1.27357e-12
7.13237e-13
4.05757e-13
2.31689e-13
1.31925e-13
7.46195e-14
4.17502e-14
2.3166e-14
1.28054e-14
7.00124e-15
3.78479e-15
2.02893e-15
1.09861e-15
5.7788e-16
2.9529e-16
9.52549e-17
3.17516e-18
0
0
0
0
0
0
0
0
0
0
0
0
0
0
0
0
0
0
0
0
0
0
0
0
0
0
0
0
0
0
0
0
0
0
0
0
0
0
0
0
0
0
0
0
0
0
0
0
0
0
0
0
0
0
0
0
0
0
0
0
0
0
0
0
0
0
0
0
0
0
0.114513
0.112147
0.109329
0.106115
0.102585
0.0988419
0.0950221
0.0912507
0.0876202
0.0841855
0.0809711
0.0779817
0.0752105
0.072643
0.0702698
0.0680762
0.0660427
0.0641371
0.0623245
0.0605756
0.0588692
0.0571921
0.0555392
0.0539123
0.0523399
0.0508865
0.049539
0.0482662
0.0470412
0.0458382
0.0446103
0.0433285
0.0419469
0.0404446
0.0387994
0.0370055
0.0351145
0.0330258
0.0304609
0.0270416
0.0223046
0.0160295
0.00916137
0.00394285
0.00135166
0.000411116
0.000119566
3.44865e-05
1.00519e-05
2.99306e-06
9.12488e-07
2.80897e-07
8.64103e-08
2.65231e-08
8.15809e-09
2.52687e-09
7.91319e-10
2.51588e-10
8.17151e-11
2.74042e-11
9.65205e-12
3.65171e-12
1.5161e-12
6.9672e-13
3.50519e-13
1.88335e-13
1.05187e-13
5.97725e-14
3.40632e-14
1.92796e-14
1.08527e-14
6.06456e-15
3.38155e-15
1.85112e-15
1.00335e-15
5.33427e-16
2.76239e-16
7.62039e-17
3.17516e-18
0
0
0
0
0
0
0
0
0
0
0
0
0
0
0
0
0
0
0
0
0
0
0
0
0
0
0
0
0
0
0
0
0
0
0
0
0
0
0
0
0
0
0
0
0
0
0
0
0
0
0
0
0
0
0
0
0
0
0
0
0
0
0
0
0
0
0
0
0
0
0
0.111419
0.109331
0.10687
0.104078
0.101016
0.0977604
0.0944108
0.091062
0.0877899
0.0846462
0.0816607
0.0788471
0.0762082
0.0737386
0.0714298
0.0692696
0.0672413
0.0653234
0.0634932
0.0617312
0.0600231
0.0583606
0.0567418
0.0551719
0.0536629
0.0522291
0.0508638
0.0495495
0.0482659
0.0469914
0.0457
0.044362
0.0429521
0.0414473
0.0398214
0.0380353
0.0360175
0.0336154
0.0305695
0.0265095
0.0210642
0.0143217
0.00764443
0.00311268
0.00104402
0.000319224
9.4627e-05
2.79555e-05
8.33347e-06
2.52016e-06
7.73236e-07
2.39604e-07
7.46983e-08
2.34106e-08
7.38627e-09
2.35079e-09
7.56014e-10
2.46065e-10
8.12157e-11
2.72743e-11
9.37462e-12
3.33033e-12
1.24054e-12
4.93093e-13
2.12266e-13
9.94302e-14
5.01644e-14
2.66999e-14
1.4701e-14
8.21415e-15
4.61034e-15
2.59728e-15
1.46693e-15
8.06492e-16
4.28647e-16
2.12736e-16
9.52549e-18
0
0
0
0
0
0
0
0
0
0
0
0
0
0
0
0
0
0
0
0
0
0
0
0
0
0
0
0
0
0
0
0
0
0
0
0
0
0
0
0
0
0
0
0
0
0
0
0
0
0
0
0
0
0
0
0
0
0
0
0
0
0
0
0
0
0
0
0
0
0
0
0
0
0.108082
0.106253
0.104115
0.1017
0.0990564
0.0962404
0.0933237
0.0903774
0.0874617
0.0846221
0.0818884
0.0792782
0.0767995
0.0744529
0.0722342
0.0701349
0.0681437
0.0662462
0.0644281
0.0626765
0.0609816
0.0593376
0.0577427
0.056199
0.0547092
0.0532742
0.0518866
0.0505332
0.0491975
0.0478604
0.0464996
0.0450889
0.0436005
0.0420008
0.0402436
0.0382576
0.0359258
0.0330593
0.0293782
0.024536
0.0183251
0.0113117
0.00537162
0.00200197
0.00064645
0.000196853
5.89905e-05
1.77074e-05
5.36405e-06
1.64448e-06
5.10235e-07
1.59974e-07
5.06187e-08
1.61613e-08
5.21012e-09
1.69764e-09
5.59562e-10
1.86712e-10
6.31194e-11
2.16436e-11
7.54346e-12
2.68187e-12
9.78274e-13
3.69357e-13
1.46e-13
6.11536e-14
2.73477e-14
1.30848e-14
6.63927e-15
3.53078e-15
1.94002e-15
1.07638e-15
5.96931e-16
3.11166e-16
1.30182e-16
3.17516e-18
0
0
0
0
0
0
0
0
0
0
0
0
0
0
0
0
0
0
0
0
0
0
0
0
0
0
0
0
0
0
0
0
0
0
0
0
0
0
0
0
0
0
0
0
0
0
0
0
0
0
0
0
0
0
0
0
0
0
0
0
0
0
0
0
0
0
0
0
0
0
0
0
0
0
0.104469
0.102879
0.101032
0.0989564
0.096686
0.0942638
0.0917412
0.0891707
0.0865994
0.0840646
0.0815936
0.0792043
0.0769073
0.0747069
0.0726026
0.0705907
0.0686641
0.0668145
0.0650328
0.0633107
0.0616418
0.0600217
0.0584481
0.0569194
0.0554334
0.0539862
0.0525691
0.0511696
0.0497717
0.0483555
0.0468968
0.0453657
0.0437256
0.041928
0.0399036
0.0375504
0.0347146
0.031171
0.0266229
0.020806
0.0139168
0.00734397
0.00299294
0.00101861
0.000318673
9.69321e-05
2.93637e-05
8.94546e-06
2.75193e-06
8.56231e-07
2.6948e-07
8.57543e-08
2.75838e-08
8.96994e-09
2.95038e-09
9.82152e-10
3.31066e-10
1.13047e-10
3.9117e-11
1.3722e-11
4.8835e-12
1.76544e-12
6.49756e-13
2.44326e-13
9.43976e-14
3.77527e-14
1.57583e-14
6.93773e-15
3.22597e-15
1.59393e-15
8.06492e-16
4.12771e-16
2.12736e-16
2.22261e-17
0
0
0
0
0
0
0
0
0
0
0
0
0
0
0
0
0
0
0
0
0
0
0
0
0
0
0
0
0
0
0
0
0
0
0
0
0
0
0
0
0
0
0
0
0
0
0
0
0
0
0
0
0
0
0
0
0
0
0
0
0
0
0
0
0
0
0
0
0
0
0
0
0
0
0
0
0.100531
0.0991596
0.0975773
0.0958041
0.0938659
0.0917945
0.0896271
0.0874022
0.0851552
0.0829158
0.080707
0.0785457
0.076443
0.074405
0.0724343
0.0705301
0.0686893
0.0669073
0.0651789
0.0634995
0.0618645
0.0602703
0.0587131
0.057189
0.055693
0.0542176
0.0527518
0.0512811
0.0497866
0.0482443
0.0466247
0.0448899
0.0429897
0.0408564
0.0383942
0.0354659
0.0318758
0.0273662
0.0216918
0.0149566
0.00829037
0.00356159
0.00125985
0.000403745
0.000124765
3.82306e-05
1.17493e-05
3.63953e-06
1.13898e-06
3.60457e-07
1.15388e-07
3.73637e-08
1.22394e-08
4.05716e-09
1.3615e-09
4.62736e-10
1.59337e-10
5.55991e-11
1.96628e-11
7.0484e-12
2.56138e-12
9.43957e-13
3.53037e-13
1.34195e-13
5.20092e-14
2.0629e-14
8.41736e-15
3.56253e-15
1.58441e-15
7.27112e-16
3.42918e-16
1.46058e-16
3.17516e-18
0
0
0
0
0
0
0
0
0
0
0
0
0
0
0
0
0
0
0
0
0
0
0
0
0
0
0
0
0
0
0
0
0
0
0
0
0
0
0
0
0
0
0
0
0
0
0
0
0
0
0
0
0
0
0
0
0
0
0
0
0
0
0
0
0
0
0
0
0
0
0
0
0
0
0
0
0
0.0961934
0.0950232
0.0936785
0.0921742
0.0905297
0.0887683
0.086917
0.0850037
0.0830544
0.0810918
0.0791346
0.0771975
0.0752907
0.0734209
0.071592
0.069805
0.0680595
0.0663537
0.0646848
0.0630499
0.0614451
0.0598667
0.0583096
0.0567677
0.0552331
0.0536942
0.0521364
0.0505407
0.0488835
0.0471344
0.0452543
0.0431919
0.040879
0.0382205
0.035084
0.0312866
0.0265996
0.0208378
0.0141983
0.00783015
0.00339424
0.00122341
0.000400068
0.000125873
3.91594e-05
1.21871e-05
3.81489e-06
1.20456e-06
3.8426e-07
1.23945e-07
4.04397e-08
1.33493e-08
4.45959e-09
1.5082e-09
5.16547e-10
1.79219e-10
6.30056e-11
2.24462e-11
8.10345e-12
2.96434e-12
1.09866e-12
4.12524e-13
1.5698e-13
6.05631e-14
2.37534e-14
9.48104e-15
3.90228e-15
1.63838e-15
7.01711e-16
2.9529e-16
8.57294e-17
3.17516e-18
0
0
0
0
0
0
0
0
0
0
0
0
0
0
0
0
0
0
0
0
0
0
0
0
0
0
0
0
0
0
0
0
0
0
0
0
0
0
0
0
0
0
0
0
0
0
0
0
0
0
0
0
0
0
0
0
0
0
0
0
0
0
0
0
0
0
0
0
0
0
0
0
0
0
0
0
0
0
0.0913398
0.0903522
0.0892188
0.0879507
0.0865622
0.0850707
0.0834953
0.0818556
0.0801705
0.078457
0.0767296
0.0749998
0.0732762
0.0715651
0.0698705
0.0681946
0.0665377
0.0648992
0.0632776
0.0616699
0.0600726
0.0584808
0.0568875
0.0552839
0.0536576
0.0519931
0.0502708
0.048466
0.0465465
0.0444712
0.0421858
0.0396172
0.0366654
0.0331938
0.0290256
0.0239758
0.0180028
0.0115966
0.00605964
0.00256017
0.000927867
0.000309723
9.97252e-05
3.16779e-05
1.00331e-05
3.1865e-06
1.01836e-06
3.28234e-07
1.06854e-07
3.51646e-08
1.17047e-08
3.94199e-09
1.34373e-09
4.63761e-10
1.62102e-10
5.73969e-11
2.05897e-11
7.48292e-12
2.75487e-12
1.0272e-12
3.87827e-13
1.48267e-13
5.74101e-14
2.25437e-14
8.97936e-15
3.63874e-15
1.51138e-15
6.25507e-16
2.38137e-16
2.22261e-17
0
0
0
0
0
0
0
0
0
0
0
0
0
0
0
0
0
0
0
0
0
0
0
0
0
0
0
0
0
0
0
0
0
0
0
0
0
0
0
0
0
0
0
0
0
0
0
0
0
0
0
0
0
0
0
0
0
0
0
0
0
0
0
0
0
0
0
0
0
0
0
0
0
0
0
0
0
0
0
0
0.085778
0.0849519
0.0840019
0.082936
0.0817647
0.0805005
0.0791568
0.077747
0.0762845
0.0747812
0.0732477
0.0716925
0.0701222
0.0685419
0.0669548
0.0653626
0.0637656
0.0621634
0.0605539
0.058934
0.0572988
0.0556411
0.0539513
0.0522163
0.0504195
0.0485395
0.0465489
0.0444124
0.0420831
0.0394991
0.036577
0.0332057
0.0292457
0.0245535
0.0190843
0.0131444
0.00764624
0.00367911
0.00150278
0.000549115
0.000188365
6.25257e-05
2.04124e-05
6.61443e-06
2.14007e-06
6.94273e-07
2.2654e-07
7.45148e-08
2.47454e-08
8.3052e-09
2.81906e-09
9.68195e-10
3.36579e-10
1.1847e-10
4.223e-11
1.5247e-11
5.57578e-12
2.06513e-12
7.7453e-13
2.94109e-13
1.13064e-13
4.39887e-14
1.73618e-14
6.95996e-15
2.8386e-15
1.15893e-15
4.69924e-16
1.68284e-16
3.17516e-18
0
0
0
0
0
0
0
0
0
0
0
0
0
0
0
0
0
0
0
0
0
0
0
0
0
0
0
0
0
0
0
0
0
0
0
0
0
0
0
0
0
0
0
0
0
0
0
0
0
0
0
0
0
0
0
0
0
0
0
0
0
0
0
0
0
0
0
0
0
0
0
0
0
0
0
0
0
0
0
0
0
0.0791926
0.0785026
0.0777037
0.0768016
0.0758039
0.0747193
0.0735565
0.0723245
0.071032
0.0696872
0.068297
0.0668672
0.0654021
0.0639048
0.0623775
0.0608207
0.0592338
0.0576153
0.0559617
0.054268
0.0525263
0.0507259
0.0488527
0.0468874
0.0448055
0.0425742
0.04015
0.0374761
0.0344782
0.0310621
0.0271215
0.0225732
0.0174593
0.0121287
0.0073223
0.00379099
0.00170611
0.000687839
0.000256955
9.13542e-05
3.14539e-05
1.06068e-05
3.53111e-06
1.16767e-06
3.85431e-07
1.27498e-07
4.23965e-08
1.42048e-08
4.80352e-09
1.6414e-09
5.67226e-10
1.98349e-10
7.02115e-11
2.51657e-11
9.13488e-12
3.35825e-12
1.25032e-12
4.71407e-13
1.79956e-13
6.95615e-14
2.72556e-14
1.08305e-14
4.38173e-15
1.78762e-15
7.23937e-16
2.79414e-16
5.08026e-17
0
0
0
0
0
0
0
0
0
0
0
0
0
0
0
0
0
0
0
0
0
0
0
0
0
0
0
0
0
0
0
0
0
0
0
0
0
0
0
0
0
0
0
0
0
0
0
0
0
0
0
0
0
0
0
0
0
0
0
0
0
0
0
0
0
0
0
0
0
0
0
0
0
0
0
0
0
0
0
0
0
0
0
0.0710874
0.0705005
0.0698136
0.0690306
0.0681567
0.067197
0.066157
0.0650422
0.0638581
0.0626094
0.0613002
0.0599333
0.0585108
0.0570339
0.0555024
0.0539148
0.0522686
0.0505594
0.0487807
0.0469227
0.0449722
0.0429117
0.0407172
0.0383572
0.0357899
0.0329633
0.0298148
0.026278
0.022307
0.0179335
0.0133595
0.00901511
0.00542818
0.00291085
0.00140226
0.000616336
0.00025186
9.72983e-05
3.59972e-05
1.28822e-05
4.49573e-06
1.5407e-06
5.21676e-07
1.75456e-07
5.88867e-08
1.97978e-08
6.68828e-09
2.27595e-09
7.81546e-10
2.71185e-10
9.51709e-11
3.38025e-11
1.21559e-11
4.42723e-12
1.63322e-12
6.10308e-13
2.31038e-13
8.86029e-14
3.44696e-14
1.35961e-14
5.44858e-15
2.23532e-15
9.17622e-16
3.61969e-16
1.07956e-16
3.17516e-18
0
0
0
0
0
0
0
0
0
0
0
0
0
0
0
0
0
0
0
0
0
0
0
0
0
0
0
0
0
0
0
0
0
0
0
0
0
0
0
0
0
0
0
0
0
0
0
0
0
0
0
0
0
0
0
0
0
0
0
0
0
0
0
0
0
0
0
0
0
0
0
0
0
0
0
0
0
0
0
0
0
0
0
0
0.0607355
0.0602107
0.0595905
0.0588768
0.058072
0.057179
0.0562004
0.0551389
0.0539966
0.0527751
0.0514756
0.0500982
0.0486422
0.0471059
0.0454858
0.0437769
0.0419723
0.0400622
0.0380335
0.0358688
0.0335464
0.0310394
0.0283164
0.0253468
0.0221118
0.0186265
0.0149739
0.0113355
0.00798144
0.00518342
0.00309446
0.00169915
0.000861891
0.000407068
0.000180582
7.58382e-05
3.03671e-05
1.16705e-05
4.33195e-06
1.56263e-06
5.51075e-07
1.91093e-07
6.55095e-08
2.23113e-08
7.5823e-09
2.5808e-09
8.82538e-10
3.03961e-10
1.05645e-10
3.71068e-11
1.31853e-11
4.74324e-12
1.72837e-12
6.38144e-13
2.38801e-13
9.06255e-14
3.4895e-14
1.36246e-14
5.42318e-15
2.18451e-15
8.82695e-16
3.39742e-16
9.52549e-17
3.17516e-18
0
0
0
0
0
0
0
0
0
0
0
0
0
0
0
0
0
0
0
0
0
0
0
0
0
0
0
0
0
0
0
0
0
0
0
0
0
0
0
0
0
0
0
0
0
0
0
0
0
0
0
0
0
0
0
0
0
0
0
0
0
0
0
0
0
0
0
0
0
0
0
0
0
0
0
0
0
0
0
0
0
0
0
0
0
0
0.0472084
0.0466999
0.0460981
0.0454024
0.0446123
0.043728
0.0427492
0.0416756
0.0405065
0.0392408
0.0378766
0.0364111
0.0348408
0.0331607
0.0313647
0.0294454
0.0273951
0.0252064
0.0228746
0.020402
0.0178044
0.0151196
0.0124157
0.00979285
0.00737187
0.00526754
0.00355743
0.0022636
0.00135486
0.000763142
0.00040535
0.000203566
9.69188e-05
4.38753e-05
1.89459e-05
7.83031e-06
3.10954e-06
1.19167e-06
4.42809e-07
1.60341e-07
5.68683e-08
1.98568e-08
6.85956e-09
2.35513e-09
8.06985e-10
2.76962e-10
9.55037e-11
3.31716e-11
1.1629e-11
4.12123e-12
1.47825e-12
5.37187e-13
1.97924e-13
7.40099e-14
2.81034e-14
1.08654e-14
4.27377e-15
1.69554e-15
6.60434e-16
2.31787e-16
3.17516e-18
0
0
0
0
0
0
0
0
0
0
0
0
0
0
0
0
0
0
0
0
0
0
0
0
0
0
0
0
0
0
0
0
0
0
0
0
0
0
0
0
0
0
0
0
0
0
0
0
0
0
0
0
0
0
0
0
0
0
0
0
0
0
0
0
0
0
0
0
0
0
0
0
0
0
0
0
0
0
0
0
0
0
0
0
0
0
0
0
0
0.0299024
0.029391
0.0287924
0.0281025
0.0273186
0.0264392
0.0254635
0.024391
0.0232221
0.0219578
0.0206
0.0191525
0.0176213
0.016016
0.0143511
0.0126475
0.0109331
0.00924339
0.0076195
0.00610459
0.00473862
0.0035528
0.00256523
0.00177889
0.00118215
0.000751644
0.000456769
0.000265095
0.00014687
7.76724e-05
3.9222e-05
1.89217e-05
8.72882e-06
3.85613e-06
1.6346e-06
6.66568e-07
2.62294e-07
9.99573e-08
3.70411e-08
1.3406e-08
4.76044e-09
1.66622e-09
5.77461e-10
1.99014e-10
6.84744e-11
2.36044e-11
8.17734e-12
2.85445e-12
1.00615e-12
3.58774e-13
1.29686e-13
4.75417e-14
1.77301e-14
6.73452e-15
2.60998e-15
9.90651e-16
3.65144e-16
9.52549e-17
3.17516e-18
0
0
0
0
0
0
0
0
0
0
0
0
0
0
0
0
0
0
0
0
0
0
0
0
0
0
0
0
0
0
0
0
0
0
0
0
0
0
0
0
0
0
0
0
0
0
0
0
0
0
0
0
0
0
0
0
0
0
0
0
0
0
0
0
0
0
0
0
0
0
0
0
0
0
0
0
0
0
0
0
0
0
0
0
0
0
0
0
0
0
0
0.0119962
0.0116248
0.0111973
0.0107121
0.0101707
0.00957681
0.0089356
0.00825402
0.00754056
0.00680522
0.00605941
0.00531573
0.00458756
0.00388847
0.0032315
0.00262834
0.00208841
0.00161813
0.00122039
0.000894401
0.000635916
0.000437933
0.000291658
0.000187556
0.000116293
6.9432e-05
3.98679e-05
2.19929e-05
1.16463e-05
5.91766e-06
2.88493e-06
1.34985e-06
6.06631e-07
2.62167e-07
1.09143e-07
4.38674e-08
1.70685e-08
6.44966e-09
2.3754e-09
8.56068e-10
3.03153e-10
1.05938e-10
3.66874e-11
1.26424e-11
4.35164e-12
1.50146e-12
5.20971e-13
1.82286e-13
6.45193e-14
2.31596e-14
8.47769e-15
3.13706e-15
1.17164e-15
4.03246e-16
1.07956e-16
3.17516e-18
0
0
0
0
0
0
0
0
0
0
0
0
0
0
0
0
0
0
0
0
0
0
0
0
0
0
0
0
0
0
0
0
0
0
0
0
0
0
0
0
0
0
0
0
0
0
0
0
0
0
0
0
0
0
0
0
0
0
0
0
0
0
0
0
0
0
0
0
0
0
0
0
0
0
0
0
0
0
0
0
0
0
0
0
0
0
0
0
0
0
0
0
0
0
0.00230163
0.00219521
0.00207346
0.00193805
0.0017912
0.00163563
0.00147442
0.00131091
0.00114848
0.000990466
0.000839955
0.000699668
0.000571805
0.00045794
0.000358968
0.000275083
0.000205829
0.000150196
0.000106754
7.38149e-05
4.95888e-05
3.2324e-05
2.04166e-05
1.2479e-05
7.37125e-06
4.20293e-06
2.31078e-06
1.22402e-06
6.24269e-07
3.06462e-07
1.44816e-07
6.58938e-08
2.88925e-08
1.22215e-08
4.99499e-09
1.97643e-09
7.58986e-10
2.83687e-10
1.03544e-10
3.70404e-11
1.30368e-11
4.53278e-12
1.56329e-12
5.36996e-13
1.84474e-13
6.36335e-14
2.21341e-14
7.79503e-15
2.78462e-15
9.716e-16
3.11166e-16
2.22261e-17
0
0
0
0
0
0
0
0
0
0
0
0
0
0
0
0
0
0
0
0
0
0
0
0
0
0
0
0
0
0
0
0
0
0
0
0
0
0
0
0
0
0
0
0
0
0
0
0
0
0
0
0
0
0
0
0
0
0
0
0
0
0
0
0
0
0
0
0
0
0
0
0
0
0
0
0
0
0
0
0
0
0
0
0
0
0
0
0
0
0
0
0
0
0
0
0
0
0
0.000176155
0.000165971
0.000154286
0.000141462
0.000127854
0.000113831
9.97608e-05
8.59963e-05
7.28574e-05
6.06155e-05
4.94812e-05
3.95964e-05
3.10339e-05
2.38003e-05
1.78441e-05
1.30667e-05
9.33648e-06
6.50336e-06
4.41172e-06
2.91178e-06
1.86785e-06
1.16332e-06
7.02668e-07
4.11172e-07
2.32856e-07
1.27508e-07
6.74548e-08
3.44552e-08
1.6986e-08
8.08063e-09
3.70987e-09
1.64438e-09
7.04171e-10
2.91635e-10
1.16978e-10
4.55254e-11
1.72289e-11
6.35745e-12
2.29442e-12
8.12728e-13
2.83669e-13
9.79855e-14
3.36758e-14
1.15512e-14
3.96578e-15
1.35262e-15
4.19122e-16
7.62039e-17
0
0
0
0
0
0
0
0
0
0
0
0
0
0
0
0
0
0
0
0
0
0
0
0
0
0
0
0
0
0
0
0
0
0
0
0
0
0
0
0
0
0
0
0
0
0
0
0
0
0
0
0
0
0
0
0
0
0
0
0
0
0
0
0
0
0
0
0
0
0
0
0
0
0
0
0
0
0
0
0
0
0
0
0
0
0
0
0
0
0
0
0
0
0
0
0
0
0
0
0
0
0
)
;

boundaryField
{
    left
    {
        type            fixedValue;
        value           uniform 0;
    }
    right
    {
        type            fixedValue;
        value           uniform 0;
    }
    up
    {
        type            fixedValue;
        value           uniform 0;
    }
    down
    {
        type            fixedValue;
        value           uniform 0;
    }
    front
    {
        type            fixedValue;
        value           uniform 0;
    }
    back
    {
        type            fixedValue;
        value           uniform 0;
    }
}


// ************************************************************************* //
