/*--------------------------------*- C++ -*----------------------------------*\
| =========                 |                                                 |
| \\      /  F ield         | OpenFOAM: The Open Source CFD Toolbox           |
|  \\    /   O peration     | Version:  2.1.0                                 |
|   \\  /    A nd           | Web:      www.OpenFOAM.org                      |
|    \\/     M anipulation  |                                                 |
\*---------------------------------------------------------------------------*/
FoamFile
{
    version     2.0;
    format      ascii;
    class       volScalarField;
    location    "24090";
    object      so;
}
// * * * * * * * * * * * * * * * * * * * * * * * * * * * * * * * * * * * * * //

dimensions      [0 0 0 0 0 0 0];

internalField   nonuniform List<scalar> 
15000
(
0.2
0.200003
0.200211
0.202419
0.209517
0.221421
0.235785
0.250725
0.265322
0.279223
0.292322
0.304614
0.316134
0.326926
0.337041
0.346524
0.355421
0.363777
0.371633
0.379027
0.385996
0.392575
0.398797
0.404697
0.410306
0.415651
0.420756
0.42564
0.430324
0.434825
0.439157
0.443335
0.447371
0.451278
0.455069
0.458751
0.462335
0.46583
0.469243
0.472582
0.475855
0.479067
0.482225
0.485333
0.488395
0.491416
0.4944
0.497348
0.500264
0.503149
0.506004
0.508829
0.511625
0.514393
0.517132
0.51984
0.522518
0.525164
0.527778
0.53036
0.532909
0.535426
0.537909
0.54036
0.54278
0.545171
0.547533
0.549869
0.552181
0.55447
0.55674
0.558994
0.561233
0.563461
0.565681
0.567895
0.570107
0.572321
0.57454
0.576767
0.579005
0.58126
0.583536
0.585837
0.588168
0.590534
0.592942
0.5954
0.597915
0.600496
0.603156
0.605907
0.60877
0.611767
0.614929
0.618296
0.621921
0.62588
0.630276
0.635257
0.641043
0.647968
0.656563
0.667683
0.682694
0.703449
0.73085
0.760424
0.782419
0.793439
0.797714
0.79921
0.799722
0.7999
0.799963
0.799986
0.799994
0.799998
0.799999
0.8
0.8
0.8
0.8
0.8
0.8
0.8
0.8
0.8
0.8
0.8
0.8
0.8
0.8
0.8
0.8
0.8
0.8
0.8
0.8
0.8
0.8
0.8
0.8
0.8
0.8
0.8
0.8
0.8
0.8
0.8
0.200003
0.20006
0.20089
0.204923
0.21388
0.226559
0.240858
0.255396
0.269522
0.282982
0.295697
0.307665
0.318915
0.329483
0.339408
0.348733
0.357498
0.365742
0.373503
0.380816
0.387714
0.394231
0.4004
0.406255
0.411824
0.417133
0.422205
0.427061
0.431718
0.436192
0.440498
0.444651
0.448663
0.452548
0.456315
0.459974
0.463534
0.467005
0.470395
0.473712
0.476962
0.480153
0.483289
0.486375
0.489417
0.492418
0.495383
0.498315
0.501214
0.504083
0.506924
0.509737
0.512523
0.515282
0.518014
0.520716
0.523389
0.526033
0.528646
0.531229
0.533779
0.536298
0.538784
0.541239
0.543664
0.54606
0.548429
0.550771
0.553089
0.555386
0.557664
0.559927
0.562175
0.564413
0.566644
0.56887
0.571097
0.573326
0.575562
0.577807
0.580068
0.582348
0.584651
0.586982
0.589348
0.591755
0.59421
0.596721
0.599298
0.601951
0.604694
0.607543
0.610521
0.613657
0.616986
0.620558
0.62444
0.628724
0.633539
0.639074
0.645612
0.653586
0.66369
0.677024
0.695212
0.71981
0.749115
0.77483
0.78996
0.796427
0.798771
0.799576
0.799851
0.799946
0.79998
0.799992
0.799997
0.799999
0.8
0.8
0.8
0.8
0.8
0.8
0.8
0.8
0.8
0.8
0.8
0.8
0.8
0.8
0.8
0.8
0.8
0.8
0.8
0.8
0.8
0.8
0.8
0.8
0.8
0.8
0.8
0.8
0.8
0.8
0.8
0.8
0.200205
0.200874
0.203606
0.210291
0.220905
0.233879
0.247733
0.261595
0.275046
0.287906
0.300114
0.311659
0.322557
0.332831
0.342511
0.351631
0.360222
0.368318
0.375952
0.383154
0.389956
0.39639
0.402487
0.408278
0.413791
0.419049
0.424073
0.428883
0.433496
0.437928
0.442193
0.446305
0.450279
0.454125
0.457853
0.461474
0.464998
0.468432
0.471786
0.475067
0.478283
0.481439
0.484541
0.487595
0.490606
0.493579
0.496516
0.499422
0.502298
0.505146
0.507968
0.510765
0.513538
0.516286
0.519007
0.521703
0.524371
0.527011
0.529622
0.532204
0.534755
0.537275
0.539763
0.542221
0.544649
0.54705
0.549422
0.551768
0.554091
0.556393
0.558677
0.560946
0.563201
0.565446
0.567685
0.569922
0.572159
0.5744
0.576648
0.57891
0.581189
0.583489
0.585816
0.588175
0.590574
0.593019
0.595518
0.59808
0.600715
0.603438
0.606264
0.609211
0.612305
0.615583
0.619087
0.622878
0.627038
0.631682
0.636976
0.643164
0.650619
0.659925
0.672009
0.688299
0.710534
0.738695
0.766718
0.785759
0.794773
0.798198
0.799387
0.799789
0.799926
0.799974
0.79999
0.799996
0.799999
0.799999
0.8
0.8
0.8
0.8
0.8
0.8
0.8
0.8
0.8
0.8
0.8
0.8
0.8
0.8
0.8
0.8
0.8
0.8
0.8
0.8
0.8
0.8
0.8
0.8
0.8
0.8
0.8
0.8
0.8
0.8
0.8
0.8
0.202327
0.204795
0.210174
0.218922
0.230209
0.242842
0.255926
0.268936
0.281594
0.293767
0.305392
0.316451
0.326942
0.336876
0.346271
0.355149
0.363536
0.371456
0.378938
0.386008
0.392695
0.399028
0.405038
0.410751
0.416192
0.421384
0.426346
0.431096
0.43565
0.440025
0.444234
0.448293
0.452214
0.456007
0.459684
0.463253
0.466726
0.470111
0.473416
0.476649
0.479817
0.482926
0.485984
0.488995
0.491965
0.494899
0.497801
0.500673
0.503519
0.50634
0.509138
0.511915
0.51467
0.517403
0.520113
0.5228
0.525462
0.528098
0.530707
0.533288
0.535839
0.53836
0.54085
0.543311
0.545743
0.548145
0.55052
0.552869
0.555195
0.5575
0.559787
0.562059
0.564318
0.566568
0.568813
0.571057
0.573301
0.575551
0.577811
0.580086
0.58238
0.584698
0.587046
0.589431
0.59186
0.594341
0.596881
0.599493
0.602188
0.604981
0.60789
0.610938
0.614154
0.617582
0.621276
0.625307
0.629782
0.634844
0.640711
0.647706
0.656332
0.667388
0.682129
0.702284
0.728853
0.758069
0.780735
0.792667
0.797455
0.799143
0.799712
0.799902
0.799966
0.799988
0.799996
0.799998
0.799999
0.8
0.8
0.8
0.8
0.8
0.8
0.8
0.8
0.8
0.8
0.8
0.8
0.8
0.8
0.8
0.8
0.8
0.8
0.8
0.8
0.8
0.8
0.8
0.8
0.8
0.8
0.8
0.8
0.8
0.8
0.8
0.8
0.8
0.209139
0.213469
0.220528
0.229968
0.240994
0.252848
0.264987
0.277071
0.288896
0.300348
0.311361
0.321904
0.33196
0.341527
0.350612
0.359226
0.367387
0.375113
0.382425
0.389348
0.395907
0.402128
0.408038
0.413661
0.41902
0.424132
0.429018
0.433695
0.438177
0.442481
0.446623
0.450614
0.454469
0.458196
0.461808
0.465314
0.468724
0.472046
0.475289
0.47846
0.481568
0.484619
0.48762
0.490577
0.493496
0.496381
0.499237
0.502068
0.504876
0.507664
0.510433
0.513185
0.515919
0.518635
0.521332
0.524009
0.526664
0.529295
0.531902
0.534483
0.537035
0.539558
0.542051
0.544514
0.546948
0.549352
0.551729
0.554079
0.556407
0.558713
0.561001
0.563274
0.565535
0.567788
0.570036
0.572283
0.574533
0.576789
0.579057
0.581342
0.583649
0.585983
0.58835
0.590759
0.593216
0.595731
0.598313
0.600975
0.60373
0.606595
0.609591
0.612746
0.616098
0.619691
0.623596
0.627905
0.632748
0.638317
0.644895
0.652921
0.663091
0.676505
0.694796
0.71952
0.748947
0.774769
0.789981
0.796483
0.798824
0.799612
0.799872
0.799957
0.799985
0.799995
0.799998
0.799999
0.8
0.8
0.8
0.8
0.8
0.8
0.8
0.8
0.8
0.8
0.8
0.8
0.8
0.8
0.8
0.8
0.8
0.8
0.8
0.8
0.8
0.8
0.8
0.8
0.8
0.8
0.8
0.8
0.8
0.8
0.8
0.8
0.8
0.8
0.220563
0.225713
0.233116
0.242248
0.252512
0.263404
0.274558
0.285721
0.296727
0.307467
0.317872
0.327895
0.337509
0.3467
0.355464
0.363804
0.371728
0.37925
0.386385
0.393153
0.399576
0.405678
0.41148
0.417005
0.422269
0.427293
0.432092
0.436682
0.441081
0.445303
0.449363
0.453275
0.45705
0.4607
0.464235
0.467664
0.470998
0.474244
0.477412
0.48051
0.483545
0.486525
0.489457
0.492347
0.495203
0.498029
0.500831
0.503611
0.506374
0.509121
0.511856
0.514578
0.517288
0.519984
0.522666
0.525332
0.527979
0.530607
0.533213
0.535793
0.538347
0.540873
0.543369
0.545836
0.548272
0.550678
0.553056
0.555407
0.557734
0.56004
0.562328
0.5646
0.56686
0.569113
0.571362
0.57361
0.575863
0.578123
0.580398
0.58269
0.585007
0.587354
0.589739
0.59217
0.594655
0.597204
0.599828
0.602541
0.605358
0.608298
0.611389
0.614662
0.618162
0.621945
0.626097
0.630735
0.636028
0.642228
0.64972
0.659109
0.671366
0.687979
0.710751
0.73955
0.767822
0.786568
0.795206
0.798405
0.799482
0.799833
0.799946
0.799982
0.799994
0.799998
0.799999
0.8
0.8
0.8
0.8
0.8
0.8
0.8
0.8
0.8
0.8
0.8
0.8
0.8
0.8
0.8
0.8
0.8
0.8
0.8
0.8
0.8
0.8
0.8
0.8
0.8
0.8
0.8
0.8
0.8
0.8
0.8
0.8
0.8
0.8
0.8
0.234331
0.239472
0.246482
0.254887
0.264235
0.274156
0.28437
0.294669
0.304906
0.314974
0.324796
0.334317
0.3435
0.352321
0.360767
0.368833
0.376521
0.383837
0.390793
0.397405
0.403691
0.40967
0.415362
0.420782
0.425947
0.430872
0.435574
0.440068
0.444371
0.448499
0.452466
0.456286
0.45997
0.46353
0.466976
0.470317
0.473562
0.47672
0.4798
0.48281
0.485759
0.488655
0.491504
0.494316
0.497096
0.499852
0.502587
0.505308
0.508016
0.510716
0.513409
0.516097
0.518778
0.521453
0.524118
0.526772
0.529412
0.532037
0.534642
0.537225
0.539783
0.542313
0.544814
0.547285
0.549725
0.552134
0.554513
0.556864
0.55919
0.561493
0.563778
0.566048
0.568306
0.570557
0.572804
0.575052
0.577305
0.579567
0.581845
0.584143
0.586468
0.588827
0.591228
0.593679
0.59619
0.598773
0.60144
0.604206
0.607089
0.610113
0.613309
0.616714
0.620385
0.624394
0.62884
0.63388
0.639737
0.646751
0.655452
0.666694
0.681818
0.702661
0.730192
0.760009
0.782313
0.793534
0.79785
0.799311
0.799783
0.799932
0.799979
0.799993
0.799998
0.799999
0.8
0.8
0.8
0.8
0.8
0.8
0.8
0.8
0.8
0.8
0.8
0.8
0.8
0.8
0.8
0.8
0.8
0.8
0.8
0.8
0.8
0.8
0.8
0.8
0.8
0.8
0.8
0.8
0.8
0.8
0.8
0.8
0.8
0.8
0.8
0.8
0.248601
0.253389
0.259777
0.267378
0.27584
0.284869
0.294235
0.303757
0.313297
0.322749
0.332032
0.341084
0.34986
0.35833
0.366472
0.374275
0.381734
0.388851
0.395634
0.402095
0.408249
0.41411
0.41969
0.425004
0.430064
0.434885
0.439482
0.44387
0.448067
0.452089
0.455952
0.459668
0.46325
0.466709
0.470055
0.473295
0.476439
0.479495
0.482473
0.485382
0.48823
0.491026
0.493778
0.496497
0.499188
0.50186
0.504518
0.507167
0.509811
0.512455
0.5151
0.517747
0.520395
0.523045
0.525691
0.528334
0.530968
0.53359
0.536198
0.538785
0.54135
0.543887
0.546396
0.548874
0.551319
0.553732
0.556112
0.558463
0.560787
0.563087
0.565368
0.567633
0.569887
0.572134
0.574378
0.576623
0.578875
0.581137
0.583416
0.585718
0.588049
0.590417
0.592832
0.595303
0.597841
0.600459
0.60317
0.605993
0.608949
0.612066
0.615379
0.618938
0.62281
0.627087
0.631902
0.63745
0.644038
0.652134
0.662488
0.676302
0.69534
0.721198
0.751585
0.777164
0.791376
0.797119
0.799087
0.799717
0.799913
0.799974
0.799992
0.799998
0.799999
0.8
0.8
0.8
0.8
0.8
0.8
0.8
0.8
0.8
0.8
0.8
0.8
0.8
0.8
0.8
0.8
0.8
0.8
0.8
0.8
0.8
0.8
0.8
0.8
0.8
0.8
0.8
0.8
0.8
0.8
0.8
0.8
0.8
0.8
0.8
0.8
0.8
0.262462
0.266823
0.272591
0.279457
0.287139
0.295394
0.304024
0.312867
0.321794
0.330699
0.339498
0.348125
0.356531
0.364677
0.372539
0.380097
0.387345
0.394278
0.400902
0.407226
0.41326
0.419009
0.424484
0.429694
0.434649
0.439362
0.443847
0.44812
0.4522
0.456105
0.45985
0.463451
0.46692
0.470267
0.473501
0.476629
0.479659
0.482601
0.485463
0.488254
0.490985
0.493664
0.496304
0.498912
0.501499
0.504071
0.506636
0.5092
0.511769
0.514346
0.516934
0.519533
0.522145
0.524765
0.527392
0.530023
0.532652
0.535275
0.537888
0.540484
0.543059
0.545609
0.54813
0.550618
0.553072
0.555491
0.557875
0.560226
0.562547
0.564843
0.567117
0.569377
0.571624
0.573866
0.576105
0.578346
0.580594
0.582855
0.585133
0.587436
0.589771
0.592147
0.594575
0.597064
0.599629
0.602283
0.605042
0.607927
0.610965
0.614188
0.617639
0.621381
0.625496
0.630105
0.635386
0.641604
0.649169
0.658752
0.671428
0.688848
0.712878
0.742908
0.77117
0.788657
0.796171
0.798795
0.799632
0.79989
0.799967
0.79999
0.799997
0.799999
0.8
0.8
0.8
0.8
0.8
0.8
0.8
0.8
0.8
0.8
0.8
0.8
0.8
0.8
0.8
0.8
0.8
0.8
0.8
0.8
0.8
0.8
0.8
0.8
0.8
0.8
0.8
0.8
0.8
0.8
0.8
0.8
0.8
0.8
0.8
0.8
0.8
0.8
0.275559
0.279525
0.284755
0.291
0.298029
0.305637
0.31365
0.321919
0.330322
0.338756
0.347135
0.355391
0.36347
0.37133
0.378942
0.386283
0.393343
0.400116
0.406606
0.412814
0.418744
0.424398
0.429778
0.434891
0.439744
0.444348
0.448716
0.452866
0.456818
0.460592
0.464208
0.467682
0.471026
0.47425
0.477361
0.480366
0.483271
0.486083
0.488812
0.491469
0.494063
0.496608
0.499114
0.501593
0.504055
0.506509
0.508964
0.511427
0.513904
0.516401
0.518921
0.521466
0.524033
0.526622
0.529228
0.531846
0.534472
0.5371
0.539722
0.542333
0.544925
0.547494
0.550033
0.552539
0.555007
0.557437
0.559826
0.562178
0.564496
0.566785
0.569053
0.571304
0.573544
0.575779
0.578012
0.580249
0.582493
0.58475
0.587026
0.589328
0.591666
0.594047
0.596485
0.598993
0.601584
0.604275
0.607086
0.610042
0.613173
0.61652
0.620137
0.6241
0.628517
0.63355
0.639438
0.646553
0.655484
0.667184
0.683167
0.705388
0.7344
0.764524
0.785358
0.794977
0.798424
0.799525
0.79986
0.799959
0.799988
0.799997
0.799999
0.8
0.8
0.8
0.8
0.8
0.8
0.8
0.8
0.8
0.8
0.8
0.8
0.8
0.8
0.8
0.8
0.8
0.8
0.8
0.8
0.8
0.8
0.8
0.8
0.8
0.8
0.8
0.8
0.8
0.8
0.8
0.8
0.8
0.8
0.8
0.8
0.8
0.8
0.8
0.287785
0.291417
0.296209
0.301954
0.308459
0.315545
0.323057
0.330859
0.338832
0.346876
0.354905
0.362849
0.370651
0.378268
0.385668
0.392827
0.399733
0.406381
0.412767
0.418889
0.424741
0.43032
0.435625
0.440657
0.445419
0.449918
0.454167
0.458186
0.461997
0.465626
0.469097
0.472429
0.475636
0.478726
0.481705
0.484575
0.487341
0.490009
0.492587
0.495087
0.497523
0.499908
0.502257
0.504582
0.506895
0.509207
0.511529
0.51387
0.516237
0.518638
0.521077
0.523555
0.526072
0.528624
0.531207
0.533814
0.53644
0.539076
0.541715
0.544347
0.546966
0.549564
0.552132
0.554668
0.557176
0.559642
0.562057
0.564415
0.566728
0.569009
0.571264
0.573502
0.575729
0.577951
0.580174
0.5824
0.584635
0.586883
0.589151
0.591448
0.593781
0.596163
0.598608
0.60113
0.603747
0.606477
0.609346
0.612383
0.615624
0.619119
0.622939
0.627181
0.63199
0.637582
0.644291
0.652646
0.663505
0.678238
0.698785
0.726468
0.757543
0.781545
0.793531
0.797971
0.799395
0.799824
0.79995
0.799986
0.799996
0.799999
0.8
0.8
0.8
0.8
0.8
0.8
0.8
0.8
0.8
0.8
0.8
0.8
0.8
0.8
0.8
0.8
0.8
0.8
0.8
0.8
0.8
0.8
0.8
0.8
0.8
0.8
0.8
0.8
0.8
0.8
0.8
0.8
0.8
0.8
0.8
0.8
0.8
0.8
0.8
0.8
0.299129
0.302495
0.306945
0.312305
0.318406
0.325091
0.332217
0.339657
0.347296
0.355034
0.362787
0.370482
0.378064
0.385488
0.392721
0.399743
0.40654
0.413106
0.419429
0.425501
0.431311
0.43685
0.442113
0.447091
0.451783
0.456191
0.460323
0.464201
0.467854
0.471317
0.474621
0.477793
0.480849
0.483796
0.486633
0.489359
0.491972
0.494477
0.496882
0.4992
0.501448
0.503643
0.505802
0.507942
0.510076
0.512216
0.514376
0.516566
0.518797
0.52108
0.523419
0.525817
0.528273
0.530783
0.53334
0.535938
0.538568
0.541219
0.543883
0.546549
0.549207
0.551847
0.554464
0.557072
0.559637
0.562148
0.564596
0.566978
0.569291
0.571564
0.573809
0.576036
0.578253
0.580467
0.582681
0.584898
0.587124
0.589361
0.591616
0.593899
0.596219
0.598592
0.601033
0.60356
0.606196
0.608965
0.611895
0.615023
0.618395
0.622074
0.626151
0.630755
0.636085
0.642443
0.650309
0.66046
0.674148
0.69324
0.719493
0.750787
0.777404
0.791885
0.797448
0.799245
0.799783
0.799939
0.799983
0.799995
0.799999
0.8
0.8
0.8
0.8
0.8
0.8
0.8
0.8
0.8
0.8
0.8
0.8
0.8
0.8
0.8
0.8
0.8
0.8
0.8
0.8
0.8
0.8
0.8
0.8
0.8
0.8
0.8
0.8
0.8
0.8
0.8
0.8
0.8
0.8
0.8
0.8
0.8
0.8
0.8
0.8
0.8
0.309619
0.312781
0.316978
0.322058
0.327869
0.334269
0.341122
0.348306
0.355708
0.363227
0.37078
0.378296
0.385718
0.393006
0.400129
0.407068
0.413811
0.420344
0.426654
0.432725
0.438545
0.444098
0.449371
0.454347
0.459011
0.463356
0.467383
0.471112
0.474582
0.477844
0.480949
0.483934
0.486821
0.489612
0.492301
0.494874
0.497322
0.499644
0.501847
0.503947
0.505967
0.50793
0.509858
0.51177
0.513683
0.515609
0.517565
0.519566
0.521627
0.52376
0.525975
0.528274
0.530656
0.533116
0.535645
0.538235
0.540873
0.543549
0.546249
0.548963
0.551678
0.554382
0.557103
0.559801
0.562457
0.565049
0.567558
0.569973
0.572289
0.574552
0.576784
0.578999
0.581209
0.583419
0.585632
0.587849
0.590071
0.592301
0.594544
0.596811
0.599112
0.601465
0.60389
0.606411
0.609057
0.611859
0.614854
0.618087
0.621617
0.625528
0.629939
0.635032
0.641087
0.648544
0.658118
0.670966
0.688868
0.713793
0.744823
0.773328
0.790164
0.796897
0.799088
0.799741
0.799928
0.799981
0.799995
0.799999
0.8
0.8
0.8
0.8
0.8
0.8
0.8
0.8
0.8
0.8
0.8
0.8
0.8
0.8
0.8
0.8
0.8
0.8
0.8
0.8
0.8
0.8
0.8
0.8
0.8
0.8
0.8
0.8
0.8
0.8
0.8
0.8
0.8
0.8
0.8
0.8
0.8
0.8
0.8
0.8
0.8
0.8
0.319292
0.322308
0.326333
0.331231
0.336862
0.343089
0.349783
0.356819
0.364082
0.371474
0.378909
0.386318
0.39365
0.400867
0.407944
0.414865
0.421614
0.428175
0.434534
0.440675
0.446581
0.452233
0.457605
0.462709
0.467637
0.472197
0.476174
0.47975
0.482988
0.485974
0.488799
0.491527
0.494189
0.496787
0.499299
0.501691
0.503935
0.50602
0.507953
0.509754
0.511456
0.513097
0.514706
0.516309
0.517922
0.51956
0.521241
0.522986
0.524816
0.52675
0.528798
0.530967
0.533254
0.535651
0.538147
0.540728
0.543381
0.546091
0.548843
0.551625
0.554422
0.557254
0.560111
0.562963
0.565784
0.568538
0.571179
0.573669
0.576005
0.578257
0.58047
0.582668
0.584868
0.587078
0.589296
0.591519
0.593744
0.59597
0.5982
0.600443
0.602712
0.605027
0.607414
0.609907
0.612544
0.615369
0.618428
0.621781
0.625508
0.629723
0.634593
0.640382
0.647503
0.656627
0.668843
0.685854
0.709717
0.74027
0.769936
0.78859
0.796394
0.798948
0.799704
0.799919
0.799978
0.799994
0.799999
0.8
0.8
0.8
0.8
0.8
0.8
0.8
0.8
0.8
0.8
0.8
0.8
0.8
0.8
0.8
0.8
0.8
0.8
0.8
0.8
0.8
0.8
0.8
0.8
0.8
0.8
0.8
0.8
0.8
0.8
0.8
0.8
0.8
0.8
0.8
0.8
0.8
0.8
0.8
0.8
0.8
0.8
0.8
0.328187
0.331109
0.335039
0.33985
0.345409
0.351581
0.358231
0.365231
0.372462
0.379822
0.387227
0.39461
0.401927
0.409148
0.416251
0.423223
0.430047
0.436712
0.443207
0.449519
0.455629
0.461516
0.467452
0.473543
0.479485
0.48507
0.48992
0.493241
0.496007
0.49839
0.5006
0.502775
0.504983
0.507226
0.509445
0.511553
0.513471
0.515162
0.516629
0.517902
0.51904
0.520112
0.521173
0.522256
0.523377
0.524549
0.525793
0.527134
0.528604
0.53023
0.532028
0.534003
0.53615
0.538455
0.540901
0.543469
0.54614
0.548895
0.551717
0.554592
0.557506
0.560517
0.563588
0.566706
0.569848
0.572963
0.575937
0.578622
0.580987
0.583229
0.585417
0.587595
0.589794
0.592021
0.594269
0.596522
0.598767
0.600997
0.603209
0.605409
0.60761
0.609838
0.61213
0.614537
0.617114
0.619923
0.623031
0.626519
0.630498
0.635132
0.640671
0.647516
0.656314
0.66812
0.684588
0.707782
0.737882
0.767972
0.787605
0.796058
0.79886
0.799683
0.799914
0.799977
0.799994
0.799998
0.8
0.8
0.8
0.8
0.8
0.8
0.8
0.8
0.8
0.8
0.8
0.8
0.8
0.8
0.8
0.8
0.8
0.8
0.8
0.8
0.8
0.8
0.8
0.8
0.8
0.8
0.8
0.8
0.8
0.8
0.8
0.8
0.8
0.8
0.8
0.8
0.8
0.8
0.8
0.8
0.8
0.8
0.8
0.8
0.336342
0.339218
0.343127
0.347948
0.353548
0.359787
0.366521
0.37361
0.380925
0.388358
0.395827
0.403273
0.41066
0.417964
0.425169
0.432267
0.439252
0.446122
0.452874
0.459507
0.466011
0.472869
0.480294
0.488123
0.496397
0.504546
0.511967
0.515784
0.517752
0.518894
0.519817
0.520857
0.5222
0.523862
0.525706
0.527488
0.528963
0.530031
0.530679
0.530959
0.530992
0.530949
0.530954
0.531059
0.531273
0.531599
0.532052
0.532669
0.533499
0.534587
0.535953
0.5376
0.539512
0.541663
0.544022
0.546558
0.549242
0.55205
0.554962
0.557962
0.561064
0.564334
0.567755
0.571353
0.575159
0.579147
0.583023
0.586212
0.588641
0.590867
0.592999
0.595134
0.597334
0.599614
0.601947
0.604282
0.606583
0.608828
0.611005
0.613112
0.615159
0.617176
0.619223
0.621388
0.623764
0.626448
0.62954
0.633163
0.63748
0.642743
0.649354
0.65796
0.669617
0.685966
0.709005
0.738771
0.768376
0.7877
0.796067
0.798864
0.799687
0.799916
0.799978
0.799994
0.799999
0.8
0.8
0.8
0.8
0.8
0.8
0.8
0.8
0.8
0.8
0.8
0.8
0.8
0.8
0.8
0.8
0.8
0.8
0.8
0.8
0.8
0.8
0.8
0.8
0.8
0.8
0.8
0.8
0.8
0.8
0.8
0.8
0.8
0.8
0.8
0.8
0.8
0.8
0.8
0.8
0.8
0.8
0.8
0.8
0.8
0.34382
0.346714
0.350687
0.355615
0.361353
0.367747
0.374636
0.381966
0.389595
0.39722
0.404858
0.412463
0.420006
0.427473
0.434862
0.442179
0.449434
0.456646
0.463836
0.471027
0.478638
0.487621
0.49793
0.509505
0.522593
0.535013
0.54795
0.55253
0.553143
0.551577
0.549828
0.548632
0.548452
0.549395
0.551197
0.554283
0.55545
0.55571
0.555032
0.553481
0.551302
0.549018
0.546961
0.545224
0.543768
0.542537
0.541523
0.54078
0.54041
0.540494
0.541069
0.542124
0.543617
0.545492
0.547688
0.55015
0.552831
0.555695
0.558717
0.561882
0.565266
0.568903
0.572864
0.577287
0.582433
0.588446
0.594588
0.598769
0.601432
0.603521
0.60543
0.607388
0.609554
0.611971
0.614551
0.617131
0.619615
0.621953
0.624115
0.626075
0.627823
0.629385
0.630863
0.632445
0.634314
0.636644
0.639605
0.64339
0.648265
0.654651
0.663231
0.675099
0.691884
0.715308
0.744534
0.772074
0.789246
0.796546
0.798993
0.799722
0.799926
0.79998
0.799995
0.799999
0.8
0.8
0.8
0.8
0.8
0.8
0.8
0.8
0.8
0.8
0.8
0.8
0.8
0.8
0.8
0.8
0.8
0.8
0.8
0.8
0.8
0.8
0.8
0.8
0.8
0.8
0.8
0.8
0.8
0.8
0.8
0.8
0.8
0.8
0.8
0.8
0.8
0.8
0.8
0.8
0.8
0.8
0.8
0.8
0.8
0.8
0.350664
0.353655
0.357798
0.362963
0.36899
0.375697
0.382898
0.390496
0.398347
0.406163
0.414521
0.422402
0.430185
0.437898
0.445563
0.453213
0.460889
0.468645
0.476553
0.484702
0.495135
0.508222
0.524343
0.541135
0.560356
0.574209
0.590993
0.594663
0.594389
0.589016
0.584021
0.580261
0.578599
0.579532
0.58513
0.593335
0.596689
0.596695
0.594632
0.590375
0.584184
0.577803
0.572222
0.567537
0.563468
0.559747
0.556271
0.553137
0.550594
0.548856
0.548011
0.548023
0.548792
0.550194
0.552107
0.55443
0.55708
0.560001
0.563156
0.566536
0.570258
0.574402
0.579152
0.584884
0.592496
0.60243
0.61296
0.618105
0.620971
0.622407
0.62369
0.625204
0.627337
0.630236
0.634016
0.637473
0.640445
0.643134
0.645501
0.647463
0.648913
0.649783
0.650201
0.650669
0.651562
0.65324
0.656018
0.660232
0.666352
0.675123
0.687676
0.705452
0.729242
0.756308
0.77902
0.792023
0.797401
0.799224
0.799781
0.799941
0.799984
0.799996
0.799999
0.8
0.8
0.8
0.8
0.8
0.8
0.8
0.8
0.8
0.8
0.8
0.8
0.8
0.8
0.8
0.8
0.8
0.8
0.8
0.8
0.8
0.8
0.8
0.8
0.8
0.8
0.8
0.8
0.8
0.8
0.8
0.8
0.8
0.8
0.8
0.8
0.8
0.8
0.8
0.8
0.8
0.8
0.8
0.8
0.8
0.8
0.8
0.356913
0.360083
0.364518
0.37008
0.376582
0.383797
0.391499
0.399534
0.407738
0.415914
0.424463
0.432841
0.441481
0.449547
0.457607
0.465747
0.474065
0.482685
0.491784
0.503
0.518097
0.539071
0.563449
0.581995
0.603614
0.609661
0.615031
0.656803
0.67182
0.607425
0.603694
0.600597
0.599477
0.60197
0.611746
0.625038
0.630048
0.632018
0.631543
0.627715
0.618832
0.609014
0.600868
0.5943
0.588442
0.582597
0.576466
0.570219
0.564516
0.560017
0.557008
0.555452
0.555152
0.555869
0.557382
0.559511
0.562118
0.56511
0.568436
0.572095
0.576227
0.580989
0.586727
0.594239
0.605801
0.621068
0.635955
0.641395
0.644255
0.643977
0.644352
0.645265
0.64763
0.652002
0.662017
0.668683
0.673623
0.677962
0.681797
0.684893
0.686795
0.686835
0.68478
0.682631
0.681165
0.681255
0.683572
0.688727
0.69749
0.710768
0.729055
0.75098
0.772059
0.787135
0.795067
0.798333
0.799481
0.799848
0.799957
0.799989
0.799997
0.799999
0.8
0.8
0.8
0.8
0.8
0.8
0.8
0.8
0.8
0.8
0.8
0.8
0.8
0.8
0.8
0.8
0.8
0.8
0.8
0.8
0.8
0.8
0.8
0.8
0.8
0.8
0.8
0.8
0.8
0.8
0.8
0.8
0.8
0.8
0.8
0.8
0.8
0.8
0.8
0.8
0.8
0.8
0.8
0.8
0.8
0.8
0.8
0.8
0.362606
0.36605
0.370925
0.37709
0.384317
0.392304
0.400743
0.409409
0.418129
0.426798
0.435641
0.444323
0.453286
0.462863
0.471489
0.480359
0.489678
0.49972
0.510906
0.528202
0.550952
0.583013
0.612649
0.622894
0.631196
0.757876
0.798685
0.79885
0.796645
0.78703
0.671184
0.615112
0.614062
0.618672
0.634557
0.642449
0.720509
0.790832
0.775578
0.685661
0.630053
0.623802
0.618803
0.614814
0.61072
0.605534
0.598597
0.589893
0.580715
0.572907
0.567282
0.563859
0.562319
0.562271
0.563368
0.565329
0.567946
0.571074
0.574639
0.578651
0.583234
0.588639
0.595411
0.60498
0.622116
0.640543
0.651621
0.709876
0.744892
0.667211
0.665826
0.665092
0.667389
0.674957
0.701615
0.710948
0.719519
0.728492
0.737862
0.746078
0.751135
0.749684
0.739056
0.7297
0.722662
0.719716
0.721937
0.729546
0.742109
0.757914
0.773684
0.786026
0.793628
0.797442
0.799077
0.799694
0.799905
0.799972
0.799992
0.799998
0.799999
0.8
0.8
0.8
0.8
0.8
0.8
0.8
0.8
0.8
0.8
0.8
0.8
0.8
0.8
0.8
0.8
0.8
0.8
0.8
0.8
0.8
0.8
0.8
0.8
0.8
0.8
0.8
0.8
0.8
0.8
0.8
0.8
0.8
0.8
0.8
0.8
0.8
0.8
0.8
0.8
0.8
0.8
0.8
0.8
0.8
0.8
0.8
0.8
0.8
0.367789
0.371614
0.377118
0.384174
0.392495
0.401633
0.411119
0.420649
0.430063
0.43933
0.448577
0.457694
0.467035
0.476976
0.487973
0.498009
0.509013
0.521641
0.538845
0.569045
0.597808
0.636848
0.649121
0.754711
0.798663
0.799795
0.799993
0.799996
0.799987
0.799936
0.798527
0.708588
0.633932
0.639676
0.65803
0.785849
0.7999
0.799983
0.799889
0.798317
0.69366
0.634601
0.632364
0.631585
0.630404
0.627554
0.621589
0.611037
0.597309
0.585642
0.577345
0.572168
0.569536
0.56888
0.569725
0.571691
0.574486
0.577904
0.581826
0.586276
0.591316
0.597278
0.604877
0.616502
0.641156
0.655999
0.77316
0.799806
0.79983
0.797591
0.763026
0.682182
0.685018
0.704672
0.74164
0.795272
0.799969
0.798994
0.799989
0.799966
0.799762
0.794875
0.757239
0.757326
0.75364
0.75375
0.759794
0.7697
0.780251
0.788795
0.794356
0.797407
0.798891
0.799557
0.799839
0.799947
0.799984
0.799995
0.799999
0.8
0.8
0.8
0.8
0.8
0.8
0.8
0.8
0.8
0.8
0.8
0.8
0.8
0.8
0.8
0.8
0.8
0.8
0.8
0.8
0.8
0.8
0.8
0.8
0.8
0.8
0.8
0.8
0.8
0.8
0.8
0.8
0.8
0.8
0.8
0.8
0.8
0.8
0.8
0.8
0.8
0.8
0.8
0.8
0.8
0.8
0.8
0.8
0.8
0.8
0.8
0.372506
0.376828
0.38321
0.391593
0.4016
0.412494
0.423464
0.434138
0.444425
0.454385
0.464162
0.473847
0.483785
0.494357
0.506312
0.520471
0.534832
0.553267
0.590157
0.641805
0.660717
0.68615
0.79535
0.799716
0.79999
0.799999
0.8
0.8
0.8
0.8
0.799992
0.795597
0.747878
0.665917
0.756019
0.798751
0.799994
0.8
0.8
0.799993
0.797639
0.669002
0.730891
0.760319
0.751701
0.695178
0.654786
0.61551
0.603498
0.592874
0.584502
0.578882
0.575887
0.575113
0.576106
0.578448
0.581778
0.585802
0.59029
0.595318
0.600841
0.607178
0.615024
0.628309
0.660327
0.7877
0.799921
0.8
0.8
0.79999
0.799775
0.758104
0.708235
0.752285
0.78674
0.799261
0.799998
0.799998
0.8
0.8
0.8
0.799996
0.799938
0.797056
0.771458
0.778116
0.785675
0.791827
0.795818
0.798021
0.79911
0.79961
0.79983
0.799927
0.799973
0.799991
0.799997
0.799999
0.8
0.8
0.8
0.8
0.8
0.8
0.8
0.8
0.8
0.8
0.8
0.8
0.8
0.8
0.8
0.8
0.8
0.8
0.8
0.8
0.8
0.8
0.8
0.8
0.8
0.8
0.8
0.8
0.8
0.8
0.8
0.8
0.8
0.8
0.8
0.8
0.8
0.8
0.8
0.8
0.8
0.8
0.8
0.8
0.8
0.8
0.8
0.8
0.8
0.8
0.8
0.8
0.376797
0.381721
0.389299
0.399702
0.412461
0.426226
0.439362
0.451558
0.462904
0.473645
0.484085
0.494527
0.505407
0.51725
0.530936
0.548788
0.574408
0.610545
0.678093
0.727003
0.793609
0.798467
0.799961
0.799998
0.8
0.8
0.8
0.8
0.8
0.8
0.8
0.79997
0.791945
0.695318
0.781787
0.799717
0.799999
0.8
0.8
0.8
0.774691
0.709267
0.789171
0.799511
0.79903
0.763741
0.693947
0.619187
0.6072
0.597304
0.589339
0.583918
0.581156
0.580817
0.582539
0.58592
0.590528
0.595986
0.601544
0.607628
0.614556
0.622514
0.632683
0.650259
0.693017
0.795582
0.799983
0.8
0.8
0.8
0.799999
0.789238
0.757123
0.795852
0.798974
0.799915
0.8
0.8
0.8
0.8
0.8
0.8
0.8
0.79996
0.791723
0.795082
0.797465
0.798816
0.799477
0.799775
0.799904
0.799958
0.79998
0.799989
0.799996
0.799999
0.8
0.8
0.8
0.8
0.8
0.8
0.8
0.8
0.8
0.8
0.8
0.8
0.8
0.8
0.8
0.8
0.8
0.8
0.8
0.8
0.8
0.8
0.8
0.8
0.8
0.8
0.8
0.8
0.8
0.8
0.8
0.8
0.8
0.8
0.8
0.8
0.8
0.8
0.8
0.8
0.8
0.8
0.8
0.8
0.8
0.8
0.8
0.8
0.8
0.8
0.8
0.8
0.8
0.8
0.380685
0.386243
0.395348
0.408877
0.426601
0.445887
0.462589
0.476994
0.489492
0.50097
0.512194
0.523737
0.536304
0.550835
0.568893
0.594429
0.64055
0.72232
0.785462
0.79911
0.799958
0.799985
0.8
0.8
0.8
0.8
0.8
0.8
0.8
0.8
0.8
0.799998
0.799444
0.739945
0.797556
0.799995
0.8
0.8
0.8
0.8
0.790845
0.760661
0.799479
0.799994
0.799993
0.790994
0.73332
0.621083
0.609399
0.599928
0.592437
0.587568
0.585553
0.586351
0.589883
0.596163
0.604914
0.642983
0.652854
0.661092
0.670055
0.678107
0.681053
0.691801
0.721241
0.796081
0.799982
0.8
0.8
0.8
0.8
0.797766
0.786348
0.799955
0.799994
0.799993
0.8
0.8
0.8
0.8
0.8
0.8
0.8
0.8
0.8
0.799988
0.799982
0.799995
0.799998
0.799998
0.799999
0.8
0.8
0.799998
0.799999
0.8
0.8
0.8
0.8
0.8
0.8
0.8
0.8
0.8
0.8
0.8
0.8
0.8
0.8
0.8
0.8
0.8
0.8
0.8
0.8
0.8
0.8
0.8
0.8
0.8
0.8
0.8
0.8
0.8
0.8
0.8
0.8
0.8
0.8
0.8
0.8
0.8
0.8
0.8
0.8
0.8
0.8
0.8
0.8
0.8
0.8
0.8
0.8
0.8
0.8
0.8
0.8
0.8
0.8
0.8
0.384176
0.390197
0.400903
0.419749
0.451432
0.494436
0.52987
0.559946
0.540888
0.546507
0.557851
0.570551
0.585554
0.604927
0.630978
0.672111
0.739399
0.793585
0.799868
0.799991
0.8
0.8
0.8
0.8
0.8
0.8
0.8
0.8
0.8
0.8
0.8
0.8
0.799994
0.773326
0.799749
0.8
0.8
0.8
0.8
0.8
0.797881
0.792937
0.799994
0.8
0.8
0.798671
0.710114
0.621743
0.610357
0.601403
0.594664
0.590822
0.590328
0.593558
0.601182
0.632389
0.670091
0.72003
0.789859
0.795498
0.790491
0.783205
0.721713
0.730508
0.742422
0.794779
0.79997
0.8
0.8
0.8
0.8
0.799624
0.797147
0.79997
0.8
0.8
0.8
0.8
0.8
0.8
0.8
0.8
0.8
0.8
0.8
0.8
0.8
0.8
0.8
0.8
0.8
0.8
0.8
0.8
0.8
0.8
0.8
0.8
0.8
0.8
0.8
0.8
0.8
0.8
0.8
0.8
0.8
0.8
0.8
0.8
0.8
0.8
0.8
0.8
0.8
0.8
0.8
0.8
0.8
0.8
0.8
0.8
0.8
0.8
0.8
0.8
0.8
0.8
0.8
0.8
0.8
0.8
0.8
0.8
0.8
0.8
0.8
0.8
0.8
0.8
0.8
0.8
0.8
0.8
0.8
0.8
0.8
0.8
0.8
0.8
0.387294
0.393297
0.404088
0.423286
0.455007
0.496908
0.618834
0.656934
0.651411
0.646437
0.653365
0.665464
0.663022
0.685858
0.709766
0.735224
0.797724
0.799928
0.799999
0.8
0.8
0.8
0.8
0.8
0.8
0.8
0.8
0.8
0.8
0.8
0.8
0.8
0.8
0.791183
0.799914
0.8
0.8
0.8
0.8
0.8
0.799565
0.799231
0.799999
0.8
0.8
0.799837
0.638787
0.620557
0.610132
0.602204
0.596999
0.595559
0.599059
0.608194
0.620592
0.778833
0.794056
0.798626
0.799848
0.799912
0.799829
0.799761
0.799083
0.790197
0.761051
0.792552
0.799949
0.8
0.8
0.8
0.8
0.799943
0.79952
0.799999
0.8
0.8
0.8
0.8
0.8
0.8
0.8
0.8
0.8
0.8
0.8
0.8
0.8
0.8
0.8
0.8
0.8
0.8
0.8
0.8
0.8
0.8
0.8
0.8
0.8
0.8
0.8
0.8
0.8
0.8
0.8
0.8
0.8
0.8
0.8
0.8
0.8
0.8
0.8
0.8
0.8
0.8
0.8
0.8
0.8
0.8
0.8
0.8
0.8
0.8
0.8
0.8
0.8
0.8
0.8
0.8
0.8
0.8
0.8
0.8
0.8
0.8
0.8
0.8
0.8
0.8
0.8
0.8
0.8
0.8
0.8
0.8
0.8
0.8
0.8
0.8
0.390235
0.395989
0.406222
0.424215
0.45336
0.49072
0.502171
0.783841
0.79207
0.799749
0.79503
0.759252
0.713409
0.785496
0.795255
0.799045
0.799965
0.799999
0.8
0.8
0.8
0.8
0.8
0.8
0.8
0.8
0.8
0.8
0.8
0.8
0.8
0.8
0.8
0.797648
0.799987
0.8
0.8
0.8
0.8
0.8
0.799918
0.79993
0.8
0.8
0.8
0.788836
0.634973
0.619061
0.60958
0.603559
0.601204
0.603643
0.611124
0.620521
0.764774
0.799282
0.799869
0.799981
0.799998
0.799999
0.799998
0.799997
0.799988
0.79922
0.78048
0.796725
0.799982
0.8
0.8
0.8
0.8
0.799992
0.799927
0.8
0.8
0.8
0.8
0.8
0.8
0.8
0.8
0.8
0.8
0.8
0.8
0.8
0.8
0.8
0.8
0.8
0.8
0.8
0.8
0.8
0.8
0.8
0.8
0.8
0.8
0.8
0.8
0.8
0.8
0.8
0.8
0.8
0.8
0.8
0.8
0.8
0.8
0.8
0.8
0.8
0.8
0.8
0.8
0.8
0.8
0.8
0.8
0.8
0.8
0.8
0.8
0.8
0.8
0.8
0.8
0.8
0.8
0.8
0.8
0.8
0.8
0.8
0.8
0.8
0.8
0.8
0.8
0.8
0.8
0.8
0.8
0.8
0.8
0.8
0.8
0.8
0.393124
0.398556
0.408035
0.424364
0.450116
0.482078
0.495355
0.499754
0.799779
0.799994
0.799901
0.798943
0.796444
0.799655
0.799898
0.799989
0.8
0.8
0.8
0.8
0.8
0.8
0.8
0.8
0.8
0.8
0.8
0.8
0.8
0.8
0.8
0.8
0.8
0.799439
0.799999
0.8
0.8
0.8
0.8
0.8
0.799986
0.799994
0.8
0.8
0.799988
0.778762
0.633341
0.617745
0.60979
0.606913
0.607891
0.613075
0.619996
0.742231
0.797823
0.799957
0.799998
0.8
0.8
0.8
0.8
0.8
0.8
0.799985
0.792211
0.798999
0.799997
0.8
0.8
0.8
0.8
0.799999
0.79999
0.8
0.8
0.8
0.8
0.8
0.8
0.8
0.8
0.8
0.8
0.8
0.8
0.8
0.8
0.8
0.8
0.8
0.8
0.8
0.8
0.8
0.8
0.8
0.8
0.8
0.8
0.8
0.8
0.8
0.8
0.8
0.8
0.8
0.8
0.8
0.8
0.8
0.8
0.8
0.8
0.8
0.8
0.8
0.8
0.8
0.8
0.8
0.8
0.8
0.8
0.8
0.8
0.8
0.8
0.8
0.8
0.8
0.8
0.8
0.8
0.8
0.8
0.8
0.8
0.8
0.8
0.8
0.8
0.8
0.8
0.8
0.8
0.8
0.8
0.8
0.8
0.8
0.396021
0.401104
0.409778
0.424355
0.446735
0.473995
0.488857
0.496186
0.500061
0.797906
0.799999
0.799982
0.799929
0.799994
0.799999
0.8
0.8
0.8
0.8
0.8
0.8
0.8
0.8
0.8
0.8
0.8
0.8
0.8
0.8
0.8
0.8
0.8
0.8
0.799875
0.8
0.8
0.8
0.8
0.8
0.8
0.799998
0.8
0.8
0.8
0.79986
0.76746
0.632546
0.617449
0.612356
0.613152
0.615991
0.622105
0.695628
0.796006
0.799897
0.799998
0.8
0.8
0.8
0.8
0.8
0.8
0.8
0.799999
0.797337
0.799746
0.8
0.8
0.8
0.8
0.8
0.8
0.799999
0.8
0.8
0.8
0.8
0.8
0.8
0.8
0.8
0.8
0.8
0.8
0.8
0.8
0.8
0.8
0.8
0.8
0.8
0.8
0.8
0.8
0.8
0.8
0.8
0.8
0.8
0.8
0.8
0.8
0.8
0.8
0.8
0.8
0.8
0.8
0.8
0.8
0.8
0.8
0.8
0.8
0.8
0.8
0.8
0.8
0.8
0.8
0.8
0.8
0.8
0.8
0.8
0.8
0.8
0.8
0.8
0.8
0.8
0.8
0.8
0.8
0.8
0.8
0.8
0.8
0.8
0.8
0.8
0.8
0.8
0.8
0.8
0.8
0.8
0.8
0.8
0.8
0.398962
0.403705
0.411606
0.424548
0.44394
0.467387
0.482901
0.492138
0.497787
0.503102
0.5882
0.781422
0.799975
0.8
0.8
0.8
0.8
0.8
0.8
0.8
0.8
0.8
0.8
0.8
0.8
0.8
0.8
0.8
0.8
0.8
0.8
0.8
0.8
0.799974
0.8
0.8
0.8
0.8
0.8
0.8
0.8
0.8
0.8
0.799995
0.792843
0.749988
0.633324
0.618455
0.614305
0.629529
0.634456
0.629434
0.762446
0.799381
0.79999
0.8
0.8
0.8
0.8
0.8
0.8
0.8
0.8
0.799997
0.799157
0.799939
0.8
0.8
0.8
0.8
0.8
0.8
0.8
0.8
0.8
0.8
0.8
0.8
0.8
0.8
0.8
0.8
0.8
0.8
0.8
0.8
0.8
0.8
0.8
0.8
0.8
0.8
0.8
0.8
0.8
0.8
0.8
0.8
0.8
0.8
0.8
0.8
0.8
0.8
0.8
0.8
0.8
0.8
0.8
0.8
0.8
0.8
0.8
0.8
0.8
0.8
0.8
0.8
0.8
0.8
0.8
0.8
0.8
0.8
0.8
0.8
0.8
0.8
0.8
0.8
0.8
0.8
0.8
0.8
0.8
0.8
0.8
0.8
0.8
0.8
0.8
0.8
0.8
0.8
0.8
0.8
0.8
0.8
0.8
0.8
0.401971
0.406399
0.413602
0.425111
0.441993
0.462371
0.477787
0.488141
0.495059
0.500631
0.50649
0.512996
0.522226
0.629735
0.779544
0.799957
0.8
0.8
0.8
0.8
0.8
0.8
0.8
0.8
0.8
0.8
0.8
0.8
0.8
0.8
0.8
0.8
0.8
0.799995
0.8
0.8
0.8
0.8
0.8
0.8
0.8
0.8
0.8
0.799987
0.795646
0.751882
0.634739
0.620531
0.615789
0.64436
0.648815
0.642
0.789154
0.799774
0.799996
0.8
0.8
0.8
0.8
0.8
0.8
0.8
0.8
0.799986
0.799738
0.799987
0.8
0.8
0.8
0.8
0.8
0.8
0.8
0.8
0.8
0.8
0.8
0.8
0.8
0.8
0.8
0.8
0.8
0.8
0.8
0.8
0.8
0.8
0.8
0.8
0.8
0.8
0.8
0.8
0.8
0.8
0.8
0.8
0.8
0.8
0.8
0.8
0.8
0.8
0.8
0.8
0.8
0.8
0.8
0.8
0.8
0.8
0.8
0.8
0.8
0.8
0.8
0.8
0.8
0.8
0.8
0.8
0.8
0.8
0.8
0.8
0.8
0.8
0.8
0.8
0.8
0.8
0.8
0.8
0.8
0.8
0.8
0.8
0.8
0.8
0.8
0.8
0.8
0.8
0.8
0.8
0.8
0.8
0.8
0.8
0.405055
0.409201
0.4158
0.426102
0.440933
0.458844
0.47372
0.484616
0.492383
0.498368
0.503475
0.50942
0.518045
0.53561
0.798328
0.799996
0.8
0.8
0.8
0.8
0.8
0.8
0.8
0.8
0.8
0.8
0.8
0.8
0.8
0.8
0.8
0.8
0.8
0.799999
0.8
0.8
0.8
0.8
0.8
0.8
0.8
0.8
0.8
0.799929
0.788544
0.735091
0.636263
0.62421
0.618327
0.625192
0.647306
0.67882
0.79898
0.79998
0.8
0.8
0.8
0.8
0.8
0.8
0.8
0.8
0.8
0.799999
0.799918
0.799998
0.8
0.8
0.8
0.8
0.8
0.8
0.8
0.8
0.8
0.8
0.8
0.8
0.8
0.8
0.8
0.8
0.8
0.8
0.8
0.8
0.8
0.8
0.8
0.8
0.8
0.8
0.8
0.8
0.8
0.8
0.8
0.8
0.8
0.8
0.8
0.8
0.8
0.8
0.8
0.8
0.8
0.8
0.8
0.8
0.8
0.8
0.8
0.8
0.8
0.8
0.8
0.8
0.8
0.8
0.8
0.8
0.8
0.8
0.8
0.8
0.8
0.8
0.8
0.8
0.8
0.8
0.8
0.8
0.8
0.8
0.8
0.8
0.8
0.8
0.8
0.8
0.8
0.8
0.8
0.8
0.8
0.8
0.8
0.8
0.408211
0.412114
0.418205
0.427516
0.440703
0.45664
0.470787
0.481856
0.490193
0.496706
0.502212
0.508057
0.515738
0.529752
0.753452
0.799732
0.799999
0.8
0.8
0.8
0.8
0.8
0.8
0.8
0.8
0.8
0.8
0.8
0.8
0.8
0.8
0.8
0.8
0.8
0.8
0.8
0.8
0.8
0.8
0.8
0.8
0.8
0.799989
0.799027
0.769867
0.697388
0.638318
0.629894
0.622259
0.625933
0.64789
0.761682
0.799776
0.799997
0.8
0.8
0.8
0.8
0.8
0.8
0.8
0.8
0.8
0.8
0.799968
0.8
0.8
0.8
0.8
0.8
0.8
0.8
0.8
0.8
0.8
0.8
0.8
0.8
0.8
0.8
0.8
0.8
0.8
0.8
0.8
0.8
0.8
0.8
0.8
0.8
0.8
0.8
0.8
0.8
0.8
0.8
0.8
0.8
0.8
0.8
0.8
0.8
0.8
0.8
0.8
0.8
0.8
0.8
0.8
0.8
0.8
0.8
0.8
0.8
0.8
0.8
0.8
0.8
0.8
0.8
0.8
0.8
0.8
0.8
0.8
0.8
0.8
0.8
0.8
0.8
0.8
0.8
0.8
0.8
0.8
0.8
0.8
0.8
0.8
0.8
0.8
0.8
0.8
0.8
0.8
0.8
0.8
0.8
0.8
0.8
0.411427
0.415125
0.420801
0.429319
0.44121
0.455586
0.468968
0.479988
0.488673
0.495635
0.501552
0.507386
0.514253
0.525407
0.533193
0.56235
0.642447
0.747628
0.793914
0.799626
0.79539
0.79922
0.79992
0.799997
0.8
0.8
0.8
0.8
0.8
0.8
0.8
0.797134
0.799931
0.799998
0.8
0.8
0.8
0.8
0.8
0.799978
0.8
0.8
0.799885
0.79518
0.762991
0.701541
0.649814
0.631438
0.624569
0.627497
0.648706
0.792343
0.799817
0.799996
0.8
0.8
0.8
0.8
0.8
0.8
0.8
0.8
0.8
0.799998
0.799987
0.8
0.8
0.8
0.8
0.8
0.8
0.8
0.8
0.8
0.8
0.8
0.8
0.8
0.8
0.8
0.8
0.8
0.8
0.8
0.8
0.8
0.8
0.8
0.8
0.8
0.8
0.8
0.8
0.8
0.8
0.8
0.8
0.8
0.8
0.8
0.8
0.8
0.8
0.8
0.8
0.8
0.8
0.8
0.8
0.8
0.8
0.8
0.8
0.8
0.8
0.8
0.8
0.8
0.8
0.8
0.8
0.8
0.8
0.8
0.8
0.8
0.8
0.8
0.8
0.8
0.8
0.8
0.8
0.8
0.8
0.8
0.8
0.8
0.8
0.8
0.8
0.8
0.8
0.8
0.8
0.8
0.8
0.8
0.8
0.8
0.414686
0.418218
0.423565
0.431465
0.442357
0.455515
0.468185
0.479027
0.487882
0.495144
0.501344
0.507159
0.513361
0.521874
0.529081
0.533643
0.539813
0.546171
0.551191
0.555039
0.55861
0.563531
0.572239
0.581468
0.694697
0.793768
0.799965
0.8
0.8
0.8
0.769023
0.700523
0.631511
0.683601
0.694426
0.765968
0.797185
0.799863
0.799995
0.769333
0.706189
0.73364
0.771056
0.789307
0.773026
0.720213
0.659932
0.632689
0.626126
0.629326
0.650897
0.789283
0.79966
0.799992
0.8
0.8
0.8
0.8
0.8
0.8
0.8
0.8
0.8
0.8
0.799996
0.8
0.8
0.8
0.8
0.8
0.8
0.8
0.8
0.8
0.8
0.8
0.8
0.8
0.8
0.8
0.8
0.8
0.8
0.8
0.8
0.8
0.8
0.8
0.8
0.8
0.8
0.8
0.8
0.8
0.8
0.8
0.8
0.8
0.8
0.8
0.8
0.8
0.8
0.8
0.8
0.8
0.8
0.8
0.8
0.8
0.8
0.8
0.8
0.8
0.8
0.8
0.8
0.8
0.8
0.8
0.8
0.8
0.8
0.8
0.8
0.8
0.8
0.8
0.8
0.8
0.8
0.8
0.8
0.8
0.8
0.8
0.8
0.8
0.8
0.8
0.8
0.8
0.8
0.8
0.8
0.8
0.8
0.8
0.8
0.8
0.417964
0.421369
0.426469
0.43391
0.444057
0.456292
0.468345
0.478951
0.487841
0.495265
0.501626
0.50742
0.513172
0.519946
0.526131
0.530567
0.53498
0.539432
0.543774
0.548011
0.552285
0.556952
0.563227
0.572549
0.58007
0.624365
0.712955
0.780143
0.797656
0.720842
0.603031
0.602144
0.603502
0.617799
0.645078
0.650817
0.654472
0.680003
0.6529
0.655649
0.661062
0.673034
0.705551
0.746099
0.775676
0.677072
0.640713
0.633299
0.627903
0.631343
0.6538
0.788227
0.799628
0.799992
0.8
0.8
0.8
0.8
0.8
0.8
0.8
0.8
0.8
0.8
0.799999
0.8
0.8
0.8
0.8
0.8
0.8
0.8
0.8
0.8
0.8
0.8
0.8
0.8
0.8
0.8
0.8
0.8
0.8
0.8
0.8
0.8
0.8
0.8
0.8
0.8
0.8
0.8
0.8
0.8
0.8
0.8
0.8
0.8
0.8
0.8
0.8
0.8
0.8
0.8
0.8
0.8
0.8
0.8
0.8
0.8
0.8
0.8
0.8
0.8
0.8
0.8
0.8
0.8
0.8
0.8
0.8
0.8
0.8
0.8
0.8
0.8
0.8
0.8
0.8
0.8
0.8
0.8
0.8
0.8
0.8
0.8
0.8
0.8
0.8
0.8
0.8
0.8
0.8
0.8
0.8
0.8
0.8
0.8
0.8
0.8
0.421234
0.42455
0.429485
0.436612
0.446242
0.457816
0.469373
0.479732
0.488572
0.496051
0.502488
0.508259
0.51375
0.519574
0.525077
0.529696
0.534033
0.538271
0.542425
0.546492
0.550496
0.554547
0.559129
0.565491
0.57288
0.57687
0.581073
0.594104
0.58505
0.5856
0.586335
0.588073
0.590486
0.595423
0.60735
0.617949
0.631826
0.633983
0.635257
0.638104
0.641806
0.651377
0.673169
0.709653
0.754101
0.690704
0.642114
0.634797
0.629888
0.633457
0.656803
0.788349
0.799644
0.799992
0.8
0.8
0.8
0.8
0.8
0.8
0.8
0.8
0.8
0.8
0.8
0.8
0.8
0.8
0.8
0.8
0.8
0.8
0.8
0.8
0.8
0.8
0.8
0.8
0.8
0.8
0.8
0.8
0.8
0.8
0.8
0.8
0.8
0.8
0.8
0.8
0.8
0.8
0.8
0.8
0.8
0.8
0.8
0.8
0.8
0.8
0.8
0.8
0.8
0.8
0.8
0.8
0.8
0.8
0.8
0.8
0.8
0.8
0.8
0.8
0.8
0.8
0.8
0.8
0.8
0.8
0.8
0.8
0.8
0.8
0.8
0.8
0.8
0.8
0.8
0.8
0.8
0.8
0.8
0.8
0.8
0.8
0.8
0.8
0.8
0.8
0.8
0.8
0.8
0.8
0.8
0.8
0.8
0.8
0.8
0.8
0.424465
0.427734
0.432584
0.43954
0.448867
0.460023
0.471225
0.48136
0.490103
0.497566
0.504018
0.50977
0.515125
0.520482
0.525612
0.530279
0.534688
0.538953
0.54309
0.54707
0.550851
0.554412
0.557871
0.561745
0.566361
0.570247
0.575243
0.576619
0.577547
0.579002
0.580724
0.582832
0.585249
0.588219
0.592904
0.598923
0.606777
0.610543
0.61267
0.616262
0.622425
0.632463
0.650098
0.680454
0.724484
0.703727
0.652316
0.637501
0.63202
0.635503
0.659457
0.788452
0.79966
0.799993
0.8
0.8
0.8
0.8
0.8
0.8
0.8
0.8
0.8
0.8
0.8
0.8
0.8
0.8
0.8
0.8
0.8
0.8
0.8
0.8
0.8
0.8
0.8
0.8
0.8
0.8
0.8
0.8
0.8
0.8
0.8
0.8
0.8
0.8
0.8
0.8
0.8
0.8
0.8
0.8
0.8
0.8
0.8
0.8
0.8
0.8
0.8
0.8
0.8
0.8
0.8
0.8
0.8
0.8
0.8
0.8
0.8
0.8
0.8
0.8
0.8
0.8
0.8
0.8
0.8
0.8
0.8
0.8
0.8
0.8
0.8
0.8
0.8
0.8
0.8
0.8
0.8
0.8
0.8
0.8
0.8
0.8
0.8
0.8
0.8
0.8
0.8
0.8
0.8
0.8
0.8
0.8
0.8
0.8
0.8
0.8
0.427629
0.430891
0.435741
0.442678
0.451919
0.4629
0.473895
0.483854
0.492477
0.499877
0.506304
0.512036
0.517332
0.522483
0.527446
0.532138
0.53664
0.541008
0.545236
0.549274
0.55304
0.55671
0.560257
0.563147
0.565589
0.568011
0.570715
0.572385
0.574052
0.57582
0.577808
0.580019
0.582395
0.584995
0.587895
0.59123
0.595152
0.598638
0.601935
0.606031
0.611669
0.620051
0.633844
0.657771
0.695711
0.704254
0.66597
0.643735
0.635101
0.637436
0.661403
0.785537
0.799685
0.799994
0.8
0.8
0.8
0.8
0.8
0.8
0.8
0.8
0.8
0.8
0.8
0.8
0.8
0.8
0.8
0.8
0.8
0.8
0.8
0.8
0.8
0.8
0.8
0.8
0.8
0.8
0.8
0.8
0.8
0.8
0.8
0.8
0.8
0.8
0.8
0.8
0.8
0.8
0.8
0.8
0.8
0.8
0.8
0.8
0.8
0.8
0.8
0.8
0.8
0.8
0.8
0.8
0.8
0.8
0.8
0.8
0.8
0.8
0.8
0.8
0.8
0.8
0.8
0.8
0.8
0.8
0.8
0.8
0.8
0.8
0.8
0.8
0.8
0.8
0.8
0.8
0.8
0.8
0.8
0.8
0.8
0.8
0.8
0.8
0.8
0.8
0.8
0.8
0.8
0.8
0.8
0.8
0.8
0.8
0.8
0.8
0.430735
0.434082
0.439071
0.446151
0.455454
0.46634
0.477164
0.487172
0.495754
0.503059
0.509434
0.515145
0.520431
0.525526
0.530464
0.535241
0.539905
0.544492
0.548992
0.553398
0.558834
0.565702
0.574997
0.585219
0.588091
0.588463
0.588805
0.590047
0.591863
0.593381
0.59512
0.597035
0.599131
0.601136
0.602683
0.603887
0.605024
0.60622
0.607457
0.608974
0.6115
0.616156
0.625023
0.641954
0.671542
0.693416
0.676027
0.652529
0.639649
0.639507
0.662563
0.772321
0.798491
0.799971
0.8
0.8
0.8
0.8
0.8
0.8
0.8
0.8
0.8
0.8
0.8
0.8
0.8
0.8
0.8
0.8
0.8
0.8
0.8
0.8
0.8
0.8
0.8
0.8
0.8
0.8
0.8
0.8
0.8
0.8
0.8
0.8
0.8
0.8
0.8
0.8
0.8
0.8
0.8
0.8
0.8
0.8
0.8
0.8
0.8
0.8
0.8
0.8
0.8
0.8
0.8
0.8
0.8
0.8
0.8
0.8
0.8
0.8
0.8
0.8
0.8
0.8
0.8
0.8
0.8
0.8
0.8
0.8
0.8
0.8
0.8
0.8
0.8
0.8
0.8
0.8
0.8
0.8
0.8
0.8
0.8
0.8
0.8
0.8
0.8
0.8
0.8
0.8
0.8
0.8
0.8
0.8
0.8
0.8
0.8
0.8
0.43376
0.437304
0.442615
0.450084
0.459687
0.470619
0.48133
0.491143
0.499555
0.506953
0.513501
0.519206
0.524525
0.52967
0.534712
0.539692
0.544675
0.549715
0.554856
0.561828
0.572043
0.58499
0.60319
0.620698
0.626461
0.62978
0.630732
0.631485
0.631276
0.6277
0.625615
0.624996
0.626414
0.631651
0.634147
0.634955
0.634742
0.633482
0.630948
0.62738
0.62432
0.623166
0.625582
0.634534
0.654407
0.677752
0.678464
0.660977
0.645509
0.642055
0.663108
0.768167
0.798298
0.799968
0.8
0.8
0.8
0.8
0.8
0.8
0.8
0.8
0.8
0.8
0.8
0.8
0.8
0.8
0.8
0.8
0.8
0.8
0.8
0.8
0.8
0.8
0.8
0.8
0.8
0.8
0.8
0.8
0.8
0.8
0.8
0.8
0.8
0.8
0.8
0.8
0.8
0.8
0.8
0.8
0.8
0.8
0.8
0.8
0.8
0.8
0.8
0.8
0.8
0.8
0.8
0.8
0.8
0.8
0.8
0.8
0.8
0.8
0.8
0.8
0.8
0.8
0.8
0.8
0.8
0.8
0.8
0.8
0.8
0.8
0.8
0.8
0.8
0.8
0.8
0.8
0.8
0.8
0.8
0.8
0.8
0.8
0.8
0.8
0.8
0.8
0.8
0.8
0.8
0.8
0.8
0.8
0.8
0.8
0.8
0.8
0.436691
0.440575
0.44644
0.454579
0.464722
0.475828
0.486471
0.496068
0.504306
0.511585
0.51806
0.524299
0.529775
0.535083
0.540382
0.545768
0.551363
0.557329
0.564827
0.578662
0.598538
0.615497
0.637044
0.644409
0.692613
0.770966
0.797426
0.777036
0.713194
0.641734
0.640291
0.639819
0.642515
0.65954
0.665898
0.669362
0.670472
0.669698
0.665558
0.656803
0.647442
0.640224
0.636134
0.636954
0.646441
0.664042
0.674342
0.666417
0.651671
0.645216
0.663192
0.75866
0.797719
0.79996
0.799999
0.8
0.8
0.8
0.8
0.8
0.8
0.8
0.8
0.8
0.8
0.8
0.8
0.8
0.8
0.8
0.8
0.8
0.8
0.8
0.8
0.8
0.8
0.8
0.8
0.8
0.8
0.8
0.8
0.8
0.8
0.8
0.8
0.8
0.8
0.8
0.8
0.8
0.8
0.8
0.8
0.8
0.8
0.8
0.8
0.8
0.8
0.8
0.8
0.8
0.8
0.8
0.8
0.8
0.8
0.8
0.8
0.8
0.8
0.8
0.8
0.8
0.8
0.8
0.8
0.8
0.8
0.8
0.8
0.8
0.8
0.8
0.8
0.8
0.8
0.8
0.8
0.8
0.8
0.8
0.8
0.8
0.8
0.8
0.8
0.8
0.8
0.8
0.8
0.8
0.8
0.8
0.8
0.8
0.8
0.8
0.439524
0.443942
0.450663
0.459802
0.470719
0.482109
0.492706
0.502082
0.510154
0.517325
0.523797
0.530076
0.53614
0.542062
0.547871
0.554016
0.560798
0.568746
0.584173
0.612512
0.64275
0.653057
0.663778
0.773257
0.799017
0.799946
0.799993
0.799847
0.796494
0.752183
0.716097
0.654775
0.661282
0.687666
0.762402
0.796728
0.799385
0.787526
0.728112
0.667717
0.661065
0.655069
0.650012
0.646552
0.64771
0.656596
0.668275
0.668338
0.65697
0.648825
0.662881
0.734288
0.797303
0.799956
0.799999
0.8
0.8
0.8
0.8
0.8
0.8
0.8
0.8
0.8
0.8
0.8
0.8
0.8
0.8
0.8
0.8
0.8
0.8
0.8
0.8
0.8
0.8
0.8
0.8
0.8
0.8
0.8
0.8
0.8
0.8
0.8
0.8
0.8
0.8
0.8
0.8
0.8
0.8
0.8
0.8
0.8
0.8
0.8
0.8
0.8
0.8
0.8
0.8
0.8
0.8
0.8
0.8
0.8
0.8
0.8
0.8
0.8
0.8
0.8
0.8
0.8
0.8
0.8
0.8
0.8
0.8
0.8
0.8
0.8
0.8
0.8
0.8
0.8
0.8
0.8
0.8
0.8
0.8
0.8
0.8
0.8
0.8
0.8
0.8
0.8
0.8
0.8
0.8
0.8
0.8
0.8
0.8
0.8
0.8
0.8
0.44227
0.447484
0.455455
0.465988
0.477921
0.489687
0.500255
0.509432
0.51737
0.524483
0.531042
0.537464
0.543827
0.55065
0.557941
0.565602
0.574976
0.588242
0.620933
0.666438
0.682248
0.775306
0.799293
0.799857
0.799993
0.8
0.8
0.799999
0.799986
0.799527
0.7855
0.681699
0.688874
0.741793
0.797703
0.799992
0.799998
0.799945
0.796564
0.728344
0.668605
0.66661
0.664437
0.66105
0.657624
0.657917
0.665284
0.668707
0.660969
0.652576
0.662181
0.676415
0.797412
0.799953
0.799999
0.8
0.8
0.8
0.8
0.8
0.8
0.8
0.8
0.8
0.8
0.8
0.8
0.8
0.8
0.8
0.8
0.8
0.8
0.8
0.8
0.8
0.8
0.8
0.8
0.8
0.8
0.8
0.8
0.8
0.8
0.8
0.8
0.8
0.8
0.8
0.8
0.8
0.8
0.8
0.8
0.8
0.8
0.8
0.8
0.8
0.8
0.8
0.8
0.8
0.8
0.8
0.8
0.8
0.8
0.8
0.8
0.8
0.8
0.8
0.8
0.8
0.8
0.8
0.8
0.8
0.8
0.8
0.8
0.8
0.8
0.8
0.8
0.8
0.8
0.8
0.8
0.8
0.8
0.8
0.8
0.8
0.8
0.8
0.8
0.8
0.8
0.8
0.8
0.8
0.8
0.8
0.8
0.8
0.8
0.8
0.444949
0.451298
0.46103
0.473453
0.486711
0.498963
0.509564
0.51862
0.526506
0.533671
0.540454
0.547235
0.554241
0.562
0.57144
0.583874
0.60088
0.633209
0.691433
0.731929
0.79784
0.799825
0.799994
0.799999
0.8
0.8
0.8
0.8
0.8
0.799998
0.799886
0.777136
0.719207
0.79576
0.799966
0.8
0.8
0.8
0.799984
0.775569
0.728114
0.785032
0.788987
0.726465
0.681413
0.660104
0.665423
0.669314
0.663936
0.656083
0.662727
0.675429
0.789716
0.799851
0.799998
0.8
0.8
0.8
0.8
0.8
0.8
0.8
0.8
0.8
0.8
0.8
0.8
0.8
0.8
0.8
0.8
0.8
0.8
0.8
0.8
0.8
0.8
0.8
0.8
0.8
0.8
0.8
0.8
0.8
0.8
0.8
0.8
0.8
0.8
0.8
0.8
0.8
0.8
0.8
0.8
0.8
0.8
0.8
0.8
0.8
0.8
0.8
0.8
0.8
0.8
0.8
0.8
0.8
0.8
0.8
0.8
0.8
0.8
0.8
0.8
0.8
0.8
0.8
0.8
0.8
0.8
0.8
0.8
0.8
0.8
0.8
0.8
0.8
0.8
0.8
0.8
0.8
0.8
0.8
0.8
0.8
0.8
0.8
0.8
0.8
0.8
0.8
0.8
0.8
0.8
0.8
0.8
0.8
0.8
0.8
0.447565
0.455435
0.467578
0.48264
0.497814
0.510826
0.521707
0.530869
0.538894
0.54634
0.553675
0.561376
0.569966
0.580372
0.594285
0.61702
0.663639
0.737085
0.783683
0.799341
0.799983
0.799999
0.8
0.8
0.8
0.8
0.8
0.8
0.8
0.8
0.799996
0.797248
0.753191
0.798034
0.799995
0.8
0.8
0.8
0.8
0.794491
0.781874
0.799781
0.799888
0.782443
0.73137
0.662977
0.666415
0.670262
0.666337
0.659143
0.664
0.676222
0.779702
0.799139
0.799985
0.8
0.8
0.8
0.8
0.8
0.8
0.8
0.8
0.8
0.8
0.8
0.8
0.8
0.8
0.8
0.8
0.8
0.8
0.8
0.8
0.8
0.8
0.8
0.8
0.8
0.8
0.8
0.8
0.8
0.8
0.8
0.8
0.8
0.8
0.8
0.8
0.8
0.8
0.8
0.8
0.8
0.8
0.8
0.8
0.8
0.8
0.8
0.8
0.8
0.8
0.8
0.8
0.8
0.8
0.8
0.8
0.8
0.8
0.8
0.8
0.8
0.8
0.8
0.8
0.8
0.8
0.8
0.8
0.8
0.8
0.8
0.8
0.8
0.8
0.8
0.8
0.8
0.8
0.8
0.8
0.8
0.8
0.8
0.8
0.8
0.8
0.8
0.8
0.8
0.8
0.8
0.8
0.8
0.8
0.8
0.450056
0.459741
0.475114
0.494327
0.51322
0.528034
0.540197
0.550156
0.558691
0.566903
0.575678
0.585866
0.598707
0.616473
0.642474
0.687693
0.765036
0.79879
0.799816
0.799993
0.8
0.8
0.8
0.8
0.8
0.8
0.8
0.8
0.8
0.8
0.8
0.799843
0.78283
0.799353
0.799998
0.8
0.8
0.8
0.8
0.79901
0.798018
0.799996
0.799999
0.798245
0.780136
0.665473
0.667739
0.671465
0.668471
0.66187
0.665536
0.677302
0.778635
0.799465
0.799993
0.8
0.8
0.8
0.8
0.8
0.8
0.8
0.8
0.8
0.8
0.8
0.8
0.8
0.8
0.8
0.8
0.8
0.8
0.8
0.8
0.8
0.8
0.8
0.8
0.8
0.8
0.8
0.8
0.8
0.8
0.8
0.8
0.8
0.8
0.8
0.8
0.8
0.8
0.8
0.8
0.8
0.8
0.8
0.8
0.8
0.8
0.8
0.8
0.8
0.8
0.8
0.8
0.8
0.8
0.8
0.8
0.8
0.8
0.8
0.8
0.8
0.8
0.8
0.8
0.8
0.8
0.8
0.8
0.8
0.8
0.8
0.8
0.8
0.8
0.8
0.8
0.8
0.8
0.8
0.8
0.8
0.8
0.8
0.8
0.8
0.8
0.8
0.8
0.8
0.8
0.8
0.8
0.8
0.8
0.8
0.452231
0.463589
0.48341
0.513085
0.549701
0.578664
0.605064
0.626883
0.605218
0.607193
0.617463
0.631215
0.650168
0.678539
0.715342
0.755288
0.79906
0.799986
0.799998
0.8
0.8
0.8
0.8
0.8
0.8
0.8
0.8
0.8
0.8
0.8
0.8
0.799999
0.795133
0.799902
0.8
0.8
0.8
0.8
0.8
0.799844
0.79986
0.8
0.8
0.799891
0.796976
0.667556
0.669239
0.672858
0.670505
0.664429
0.667159
0.678104
0.758038
0.798274
0.799978
0.8
0.8
0.8
0.8
0.8
0.8
0.8
0.8
0.8
0.8
0.8
0.8
0.8
0.8
0.8
0.8
0.8
0.8
0.8
0.8
0.8
0.8
0.8
0.8
0.8
0.8
0.8
0.8
0.8
0.8
0.8
0.8
0.8
0.8
0.8
0.8
0.8
0.8
0.8
0.8
0.8
0.8
0.8
0.8
0.8
0.8
0.8
0.8
0.8
0.8
0.8
0.8
0.8
0.8
0.8
0.8
0.8
0.8
0.8
0.8
0.8
0.8
0.8
0.8
0.8
0.8
0.8
0.8
0.8
0.8
0.8
0.8
0.8
0.8
0.8
0.8
0.8
0.8
0.8
0.8
0.8
0.8
0.8
0.8
0.8
0.8
0.8
0.8
0.8
0.8
0.8
0.8
0.8
0.8
0.8
0.453853
0.465417
0.485599
0.515288
0.550495
0.659939
0.782691
0.705403
0.694517
0.685857
0.688436
0.696727
0.70649
0.715337
0.796147
0.799476
0.799988
0.8
0.8
0.8
0.8
0.8
0.8
0.8
0.8
0.8
0.8
0.8
0.8
0.8
0.8
0.8
0.798874
0.79999
0.8
0.8
0.8
0.8
0.8
0.799978
0.799992
0.8
0.8
0.799995
0.79967
0.669497
0.670871
0.674411
0.672533
0.66694
0.668863
0.678151
0.690988
0.793638
0.799904
0.799999
0.8
0.8
0.8
0.8
0.8
0.8
0.8
0.8
0.8
0.8
0.8
0.8
0.8
0.8
0.8
0.8
0.8
0.8
0.8
0.8
0.8
0.8
0.8
0.8
0.8
0.8
0.8
0.8
0.8
0.8
0.8
0.8
0.8
0.8
0.8
0.8
0.8
0.8
0.8
0.8
0.8
0.8
0.8
0.8
0.8
0.8
0.8
0.8
0.8
0.8
0.8
0.8
0.8
0.8
0.8
0.8
0.8
0.8
0.8
0.8
0.8
0.8
0.8
0.8
0.8
0.8
0.8
0.8
0.8
0.8
0.8
0.8
0.8
0.8
0.8
0.8
0.8
0.8
0.8
0.8
0.8
0.8
0.8
0.8
0.8
0.8
0.8
0.8
0.8
0.8
0.8
0.8
0.8
0.8
0.455307
0.466443
0.485568
0.513081
0.544709
0.548304
0.799411
0.795496
0.796529
0.7924
0.790083
0.788476
0.798014
0.797723
0.79993
0.799995
0.8
0.8
0.8
0.8
0.8
0.8
0.8
0.8
0.8
0.8
0.8
0.8
0.8
0.8
0.8
0.8
0.799768
0.799999
0.8
0.8
0.8
0.8
0.8
0.799997
0.8
0.8
0.8
0.8
0.79997
0.671406
0.672622
0.676119
0.674611
0.669448
0.670872
0.679229
0.691553
0.794163
0.799921
0.799999
0.8
0.8
0.8
0.8
0.8
0.8
0.8
0.8
0.8
0.8
0.8
0.8
0.8
0.8
0.8
0.8
0.8
0.8
0.8
0.8
0.8
0.8
0.8
0.8
0.8
0.8
0.8
0.8
0.8
0.8
0.8
0.8
0.8
0.8
0.8
0.8
0.8
0.8
0.8
0.8
0.8
0.8
0.8
0.8
0.8
0.8
0.8
0.8
0.8
0.8
0.8
0.8
0.8
0.8
0.8
0.8
0.8
0.8
0.8
0.8
0.8
0.8
0.8
0.8
0.8
0.8
0.8
0.8
0.8
0.8
0.8
0.8
0.8
0.8
0.8
0.8
0.8
0.8
0.8
0.8
0.8
0.8
0.8
0.8
0.8
0.8
0.8
0.8
0.8
0.8
0.8
0.8
0.8
0.8
0.456781
0.467252
0.484783
0.509333
0.536656
0.544284
0.546838
0.79992
0.799923
0.799712
0.79968
0.799645
0.79997
0.79997
0.799999
0.8
0.8
0.8
0.8
0.8
0.8
0.8
0.8
0.8
0.8
0.8
0.8
0.8
0.8
0.8
0.8
0.8
0.799956
0.8
0.8
0.8
0.8
0.8
0.8
0.8
0.8
0.8
0.8
0.8
0.799998
0.673324
0.67449
0.677986
0.676771
0.671956
0.673102
0.681079
0.693918
0.795296
0.799946
0.8
0.8
0.8
0.8
0.8
0.8
0.8
0.8
0.8
0.8
0.8
0.8
0.8
0.8
0.8
0.8
0.8
0.8
0.8
0.8
0.8
0.8
0.8
0.8
0.8
0.8
0.8
0.8
0.8
0.8
0.8
0.8
0.8
0.8
0.8
0.8
0.8
0.8
0.8
0.8
0.8
0.8
0.8
0.8
0.8
0.8
0.8
0.8
0.8
0.8
0.8
0.8
0.8
0.8
0.8
0.8
0.8
0.8
0.8
0.8
0.8
0.8
0.8
0.8
0.8
0.8
0.8
0.8
0.8
0.8
0.8
0.8
0.8
0.8
0.8
0.8
0.8
0.8
0.8
0.8
0.8
0.8
0.8
0.8
0.8
0.8
0.8
0.8
0.8
0.8
0.8
0.8
0.8
0.8
0.8
0.458315
0.46803
0.483829
0.505401
0.528996
0.539415
0.544322
0.546758
0.755744
0.799994
0.799993
0.799993
0.8
0.8
0.8
0.8
0.8
0.8
0.8
0.8
0.8
0.8
0.8
0.8
0.8
0.8
0.8
0.8
0.8
0.8
0.8
0.8
0.799992
0.8
0.8
0.8
0.8
0.8
0.8
0.8
0.8
0.8
0.8
0.8
0.8
0.675255
0.676481
0.68002
0.679039
0.674486
0.675485
0.683357
0.696964
0.795111
0.799961
0.8
0.8
0.8
0.8
0.8
0.8
0.8
0.8
0.8
0.8
0.8
0.8
0.8
0.8
0.8
0.8
0.8
0.8
0.8
0.8
0.8
0.8
0.8
0.8
0.8
0.8
0.8
0.8
0.8
0.8
0.8
0.8
0.8
0.8
0.8
0.8
0.8
0.8
0.8
0.8
0.8
0.8
0.8
0.8
0.8
0.8
0.8
0.8
0.8
0.8
0.8
0.8
0.8
0.8
0.8
0.8
0.8
0.8
0.8
0.8
0.8
0.8
0.8
0.8
0.8
0.8
0.8
0.8
0.8
0.8
0.8
0.8
0.8
0.8
0.8
0.8
0.8
0.8
0.8
0.8
0.8
0.8
0.8
0.8
0.8
0.8
0.8
0.8
0.8
0.8
0.8
0.8
0.8
0.8
0.8
0.459937
0.468897
0.483049
0.501959
0.522529
0.53438
0.541031
0.544902
0.548459
0.552263
0.62224
0.741175
0.8
0.8
0.8
0.8
0.8
0.8
0.8
0.8
0.8
0.8
0.8
0.8
0.8
0.8
0.8
0.8
0.8
0.8
0.8
0.8
0.799999
0.8
0.8
0.8
0.8
0.8
0.8
0.8
0.8
0.8
0.8
0.799997
0.798609
0.677272
0.678608
0.68224
0.681445
0.677087
0.678008
0.685912
0.700517
0.791441
0.799768
0.799997
0.8
0.8
0.8
0.8
0.8
0.8
0.8
0.8
0.8
0.8
0.8
0.8
0.8
0.8
0.8
0.8
0.8
0.8
0.8
0.8
0.8
0.8
0.8
0.8
0.8
0.8
0.8
0.8
0.8
0.8
0.8
0.8
0.8
0.8
0.8
0.8
0.8
0.8
0.8
0.8
0.8
0.8
0.8
0.8
0.8
0.8
0.8
0.8
0.8
0.8
0.8
0.8
0.8
0.8
0.8
0.8
0.8
0.8
0.8
0.8
0.8
0.8
0.8
0.8
0.8
0.8
0.8
0.8
0.8
0.8
0.8
0.8
0.8
0.8
0.8
0.8
0.8
0.8
0.8
0.8
0.8
0.8
0.8
0.8
0.8
0.8
0.8
0.8
0.8
0.8
0.8
0.8
0.8
0.8
0.461662
0.469918
0.482606
0.499263
0.517389
0.529712
0.5375
0.542438
0.546038
0.550119
0.554674
0.564604
0.577151
0.8
0.8
0.8
0.8
0.8
0.8
0.8
0.8
0.8
0.8
0.8
0.8
0.8
0.8
0.8
0.8
0.8
0.8
0.8
0.8
0.8
0.8
0.8
0.8
0.8
0.8
0.8
0.8
0.8
0.8
0.799975
0.795579
0.67941
0.680898
0.68469
0.684039
0.679827
0.6807
0.688711
0.704673
0.794084
0.799921
0.799999
0.8
0.8
0.8
0.8
0.8
0.8
0.8
0.8
0.8
0.8
0.8
0.8
0.8
0.8
0.8
0.8
0.8
0.8
0.8
0.8
0.8
0.8
0.8
0.8
0.8
0.8
0.8
0.8
0.8
0.8
0.8
0.8
0.8
0.8
0.8
0.8
0.8
0.8
0.8
0.8
0.8
0.8
0.8
0.8
0.8
0.8
0.8
0.8
0.8
0.8
0.8
0.8
0.8
0.8
0.8
0.8
0.8
0.8
0.8
0.8
0.8
0.8
0.8
0.8
0.8
0.8
0.8
0.8
0.8
0.8
0.8
0.8
0.8
0.8
0.8
0.8
0.8
0.8
0.8
0.8
0.8
0.8
0.8
0.8
0.8
0.8
0.8
0.8
0.8
0.8
0.8
0.8
0.8
0.8
0.463497
0.471124
0.482562
0.497361
0.513516
0.52577
0.534245
0.540036
0.544286
0.548368
0.552299
0.55891
0.570321
0.797613
0.8
0.8
0.8
0.8
0.8
0.8
0.8
0.8
0.8
0.8
0.8
0.8
0.8
0.8
0.8
0.8
0.8
0.8
0.8
0.8
0.8
0.8
0.8
0.8
0.8
0.8
0.8
0.8
0.8
0.799839
0.788654
0.681715
0.683395
0.68745
0.686911
0.68281
0.683631
0.69175
0.709327
0.791103
0.799794
0.799998
0.8
0.8
0.8
0.8
0.8
0.8
0.8
0.8
0.8
0.8
0.8
0.8
0.8
0.8
0.8
0.8
0.8
0.8
0.8
0.8
0.8
0.8
0.8
0.8
0.8
0.8
0.8
0.8
0.8
0.8
0.8
0.8
0.8
0.8
0.8
0.8
0.8
0.8
0.8
0.8
0.8
0.8
0.8
0.8
0.8
0.8
0.8
0.8
0.8
0.8
0.8
0.8
0.8
0.8
0.8
0.8
0.8
0.8
0.8
0.8
0.8
0.8
0.8
0.8
0.8
0.8
0.8
0.8
0.8
0.8
0.8
0.8
0.8
0.8
0.8
0.8
0.8
0.8
0.8
0.8
0.8
0.8
0.8
0.8
0.8
0.8
0.8
0.8
0.8
0.8
0.8
0.8
0.8
0.8
0.465442
0.472523
0.482917
0.496212
0.510784
0.522706
0.53155
0.537975
0.542846
0.547162
0.551226
0.556683
0.565878
0.568881
0.773832
0.799839
0.799998
0.8
0.8
0.8
0.8
0.8
0.8
0.8
0.8
0.8
0.8
0.8
0.8
0.8
0.8
0.8
0.8
0.8
0.8
0.8
0.8
0.8
0.8
0.8
0.8
0.8
0.799995
0.799261
0.773439
0.684273
0.686276
0.690632
0.69023
0.686207
0.686946
0.695099
0.714142
0.790688
0.799894
0.799999
0.8
0.8
0.8
0.8
0.8
0.8
0.8
0.8
0.8
0.8
0.8
0.8
0.8
0.8
0.8
0.8
0.8
0.8
0.8
0.8
0.8
0.8
0.8
0.8
0.8
0.8
0.8
0.8
0.8
0.8
0.8
0.8
0.8
0.8
0.8
0.8
0.8
0.8
0.8
0.8
0.8
0.8
0.8
0.8
0.8
0.8
0.8
0.8
0.8
0.8
0.8
0.8
0.8
0.8
0.8
0.8
0.8
0.8
0.8
0.8
0.8
0.8
0.8
0.8
0.8
0.8
0.8
0.8
0.8
0.8
0.8
0.8
0.8
0.8
0.8
0.8
0.8
0.8
0.8
0.8
0.8
0.8
0.8
0.8
0.8
0.8
0.8
0.8
0.8
0.8
0.8
0.8
0.8
0.8
0.46749
0.474107
0.483648
0.49574
0.509048
0.520536
0.529532
0.536389
0.541747
0.546352
0.55058
0.555397
0.562341
0.566865
0.571738
0.574463
0.577775
0.581567
0.58554
0.589879
0.594948
0.602259
0.71931
0.796415
0.799995
0.8
0.8
0.8
0.8
0.798041
0.762785
0.691938
0.740792
0.764859
0.798947
0.799999
0.8
0.8
0.799964
0.8
0.799102
0.799862
0.791585
0.73994
0.703918
0.687334
0.68982
0.694581
0.694332
0.690329
0.690947
0.699024
0.717765
0.746932
0.799234
0.799994
0.8
0.8
0.8
0.8
0.8
0.8
0.8
0.8
0.8
0.8
0.8
0.8
0.8
0.8
0.8
0.8
0.8
0.8
0.8
0.8
0.8
0.8
0.8
0.8
0.8
0.8
0.8
0.8
0.8
0.8
0.8
0.8
0.8
0.8
0.8
0.8
0.8
0.8
0.8
0.8
0.8
0.8
0.8
0.8
0.8
0.8
0.8
0.8
0.8
0.8
0.8
0.8
0.8
0.8
0.8
0.8
0.8
0.8
0.8
0.8
0.8
0.8
0.8
0.8
0.8
0.8
0.8
0.8
0.8
0.8
0.8
0.8
0.8
0.8
0.8
0.8
0.8
0.8
0.8
0.8
0.8
0.8
0.8
0.8
0.8
0.8
0.8
0.8
0.8
0.8
0.8
0.8
0.8
0.8
0.469628
0.475861
0.484719
0.495864
0.508174
0.519216
0.528226
0.535351
0.541058
0.545916
0.550287
0.55477
0.560246
0.564788
0.56848
0.571795
0.575198
0.578796
0.582618
0.586766
0.591542
0.598045
0.605164
0.611915
0.743404
0.799266
0.799996
0.799379
0.781869
0.707757
0.645187
0.646515
0.665999
0.701672
0.711331
0.784537
0.799364
0.794545
0.785114
0.750708
0.777743
0.793878
0.798019
0.765496
0.712228
0.692473
0.694629
0.700097
0.699862
0.69575
0.696278
0.705055
0.726486
0.760762
0.799373
0.799994
0.8
0.8
0.8
0.8
0.8
0.8
0.8
0.8
0.8
0.8
0.8
0.8
0.8
0.8
0.8
0.8
0.8
0.8
0.8
0.8
0.8
0.8
0.8
0.8
0.8
0.8
0.8
0.8
0.8
0.8
0.8
0.8
0.8
0.8
0.8
0.8
0.8
0.8
0.8
0.8
0.8
0.8
0.8
0.8
0.8
0.8
0.8
0.8
0.8
0.8
0.8
0.8
0.8
0.8
0.8
0.8
0.8
0.8
0.8
0.8
0.8
0.8
0.8
0.8
0.8
0.8
0.8
0.8
0.8
0.8
0.8
0.8
0.8
0.8
0.8
0.8
0.8
0.8
0.8
0.8
0.8
0.8
0.8
0.8
0.8
0.8
0.8
0.8
0.8
0.8
0.8
0.8
0.8
0.8
0.471838
0.477764
0.48609
0.49651
0.508051
0.518688
0.527634
0.534908
0.54085
0.545905
0.550401
0.554744
0.559461
0.56378
0.567544
0.571091
0.574645
0.578284
0.582026
0.585888
0.589972
0.594724
0.599845
0.606595
0.612803
0.65688
0.739856
0.717476
0.629698
0.62865
0.62897
0.631289
0.63817
0.65748
0.679592
0.684284
0.688224
0.692746
0.698412
0.706195
0.723425
0.757909
0.786571
0.786481
0.738389
0.70223
0.702005
0.707756
0.707787
0.703348
0.703832
0.714505
0.740964
0.775988
0.799663
0.799997
0.8
0.8
0.8
0.8
0.8
0.8
0.8
0.8
0.8
0.8
0.8
0.8
0.8
0.8
0.8
0.8
0.8
0.8
0.8
0.8
0.8
0.8
0.8
0.8
0.8
0.8
0.8
0.8
0.8
0.8
0.8
0.8
0.8
0.8
0.8
0.8
0.8
0.8
0.8
0.8
0.8
0.8
0.8
0.8
0.8
0.8
0.8
0.8
0.8
0.8
0.8
0.8
0.8
0.8
0.8
0.8
0.8
0.8
0.8
0.8
0.8
0.8
0.8
0.8
0.8
0.8
0.8
0.8
0.8
0.8
0.8
0.8
0.8
0.8
0.8
0.8
0.8
0.8
0.8
0.8
0.8
0.8
0.8
0.8
0.8
0.8
0.8
0.8
0.8
0.8
0.8
0.8
0.8
0.8
0.4741
0.479791
0.487727
0.497617
0.508594
0.518899
0.527753
0.535098
0.541188
0.54639
0.550995
0.555314
0.559696
0.563867
0.567729
0.57144
0.575125
0.578827
0.582534
0.586207
0.589829
0.593511
0.597352
0.602118
0.607634
0.610426
0.612258
0.613623
0.615028
0.616947
0.619116
0.621646
0.625564
0.633634
0.645332
0.651496
0.656371
0.661211
0.666484
0.672445
0.686712
0.714999
0.752743
0.780387
0.764595
0.723061
0.714771
0.718985
0.719254
0.714221
0.714706
0.72856
0.759774
0.788342
0.799852
0.799999
0.8
0.8
0.8
0.8
0.8
0.8
0.8
0.8
0.8
0.8
0.8
0.8
0.8
0.8
0.8
0.8
0.8
0.8
0.8
0.8
0.8
0.8
0.8
0.8
0.8
0.8
0.8
0.8
0.8
0.8
0.8
0.8
0.8
0.8
0.8
0.8
0.8
0.8
0.8
0.8
0.8
0.8
0.8
0.8
0.8
0.8
0.8
0.8
0.8
0.8
0.8
0.8
0.8
0.8
0.8
0.8
0.8
0.8
0.8
0.8
0.8
0.8
0.8
0.8
0.8
0.8
0.8
0.8
0.8
0.8
0.8
0.8
0.8
0.8
0.8
0.8
0.8
0.8
0.8
0.8
0.8
0.8
0.8
0.8
0.8
0.8
0.8
0.8
0.8
0.8
0.8
0.8
0.8
0.8
0.476389
0.481919
0.489594
0.499139
0.509745
0.519815
0.528587
0.535959
0.542141
0.547448
0.552149
0.556505
0.560776
0.5649
0.568846
0.572692
0.576506
0.5803
0.584041
0.587662
0.591089
0.594282
0.597259
0.600228
0.603461
0.606843
0.609773
0.612467
0.615079
0.616916
0.619026
0.621425
0.624177
0.627783
0.632542
0.636839
0.640995
0.645519
0.650866
0.657608
0.668619
0.688893
0.720827
0.756649
0.772104
0.747284
0.734029
0.735013
0.734926
0.729133
0.729617
0.747341
0.778579
0.795143
0.799927
0.799999
0.8
0.8
0.8
0.8
0.8
0.8
0.8
0.8
0.8
0.8
0.8
0.8
0.8
0.8
0.8
0.8
0.8
0.8
0.8
0.8
0.8
0.8
0.8
0.8
0.8
0.8
0.8
0.8
0.8
0.8
0.8
0.8
0.8
0.8
0.8
0.8
0.8
0.8
0.8
0.8
0.8
0.8
0.8
0.8
0.8
0.8
0.8
0.8
0.8
0.8
0.8
0.8
0.8
0.8
0.8
0.8
0.8
0.8
0.8
0.8
0.8
0.8
0.8
0.8
0.8
0.8
0.8
0.8
0.8
0.8
0.8
0.8
0.8
0.8
0.8
0.8
0.8
0.8
0.8
0.8
0.8
0.8
0.8
0.8
0.8
0.8
0.8
0.8
0.8
0.8
0.8
0.8
0.8
0.8
0.478679
0.484119
0.491664
0.501045
0.511474
0.521428
0.530154
0.537539
0.543776
0.54916
0.553948
0.558374
0.562654
0.566815
0.570868
0.574867
0.578848
0.582811
0.586716
0.590496
0.594085
0.59803
0.602845
0.609214
0.618766
0.630246
0.635394
0.638276
0.640237
0.641953
0.643187
0.643972
0.644652
0.645662
0.647278
0.649295
0.651286
0.653283
0.655636
0.659067
0.665169
0.67751
0.700072
0.731759
0.760585
0.762403
0.754787
0.754146
0.753483
0.747336
0.747665
0.767058
0.790921
0.798331
0.79995
0.8
0.8
0.8
0.8
0.8
0.8
0.8
0.8
0.8
0.8
0.8
0.8
0.8
0.8
0.8
0.8
0.8
0.8
0.8
0.8
0.8
0.8
0.8
0.8
0.8
0.8
0.8
0.8
0.8
0.8
0.8
0.8
0.8
0.8
0.8
0.8
0.8
0.8
0.8
0.8
0.8
0.8
0.8
0.8
0.8
0.8
0.8
0.8
0.8
0.8
0.8
0.8
0.8
0.8
0.8
0.8
0.8
0.8
0.8
0.8
0.8
0.8
0.8
0.8
0.8
0.8
0.8
0.8
0.8
0.8
0.8
0.8
0.8
0.8
0.8
0.8
0.8
0.8
0.8
0.8
0.8
0.8
0.8
0.8
0.8
0.8
0.8
0.8
0.8
0.8
0.8
0.8
0.8
0.8
0.8
0.480965
0.486403
0.493956
0.503338
0.51374
0.523667
0.532503
0.539908
0.546181
0.551624
0.556494
0.561015
0.565379
0.569651
0.573872
0.578089
0.582337
0.586622
0.590929
0.595331
0.601185
0.609397
0.620946
0.634734
0.654382
0.673881
0.678673
0.681534
0.682838
0.6793
0.676505
0.674348
0.673499
0.674516
0.678748
0.687295
0.688535
0.687335
0.684177
0.681261
0.680101
0.683333
0.695009
0.717017
0.744835
0.763289
0.768693
0.770954
0.770896
0.765685
0.765675
0.78049
0.795187
0.799817
0.799991
0.8
0.8
0.8
0.8
0.8
0.8
0.8
0.8
0.8
0.8
0.8
0.8
0.8
0.8
0.8
0.8
0.8
0.8
0.8
0.8
0.8
0.8
0.8
0.8
0.8
0.8
0.8
0.8
0.8
0.8
0.8
0.8
0.8
0.8
0.8
0.8
0.8
0.8
0.8
0.8
0.8
0.8
0.8
0.8
0.8
0.8
0.8
0.8
0.8
0.8
0.8
0.8
0.8
0.8
0.8
0.8
0.8
0.8
0.8
0.8
0.8
0.8
0.8
0.8
0.8
0.8
0.8
0.8
0.8
0.8
0.8
0.8
0.8
0.8
0.8
0.8
0.8
0.8
0.8
0.8
0.8
0.8
0.8
0.8
0.8
0.8
0.8
0.8
0.8
0.8
0.8
0.8
0.8
0.8
0.8
0.483268
0.488839
0.496593
0.506184
0.516702
0.526673
0.535466
0.542849
0.549133
0.554915
0.559926
0.564574
0.569089
0.573558
0.578044
0.582612
0.587319
0.59222
0.59739
0.604771
0.615776
0.632688
0.654517
0.671935
0.695683
0.703123
0.749143
0.788356
0.772241
0.696439
0.694553
0.692999
0.693354
0.697307
0.711691
0.734213
0.741019
0.740387
0.730909
0.721232
0.713076
0.707356
0.708246
0.718678
0.737897
0.758673
0.773357
0.781084
0.783249
0.780235
0.780138
0.789324
0.797368
0.799865
0.79999
0.799999
0.8
0.8
0.8
0.8
0.8
0.8
0.8
0.8
0.8
0.8
0.8
0.8
0.8
0.8
0.8
0.8
0.8
0.8
0.8
0.8
0.8
0.8
0.8
0.8
0.8
0.8
0.8
0.8
0.8
0.8
0.8
0.8
0.8
0.8
0.8
0.8
0.8
0.8
0.8
0.8
0.8
0.8
0.8
0.8
0.8
0.8
0.8
0.8
0.8
0.8
0.8
0.8
0.8
0.8
0.8
0.8
0.8
0.8
0.8
0.8
0.8
0.8
0.8
0.8
0.8
0.8
0.8
0.8
0.8
0.8
0.8
0.8
0.8
0.8
0.8
0.8
0.8
0.8
0.8
0.8
0.8
0.8
0.8
0.8
0.8
0.8
0.8
0.8
0.8
0.8
0.8
0.8
0.8
0.8
0.485568
0.491422
0.49959
0.50962
0.520421
0.530517
0.539293
0.546665
0.552999
0.558827
0.563989
0.569278
0.574037
0.578826
0.583748
0.588913
0.594463
0.600616
0.609025
0.623518
0.643765
0.673264
0.705048
0.714511
0.728334
0.789693
0.799539
0.79999
0.799655
0.792539
0.767129
0.70987
0.711025
0.721181
0.748698
0.767298
0.794937
0.795769
0.750117
0.749082
0.746304
0.738883
0.734774
0.737007
0.745801
0.759483
0.774641
0.785593
0.790104
0.78938
0.789464
0.794463
0.79859
0.799906
0.799992
0.799999
0.8
0.8
0.8
0.8
0.8
0.8
0.8
0.8
0.8
0.8
0.8
0.8
0.8
0.8
0.8
0.8
0.8
0.8
0.8
0.8
0.8
0.8
0.8
0.8
0.8
0.8
0.8
0.8
0.8
0.8
0.8
0.8
0.8
0.8
0.8
0.8
0.8
0.8
0.8
0.8
0.8
0.8
0.8
0.8
0.8
0.8
0.8
0.8
0.8
0.8
0.8
0.8
0.8
0.8
0.8
0.8
0.8
0.8
0.8
0.8
0.8
0.8
0.8
0.8
0.8
0.8
0.8
0.8
0.8
0.8
0.8
0.8
0.8
0.8
0.8
0.8
0.8
0.8
0.8
0.8
0.8
0.8
0.8
0.8
0.8
0.8
0.8
0.8
0.8
0.8
0.8
0.8
0.8
0.8
0.487849
0.494148
0.502969
0.513697
0.524987
0.535327
0.544153
0.551566
0.558001
0.563907
0.56929
0.574738
0.580609
0.586007
0.591704
0.598022
0.605418
0.614828
0.633785
0.66217
0.690426
0.72875
0.748448
0.795057
0.799897
0.799984
0.799999
0.8
0.799999
0.799986
0.798898
0.785928
0.741426
0.759707
0.786924
0.799559
0.799993
0.799998
0.798939
0.795412
0.791964
0.759682
0.76287
0.765461
0.767159
0.769956
0.778558
0.788263
0.793574
0.794297
0.794592
0.797216
0.799297
0.79996
0.799998
0.8
0.8
0.8
0.8
0.8
0.8
0.8
0.8
0.8
0.8
0.8
0.8
0.8
0.8
0.8
0.8
0.8
0.8
0.8
0.8
0.8
0.8
0.8
0.8
0.8
0.8
0.8
0.8
0.8
0.8
0.8
0.8
0.8
0.8
0.8
0.8
0.8
0.8
0.8
0.8
0.8
0.8
0.8
0.8
0.8
0.8
0.8
0.8
0.8
0.8
0.8
0.8
0.8
0.8
0.8
0.8
0.8
0.8
0.8
0.8
0.8
0.8
0.8
0.8
0.8
0.8
0.8
0.8
0.8
0.8
0.8
0.8
0.8
0.8
0.8
0.8
0.8
0.8
0.8
0.8
0.8
0.8
0.8
0.8
0.8
0.8
0.8
0.8
0.8
0.8
0.8
0.8
0.8
0.8
0.8
0.490093
0.497003
0.506741
0.518475
0.530545
0.541349
0.550374
0.557955
0.564591
0.570696
0.576447
0.582313
0.588688
0.596292
0.60379
0.613057
0.625959
0.64674
0.687311
0.732823
0.75681
0.781591
0.799518
0.799991
0.8
0.8
0.8
0.8
0.8
0.8
0.799998
0.799779
0.796097
0.788849
0.799731
0.799999
0.8
0.8
0.799999
0.799943
0.79954
0.793897
0.79926
0.798488
0.795148
0.780322
0.783798
0.790853
0.795585
0.796813
0.797195
0.798671
0.799668
0.799973
0.799997
0.8
0.8
0.8
0.8
0.8
0.8
0.8
0.8
0.8
0.8
0.8
0.8
0.8
0.8
0.8
0.8
0.8
0.8
0.8
0.8
0.8
0.8
0.8
0.8
0.8
0.8
0.8
0.8
0.8
0.8
0.8
0.8
0.8
0.8
0.8
0.8
0.8
0.8
0.8
0.8
0.8
0.8
0.8
0.8
0.8
0.8
0.8
0.8
0.8
0.8
0.8
0.8
0.8
0.8
0.8
0.8
0.8
0.8
0.8
0.8
0.8
0.8
0.8
0.8
0.8
0.8
0.8
0.8
0.8
0.8
0.8
0.8
0.8
0.8
0.8
0.8
0.8
0.8
0.8
0.8
0.8
0.8
0.8
0.8
0.8
0.8
0.8
0.8
0.8
0.8
0.8
0.8
0.8
0.8
0.8
0.49227
0.499928
0.51085
0.523994
0.537362
0.549145
0.558723
0.566793
0.573905
0.580513
0.586974
0.593802
0.601611
0.611569
0.626328
0.644703
0.674758
0.727287
0.773236
0.791641
0.799668
0.799996
0.799999
0.8
0.8
0.8
0.8
0.8
0.8
0.8
0.8
0.8
0.799872
0.797772
0.799953
0.8
0.8
0.8
0.8
0.8
0.799971
0.799647
0.799997
0.799997
0.799544
0.796479
0.788875
0.793694
0.797058
0.798144
0.798516
0.799414
0.79986
0.799983
0.799998
0.8
0.8
0.8
0.8
0.8
0.8
0.8
0.8
0.8
0.8
0.8
0.8
0.8
0.8
0.8
0.8
0.8
0.8
0.8
0.8
0.8
0.8
0.8
0.8
0.8
0.8
0.8
0.8
0.8
0.8
0.8
0.8
0.8
0.8
0.8
0.8
0.8
0.8
0.8
0.8
0.8
0.8
0.8
0.8
0.8
0.8
0.8
0.8
0.8
0.8
0.8
0.8
0.8
0.8
0.8
0.8
0.8
0.8
0.8
0.8
0.8
0.8
0.8
0.8
0.8
0.8
0.8
0.8
0.8
0.8
0.8
0.8
0.8
0.8
0.8
0.8
0.8
0.8
0.8
0.8
0.8
0.8
0.8
0.8
0.8
0.8
0.8
0.8
0.8
0.8
0.8
0.8
0.8
0.8
0.8
0.494327
0.502769
0.515074
0.530216
0.546078
0.560433
0.571704
0.581376
0.589885
0.597793
0.605898
0.615143
0.626871
0.643442
0.672467
0.712978
0.76121
0.791345
0.798632
0.799984
0.799999
0.8
0.8
0.8
0.8
0.8
0.8
0.8
0.8
0.8
0.8
0.8
0.799996
0.799683
0.799995
0.8
0.8
0.8
0.8
0.8
0.799998
0.799987
0.8
0.8
0.799969
0.799658
0.792853
0.79591
0.798082
0.798873
0.799141
0.79964
0.799981
0.799998
0.8
0.8
0.8
0.8
0.8
0.8
0.8
0.8
0.8
0.8
0.8
0.8
0.8
0.8
0.8
0.8
0.8
0.8
0.8
0.8
0.8
0.8
0.8
0.8
0.8
0.8
0.8
0.8
0.8
0.8
0.8
0.8
0.8
0.8
0.8
0.8
0.8
0.8
0.8
0.8
0.8
0.8
0.8
0.8
0.8
0.8
0.8
0.8
0.8
0.8
0.8
0.8
0.8
0.8
0.8
0.8
0.8
0.8
0.8
0.8
0.8
0.8
0.8
0.8
0.8
0.8
0.8
0.8
0.8
0.8
0.8
0.8
0.8
0.8
0.8
0.8
0.8
0.8
0.8
0.8
0.8
0.8
0.8
0.8
0.8
0.8
0.8
0.8
0.8
0.8
0.8
0.8
0.8
0.8
0.8
0.8
0.496182
0.505226
0.518868
0.537125
0.560509
0.588738
0.612385
0.635573
0.657068
0.639487
0.647899
0.660152
0.678455
0.706038
0.746553
0.782993
0.799393
0.799992
0.799994
0.8
0.8
0.8
0.8
0.8
0.8
0.8
0.8
0.8
0.8
0.8
0.8
0.8
0.8
0.799956
0.8
0.8
0.8
0.8
0.8
0.8
0.8
0.8
0.8
0.8
0.799998
0.799975
0.795657
0.79745
0.798761
0.799291
0.799478
0.799761
0.799989
0.799999
0.8
0.799999
0.8
0.8
0.8
0.8
0.8
0.8
0.8
0.8
0.8
0.8
0.8
0.8
0.8
0.8
0.8
0.8
0.8
0.8
0.8
0.8
0.8
0.8
0.8
0.8
0.8
0.8
0.8
0.8
0.8
0.8
0.8
0.8
0.8
0.8
0.8
0.8
0.8
0.8
0.8
0.8
0.8
0.8
0.8
0.8
0.8
0.8
0.8
0.8
0.8
0.8
0.8
0.8
0.8
0.8
0.8
0.8
0.8
0.8
0.8
0.8
0.8
0.8
0.8
0.8
0.8
0.8
0.8
0.8
0.8
0.8
0.8
0.8
0.8
0.8
0.8
0.8
0.8
0.8
0.8
0.8
0.8
0.8
0.8
0.8
0.8
0.8
0.8
0.8
0.8
0.8
0.8
0.8
0.8
0.8
0.497769
0.506932
0.520926
0.539924
0.563962
0.591388
0.693764
0.789046
0.776225
0.763158
0.748953
0.736388
0.750557
0.775647
0.79277
0.798895
0.799991
0.8
0.8
0.8
0.8
0.8
0.8
0.8
0.8
0.8
0.8
0.8
0.8
0.8
0.8
0.8
0.8
0.799995
0.8
0.8
0.8
0.8
0.8
0.8
0.8
0.8
0.8
0.8
0.8
0.799999
0.797475
0.798463
0.799207
0.799541
0.799668
0.799824
0.799963
0.799982
0.799991
0.799995
0.799998
0.799999
0.8
0.8
0.8
0.8
0.8
0.8
0.8
0.8
0.8
0.8
0.8
0.8
0.8
0.8
0.8
0.8
0.8
0.8
0.8
0.8
0.8
0.8
0.8
0.8
0.8
0.8
0.8
0.8
0.8
0.8
0.8
0.8
0.8
0.8
0.8
0.8
0.8
0.8
0.8
0.8
0.8
0.8
0.8
0.8
0.8
0.8
0.8
0.8
0.8
0.8
0.8
0.8
0.8
0.8
0.8
0.8
0.8
0.8
0.8
0.8
0.8
0.8
0.8
0.8
0.8
0.8
0.8
0.8
0.8
0.8
0.8
0.8
0.8
0.8
0.8
0.8
0.8
0.8
0.8
0.8
0.8
0.8
0.8
0.8
0.8
0.8
0.8
0.8
0.8
0.8
0.8
0.8
0.499241
0.508159
0.521713
0.540076
0.563269
0.589895
0.646495
0.799557
0.799714
0.799953
0.798451
0.7924
0.787164
0.799333
0.799938
0.799995
0.8
0.8
0.8
0.8
0.8
0.8
0.8
0.8
0.8
0.8
0.8
0.8
0.8
0.8
0.8
0.8
0.8
0.799999
0.8
0.8
0.8
0.8
0.8
0.8
0.8
0.8
0.8
0.8
0.8
0.8
0.798606
0.799109
0.799506
0.799703
0.799783
0.79986
0.799911
0.799947
0.799974
0.799988
0.799995
0.799998
0.799999
0.8
0.8
0.8
0.8
0.8
0.8
0.8
0.8
0.8
0.8
0.8
0.8
0.8
0.8
0.8
0.8
0.8
0.8
0.8
0.8
0.8
0.8
0.8
0.8
0.8
0.8
0.8
0.8
0.8
0.8
0.8
0.8
0.8
0.8
0.8
0.8
0.8
0.8
0.8
0.8
0.8
0.8
0.8
0.8
0.8
0.8
0.8
0.8
0.8
0.8
0.8
0.8
0.8
0.8
0.8
0.8
0.8
0.8
0.8
0.8
0.8
0.8
0.8
0.8
0.8
0.8
0.8
0.8
0.8
0.8
0.8
0.8
0.8
0.8
0.8
0.8
0.8
0.8
0.8
0.8
0.8
0.8
0.8
0.8
0.8
0.8
0.8
0.8
0.8
0.8
0.8
0.50072
0.509211
0.521933
0.538947
0.560025
0.583623
0.592902
0.596502
0.799997
0.799999
0.799982
0.799904
0.799854
0.799994
0.799999
0.8
0.8
0.8
0.8
0.8
0.8
0.8
0.8
0.8
0.8
0.8
0.8
0.8
0.8
0.8
0.8
0.8
0.8
0.8
0.8
0.8
0.8
0.8
0.8
0.8
0.8
0.8
0.8
0.8
0.8
0.8
0.79927
0.799511
0.799708
0.799817
0.799868
0.79991
0.799944
0.799969
0.799985
0.799993
0.799997
0.799999
0.8
0.8
0.8
0.8
0.8
0.8
0.8
0.8
0.8
0.8
0.8
0.8
0.8
0.8
0.8
0.8
0.8
0.8
0.8
0.8
0.8
0.8
0.8
0.8
0.8
0.8
0.8
0.8
0.8
0.8
0.8
0.8
0.8
0.8
0.8
0.8
0.8
0.8
0.8
0.8
0.8
0.8
0.8
0.8
0.8
0.8
0.8
0.8
0.8
0.8
0.8
0.8
0.8
0.8
0.8
0.8
0.8
0.8
0.8
0.8
0.8
0.8
0.8
0.8
0.8
0.8
0.8
0.8
0.8
0.8
0.8
0.8
0.8
0.8
0.8
0.8
0.8
0.8
0.8
0.8
0.8
0.8
0.8
0.8
0.8
0.8
0.8
0.8
0.8
0.8
0.8
0.8
0.50224
0.510192
0.521876
0.537246
0.555873
0.575971
0.585486
0.592594
0.613792
0.8
0.8
0.799999
0.799999
0.8
0.8
0.8
0.8
0.8
0.8
0.8
0.8
0.8
0.8
0.8
0.8
0.8
0.8
0.8
0.8
0.8
0.8
0.8
0.8
0.8
0.8
0.8
0.8
0.8
0.8
0.8
0.8
0.8
0.8
0.8
0.8
0.8
0.799645
0.799749
0.79984
0.799897
0.799927
0.79995
0.799969
0.799983
0.799991
0.799996
0.799998
0.799999
0.8
0.8
0.8
0.8
0.8
0.8
0.8
0.8
0.8
0.8
0.8
0.8
0.8
0.8
0.8
0.8
0.8
0.8
0.8
0.8
0.8
0.8
0.8
0.8
0.8
0.8
0.8
0.8
0.8
0.8
0.8
0.8
0.8
0.8
0.8
0.8
0.8
0.8
0.8
0.8
0.8
0.8
0.8
0.8
0.8
0.8
0.8
0.8
0.8
0.8
0.8
0.8
0.8
0.8
0.8
0.8
0.8
0.8
0.8
0.8
0.8
0.8
0.8
0.8
0.8
0.8
0.8
0.8
0.8
0.8
0.8
0.8
0.8
0.8
0.8
0.8
0.8
0.8
0.8
0.8
0.8
0.8
0.8
0.8
0.8
0.8
0.8
0.8
0.8
0.8
0.8
0.8
0.503832
0.511196
0.521779
0.535468
0.551758
0.569066
0.579781
0.588279
0.591797
0.59465
0.675274
0.8
0.8
0.8
0.8
0.8
0.8
0.8
0.8
0.8
0.8
0.8
0.8
0.8
0.8
0.8
0.8
0.8
0.8
0.8
0.8
0.8
0.8
0.8
0.8
0.8
0.8
0.8
0.8
0.8
0.8
0.8
0.8
0.8
0.8
0.8
0.799847
0.799882
0.79992
0.799947
0.799963
0.799975
0.799985
0.799991
0.799995
0.799998
0.799999
0.8
0.8
0.8
0.8
0.8
0.8
0.8
0.8
0.8
0.8
0.8
0.8
0.8
0.8
0.8
0.8
0.8
0.8
0.8
0.8
0.8
0.8
0.8
0.8
0.8
0.8
0.8
0.8
0.8
0.8
0.8
0.8
0.8
0.8
0.8
0.8
0.8
0.8
0.8
0.8
0.8
0.8
0.8
0.8
0.8
0.8
0.8
0.8
0.8
0.8
0.8
0.8
0.8
0.8
0.8
0.8
0.8
0.8
0.8
0.8
0.8
0.8
0.8
0.8
0.8
0.8
0.8
0.8
0.8
0.8
0.8
0.8
0.8
0.8
0.8
0.8
0.8
0.8
0.8
0.8
0.8
0.8
0.8
0.8
0.8
0.8
0.8
0.8
0.8
0.8
0.8
0.8
0.8
0.505522
0.51229
0.521799
0.533904
0.54811
0.56314
0.57415
0.5828
0.587489
0.591785
0.596523
0.599367
0.604427
0.691197
0.788949
0.799647
0.799997
0.8
0.8
0.8
0.8
0.8
0.8
0.8
0.8
0.8
0.8
0.8
0.8
0.8
0.8
0.8
0.8
0.8
0.8
0.8
0.8
0.8
0.8
0.8
0.8
0.8
0.8
0.8
0.8
0.8
0.799948
0.79995
0.799963
0.799975
0.799983
0.799988
0.799993
0.799996
0.799998
0.799999
0.799999
0.8
0.8
0.8
0.8
0.8
0.8
0.8
0.8
0.8
0.8
0.8
0.8
0.8
0.8
0.8
0.8
0.8
0.8
0.8
0.8
0.8
0.8
0.8
0.8
0.8
0.8
0.8
0.8
0.8
0.8
0.8
0.8
0.8
0.8
0.8
0.8
0.8
0.8
0.8
0.8
0.8
0.8
0.8
0.8
0.8
0.8
0.8
0.8
0.8
0.8
0.8
0.8
0.8
0.8
0.8
0.8
0.8
0.8
0.8
0.8
0.8
0.8
0.8
0.8
0.8
0.8
0.8
0.8
0.8
0.8
0.8
0.8
0.8
0.8
0.8
0.8
0.8
0.8
0.8
0.8
0.8
0.8
0.8
0.8
0.8
0.8
0.8
0.8
0.8
0.8
0.8
0.8
0.8
0.50733
0.513521
0.522029
0.5327
0.545095
0.558217
0.568925
0.577534
0.583325
0.588146
0.592178
0.596142
0.601576
0.613421
0.799668
0.799991
0.8
0.8
0.8
0.8
0.8
0.8
0.8
0.8
0.8
0.8
0.8
0.8
0.8
0.8
0.8
0.8
0.8
0.8
0.8
0.8
0.8
0.8
0.8
0.8
0.8
0.8
0.8
0.8
0.8
0.8
0.799997
0.799978
0.799984
0.799989
0.799993
0.799995
0.799997
0.799998
0.799999
0.799999
0.8
0.8
0.8
0.8
0.8
0.8
0.8
0.8
0.8
0.8
0.8
0.8
0.8
0.8
0.8
0.8
0.8
0.8
0.8
0.8
0.8
0.8
0.8
0.8
0.8
0.8
0.8
0.8
0.8
0.8
0.8
0.8
0.8
0.8
0.8
0.8
0.8
0.8
0.8
0.8
0.8
0.8
0.8
0.8
0.8
0.8
0.8
0.8
0.8
0.8
0.8
0.8
0.8
0.8
0.8
0.8
0.8
0.8
0.8
0.8
0.8
0.8
0.8
0.8
0.8
0.8
0.8
0.8
0.8
0.8
0.8
0.8
0.8
0.8
0.8
0.8
0.8
0.8
0.8
0.8
0.8
0.8
0.8
0.8
0.8
0.8
0.8
0.8
0.8
0.8
0.8
0.8
0.8
0.8
0.509274
0.514919
0.522516
0.531918
0.542755
0.554261
0.564366
0.572826
0.579272
0.584586
0.589097
0.593534
0.59889
0.608388
0.797229
0.799995
0.8
0.8
0.8
0.8
0.8
0.8
0.8
0.8
0.8
0.8
0.8
0.8
0.8
0.8
0.8
0.8
0.8
0.8
0.8
0.8
0.8
0.8
0.8
0.8
0.8
0.8
0.8
0.8
0.8
0.8
0.8
0.799992
0.799994
0.799996
0.799997
0.799998
0.799999
0.799999
0.8
0.8
0.8
0.8
0.8
0.8
0.8
0.8
0.8
0.8
0.8
0.8
0.8
0.8
0.8
0.8
0.8
0.8
0.8
0.8
0.8
0.8
0.8
0.8
0.8
0.8
0.8
0.8
0.8
0.8
0.8
0.8
0.8
0.8
0.8
0.8
0.8
0.8
0.8
0.8
0.8
0.8
0.8
0.8
0.8
0.8
0.8
0.8
0.8
0.8
0.8
0.8
0.8
0.8
0.8
0.8
0.8
0.8
0.8
0.8
0.8
0.8
0.8
0.8
0.8
0.8
0.8
0.8
0.8
0.8
0.8
0.8
0.8
0.8
0.8
0.8
0.8
0.8
0.8
0.8
0.8
0.8
0.8
0.8
0.8
0.8
0.8
0.8
0.8
0.8
0.8
0.8
0.8
0.8
0.8
0.8
0.51137
0.516507
0.523285
0.531574
0.54107
0.551193
0.560559
0.568742
0.575483
0.581183
0.586155
0.590911
0.596134
0.603988
0.605807
0.608801
0.6799
0.765253
0.79601
0.799727
0.792351
0.776194
0.795433
0.799952
0.8
0.8
0.8
0.8
0.8
0.8
0.8
0.799607
0.798436
0.799967
0.799996
0.8
0.8
0.8
0.8
0.8
0.8
0.8
0.8
0.8
0.8
0.8
0.8
0.799998
0.799998
0.799999
0.799999
0.799999
0.8
0.8
0.8
0.8
0.8
0.8
0.8
0.8
0.8
0.8
0.8
0.8
0.8
0.8
0.8
0.8
0.8
0.8
0.8
0.8
0.8
0.8
0.8
0.8
0.8
0.8
0.8
0.8
0.8
0.8
0.8
0.8
0.8
0.8
0.8
0.8
0.8
0.8
0.8
0.8
0.8
0.8
0.8
0.8
0.8
0.8
0.8
0.8
0.8
0.8
0.8
0.8
0.8
0.8
0.8
0.8
0.8
0.8
0.8
0.8
0.8
0.8
0.8
0.8
0.8
0.8
0.8
0.8
0.8
0.8
0.8
0.8
0.8
0.8
0.8
0.8
0.8
0.8
0.8
0.8
0.8
0.8
0.8
0.8
0.8
0.8
0.8
0.8
0.8
0.8
0.8
0.8
0.8
0.8
0.8
0.8
0.8
0.8
0.513631
0.518298
0.524346
0.53166
0.539999
0.548925
0.5575
0.565284
0.572048
0.577947
0.583196
0.588112
0.593095
0.599138
0.602597
0.606331
0.609133
0.612235
0.61505
0.617554
0.619997
0.622769
0.633328
0.639228
0.774032
0.799933
0.8
0.8
0.8
0.8
0.799652
0.764826
0.703901
0.742937
0.781125
0.799711
0.8
0.8
0.8
0.799994
0.798721
0.796212
0.79882
0.799682
0.799918
0.799981
0.799996
0.799999
0.8
0.8
0.8
0.8
0.8
0.8
0.8
0.8
0.8
0.8
0.8
0.8
0.8
0.8
0.8
0.8
0.8
0.8
0.8
0.8
0.8
0.8
0.8
0.8
0.8
0.8
0.8
0.8
0.8
0.8
0.8
0.8
0.8
0.8
0.8
0.8
0.8
0.8
0.8
0.8
0.8
0.8
0.8
0.8
0.8
0.8
0.8
0.8
0.8
0.8
0.8
0.8
0.8
0.8
0.8
0.8
0.8
0.8
0.8
0.8
0.8
0.8
0.8
0.8
0.8
0.8
0.8
0.8
0.8
0.8
0.8
0.8
0.8
0.8
0.8
0.8
0.8
0.8
0.8
0.8
0.8
0.8
0.8
0.8
0.8
0.8
0.8
0.8
0.8
0.8
0.8
0.8
0.8
0.8
0.8
0.8
0.8
0.8
0.8
0.8
0.8
0.8
0.516075
0.520309
0.525703
0.532163
0.539495
0.547372
0.555151
0.562442
0.569028
0.574935
0.580277
0.585232
0.59001
0.59502
0.599001
0.602693
0.60536
0.607901
0.610476
0.613157
0.616033
0.619261
0.624779
0.632359
0.637555
0.684831
0.78184
0.79946
0.795495
0.755113
0.661034
0.662625
0.666299
0.681345
0.720941
0.734953
0.788738
0.799373
0.796079
0.754925
0.768908
0.781404
0.792508
0.79765
0.799334
0.799828
0.799961
0.799992
0.799999
0.8
0.8
0.8
0.8
0.8
0.8
0.8
0.8
0.8
0.8
0.8
0.8
0.8
0.8
0.8
0.8
0.8
0.8
0.8
0.8
0.8
0.8
0.8
0.8
0.8
0.8
0.8
0.8
0.8
0.8
0.8
0.8
0.8
0.8
0.8
0.8
0.8
0.8
0.8
0.8
0.8
0.8
0.8
0.8
0.8
0.8
0.8
0.8
0.8
0.8
0.8
0.8
0.8
0.8
0.8
0.8
0.8
0.8
0.8
0.8
0.8
0.8
0.8
0.8
0.8
0.8
0.8
0.8
0.8
0.8
0.8
0.8
0.8
0.8
0.8
0.8
0.8
0.8
0.8
0.8
0.8
0.8
0.8
0.8
0.8
0.8
0.8
0.8
0.8
0.8
0.8
0.8
0.8
0.8
0.8
0.8
0.8
0.8
0.8
0.8
0.8
0.518717
0.522552
0.527362
0.533068
0.539518
0.546468
0.553473
0.560208
0.566476
0.572234
0.577519
0.582419
0.587035
0.591534
0.59553
0.599142
0.602144
0.6049
0.607608
0.610379
0.613303
0.616493
0.620546
0.626212
0.632169
0.636594
0.640022
0.642432
0.644591
0.646405
0.647574
0.649939
0.653419
0.660713
0.680504
0.703582
0.710435
0.716933
0.722129
0.725013
0.736226
0.755602
0.777349
0.791335
0.797234
0.799212
0.799795
0.79995
0.799988
0.799997
0.799999
0.8
0.8
0.8
0.8
0.8
0.8
0.8
0.8
0.8
0.8
0.8
0.8
0.8
0.8
0.8
0.8
0.8
0.8
0.8
0.8
0.8
0.8
0.8
0.8
0.8
0.8
0.8
0.8
0.8
0.8
0.8
0.8
0.8
0.8
0.8
0.8
0.8
0.8
0.8
0.8
0.8
0.8
0.8
0.8
0.8
0.8
0.8
0.8
0.8
0.8
0.8
0.8
0.8
0.8
0.8
0.8
0.8
0.8
0.8
0.8
0.8
0.8
0.8
0.8
0.8
0.8
0.8
0.8
0.8
0.8
0.8
0.8
0.8
0.8
0.8
0.8
0.8
0.8
0.8
0.8
0.8
0.8
0.8
0.8
0.8
0.8
0.8
0.8
0.8
0.8
0.8
0.8
0.8
0.8
0.8
0.8
0.8
0.8
0.8
0.521578
0.525043
0.529328
0.534366
0.540041
0.546167
0.552434
0.558584
0.564442
0.569933
0.575049
0.579818
0.584285
0.588516
0.592411
0.595977
0.599167
0.602131
0.605003
0.60788
0.610834
0.613938
0.61737
0.621456
0.62588
0.629049
0.631702
0.634087
0.636309
0.638508
0.640697
0.643362
0.64655
0.651102
0.65949
0.671304
0.677979
0.682945
0.688183
0.694921
0.707219
0.728051
0.755895
0.78003
0.793062
0.797934
0.79943
0.799848
0.79996
0.799989
0.799996
0.799999
0.8
0.8
0.8
0.8
0.8
0.8
0.8
0.8
0.8
0.8
0.8
0.8
0.8
0.8
0.8
0.8
0.8
0.8
0.8
0.8
0.8
0.8
0.8
0.8
0.8
0.8
0.8
0.8
0.8
0.8
0.8
0.8
0.8
0.8
0.8
0.8
0.8
0.8
0.8
0.8
0.8
0.8
0.8
0.8
0.8
0.8
0.8
0.8
0.8
0.8
0.8
0.8
0.8
0.8
0.8
0.8
0.8
0.8
0.8
0.8
0.8
0.8
0.8
0.8
0.8
0.8
0.8
0.8
0.8
0.8
0.8
0.8
0.8
0.8
0.8
0.8
0.8
0.8
0.8
0.8
0.8
0.8
0.8
0.8
0.8
0.8
0.8
0.8
0.8
0.8
0.8
0.8
0.8
0.8
0.8
0.8
0.8
0.8
0.52468
0.527803
0.531613
0.536058
0.541045
0.546437
0.552013
0.557573
0.56297
0.568117
0.572981
0.577557
0.581858
0.585911
0.589696
0.593218
0.596484
0.599567
0.602548
0.605496
0.608464
0.611491
0.614624
0.617933
0.621304
0.624236
0.626865
0.629319
0.631664
0.634036
0.636515
0.639246
0.642257
0.645854
0.650441
0.656106
0.661208
0.66602
0.671865
0.680047
0.692965
0.713421
0.741899
0.770833
0.789113
0.796626
0.799035
0.79973
0.799924
0.799978
0.799993
0.799998
0.799999
0.8
0.8
0.8
0.8
0.8
0.8
0.8
0.8
0.8
0.8
0.8
0.8
0.8
0.8
0.8
0.8
0.8
0.8
0.8
0.8
0.8
0.8
0.8
0.8
0.8
0.8
0.8
0.8
0.8
0.8
0.8
0.8
0.8
0.8
0.8
0.8
0.8
0.8
0.8
0.8
0.8
0.8
0.8
0.8
0.8
0.8
0.8
0.8
0.8
0.8
0.8
0.8
0.8
0.8
0.8
0.8
0.8
0.8
0.8
0.8
0.8
0.8
0.8
0.8
0.8
0.8
0.8
0.8
0.8
0.8
0.8
0.8
0.8
0.8
0.8
0.8
0.8
0.8
0.8
0.8
0.8
0.8
0.8
0.8
0.8
0.8
0.8
0.8
0.8
0.8
0.8
0.8
0.8
0.8
0.8
0.8
0.8
0.52805
0.530855
0.534237
0.538152
0.54253
0.547264
0.552201
0.557186
0.562098
0.566855
0.571411
0.575746
0.579853
0.583742
0.587412
0.590873
0.594144
0.597268
0.600296
0.603271
0.606228
0.609188
0.612161
0.615143
0.61808
0.620846
0.623455
0.625961
0.628413
0.630861
0.633401
0.6361
0.639067
0.642362
0.646059
0.650202
0.654706
0.659857
0.666458
0.675797
0.689954
0.711595
0.741044
0.770392
0.788833
0.796469
0.79896
0.799699
0.799912
0.799974
0.799992
0.799998
0.799999
0.8
0.8
0.8
0.8
0.8
0.8
0.8
0.8
0.8
0.8
0.8
0.8
0.8
0.8
0.8
0.8
0.8
0.8
0.8
0.8
0.8
0.8
0.8
0.8
0.8
0.8
0.8
0.8
0.8
0.8
0.8
0.8
0.8
0.8
0.8
0.8
0.8
0.8
0.8
0.8
0.8
0.8
0.8
0.8
0.8
0.8
0.8
0.8
0.8
0.8
0.8
0.8
0.8
0.8
0.8
0.8
0.8
0.8
0.8
0.8
0.8
0.8
0.8
0.8
0.8
0.8
0.8
0.8
0.8
0.8
0.8
0.8
0.8
0.8
0.8
0.8
0.8
0.8
0.8
0.8
0.8
0.8
0.8
0.8
0.8
0.8
0.8
0.8
0.8
0.8
0.8
0.8
0.8
0.8
0.8
0.8
0.8
0.531724
0.534234
0.537227
0.540669
0.544503
0.548651
0.553001
0.557439
0.561866
0.566211
0.570425
0.574481
0.578364
0.582073
0.585609
0.588981
0.592208
0.595317
0.598337
0.601299
0.604222
0.60712
0.609992
0.612829
0.615605
0.618289
0.620889
0.623434
0.625962
0.628514
0.631145
0.63392
0.636903
0.640154
0.643751
0.647809
0.652538
0.658383
0.666172
0.677312
0.693938
0.718235
0.748763
0.77594
0.791267
0.797248
0.799176
0.799756
0.799927
0.799978
0.799993
0.799998
0.799999
0.8
0.8
0.8
0.8
0.8
0.8
0.8
0.8
0.8
0.8
0.8
0.8
0.8
0.8
0.8
0.8
0.8
0.8
0.8
0.8
0.8
0.8
0.8
0.8
0.8
0.8
0.8
0.8
0.8
0.8
0.8
0.8
0.8
0.8
0.8
0.8
0.8
0.8
0.8
0.8
0.8
0.8
0.8
0.8
0.8
0.8
0.8
0.8
0.8
0.8
0.8
0.8
0.8
0.8
0.8
0.8
0.8
0.8
0.8
0.8
0.8
0.8
0.8
0.8
0.8
0.8
0.8
0.8
0.8
0.8
0.8
0.8
0.8
0.8
0.8
0.8
0.8
0.8
0.8
0.8
0.8
0.8
0.8
0.8
0.8
0.8
0.8
0.8
0.8
0.8
0.8
0.8
0.8
0.8
0.8
0.8
0.8
0.535748
0.537983
0.540623
0.54364
0.54699
0.550614
0.554432
0.558357
0.562315
0.566245
0.570101
0.573854
0.577487
0.580992
0.584369
0.587623
0.590765
0.593814
0.596787
0.599703
0.602575
0.605411
0.60821
0.610968
0.613675
0.616328
0.618937
0.621525
0.624123
0.626769
0.62951
0.632406
0.635523
0.63895
0.642808
0.647298
0.652756
0.659772
0.669345
0.68309
0.703222
0.730966
0.7615
0.783876
0.794503
0.798294
0.799486
0.799845
0.799953
0.799986
0.799996
0.799999
0.8
0.8
0.8
0.8
0.8
0.8
0.8
0.8
0.8
0.8
0.8
0.8
0.8
0.8
0.8
0.8
0.8
0.8
0.8
0.8
0.8
0.8
0.8
0.8
0.8
0.8
0.8
0.8
0.8
0.8
0.8
0.8
0.8
0.8
0.8
0.8
0.8
0.8
0.8
0.8
0.8
0.8
0.8
0.8
0.8
0.8
0.8
0.8
0.8
0.8
0.8
0.8
0.8
0.8
0.8
0.8
0.8
0.8
0.8
0.8
0.8
0.8
0.8
0.8
0.8
0.8
0.8
0.8
0.8
0.8
0.8
0.8
0.8
0.8
0.8
0.8
0.8
0.8
0.8
0.8
0.8
0.8
0.8
0.8
0.8
0.8
0.8
0.8
0.8
0.8
0.8
0.8
0.8
0.8
0.8
0.8
0.8
0.8
0.540183
0.542163
0.544482
0.547118
0.550037
0.553194
0.556531
0.559986
0.563501
0.567025
0.570521
0.573961
0.577328
0.58061
0.583804
0.586911
0.589938
0.592895
0.595793
0.598642
0.60145
0.604225
0.606966
0.609675
0.612353
0.615006
0.617648
0.620303
0.623001
0.625784
0.628705
0.631833
0.635259
0.639107
0.643567
0.648931
0.655678
0.664598
0.676988
0.694784
0.719867
0.750361
0.776766
0.791471
0.797252
0.799156
0.799744
0.799922
0.799976
0.799993
0.799998
0.799999
0.8
0.8
0.8
0.8
0.8
0.8
0.8
0.8
0.8
0.8
0.8
0.8
0.8
0.8
0.8
0.8
0.8
0.8
0.8
0.8
0.8
0.8
0.8
0.8
0.8
0.8
0.8
0.8
0.8
0.8
0.8
0.8
0.8
0.8
0.8
0.8
0.8
0.8
0.8
0.8
0.8
0.8
0.8
0.8
0.8
0.8
0.8
0.8
0.8
0.8
0.8
0.8
0.8
0.8
0.8
0.8
0.8
0.8
0.8
0.8
0.8
0.8
0.8
0.8
0.8
0.8
0.8
0.8
0.8
0.8
0.8
0.8
0.8
0.8
0.8
0.8
0.8
0.8
0.8
0.8
0.8
0.8
0.8
0.8
0.8
0.8
0.8
0.8
0.8
0.8
0.8
0.8
0.8
0.8
0.8
0.8
0.8
0.8
0.545116
0.546859
0.548886
0.551181
0.553717
0.55646
0.559369
0.562397
0.565501
0.568643
0.57179
0.57492
0.578015
0.581064
0.584062
0.587006
0.589899
0.592746
0.595553
0.598327
0.601073
0.603796
0.606501
0.609194
0.611882
0.614579
0.617305
0.62009
0.622972
0.626005
0.629256
0.632819
0.636822
0.641451
0.646984
0.653858
0.662777
0.674882
0.691906
0.715722
0.745408
0.772902
0.789554
0.796532
0.798915
0.799666
0.799897
0.799968
0.79999
0.799997
0.799999
0.8
0.8
0.8
0.8
0.8
0.8
0.8
0.8
0.8
0.8
0.8
0.8
0.8
0.8
0.8
0.8
0.8
0.8
0.8
0.8
0.8
0.8
0.8
0.8
0.8
0.8
0.8
0.8
0.8
0.8
0.8
0.8
0.8
0.8
0.8
0.8
0.8
0.8
0.8
0.8
0.8
0.8
0.8
0.8
0.8
0.8
0.8
0.8
0.8
0.8
0.8
0.8
0.8
0.8
0.8
0.8
0.8
0.8
0.8
0.8
0.8
0.8
0.8
0.8
0.8
0.8
0.8
0.8
0.8
0.8
0.8
0.8
0.8
0.8
0.8
0.8
0.8
0.8
0.8
0.8
0.8
0.8
0.8
0.8
0.8
0.8
0.8
0.8
0.8
0.8
0.8
0.8
0.8
0.8
0.8
0.8
0.8
0.8
0.8
0.550675
0.552199
0.553964
0.555955
0.558153
0.560532
0.563063
0.565712
0.568447
0.571238
0.574062
0.576899
0.579733
0.582555
0.585358
0.588139
0.590899
0.59364
0.596364
0.599077
0.601785
0.604493
0.607209
0.609946
0.612718
0.615547
0.618464
0.621511
0.624741
0.628225
0.632064
0.636391
0.641401
0.647383
0.65478
0.664298
0.677054
0.69468
0.71873
0.747788
0.774024
0.789841
0.796563
0.798906
0.799658
0.799894
0.799967
0.799989
0.799997
0.799999
0.8
0.8
0.8
0.8
0.8
0.8
0.8
0.8
0.8
0.8
0.8
0.8
0.8
0.8
0.8
0.8
0.8
0.8
0.8
0.8
0.8
0.8
0.8
0.8
0.8
0.8
0.8
0.8
0.8
0.8
0.8
0.8
0.8
0.8
0.8
0.8
0.8
0.8
0.8
0.8
0.8
0.8
0.8
0.8
0.8
0.8
0.8
0.8
0.8
0.8
0.8
0.8
0.8
0.8
0.8
0.8
0.8
0.8
0.8
0.8
0.8
0.8
0.8
0.8
0.8
0.8
0.8
0.8
0.8
0.8
0.8
0.8
0.8
0.8
0.8
0.8
0.8
0.8
0.8
0.8
0.8
0.8
0.8
0.8
0.8
0.8
0.8
0.8
0.8
0.8
0.8
0.8
0.8
0.8
0.8
0.8
0.8
0.8
0.8
0.8
0.557067
0.558391
0.559921
0.561646
0.563552
0.565619
0.567825
0.570147
0.572563
0.57505
0.577591
0.580169
0.582775
0.585399
0.588037
0.590684
0.593342
0.596012
0.598697
0.601403
0.604137
0.606908
0.609732
0.612625
0.615615
0.618736
0.622032
0.625565
0.629415
0.633692
0.638549
0.644209
0.651002
0.659435
0.670299
0.684779
0.704363
0.729697
0.757477
0.779809
0.792202
0.797329
0.799132
0.799723
0.799912
0.799972
0.799991
0.799997
0.799999
0.8
0.8
0.8
0.8
0.8
0.8
0.8
0.8
0.8
0.8
0.8
0.8
0.8
0.8
0.8
0.8
0.8
0.8
0.8
0.8
0.8
0.8
0.8
0.8
0.8
0.8
0.8
0.8
0.8
0.8
0.8
0.8
0.8
0.8
0.8
0.8
0.8
0.8
0.8
0.8
0.8
0.8
0.8
0.8
0.8
0.8
0.8
0.8
0.8
0.8
0.8
0.8
0.8
0.8
0.8
0.8
0.8
0.8
0.8
0.8
0.8
0.8
0.8
0.8
0.8
0.8
0.8
0.8
0.8
0.8
0.8
0.8
0.8
0.8
0.8
0.8
0.8
0.8
0.8
0.8
0.8
0.8
0.8
0.8
0.8
0.8
0.8
0.8
0.8
0.8
0.8
0.8
0.8
0.8
0.8
0.8
0.8
0.8
0.8
0.8
0.8
0.564636
0.565784
0.567113
0.568614
0.570277
0.572087
0.57403
0.57609
0.578251
0.580498
0.582819
0.585203
0.587642
0.590132
0.592669
0.595253
0.597884
0.600567
0.603308
0.606114
0.608998
0.611976
0.615071
0.618313
0.621745
0.62542
0.62941
0.633815
0.638771
0.644475
0.65121
0.659405
0.669702
0.683037
0.700577
0.723045
0.748754
0.772122
0.787659
0.795312
0.798367
0.799455
0.799822
0.799942
0.799981
0.799994
0.799998
0.799999
0.8
0.8
0.8
0.8
0.8
0.8
0.8
0.8
0.8
0.8
0.8
0.8
0.8
0.8
0.8
0.8
0.8
0.8
0.8
0.8
0.8
0.8
0.8
0.8
0.8
0.8
0.8
0.8
0.8
0.8
0.8
0.8
0.8
0.8
0.8
0.8
0.8
0.8
0.8
0.8
0.8
0.8
0.8
0.8
0.8
0.8
0.8
0.8
0.8
0.8
0.8
0.8
0.8
0.8
0.8
0.8
0.8
0.8
0.8
0.8
0.8
0.8
0.8
0.8
0.8
0.8
0.8
0.8
0.8
0.8
0.8
0.8
0.8
0.8
0.8
0.8
0.8
0.8
0.8
0.8
0.8
0.8
0.8
0.8
0.8
0.8
0.8
0.8
0.8
0.8
0.8
0.8
0.8
0.8
0.8
0.8
0.8
0.8
0.8
0.8
0.8
0.8
0.573978
0.574983
0.576154
0.577484
0.578966
0.580591
0.582349
0.58423
0.586225
0.588324
0.590521
0.59281
0.595188
0.597653
0.600206
0.602851
0.605591
0.608436
0.611396
0.614486
0.617729
0.621154
0.624801
0.628724
0.632994
0.637712
0.643017
0.649104
0.656255
0.664882
0.675571
0.689108
0.706311
0.727366
0.750477
0.771384
0.786101
0.794161
0.797779
0.799205
0.799725
0.799907
0.799969
0.79999
0.799997
0.799999
0.8
0.8
0.8
0.8
0.8
0.8
0.8
0.8
0.8
0.8
0.8
0.8
0.8
0.8
0.8
0.8
0.8
0.8
0.8
0.8
0.8
0.8
0.8
0.8
0.8
0.8
0.8
0.8
0.8
0.8
0.8
0.8
0.8
0.8
0.8
0.8
0.8
0.8
0.8
0.8
0.8
0.8
0.8
0.8
0.8
0.8
0.8
0.8
0.8
0.8
0.8
0.8
0.8
0.8
0.8
0.8
0.8
0.8
0.8
0.8
0.8
0.8
0.8
0.8
0.8
0.8
0.8
0.8
0.8
0.8
0.8
0.8
0.8
0.8
0.8
0.8
0.8
0.8
0.8
0.8
0.8
0.8
0.8
0.8
0.8
0.8
0.8
0.8
0.8
0.8
0.8
0.8
0.8
0.8
0.8
0.8
0.8
0.8
0.8
0.8
0.8
0.8
0.8
0.8
0.586139
0.587052
0.588126
0.589358
0.590745
0.59228
0.593959
0.595777
0.597731
0.599816
0.602032
0.604378
0.606856
0.60947
0.612228
0.615138
0.618215
0.621475
0.624943
0.628653
0.632648
0.636989
0.641758
0.647069
0.653081
0.660014
0.668173
0.677977
0.689946
0.704609
0.722151
0.741764
0.761163
0.777336
0.788439
0.794753
0.797822
0.799153
0.799686
0.799887
0.799961
0.799987
0.799995
0.799998
0.799999
0.8
0.8
0.8
0.8
0.8
0.8
0.8
0.8
0.8
0.8
0.8
0.8
0.8
0.8
0.8
0.8
0.8
0.8
0.8
0.8
0.8
0.8
0.8
0.8
0.8
0.8
0.8
0.8
0.8
0.8
0.8
0.8
0.8
0.8
0.8
0.8
0.8
0.8
0.8
0.8
0.8
0.8
0.8
0.8
0.8
0.8
0.8
0.8
0.8
0.8
0.8
0.8
0.8
0.8
0.8
0.8
0.8
0.8
0.8
0.8
0.8
0.8
0.8
0.8
0.8
0.8
0.8
0.8
0.8
0.8
0.8
0.8
0.8
0.8
0.8
0.8
0.8
0.8
0.8
0.8
0.8
0.8
0.8
0.8
0.8
0.8
0.8
0.8
0.8
0.8
0.8
0.8
0.8
0.8
0.8
0.8
0.8
0.8
0.8
0.8
0.8
0.8
0.8
0.8
0.8
0.602997
0.603899
0.604971
0.606214
0.607628
0.609211
0.610965
0.612889
0.614987
0.617261
0.619719
0.622367
0.625216
0.628283
0.631586
0.635151
0.639011
0.643213
0.647813
0.652892
0.658555
0.664941
0.672238
0.680685
0.690565
0.702165
0.715654
0.730859
0.746999
0.762628
0.776065
0.786154
0.792737
0.796504
0.798434
0.799339
0.799735
0.799898
0.799962
0.799986
0.799995
0.799998
0.799999
0.8
0.8
0.8
0.8
0.8
0.8
0.8
0.8
0.8
0.8
0.8
0.8
0.8
0.8
0.8
0.8
0.8
0.8
0.8
0.8
0.8
0.8
0.8
0.8
0.8
0.8
0.8
0.8
0.8
0.8
0.8
0.8
0.8
0.8
0.8
0.8
0.8
0.8
0.8
0.8
0.8
0.8
0.8
0.8
0.8
0.8
0.8
0.8
0.8
0.8
0.8
0.8
0.8
0.8
0.8
0.8
0.8
0.8
0.8
0.8
0.8
0.8
0.8
0.8
0.8
0.8
0.8
0.8
0.8
0.8
0.8
0.8
0.8
0.8
0.8
0.8
0.8
0.8
0.8
0.8
0.8
0.8
0.8
0.8
0.8
0.8
0.8
0.8
0.8
0.8
0.8
0.8
0.8
0.8
0.8
0.8
0.8
0.8
0.8
0.8
0.8
0.8
0.8
0.8
0.8
0.8
0.8
0.628076
0.629104
0.630329
0.631758
0.633397
0.635254
0.637337
0.639656
0.642224
0.645058
0.648175
0.651603
0.65537
0.659518
0.664095
0.669164
0.674801
0.681098
0.688165
0.696119
0.70507
0.715085
0.726128
0.737987
0.750211
0.762122
0.77293
0.781949
0.788808
0.793542
0.796518
0.798236
0.799156
0.799617
0.799835
0.799932
0.799973
0.79999
0.799996
0.799999
0.8
0.8
0.8
0.8
0.8
0.8
0.8
0.8
0.8
0.8
0.8
0.8
0.8
0.8
0.8
0.8
0.8
0.8
0.8
0.8
0.8
0.8
0.8
0.8
0.8
0.8
0.8
0.8
0.8
0.8
0.8
0.8
0.8
0.8
0.8
0.8
0.8
0.8
0.8
0.8
0.8
0.8
0.8
0.8
0.8
0.8
0.8
0.8
0.8
0.8
0.8
0.8
0.8
0.8
0.8
0.8
0.8
0.8
0.8
0.8
0.8
0.8
0.8
0.8
0.8
0.8
0.8
0.8
0.8
0.8
0.8
0.8
0.8
0.8
0.8
0.8
0.8
0.8
0.8
0.8
0.8
0.8
0.8
0.8
0.8
0.8
0.8
0.8
0.8
0.8
0.8
0.8
0.8
0.8
0.8
0.8
0.8
0.8
0.8
0.8
0.8
0.8
0.8
0.8
0.8
0.8
0.8
0.8
0.8
0.8
0.66794
0.66931
0.670933
0.672829
0.675016
0.677513
0.680342
0.683525
0.687086
0.691055
0.695463
0.700342
0.705727
0.711646
0.718117
0.725139
0.732675
0.740642
0.748895
0.75722
0.765344
0.772961
0.779773
0.785549
0.790167
0.793637
0.796085
0.797709
0.798724
0.799323
0.799658
0.799835
0.799924
0.799966
0.799986
0.799994
0.799998
0.799999
0.8
0.8
0.8
0.8
0.8
0.8
0.8
0.8
0.8
0.8
0.8
0.8
0.8
0.8
0.8
0.8
0.8
0.8
0.8
0.8
0.8
0.8
0.8
0.8
0.8
0.8
0.8
0.8
0.8
0.8
0.8
0.8
0.8
0.8
0.8
0.8
0.8
0.8
0.8
0.8
0.8
0.8
0.8
0.8
0.8
0.8
0.8
0.8
0.8
0.8
0.8
0.8
0.8
0.8
0.8
0.8
0.8
0.8
0.8
0.8
0.8
0.8
0.8
0.8
0.8
0.8
0.8
0.8
0.8
0.8
0.8
0.8
0.8
0.8
0.8
0.8
0.8
0.8
0.8
0.8
0.8
0.8
0.8
0.8
0.8
0.8
0.8
0.8
0.8
0.8
0.8
0.8
0.8
0.8
0.8
0.8
0.8
0.8
0.8
0.8
0.8
0.8
0.8
0.8
0.8
0.8
0.8
0.8
0.8
0.8
0.8
0.8
0.727942
0.729572
0.73148
0.733684
0.736198
0.739023
0.742158
0.745594
0.749313
0.753287
0.757479
0.761833
0.766283
0.770746
0.775127
0.779324
0.783236
0.786772
0.789865
0.792473
0.79459
0.796243
0.797482
0.798374
0.798989
0.799395
0.799652
0.799808
0.799898
0.799948
0.799975
0.799988
0.799995
0.799998
0.799999
0.8
0.8
0.8
0.8
0.8
0.8
0.8
0.8
0.8
0.8
0.8
0.8
0.8
0.8
0.8
0.8
0.8
0.8
0.8
0.8
0.8
0.8
0.8
0.8
0.8
0.8
0.8
0.8
0.8
0.8
0.8
0.8
0.8
0.8
0.8
0.8
0.8
0.8
0.8
0.8
0.8
0.8
0.8
0.8
0.8
0.8
0.8
0.8
0.8
0.8
0.8
0.8
0.8
0.8
0.8
0.8
0.8
0.8
0.8
0.8
0.8
0.8
0.8
0.8
0.8
0.8
0.8
0.8
0.8
0.8
0.8
0.8
0.8
0.8
0.8
0.8
0.8
0.8
0.8
0.8
0.8
0.8
0.8
0.8
0.8
0.8
0.8
0.8
0.8
0.8
0.8
0.8
0.8
0.8
0.8
0.8
0.8
0.8
0.8
0.8
0.8
0.8
0.8
0.8
0.8
0.8
0.8
0.8
0.8
0.8
0.8
0.8
0.8
0.8
0.8
0.781672
0.78245
0.783346
0.784353
0.785456
0.786639
0.787879
0.789152
0.790434
0.791697
0.792915
0.794064
0.795123
0.796075
0.79691
0.797624
0.798217
0.798696
0.799071
0.799357
0.799567
0.799718
0.799822
0.799891
0.799936
0.799963
0.79998
0.799989
0.799995
0.799997
0.799999
0.799999
0.8
0.8
0.8
0.8
0.8
0.8
0.8
0.8
0.8
0.8
0.8
0.8
0.8
0.8
0.8
0.8
0.8
0.8
0.8
0.8
0.8
0.8
0.8
0.8
0.8
0.8
0.8
0.8
0.8
0.8
0.8
0.8
0.8
0.8
0.8
0.8
0.8
0.8
0.8
0.8
0.8
0.8
0.8
0.8
0.8
0.8
0.8
0.8
0.8
0.8
0.8
0.8
0.8
0.8
0.8
0.8
0.8
0.8
0.8
0.8
0.8
0.8
0.8
0.8
0.8
0.8
0.8
0.8
0.8
0.8
0.8
0.8
0.8
0.8
0.8
0.8
0.8
0.8
0.8
0.8
0.8
0.8
0.8
0.8
0.8
0.8
0.8
0.8
0.8
0.8
0.8
0.8
0.8
0.8
0.8
0.8
0.8
0.8
0.8
0.8
0.8
0.8
0.8
0.8
0.8
0.8
0.8
0.8
0.8
0.8
0.8
0.8
0.8
0.8
0.8
0.8
0.8
0.8
0.798472
0.79856
0.79866
0.798771
0.798889
0.79901
0.799132
0.799251
0.799365
0.799472
0.799568
0.799654
0.799729
0.799792
0.799844
0.799886
0.799918
0.799943
0.799961
0.799975
0.799984
0.79999
0.799994
0.799996
0.799998
0.799999
0.799999
0.8
0.8
0.8
0.8
0.8
0.8
0.8
0.8
0.8
0.8
0.8
0.8
0.8
0.8
0.8
0.8
0.8
0.8
0.8
0.8
0.8
0.8
0.8
0.8
0.8
0.8
0.8
0.8
0.8
0.8
0.8
0.8
0.8
0.8
0.8
0.8
0.8
0.8
0.8
0.8
0.8
0.8
0.8
0.8
0.8
0.8
0.8
0.8
0.8
0.8
0.8
0.8
0.8
0.8
0.8
0.8
0.8
0.8
0.8
0.8
0.8
0.8
0.8
0.8
0.8
0.8
0.8
0.8
0.8
0.8
0.8
0.8
0.8
0.8
0.8
0.8
0.8
0.8
0.8
0.8
0.8
0.8
0.8
0.8
0.8
0.8
0.8
0.8
0.8
0.8
0.8
0.8
0.8
0.8
0.8
0.8
0.8
0.8
0.8
0.8
0.8
0.8
0.8
0.8
0.8
0.8
0.8
0.8
0.8
0.8
0.8
0.8
0.8
0.8
0.8
0.8
0.8
0.8
0.8
0.8
0.8
0.8
0.8
)
;

boundaryField
{
    left
    {
        type            fixedValue;
        value           uniform 0;
    }
    right
    {
        type            fixedValue;
        value           uniform 0;
    }
    up
    {
        type            fixedValue;
        value           uniform 0;
    }
    down
    {
        type            fixedValue;
        value           uniform 0;
    }
    front
    {
        type            fixedValue;
        value           uniform 0;
    }
    back
    {
        type            fixedValue;
        value           uniform 0;
    }
}


// ************************************************************************* //
