/*--------------------------------*- C++ -*----------------------------------*\
| =========                 |                                                 |
| \\      /  F ield         | OpenFOAM: The Open Source CFD Toolbox           |
|  \\    /   O peration     | Version:  2.1.0                                 |
|   \\  /    A nd           | Web:      www.OpenFOAM.org                      |
|    \\/     M anipulation  |                                                 |
\*---------------------------------------------------------------------------*/
FoamFile
{
    version     2.0;
    format      ascii;
    class       volScalarField;
    location    "24090";
    object      sw;
}
// * * * * * * * * * * * * * * * * * * * * * * * * * * * * * * * * * * * * * //

dimensions      [0 0 0 0 0 0 0];

internalField   nonuniform List<scalar> 
15000
(
0.8
0.799997
0.799789
0.797581
0.790483
0.778579
0.764215
0.749275
0.734678
0.720777
0.707678
0.695386
0.683866
0.673074
0.662959
0.653476
0.644579
0.636223
0.628367
0.620973
0.614004
0.607425
0.601203
0.595303
0.589694
0.584349
0.579244
0.57436
0.569676
0.565175
0.560843
0.556665
0.552629
0.548722
0.544931
0.541249
0.537665
0.53417
0.530757
0.527418
0.524145
0.520933
0.517775
0.514667
0.511605
0.508584
0.5056
0.502652
0.499736
0.496851
0.493996
0.491171
0.488375
0.485607
0.482868
0.48016
0.477482
0.474836
0.472222
0.46964
0.467091
0.464574
0.462091
0.45964
0.45722
0.454829
0.452467
0.450131
0.447819
0.44553
0.44326
0.441006
0.438767
0.436539
0.434319
0.432105
0.429893
0.427679
0.42546
0.423233
0.420995
0.41874
0.416464
0.414163
0.411832
0.409466
0.407058
0.4046
0.402085
0.399504
0.396844
0.394093
0.39123
0.388233
0.385071
0.381704
0.378079
0.37412
0.369724
0.364743
0.358957
0.352032
0.343437
0.332317
0.317306
0.296551
0.26915
0.239576
0.217581
0.206561
0.202286
0.20079
0.200278
0.2001
0.200037
0.200014
0.200006
0.200002
0.200001
0.2
0.2
0.2
0.2
0.2
0.2
0.2
0.2
0.2
0.2
0.2
0.2
0.2
0.2
0.2
0.2
0.2
0.2
0.2
0.2
0.2
0.2
0.2
0.2
0.2
0.2
0.2
0.2
0.2
0.2
0.2
0.799997
0.79994
0.79911
0.795077
0.78612
0.773441
0.759142
0.744604
0.730478
0.717018
0.704303
0.692335
0.681085
0.670517
0.660592
0.651267
0.642502
0.634258
0.626497
0.619184
0.612286
0.605769
0.5996
0.593745
0.588176
0.582867
0.577795
0.572939
0.568282
0.563808
0.559502
0.555349
0.551337
0.547452
0.543685
0.540026
0.536466
0.532995
0.529605
0.526288
0.523038
0.519847
0.516711
0.513625
0.510583
0.507582
0.504617
0.501685
0.498786
0.495917
0.493076
0.490263
0.487477
0.484718
0.481986
0.479284
0.476611
0.473967
0.471354
0.468771
0.466221
0.463702
0.461216
0.458761
0.456336
0.45394
0.451571
0.449229
0.446911
0.444614
0.442336
0.440073
0.437825
0.435587
0.433356
0.43113
0.428903
0.426674
0.424438
0.422193
0.419932
0.417652
0.415349
0.413018
0.410652
0.408245
0.40579
0.403279
0.400702
0.398049
0.395306
0.392457
0.389479
0.386343
0.383014
0.379442
0.37556
0.371276
0.366461
0.360926
0.354388
0.346414
0.33631
0.322976
0.304788
0.28019
0.250885
0.22517
0.21004
0.203573
0.201229
0.200424
0.200149
0.200054
0.20002
0.200008
0.200003
0.200001
0.2
0.2
0.2
0.2
0.2
0.2
0.2
0.2
0.2
0.2
0.2
0.2
0.2
0.2
0.2
0.2
0.2
0.2
0.2
0.2
0.2
0.2
0.2
0.2
0.2
0.2
0.2
0.2
0.2
0.2
0.2
0.2
0.799795
0.799126
0.796394
0.789709
0.779095
0.766121
0.752267
0.738405
0.724954
0.712094
0.699886
0.688341
0.677443
0.667169
0.657489
0.648369
0.639778
0.631682
0.624048
0.616846
0.610044
0.60361
0.597513
0.591722
0.586209
0.580951
0.575927
0.571117
0.566504
0.562072
0.557807
0.553695
0.549721
0.545875
0.542147
0.538526
0.535002
0.531568
0.528214
0.524933
0.521717
0.518561
0.515459
0.512405
0.509394
0.506421
0.503484
0.500578
0.497702
0.494854
0.492032
0.489235
0.486462
0.483714
0.480993
0.478297
0.475629
0.472989
0.470378
0.467796
0.465245
0.462725
0.460237
0.457779
0.455351
0.45295
0.450578
0.448232
0.445909
0.443607
0.441323
0.439054
0.436799
0.434554
0.432315
0.430078
0.427841
0.4256
0.423352
0.42109
0.418811
0.416511
0.414184
0.411825
0.409426
0.406981
0.404482
0.40192
0.399285
0.396562
0.393736
0.390789
0.387695
0.384417
0.380913
0.377122
0.372962
0.368318
0.363024
0.356836
0.349381
0.340075
0.327991
0.311701
0.289466
0.261305
0.233282
0.214241
0.205227
0.201802
0.200613
0.200211
0.200074
0.200026
0.20001
0.200004
0.200001
0.200001
0.2
0.2
0.2
0.2
0.2
0.2
0.2
0.2
0.2
0.2
0.2
0.2
0.2
0.2
0.2
0.2
0.2
0.2
0.2
0.2
0.2
0.2
0.2
0.2
0.2
0.2
0.2
0.2
0.2
0.2
0.2
0.2
0.797673
0.795205
0.789826
0.781078
0.769791
0.757158
0.744074
0.731064
0.718406
0.706233
0.694608
0.683549
0.673058
0.663124
0.653729
0.644851
0.636464
0.628544
0.621062
0.613992
0.607305
0.600972
0.594962
0.589249
0.583808
0.578616
0.573654
0.568904
0.56435
0.559975
0.555766
0.551707
0.547786
0.543993
0.540316
0.536747
0.533274
0.529889
0.526584
0.523351
0.520183
0.517074
0.514016
0.511005
0.508035
0.505101
0.502199
0.499327
0.496481
0.49366
0.490862
0.488085
0.48533
0.482597
0.479887
0.4772
0.474538
0.471902
0.469293
0.466712
0.464161
0.46164
0.45915
0.456689
0.454257
0.451855
0.44948
0.447131
0.444805
0.4425
0.440213
0.437941
0.435682
0.433432
0.431187
0.428943
0.426699
0.424449
0.422189
0.419914
0.41762
0.415302
0.412954
0.410569
0.40814
0.405659
0.403119
0.400507
0.397812
0.395019
0.39211
0.389062
0.385846
0.382418
0.378724
0.374693
0.370218
0.365156
0.359289
0.352294
0.343668
0.332612
0.317871
0.297716
0.271147
0.241931
0.219265
0.207333
0.202545
0.200857
0.200288
0.200098
0.200034
0.200012
0.200004
0.200002
0.200001
0.2
0.2
0.2
0.2
0.2
0.2
0.2
0.2
0.2
0.2
0.2
0.2
0.2
0.2
0.2
0.2
0.2
0.2
0.2
0.2
0.2
0.2
0.2
0.2
0.2
0.2
0.2
0.2
0.2
0.2
0.2
0.2
0.2
0.790861
0.786531
0.779472
0.770032
0.759006
0.747152
0.735013
0.722929
0.711104
0.699652
0.688639
0.678096
0.66804
0.658473
0.649388
0.640774
0.632613
0.624887
0.617575
0.610652
0.604093
0.597872
0.591962
0.586339
0.58098
0.575868
0.570982
0.566305
0.561823
0.557519
0.553377
0.549386
0.545531
0.541804
0.538192
0.534686
0.531276
0.527954
0.524711
0.52154
0.518432
0.515381
0.51238
0.509423
0.506504
0.503619
0.500763
0.497932
0.495124
0.492336
0.489567
0.486815
0.484081
0.481365
0.478668
0.475991
0.473336
0.470705
0.468098
0.465517
0.462965
0.460442
0.457949
0.455486
0.453052
0.450648
0.448271
0.445921
0.443593
0.441287
0.438999
0.436726
0.434465
0.432212
0.429964
0.427717
0.425467
0.423211
0.420943
0.418658
0.416351
0.414017
0.41165
0.409241
0.406784
0.404269
0.401687
0.399025
0.39627
0.393405
0.390409
0.387254
0.383902
0.380309
0.376404
0.372095
0.367252
0.361683
0.355105
0.347079
0.336909
0.323495
0.305204
0.28048
0.251053
0.225231
0.210019
0.203517
0.201176
0.200388
0.200128
0.200043
0.200015
0.200005
0.200002
0.200001
0.2
0.2
0.2
0.2
0.2
0.2
0.2
0.2
0.2
0.2
0.2
0.2
0.2
0.2
0.2
0.2
0.2
0.2
0.2
0.2
0.2
0.2
0.2
0.2
0.2
0.2
0.2
0.2
0.2
0.2
0.2
0.2
0.2
0.2
0.779437
0.774287
0.766884
0.757752
0.747488
0.736596
0.725442
0.714279
0.703273
0.692533
0.682128
0.672105
0.662491
0.6533
0.644536
0.636196
0.628272
0.62075
0.613615
0.606847
0.600424
0.594322
0.58852
0.582995
0.577731
0.572707
0.567908
0.563318
0.558919
0.554697
0.550637
0.546725
0.54295
0.5393
0.535765
0.532336
0.529002
0.525756
0.522588
0.51949
0.516455
0.513475
0.510543
0.507653
0.504797
0.501971
0.499169
0.496389
0.493626
0.490879
0.488144
0.485422
0.482712
0.480016
0.477334
0.474668
0.472021
0.469393
0.466787
0.464207
0.461653
0.459127
0.456631
0.454164
0.451728
0.449322
0.446944
0.444593
0.442266
0.43996
0.437672
0.4354
0.43314
0.430887
0.428638
0.42639
0.424137
0.421877
0.419602
0.41731
0.414993
0.412646
0.410261
0.40783
0.405345
0.402796
0.400172
0.397459
0.394642
0.391702
0.388611
0.385338
0.381838
0.378055
0.373903
0.369265
0.363972
0.357772
0.35028
0.340891
0.328634
0.312021
0.289249
0.26045
0.232178
0.213432
0.204794
0.201595
0.200518
0.200167
0.200054
0.200018
0.200006
0.200002
0.200001
0.2
0.2
0.2
0.2
0.2
0.2
0.2
0.2
0.2
0.2
0.2
0.2
0.2
0.2
0.2
0.2
0.2
0.2
0.2
0.2
0.2
0.2
0.2
0.2
0.2
0.2
0.2
0.2
0.2
0.2
0.2
0.2
0.2
0.2
0.2
0.765669
0.760528
0.753518
0.745113
0.735765
0.725844
0.71563
0.705331
0.695094
0.685026
0.675204
0.665683
0.6565
0.647679
0.639233
0.631167
0.623479
0.616163
0.609207
0.602595
0.596309
0.59033
0.584638
0.579218
0.574053
0.569128
0.564426
0.559932
0.555629
0.551501
0.547534
0.543714
0.54003
0.53647
0.533024
0.529683
0.526438
0.52328
0.5202
0.51719
0.514241
0.511345
0.508496
0.505684
0.502904
0.500148
0.497413
0.494692
0.491984
0.489284
0.486591
0.483903
0.481222
0.478547
0.475882
0.473228
0.470588
0.467963
0.465358
0.462775
0.460217
0.457687
0.455186
0.452715
0.450275
0.447866
0.445487
0.443136
0.44081
0.438507
0.436222
0.433952
0.431694
0.429443
0.427196
0.424948
0.422695
0.420433
0.418155
0.415857
0.413532
0.411173
0.408772
0.406321
0.40381
0.401227
0.39856
0.395794
0.392911
0.389887
0.386691
0.383286
0.379615
0.375606
0.37116
0.36612
0.360263
0.353249
0.344548
0.333306
0.318182
0.297339
0.269808
0.239991
0.217687
0.206466
0.20215
0.200689
0.200217
0.200068
0.200021
0.200007
0.200002
0.200001
0.2
0.2
0.2
0.2
0.2
0.2
0.2
0.2
0.2
0.2
0.2
0.2
0.2
0.2
0.2
0.2
0.2
0.2
0.2
0.2
0.2
0.2
0.2
0.2
0.2
0.2
0.2
0.2
0.2
0.2
0.2
0.2
0.2
0.2
0.2
0.2
0.751399
0.746611
0.740223
0.732622
0.72416
0.715131
0.705765
0.696243
0.686703
0.677251
0.667968
0.658916
0.65014
0.64167
0.633528
0.625725
0.618266
0.611149
0.604366
0.597905
0.591751
0.58589
0.58031
0.574996
0.569936
0.565115
0.560518
0.55613
0.551933
0.547911
0.544048
0.540332
0.53675
0.533291
0.529945
0.526705
0.523561
0.520505
0.517527
0.514618
0.51177
0.508974
0.506222
0.503503
0.500812
0.49814
0.495482
0.492833
0.490189
0.487545
0.4849
0.482253
0.479605
0.476955
0.474309
0.471666
0.469032
0.46641
0.463802
0.461215
0.45865
0.456113
0.453604
0.451126
0.448681
0.446268
0.443888
0.441537
0.439213
0.436913
0.434632
0.432367
0.430113
0.427866
0.425622
0.423377
0.421125
0.418863
0.416584
0.414282
0.411951
0.409583
0.407168
0.404697
0.402159
0.399541
0.39683
0.394007
0.391051
0.387934
0.384621
0.381062
0.37719
0.372913
0.368098
0.36255
0.355962
0.347866
0.337512
0.323698
0.30466
0.278802
0.248415
0.222836
0.208624
0.202881
0.200913
0.200283
0.200087
0.200026
0.200008
0.200002
0.200001
0.2
0.2
0.2
0.2
0.2
0.2
0.2
0.2
0.2
0.2
0.2
0.2
0.2
0.2
0.2
0.2
0.2
0.2
0.2
0.2
0.2
0.2
0.2
0.2
0.2
0.2
0.2
0.2
0.2
0.2
0.2
0.2
0.2
0.2
0.2
0.2
0.2
0.737538
0.733177
0.727409
0.720543
0.712861
0.704606
0.695976
0.687133
0.678206
0.669301
0.660502
0.651875
0.643469
0.635323
0.627461
0.619903
0.612655
0.605722
0.599098
0.592774
0.58674
0.580991
0.575516
0.570306
0.565351
0.560638
0.556153
0.55188
0.5478
0.543895
0.54015
0.536549
0.53308
0.529733
0.526499
0.523371
0.520341
0.517399
0.514537
0.511746
0.509015
0.506336
0.503696
0.501088
0.498501
0.495929
0.493364
0.4908
0.488231
0.485654
0.483066
0.480467
0.477855
0.475235
0.472608
0.469977
0.467348
0.464725
0.462112
0.459516
0.456941
0.454391
0.45187
0.449382
0.446928
0.444509
0.442125
0.439774
0.437453
0.435157
0.432883
0.430623
0.428376
0.426134
0.423895
0.421654
0.419406
0.417145
0.414867
0.412564
0.410229
0.407853
0.405425
0.402936
0.400371
0.397717
0.394958
0.392073
0.389035
0.385812
0.382361
0.378619
0.374504
0.369895
0.364614
0.358396
0.350831
0.341248
0.328572
0.311152
0.287122
0.257092
0.22883
0.211343
0.203829
0.201205
0.200368
0.20011
0.200033
0.20001
0.200003
0.200001
0.2
0.2
0.2
0.2
0.2
0.2
0.2
0.2
0.2
0.2
0.2
0.2
0.2
0.2
0.2
0.2
0.2
0.2
0.2
0.2
0.2
0.2
0.2
0.2
0.2
0.2
0.2
0.2
0.2
0.2
0.2
0.2
0.2
0.2
0.2
0.2
0.2
0.2
0.724441
0.720475
0.715245
0.709
0.701971
0.694363
0.68635
0.678081
0.669678
0.661244
0.652865
0.644609
0.63653
0.62867
0.621058
0.613717
0.606657
0.599884
0.593394
0.587186
0.581256
0.575602
0.570222
0.565109
0.560256
0.555652
0.551284
0.547134
0.543182
0.539408
0.535792
0.532318
0.528974
0.52575
0.522639
0.519634
0.516729
0.513917
0.511188
0.508531
0.505937
0.503392
0.500886
0.498407
0.495945
0.493491
0.491036
0.488573
0.486096
0.483599
0.481079
0.478534
0.475967
0.473378
0.470772
0.468154
0.465528
0.4629
0.460278
0.457667
0.455075
0.452506
0.449967
0.447461
0.444993
0.442563
0.440174
0.437822
0.435504
0.433215
0.430947
0.428696
0.426456
0.424221
0.421988
0.419751
0.417507
0.41525
0.412974
0.410672
0.408334
0.405953
0.403515
0.401007
0.398416
0.395725
0.392914
0.389958
0.386827
0.38348
0.379863
0.3759
0.371483
0.36645
0.360562
0.353447
0.344516
0.332816
0.316833
0.294612
0.2656
0.235476
0.214642
0.205023
0.201576
0.200475
0.20014
0.200041
0.200012
0.200003
0.200001
0.2
0.2
0.2
0.2
0.2
0.2
0.2
0.2
0.2
0.2
0.2
0.2
0.2
0.2
0.2
0.2
0.2
0.2
0.2
0.2
0.2
0.2
0.2
0.2
0.2
0.2
0.2
0.2
0.2
0.2
0.2
0.2
0.2
0.2
0.2
0.2
0.2
0.2
0.2
0.712215
0.708583
0.703791
0.698046
0.691541
0.684455
0.676943
0.669141
0.661168
0.653124
0.645095
0.637151
0.629349
0.621732
0.614332
0.607173
0.600267
0.593619
0.587233
0.581111
0.575259
0.56968
0.564375
0.559343
0.554581
0.550082
0.545833
0.541814
0.538003
0.534374
0.530903
0.527571
0.524364
0.521274
0.518295
0.515425
0.512659
0.509991
0.507413
0.504913
0.502477
0.500092
0.497743
0.495418
0.493105
0.490793
0.488471
0.48613
0.483763
0.481362
0.478923
0.476445
0.473928
0.471376
0.468793
0.466186
0.46356
0.460924
0.458285
0.455653
0.453034
0.450436
0.447868
0.445332
0.442824
0.440358
0.437943
0.435585
0.433272
0.430991
0.428736
0.426498
0.424271
0.422049
0.419826
0.4176
0.415365
0.413117
0.410849
0.408552
0.406219
0.403837
0.401392
0.39887
0.396253
0.393523
0.390654
0.387617
0.384376
0.380881
0.377061
0.372819
0.36801
0.362418
0.355709
0.347354
0.336495
0.321762
0.301215
0.273532
0.242457
0.218455
0.206469
0.202029
0.200605
0.200176
0.20005
0.200014
0.200004
0.200001
0.2
0.2
0.2
0.2
0.2
0.2
0.2
0.2
0.2
0.2
0.2
0.2
0.2
0.2
0.2
0.2
0.2
0.2
0.2
0.2
0.2
0.2
0.2
0.2
0.2
0.2
0.2
0.2
0.2
0.2
0.2
0.2
0.2
0.2
0.2
0.2
0.2
0.2
0.2
0.2
0.700871
0.697505
0.693055
0.687695
0.681594
0.674909
0.667783
0.660343
0.652704
0.644966
0.637213
0.629518
0.621936
0.614512
0.607279
0.600257
0.59346
0.586894
0.580571
0.574499
0.568689
0.56315
0.557887
0.552909
0.548217
0.543809
0.539677
0.535799
0.532146
0.528683
0.525379
0.522207
0.519151
0.516204
0.513367
0.510641
0.508028
0.505523
0.503118
0.5008
0.498552
0.496357
0.494198
0.492058
0.489924
0.487784
0.485624
0.483434
0.481203
0.47892
0.476581
0.474183
0.471727
0.469217
0.46666
0.464062
0.461432
0.458781
0.456117
0.453451
0.450793
0.448153
0.445536
0.442928
0.440363
0.437852
0.435404
0.433022
0.430709
0.428436
0.426191
0.423964
0.421747
0.419533
0.417319
0.415102
0.412876
0.410639
0.408384
0.406101
0.403781
0.401408
0.398967
0.39644
0.393804
0.391035
0.388105
0.384977
0.381605
0.377926
0.373849
0.369245
0.363915
0.357557
0.349691
0.33954
0.325852
0.30676
0.280507
0.249213
0.222596
0.208115
0.202552
0.200755
0.200217
0.200061
0.200017
0.200005
0.200001
0.2
0.2
0.2
0.2
0.2
0.2
0.2
0.2
0.2
0.2
0.2
0.2
0.2
0.2
0.2
0.2
0.2
0.2
0.2
0.2
0.2
0.2
0.2
0.2
0.2
0.2
0.2
0.2
0.2
0.2
0.2
0.2
0.2
0.2
0.2
0.2
0.2
0.2
0.2
0.2
0.2
0.690381
0.687219
0.683022
0.677942
0.672131
0.665731
0.658878
0.651694
0.644292
0.636773
0.62922
0.621704
0.614282
0.606994
0.599871
0.592932
0.586189
0.579656
0.573346
0.567275
0.561455
0.555902
0.550629
0.545653
0.540989
0.536644
0.532617
0.528888
0.525418
0.522156
0.519051
0.516066
0.513179
0.510388
0.507699
0.505126
0.502678
0.500356
0.498153
0.496053
0.494033
0.49207
0.490142
0.48823
0.486317
0.484391
0.482435
0.480434
0.478373
0.47624
0.474025
0.471726
0.469344
0.466884
0.464355
0.461765
0.459127
0.456451
0.453751
0.451037
0.448322
0.445618
0.442897
0.440199
0.437543
0.434951
0.432442
0.430027
0.427711
0.425448
0.423216
0.421001
0.418791
0.416581
0.414368
0.412151
0.409929
0.407699
0.405456
0.403189
0.400888
0.398535
0.39611
0.393589
0.390943
0.388141
0.385146
0.381913
0.378383
0.374472
0.370061
0.364968
0.358913
0.351456
0.341882
0.329034
0.311132
0.286207
0.255177
0.226672
0.209836
0.203103
0.200912
0.200259
0.200072
0.200019
0.200005
0.200001
0.2
0.2
0.2
0.2
0.2
0.2
0.2
0.2
0.2
0.2
0.2
0.2
0.2
0.2
0.2
0.2
0.2
0.2
0.2
0.2
0.2
0.2
0.2
0.2
0.2
0.2
0.2
0.2
0.2
0.2
0.2
0.2
0.2
0.2
0.2
0.2
0.2
0.2
0.2
0.2
0.2
0.2
0.680708
0.677692
0.673667
0.668769
0.663138
0.656911
0.650217
0.643181
0.635918
0.628526
0.621091
0.613682
0.60635
0.599133
0.592056
0.585135
0.578386
0.571825
0.565466
0.559325
0.553419
0.547767
0.542395
0.537291
0.532363
0.527803
0.523826
0.52025
0.517012
0.514026
0.511201
0.508473
0.505811
0.503213
0.500701
0.498309
0.496065
0.49398
0.492047
0.490246
0.488544
0.486903
0.485294
0.483691
0.482078
0.48044
0.478759
0.477014
0.475184
0.47325
0.471202
0.469033
0.466746
0.464349
0.461853
0.459272
0.456619
0.453909
0.451157
0.448375
0.445578
0.442746
0.439889
0.437037
0.434216
0.431462
0.428821
0.426331
0.423995
0.421743
0.41953
0.417332
0.415132
0.412922
0.410704
0.408481
0.406256
0.40403
0.4018
0.399557
0.397288
0.394973
0.392586
0.390093
0.387456
0.384631
0.381572
0.378219
0.374492
0.370277
0.365407
0.359618
0.352497
0.343373
0.331157
0.314146
0.290283
0.25973
0.230064
0.21141
0.203606
0.201052
0.200296
0.200081
0.200022
0.200006
0.200001
0.2
0.2
0.2
0.2
0.2
0.2
0.2
0.2
0.2
0.2
0.2
0.2
0.2
0.2
0.2
0.2
0.2
0.2
0.2
0.2
0.2
0.2
0.2
0.2
0.2
0.2
0.2
0.2
0.2
0.2
0.2
0.2
0.2
0.2
0.2
0.2
0.2
0.2
0.2
0.2
0.2
0.2
0.2
0.671813
0.668891
0.664961
0.66015
0.654591
0.648419
0.641769
0.634769
0.627538
0.620178
0.612773
0.60539
0.598073
0.590852
0.583749
0.576777
0.569953
0.563288
0.556793
0.550481
0.544371
0.538484
0.532548
0.526457
0.520515
0.51493
0.51008
0.506759
0.503993
0.50161
0.4994
0.497225
0.495017
0.492774
0.490555
0.488447
0.486529
0.484838
0.483371
0.482098
0.48096
0.479888
0.478827
0.477744
0.476623
0.475451
0.474207
0.472866
0.471396
0.46977
0.467972
0.465997
0.46385
0.461545
0.459099
0.456531
0.45386
0.451105
0.448283
0.445408
0.442494
0.439483
0.436412
0.433294
0.430152
0.427037
0.424063
0.421378
0.419013
0.416771
0.414583
0.412405
0.410206
0.407979
0.405731
0.403478
0.401233
0.399003
0.396791
0.394591
0.39239
0.390162
0.38787
0.385463
0.382886
0.380077
0.376969
0.373481
0.369502
0.364868
0.359329
0.352484
0.343686
0.33188
0.315412
0.292218
0.262118
0.232028
0.212395
0.203942
0.20114
0.200317
0.200086
0.200023
0.200006
0.200002
0.2
0.2
0.2
0.2
0.2
0.2
0.2
0.2
0.2
0.2
0.2
0.2
0.2
0.2
0.2
0.2
0.2
0.2
0.2
0.2
0.2
0.2
0.2
0.2
0.2
0.2
0.2
0.2
0.2
0.2
0.2
0.2
0.2
0.2
0.2
0.2
0.2
0.2
0.2
0.2
0.2
0.2
0.2
0.2
0.663658
0.660782
0.656873
0.652052
0.646452
0.640213
0.633479
0.62639
0.619075
0.611642
0.604173
0.596727
0.58934
0.582036
0.574831
0.567733
0.560748
0.553878
0.547126
0.540493
0.533989
0.527131
0.519706
0.511877
0.503603
0.495454
0.488033
0.484216
0.482248
0.481106
0.480183
0.479143
0.4778
0.476138
0.474294
0.472512
0.471037
0.469969
0.469321
0.469041
0.469008
0.469051
0.469046
0.468941
0.468727
0.468401
0.467948
0.467331
0.466501
0.465413
0.464047
0.4624
0.460488
0.458337
0.455978
0.453442
0.450758
0.44795
0.445038
0.442038
0.438936
0.435666
0.432245
0.428647
0.424841
0.420853
0.416977
0.413788
0.411359
0.409133
0.407001
0.404866
0.402666
0.400386
0.398053
0.395718
0.393417
0.391172
0.388995
0.386888
0.384841
0.382824
0.380777
0.378612
0.376236
0.373552
0.37046
0.366837
0.36252
0.357257
0.350646
0.34204
0.330383
0.314034
0.290995
0.261229
0.231624
0.2123
0.203933
0.201136
0.200313
0.200084
0.200022
0.200006
0.200001
0.2
0.2
0.2
0.2
0.2
0.2
0.2
0.2
0.2
0.2
0.2
0.2
0.2
0.2
0.2
0.2
0.2
0.2
0.2
0.2
0.2
0.2
0.2
0.2
0.2
0.2
0.2
0.2
0.2
0.2
0.2
0.2
0.2
0.2
0.2
0.2
0.2
0.2
0.2
0.2
0.2
0.2
0.2
0.2
0.2
0.65618
0.653286
0.649313
0.644385
0.638647
0.632253
0.625364
0.618034
0.610405
0.60278
0.595142
0.587537
0.579994
0.572527
0.565138
0.557821
0.550566
0.543354
0.536164
0.528973
0.521362
0.512379
0.50207
0.490495
0.477407
0.464987
0.45205
0.44747
0.446857
0.448423
0.450172
0.451368
0.451548
0.450605
0.448803
0.445717
0.44455
0.44429
0.444968
0.446519
0.448698
0.450982
0.453039
0.454776
0.456232
0.457463
0.458477
0.45922
0.45959
0.459506
0.458931
0.457876
0.456383
0.454508
0.452312
0.44985
0.447169
0.444305
0.441283
0.438118
0.434734
0.431097
0.427136
0.422713
0.417567
0.411554
0.405412
0.401231
0.398568
0.396479
0.39457
0.392612
0.390446
0.388029
0.385449
0.382869
0.380385
0.378047
0.375885
0.373925
0.372177
0.370615
0.369137
0.367555
0.365686
0.363356
0.360395
0.35661
0.351735
0.345349
0.336769
0.324901
0.308116
0.284692
0.255466
0.227926
0.210754
0.203454
0.201007
0.200278
0.200074
0.20002
0.200005
0.200001
0.2
0.2
0.2
0.2
0.2
0.2
0.2
0.2
0.2
0.2
0.2
0.2
0.2
0.2
0.2
0.2
0.2
0.2
0.2
0.2
0.2
0.2
0.2
0.2
0.2
0.2
0.2
0.2
0.2
0.2
0.2
0.2
0.2
0.2
0.2
0.2
0.2
0.2
0.2
0.2
0.2
0.2
0.2
0.2
0.2
0.2
0.649336
0.646345
0.642202
0.637037
0.63101
0.624303
0.617102
0.609504
0.601653
0.593837
0.585479
0.577598
0.569815
0.562102
0.554437
0.546787
0.539111
0.531355
0.523447
0.515298
0.504865
0.491778
0.475657
0.458865
0.439644
0.425791
0.409007
0.405337
0.405611
0.410984
0.415979
0.419739
0.421401
0.420468
0.41487
0.406665
0.403311
0.403305
0.405368
0.409625
0.415816
0.422197
0.427778
0.432463
0.436532
0.440253
0.443729
0.446863
0.449406
0.451144
0.451989
0.451977
0.451208
0.449806
0.447893
0.44557
0.44292
0.439999
0.436844
0.433464
0.429742
0.425598
0.420848
0.415116
0.407504
0.39757
0.38704
0.381895
0.379029
0.377593
0.37631
0.374796
0.372663
0.369764
0.365984
0.362527
0.359555
0.356866
0.354499
0.352537
0.351087
0.350217
0.349799
0.349331
0.348438
0.34676
0.343982
0.339768
0.333648
0.324877
0.312324
0.294548
0.270758
0.243692
0.22098
0.207977
0.202599
0.200776
0.200219
0.200059
0.200016
0.200004
0.200001
0.2
0.2
0.2
0.2
0.2
0.2
0.2
0.2
0.2
0.2
0.2
0.2
0.2
0.2
0.2
0.2
0.2
0.2
0.2
0.2
0.2
0.2
0.2
0.2
0.2
0.2
0.2
0.2
0.2
0.2
0.2
0.2
0.2
0.2
0.2
0.2
0.2
0.2
0.2
0.2
0.2
0.2
0.2
0.2
0.2
0.2
0.2
0.643087
0.639917
0.635482
0.62992
0.623418
0.616203
0.608501
0.600466
0.592262
0.584086
0.575537
0.567159
0.558519
0.550453
0.542393
0.534253
0.525935
0.517315
0.508216
0.497
0.481903
0.460929
0.436551
0.418005
0.396386
0.390339
0.384969
0.343197
0.32818
0.392575
0.396306
0.399403
0.400523
0.39803
0.388254
0.374962
0.369952
0.367982
0.368457
0.372285
0.381168
0.390986
0.399132
0.4057
0.411558
0.417403
0.423534
0.429781
0.435484
0.439983
0.442992
0.444548
0.444848
0.444131
0.442618
0.440489
0.437882
0.43489
0.431564
0.427905
0.423773
0.419011
0.413273
0.405761
0.394199
0.378932
0.364045
0.358605
0.355745
0.356023
0.355648
0.354735
0.35237
0.347998
0.337983
0.331317
0.326377
0.322038
0.318203
0.315107
0.313205
0.313165
0.31522
0.317369
0.318835
0.318745
0.316428
0.311273
0.30251
0.289232
0.270945
0.24902
0.227941
0.212865
0.204933
0.201667
0.200519
0.200152
0.200043
0.200011
0.200003
0.200001
0.2
0.2
0.2
0.2
0.2
0.2
0.2
0.2
0.2
0.2
0.2
0.2
0.2
0.2
0.2
0.2
0.2
0.2
0.2
0.2
0.2
0.2
0.2
0.2
0.2
0.2
0.2
0.2
0.2
0.2
0.2
0.2
0.2
0.2
0.2
0.2
0.2
0.2
0.2
0.2
0.2
0.2
0.2
0.2
0.2
0.2
0.2
0.2
0.637394
0.63395
0.629075
0.62291
0.615683
0.607696
0.599257
0.590591
0.581871
0.573202
0.564359
0.555677
0.546714
0.537137
0.528511
0.519641
0.510322
0.50028
0.489094
0.471798
0.449048
0.416987
0.387351
0.377106
0.368804
0.242124
0.201315
0.20115
0.203355
0.21297
0.328816
0.384888
0.385938
0.381328
0.365443
0.357551
0.279491
0.209168
0.224422
0.314339
0.369947
0.376198
0.381197
0.385186
0.38928
0.394466
0.401403
0.410107
0.419285
0.427093
0.432718
0.436141
0.437681
0.437729
0.436632
0.434671
0.432054
0.428926
0.425361
0.421349
0.416766
0.411361
0.404589
0.39502
0.377884
0.359457
0.348379
0.290124
0.255108
0.332789
0.334174
0.334908
0.332611
0.325043
0.298385
0.289052
0.280481
0.271508
0.262138
0.253922
0.248865
0.250316
0.260944
0.2703
0.277338
0.280284
0.278063
0.270454
0.257891
0.242086
0.226316
0.213974
0.206372
0.202558
0.200923
0.200306
0.200095
0.200028
0.200008
0.200002
0.200001
0.2
0.2
0.2
0.2
0.2
0.2
0.2
0.2
0.2
0.2
0.2
0.2
0.2
0.2
0.2
0.2
0.2
0.2
0.2
0.2
0.2
0.2
0.2
0.2
0.2
0.2
0.2
0.2
0.2
0.2
0.2
0.2
0.2
0.2
0.2
0.2
0.2
0.2
0.2
0.2
0.2
0.2
0.2
0.2
0.2
0.2
0.2
0.2
0.2
0.632211
0.628386
0.622882
0.615826
0.607505
0.598367
0.588881
0.579351
0.569937
0.56067
0.551423
0.542306
0.532965
0.523024
0.512027
0.501991
0.490987
0.478359
0.461155
0.430955
0.402192
0.363152
0.350879
0.245289
0.201337
0.200205
0.200007
0.200004
0.200013
0.200064
0.201473
0.291412
0.366068
0.360324
0.34197
0.214151
0.2001
0.200017
0.200111
0.201683
0.30634
0.365399
0.367636
0.368415
0.369596
0.372446
0.378411
0.388963
0.402691
0.414358
0.422655
0.427832
0.430464
0.43112
0.430275
0.428309
0.425514
0.422096
0.418174
0.413724
0.408684
0.402722
0.395123
0.383498
0.358844
0.344001
0.22684
0.200194
0.20017
0.202409
0.236974
0.317818
0.314982
0.295328
0.25836
0.204728
0.200031
0.201006
0.200011
0.200034
0.200238
0.205125
0.242761
0.242674
0.24636
0.24625
0.240206
0.2303
0.219749
0.211205
0.205644
0.202593
0.201109
0.200443
0.200161
0.200053
0.200016
0.200005
0.200001
0.2
0.2
0.2
0.2
0.2
0.2
0.2
0.2
0.2
0.2
0.2
0.2
0.2
0.2
0.2
0.2
0.2
0.2
0.2
0.2
0.2
0.2
0.2
0.2
0.2
0.2
0.2
0.2
0.2
0.2
0.2
0.2
0.2
0.2
0.2
0.2
0.2
0.2
0.2
0.2
0.2
0.2
0.2
0.2
0.2
0.2
0.2
0.2
0.2
0.2
0.2
0.627494
0.623172
0.61679
0.608407
0.5984
0.587506
0.576536
0.565862
0.555575
0.545615
0.535838
0.526153
0.516215
0.505643
0.493688
0.479529
0.465168
0.446733
0.409843
0.358195
0.339283
0.31385
0.20465
0.200284
0.20001
0.200001
0.2
0.2
0.2
0.2
0.200008
0.204403
0.252122
0.334083
0.243981
0.201249
0.200006
0.2
0.2
0.200007
0.202361
0.330998
0.269109
0.239681
0.248299
0.304822
0.345214
0.38449
0.396502
0.407126
0.415498
0.421118
0.424113
0.424887
0.423894
0.421552
0.418222
0.414198
0.40971
0.404682
0.399159
0.392822
0.384976
0.371691
0.339673
0.2123
0.200079
0.2
0.2
0.20001
0.200225
0.241896
0.291765
0.247715
0.21326
0.200739
0.200002
0.200002
0.2
0.2
0.2
0.200004
0.200062
0.202944
0.228542
0.221884
0.214325
0.208173
0.204182
0.201979
0.20089
0.20039
0.20017
0.200073
0.200027
0.200009
0.200003
0.200001
0.2
0.2
0.2
0.2
0.2
0.2
0.2
0.2
0.2
0.2
0.2
0.2
0.2
0.2
0.2
0.2
0.2
0.2
0.2
0.2
0.2
0.2
0.2
0.2
0.2
0.2
0.2
0.2
0.2
0.2
0.2
0.2
0.2
0.2
0.2
0.2
0.2
0.2
0.2
0.2
0.2
0.2
0.2
0.2
0.2
0.2
0.2
0.2
0.2
0.2
0.2
0.2
0.623203
0.618279
0.610701
0.600298
0.587539
0.573774
0.560638
0.548442
0.537096
0.526355
0.515915
0.505473
0.494593
0.48275
0.469064
0.451212
0.425592
0.389455
0.321907
0.272997
0.206391
0.201533
0.200039
0.200002
0.2
0.2
0.2
0.2
0.2
0.2
0.2
0.20003
0.208055
0.304682
0.218213
0.200283
0.200001
0.2
0.2
0.2
0.225309
0.290733
0.210829
0.200489
0.20097
0.236259
0.306053
0.380813
0.3928
0.402696
0.410661
0.416082
0.418844
0.419183
0.417461
0.41408
0.409472
0.404014
0.398456
0.392372
0.385444
0.377486
0.367317
0.349741
0.306983
0.204418
0.200017
0.2
0.2
0.2
0.200001
0.210762
0.242877
0.204148
0.201026
0.200085
0.2
0.2
0.2
0.2
0.2
0.2
0.2
0.20004
0.208277
0.204918
0.202535
0.201184
0.200523
0.200225
0.200096
0.200042
0.20002
0.200011
0.200004
0.200001
0.2
0.2
0.2
0.2
0.2
0.2
0.2
0.2
0.2
0.2
0.2
0.2
0.2
0.2
0.2
0.2
0.2
0.2
0.2
0.2
0.2
0.2
0.2
0.2
0.2
0.2
0.2
0.2
0.2
0.2
0.2
0.2
0.2
0.2
0.2
0.2
0.2
0.2
0.2
0.2
0.2
0.2
0.2
0.2
0.2
0.2
0.2
0.2
0.2
0.2
0.2
0.2
0.2
0.2
0.619315
0.613757
0.604652
0.591123
0.573399
0.554113
0.537411
0.523006
0.510508
0.49903
0.487806
0.476263
0.463696
0.449165
0.431107
0.405571
0.35945
0.27768
0.214538
0.20089
0.200042
0.200015
0.2
0.2
0.2
0.2
0.2
0.2
0.2
0.2
0.2
0.200002
0.200556
0.260055
0.202444
0.200005
0.2
0.2
0.2
0.2
0.209155
0.239339
0.200521
0.200006
0.200007
0.209006
0.26668
0.378917
0.390601
0.400072
0.407563
0.412432
0.414447
0.413649
0.410117
0.403837
0.395086
0.357017
0.347146
0.338908
0.329945
0.321893
0.318947
0.308199
0.278759
0.203919
0.200018
0.2
0.2
0.2
0.2
0.202234
0.213652
0.200045
0.200006
0.200007
0.2
0.2
0.2
0.2
0.2
0.2
0.2
0.2
0.2
0.200012
0.200018
0.200005
0.200002
0.200002
0.200001
0.2
0.2
0.200002
0.200001
0.2
0.2
0.2
0.2
0.2
0.2
0.2
0.2
0.2
0.2
0.2
0.2
0.2
0.2
0.2
0.2
0.2
0.2
0.2
0.2
0.2
0.2
0.2
0.2
0.2
0.2
0.2
0.2
0.2
0.2
0.2
0.2
0.2
0.2
0.2
0.2
0.2
0.2
0.2
0.2
0.2
0.2
0.2
0.2
0.2
0.2
0.2
0.2
0.2
0.2
0.2
0.2
0.2
0.2
0.2
0.615824
0.609803
0.599097
0.580251
0.548568
0.505564
0.47013
0.440054
0.459112
0.453493
0.442149
0.429449
0.414446
0.395073
0.369022
0.327889
0.260601
0.206415
0.200132
0.200009
0.2
0.2
0.2
0.2
0.2
0.2
0.2
0.2
0.2
0.2
0.2
0.2
0.200006
0.226674
0.200251
0.2
0.2
0.2
0.2
0.2
0.202119
0.207063
0.200006
0.2
0.2
0.201329
0.289886
0.378257
0.389643
0.398597
0.405336
0.409178
0.409672
0.406442
0.398818
0.367611
0.329909
0.27997
0.210141
0.204502
0.209509
0.216795
0.278287
0.269492
0.257578
0.205221
0.20003
0.2
0.2
0.2
0.2
0.200376
0.202853
0.20003
0.2
0.2
0.2
0.2
0.2
0.2
0.2
0.2
0.2
0.2
0.2
0.2
0.2
0.2
0.2
0.2
0.2
0.2
0.2
0.2
0.2
0.2
0.2
0.2
0.2
0.2
0.2
0.2
0.2
0.2
0.2
0.2
0.2
0.2
0.2
0.2
0.2
0.2
0.2
0.2
0.2
0.2
0.2
0.2
0.2
0.2
0.2
0.2
0.2
0.2
0.2
0.2
0.2
0.2
0.2
0.2
0.2
0.2
0.2
0.2
0.2
0.2
0.2
0.2
0.2
0.2
0.2
0.2
0.2
0.2
0.2
0.2
0.2
0.2
0.2
0.2
0.612706
0.606703
0.595912
0.576714
0.544993
0.503092
0.381166
0.343066
0.348589
0.353563
0.346635
0.334536
0.336978
0.314142
0.290234
0.264776
0.202276
0.200072
0.200001
0.2
0.2
0.2
0.2
0.2
0.2
0.2
0.2
0.2
0.2
0.2
0.2
0.2
0.2
0.208817
0.200086
0.2
0.2
0.2
0.2
0.2
0.200435
0.200769
0.200001
0.2
0.2
0.200163
0.361213
0.379443
0.389868
0.397796
0.403001
0.404441
0.400941
0.391806
0.379408
0.221167
0.205944
0.201374
0.200152
0.200088
0.200171
0.200239
0.200917
0.209803
0.238949
0.207448
0.200051
0.2
0.2
0.2
0.2
0.200057
0.20048
0.200001
0.2
0.2
0.2
0.2
0.2
0.2
0.2
0.2
0.2
0.2
0.2
0.2
0.2
0.2
0.2
0.2
0.2
0.2
0.2
0.2
0.2
0.2
0.2
0.2
0.2
0.2
0.2
0.2
0.2
0.2
0.2
0.2
0.2
0.2
0.2
0.2
0.2
0.2
0.2
0.2
0.2
0.2
0.2
0.2
0.2
0.2
0.2
0.2
0.2
0.2
0.2
0.2
0.2
0.2
0.2
0.2
0.2
0.2
0.2
0.2
0.2
0.2
0.2
0.2
0.2
0.2
0.2
0.2
0.2
0.2
0.2
0.2
0.2
0.2
0.2
0.2
0.609765
0.604011
0.593778
0.575785
0.54664
0.50928
0.497829
0.216159
0.20793
0.200251
0.20497
0.240748
0.286591
0.214504
0.204745
0.200955
0.200035
0.200001
0.2
0.2
0.2
0.2
0.2
0.2
0.2
0.2
0.2
0.2
0.2
0.2
0.2
0.2
0.2
0.202352
0.200013
0.2
0.2
0.2
0.2
0.2
0.200082
0.20007
0.2
0.2
0.2
0.211164
0.365027
0.380939
0.39042
0.396441
0.398796
0.396357
0.388876
0.379479
0.235226
0.200718
0.200131
0.200019
0.200002
0.200001
0.200002
0.200003
0.200012
0.20078
0.21952
0.203275
0.200018
0.2
0.2
0.2
0.2
0.200008
0.200073
0.2
0.2
0.2
0.2
0.2
0.2
0.2
0.2
0.2
0.2
0.2
0.2
0.2
0.2
0.2
0.2
0.2
0.2
0.2
0.2
0.2
0.2
0.2
0.2
0.2
0.2
0.2
0.2
0.2
0.2
0.2
0.2
0.2
0.2
0.2
0.2
0.2
0.2
0.2
0.2
0.2
0.2
0.2
0.2
0.2
0.2
0.2
0.2
0.2
0.2
0.2
0.2
0.2
0.2
0.2
0.2
0.2
0.2
0.2
0.2
0.2
0.2
0.2
0.2
0.2
0.2
0.2
0.2
0.2
0.2
0.2
0.2
0.2
0.2
0.2
0.2
0.2
0.606876
0.601444
0.591965
0.575636
0.549884
0.517922
0.504645
0.500246
0.200221
0.200006
0.200099
0.201057
0.203556
0.200345
0.200102
0.200011
0.2
0.2
0.2
0.2
0.2
0.2
0.2
0.2
0.2
0.2
0.2
0.2
0.2
0.2
0.2
0.2
0.2
0.200561
0.200001
0.2
0.2
0.2
0.2
0.2
0.200014
0.200006
0.2
0.2
0.200012
0.221238
0.366659
0.382255
0.39021
0.393087
0.392109
0.386925
0.380004
0.257769
0.202177
0.200043
0.200002
0.2
0.2
0.2
0.2
0.2
0.2
0.200015
0.207789
0.201001
0.200003
0.2
0.2
0.2
0.2
0.200001
0.20001
0.2
0.2
0.2
0.2
0.2
0.2
0.2
0.2
0.2
0.2
0.2
0.2
0.2
0.2
0.2
0.2
0.2
0.2
0.2
0.2
0.2
0.2
0.2
0.2
0.2
0.2
0.2
0.2
0.2
0.2
0.2
0.2
0.2
0.2
0.2
0.2
0.2
0.2
0.2
0.2
0.2
0.2
0.2
0.2
0.2
0.2
0.2
0.2
0.2
0.2
0.2
0.2
0.2
0.2
0.2
0.2
0.2
0.2
0.2
0.2
0.2
0.2
0.2
0.2
0.2
0.2
0.2
0.2
0.2
0.2
0.2
0.2
0.2
0.2
0.2
0.2
0.2
0.603979
0.598896
0.590222
0.575645
0.553265
0.526005
0.511143
0.503814
0.499939
0.202094
0.200001
0.200018
0.200071
0.200006
0.200001
0.2
0.2
0.2
0.2
0.2
0.2
0.2
0.2
0.2
0.2
0.2
0.2
0.2
0.2
0.2
0.2
0.2
0.2
0.200125
0.2
0.2
0.2
0.2
0.2
0.2
0.200002
0.2
0.2
0.2
0.20014
0.23254
0.367454
0.382551
0.387644
0.386848
0.384009
0.377895
0.304372
0.203994
0.200103
0.200002
0.2
0.2
0.2
0.2
0.2
0.2
0.2
0.200001
0.202663
0.200254
0.2
0.2
0.2
0.2
0.2
0.2
0.200001
0.2
0.2
0.2
0.2
0.2
0.2
0.2
0.2
0.2
0.2
0.2
0.2
0.2
0.2
0.2
0.2
0.2
0.2
0.2
0.2
0.2
0.2
0.2
0.2
0.2
0.2
0.2
0.2
0.2
0.2
0.2
0.2
0.2
0.2
0.2
0.2
0.2
0.2
0.2
0.2
0.2
0.2
0.2
0.2
0.2
0.2
0.2
0.2
0.2
0.2
0.2
0.2
0.2
0.2
0.2
0.2
0.2
0.2
0.2
0.2
0.2
0.2
0.2
0.2
0.2
0.2
0.2
0.2
0.2
0.2
0.2
0.2
0.2
0.2
0.2
0.2
0.2
0.601038
0.596295
0.588394
0.575452
0.55606
0.532613
0.517099
0.507862
0.502213
0.496898
0.4118
0.218578
0.200025
0.2
0.2
0.2
0.2
0.2
0.2
0.2
0.2
0.2
0.2
0.2
0.2
0.2
0.2
0.2
0.2
0.2
0.2
0.2
0.2
0.200026
0.2
0.2
0.2
0.2
0.2
0.2
0.2
0.2
0.2
0.200005
0.207157
0.250012
0.366676
0.381545
0.385695
0.370471
0.365544
0.370566
0.237554
0.200619
0.20001
0.2
0.2
0.2
0.2
0.2
0.2
0.2
0.2
0.200003
0.200843
0.200061
0.2
0.2
0.2
0.2
0.2
0.2
0.2
0.2
0.2
0.2
0.2
0.2
0.2
0.2
0.2
0.2
0.2
0.2
0.2
0.2
0.2
0.2
0.2
0.2
0.2
0.2
0.2
0.2
0.2
0.2
0.2
0.2
0.2
0.2
0.2
0.2
0.2
0.2
0.2
0.2
0.2
0.2
0.2
0.2
0.2
0.2
0.2
0.2
0.2
0.2
0.2
0.2
0.2
0.2
0.2
0.2
0.2
0.2
0.2
0.2
0.2
0.2
0.2
0.2
0.2
0.2
0.2
0.2
0.2
0.2
0.2
0.2
0.2
0.2
0.2
0.2
0.2
0.2
0.2
0.2
0.2
0.2
0.2
0.2
0.598029
0.593601
0.586398
0.574889
0.558007
0.537629
0.522213
0.511859
0.504941
0.499369
0.49351
0.487004
0.477774
0.370265
0.220456
0.200043
0.2
0.2
0.2
0.2
0.2
0.2
0.2
0.2
0.2
0.2
0.2
0.2
0.2
0.2
0.2
0.2
0.2
0.200005
0.2
0.2
0.2
0.2
0.2
0.2
0.2
0.2
0.2
0.200013
0.204354
0.248118
0.365261
0.379469
0.384211
0.35564
0.351185
0.358
0.210846
0.200226
0.200004
0.2
0.2
0.2
0.2
0.2
0.2
0.2
0.2
0.200014
0.200262
0.200013
0.2
0.2
0.2
0.2
0.2
0.2
0.2
0.2
0.2
0.2
0.2
0.2
0.2
0.2
0.2
0.2
0.2
0.2
0.2
0.2
0.2
0.2
0.2
0.2
0.2
0.2
0.2
0.2
0.2
0.2
0.2
0.2
0.2
0.2
0.2
0.2
0.2
0.2
0.2
0.2
0.2
0.2
0.2
0.2
0.2
0.2
0.2
0.2
0.2
0.2
0.2
0.2
0.2
0.2
0.2
0.2
0.2
0.2
0.2
0.2
0.2
0.2
0.2
0.2
0.2
0.2
0.2
0.2
0.2
0.2
0.2
0.2
0.2
0.2
0.2
0.2
0.2
0.2
0.2
0.2
0.2
0.2
0.2
0.2
0.594945
0.590799
0.5842
0.573898
0.559067
0.541156
0.52628
0.515384
0.507617
0.501632
0.496525
0.49058
0.481955
0.46439
0.201672
0.200004
0.2
0.2
0.2
0.2
0.2
0.2
0.2
0.2
0.2
0.2
0.2
0.2
0.2
0.2
0.2
0.2
0.2
0.200001
0.2
0.2
0.2
0.2
0.2
0.2
0.2
0.2
0.2
0.200071
0.211456
0.264909
0.363737
0.37579
0.381673
0.374808
0.352694
0.32118
0.20102
0.20002
0.2
0.2
0.2
0.2
0.2
0.2
0.2
0.2
0.2
0.200001
0.200082
0.200002
0.2
0.2
0.2
0.2
0.2
0.2
0.2
0.2
0.2
0.2
0.2
0.2
0.2
0.2
0.2
0.2
0.2
0.2
0.2
0.2
0.2
0.2
0.2
0.2
0.2
0.2
0.2
0.2
0.2
0.2
0.2
0.2
0.2
0.2
0.2
0.2
0.2
0.2
0.2
0.2
0.2
0.2
0.2
0.2
0.2
0.2
0.2
0.2
0.2
0.2
0.2
0.2
0.2
0.2
0.2
0.2
0.2
0.2
0.2
0.2
0.2
0.2
0.2
0.2
0.2
0.2
0.2
0.2
0.2
0.2
0.2
0.2
0.2
0.2
0.2
0.2
0.2
0.2
0.2
0.2
0.2
0.2
0.2
0.2
0.591789
0.587886
0.581795
0.572484
0.559297
0.54336
0.529213
0.518144
0.509807
0.503294
0.497788
0.491943
0.484262
0.470248
0.246548
0.200268
0.200001
0.2
0.2
0.2
0.2
0.2
0.2
0.2
0.2
0.2
0.2
0.2
0.2
0.2
0.2
0.2
0.2
0.2
0.2
0.2
0.2
0.2
0.2
0.2
0.2
0.2
0.200011
0.200973
0.230133
0.302612
0.361682
0.370106
0.377741
0.374067
0.35211
0.238318
0.200224
0.200003
0.2
0.2
0.2
0.2
0.2
0.2
0.2
0.2
0.2
0.2
0.200032
0.2
0.2
0.2
0.2
0.2
0.2
0.2
0.2
0.2
0.2
0.2
0.2
0.2
0.2
0.2
0.2
0.2
0.2
0.2
0.2
0.2
0.2
0.2
0.2
0.2
0.2
0.2
0.2
0.2
0.2
0.2
0.2
0.2
0.2
0.2
0.2
0.2
0.2
0.2
0.2
0.2
0.2
0.2
0.2
0.2
0.2
0.2
0.2
0.2
0.2
0.2
0.2
0.2
0.2
0.2
0.2
0.2
0.2
0.2
0.2
0.2
0.2
0.2
0.2
0.2
0.2
0.2
0.2
0.2
0.2
0.2
0.2
0.2
0.2
0.2
0.2
0.2
0.2
0.2
0.2
0.2
0.2
0.2
0.2
0.2
0.588573
0.584875
0.579199
0.570681
0.55879
0.544414
0.531032
0.520012
0.511327
0.504365
0.498448
0.492614
0.485747
0.474593
0.466807
0.43765
0.357553
0.252372
0.206086
0.200374
0.20461
0.20078
0.20008
0.200003
0.2
0.2
0.2
0.2
0.2
0.2
0.2
0.202866
0.200069
0.200002
0.2
0.2
0.2
0.2
0.2
0.200022
0.2
0.2
0.200115
0.20482
0.237009
0.298459
0.350186
0.368562
0.375431
0.372503
0.351294
0.207657
0.200183
0.200004
0.2
0.2
0.2
0.2
0.2
0.2
0.2
0.2
0.2
0.200002
0.200013
0.2
0.2
0.2
0.2
0.2
0.2
0.2
0.2
0.2
0.2
0.2
0.2
0.2
0.2
0.2
0.2
0.2
0.2
0.2
0.2
0.2
0.2
0.2
0.2
0.2
0.2
0.2
0.2
0.2
0.2
0.2
0.2
0.2
0.2
0.2
0.2
0.2
0.2
0.2
0.2
0.2
0.2
0.2
0.2
0.2
0.2
0.2
0.2
0.2
0.2
0.2
0.2
0.2
0.2
0.2
0.2
0.2
0.2
0.2
0.2
0.2
0.2
0.2
0.2
0.2
0.2
0.2
0.2
0.2
0.2
0.2
0.2
0.2
0.2
0.2
0.2
0.2
0.2
0.2
0.2
0.2
0.2
0.2
0.2
0.2
0.585314
0.581782
0.576435
0.568535
0.557643
0.544485
0.531815
0.520973
0.512118
0.504856
0.498656
0.492841
0.486639
0.478126
0.470919
0.466357
0.460187
0.453829
0.448809
0.444961
0.44139
0.436469
0.427761
0.418532
0.305303
0.206232
0.200035
0.2
0.2
0.2
0.230977
0.299477
0.368489
0.316399
0.305574
0.234032
0.202815
0.200137
0.200005
0.230667
0.293811
0.26636
0.228944
0.210693
0.226974
0.279787
0.340068
0.367311
0.373874
0.370674
0.349103
0.210717
0.20034
0.200008
0.2
0.2
0.2
0.2
0.2
0.2
0.2
0.2
0.2
0.2
0.200004
0.2
0.2
0.2
0.2
0.2
0.2
0.2
0.2
0.2
0.2
0.2
0.2
0.2
0.2
0.2
0.2
0.2
0.2
0.2
0.2
0.2
0.2
0.2
0.2
0.2
0.2
0.2
0.2
0.2
0.2
0.2
0.2
0.2
0.2
0.2
0.2
0.2
0.2
0.2
0.2
0.2
0.2
0.2
0.2
0.2
0.2
0.2
0.2
0.2
0.2
0.2
0.2
0.2
0.2
0.2
0.2
0.2
0.2
0.2
0.2
0.2
0.2
0.2
0.2
0.2
0.2
0.2
0.2
0.2
0.2
0.2
0.2
0.2
0.2
0.2
0.2
0.2
0.2
0.2
0.2
0.2
0.2
0.2
0.2
0.2
0.582036
0.578631
0.573531
0.56609
0.555943
0.543708
0.531655
0.521049
0.512159
0.504735
0.498374
0.49258
0.486828
0.480054
0.473869
0.469433
0.46502
0.460568
0.456226
0.451989
0.447715
0.443048
0.436773
0.427451
0.41993
0.375635
0.287045
0.219857
0.202344
0.279158
0.396969
0.397856
0.396498
0.382201
0.354922
0.349183
0.345528
0.319997
0.3471
0.344351
0.338938
0.326966
0.294449
0.253901
0.224324
0.322928
0.359287
0.366701
0.372097
0.368657
0.3462
0.211773
0.200372
0.200008
0.2
0.2
0.2
0.2
0.2
0.2
0.2
0.2
0.2
0.2
0.200001
0.2
0.2
0.2
0.2
0.2
0.2
0.2
0.2
0.2
0.2
0.2
0.2
0.2
0.2
0.2
0.2
0.2
0.2
0.2
0.2
0.2
0.2
0.2
0.2
0.2
0.2
0.2
0.2
0.2
0.2
0.2
0.2
0.2
0.2
0.2
0.2
0.2
0.2
0.2
0.2
0.2
0.2
0.2
0.2
0.2
0.2
0.2
0.2
0.2
0.2
0.2
0.2
0.2
0.2
0.2
0.2
0.2
0.2
0.2
0.2
0.2
0.2
0.2
0.2
0.2
0.2
0.2
0.2
0.2
0.2
0.2
0.2
0.2
0.2
0.2
0.2
0.2
0.2
0.2
0.2
0.2
0.2
0.2
0.2
0.2
0.578766
0.57545
0.570515
0.563388
0.553758
0.542184
0.530627
0.520268
0.511428
0.503949
0.497512
0.491741
0.48625
0.480426
0.474923
0.470304
0.465967
0.461729
0.457575
0.453508
0.449504
0.445453
0.440871
0.434509
0.42712
0.42313
0.418927
0.405896
0.41495
0.4144
0.413665
0.411927
0.409514
0.404577
0.39265
0.382051
0.368174
0.366017
0.364743
0.361896
0.358194
0.348623
0.326831
0.290347
0.245899
0.309296
0.357886
0.365203
0.370112
0.366543
0.343197
0.211651
0.200356
0.200008
0.2
0.2
0.2
0.2
0.2
0.2
0.2
0.2
0.2
0.2
0.2
0.2
0.2
0.2
0.2
0.2
0.2
0.2
0.2
0.2
0.2
0.2
0.2
0.2
0.2
0.2
0.2
0.2
0.2
0.2
0.2
0.2
0.2
0.2
0.2
0.2
0.2
0.2
0.2
0.2
0.2
0.2
0.2
0.2
0.2
0.2
0.2
0.2
0.2
0.2
0.2
0.2
0.2
0.2
0.2
0.2
0.2
0.2
0.2
0.2
0.2
0.2
0.2
0.2
0.2
0.2
0.2
0.2
0.2
0.2
0.2
0.2
0.2
0.2
0.2
0.2
0.2
0.2
0.2
0.2
0.2
0.2
0.2
0.2
0.2
0.2
0.2
0.2
0.2
0.2
0.2
0.2
0.2
0.2
0.2
0.2
0.575535
0.572266
0.567416
0.56046
0.551133
0.539977
0.528775
0.51864
0.509897
0.502434
0.495982
0.49023
0.484875
0.479518
0.474388
0.469721
0.465312
0.461047
0.45691
0.45293
0.449149
0.445588
0.442129
0.438255
0.433639
0.429753
0.424757
0.423381
0.422453
0.420998
0.419276
0.417168
0.414751
0.411781
0.407096
0.401077
0.393223
0.389457
0.38733
0.383738
0.377575
0.367537
0.349902
0.319546
0.275516
0.296273
0.347684
0.362499
0.36798
0.364497
0.340543
0.211548
0.20034
0.200007
0.2
0.2
0.2
0.2
0.2
0.2
0.2
0.2
0.2
0.2
0.2
0.2
0.2
0.2
0.2
0.2
0.2
0.2
0.2
0.2
0.2
0.2
0.2
0.2
0.2
0.2
0.2
0.2
0.2
0.2
0.2
0.2
0.2
0.2
0.2
0.2
0.2
0.2
0.2
0.2
0.2
0.2
0.2
0.2
0.2
0.2
0.2
0.2
0.2
0.2
0.2
0.2
0.2
0.2
0.2
0.2
0.2
0.2
0.2
0.2
0.2
0.2
0.2
0.2
0.2
0.2
0.2
0.2
0.2
0.2
0.2
0.2
0.2
0.2
0.2
0.2
0.2
0.2
0.2
0.2
0.2
0.2
0.2
0.2
0.2
0.2
0.2
0.2
0.2
0.2
0.2
0.2
0.2
0.2
0.2
0.2
0.572371
0.569109
0.564259
0.557322
0.548081
0.5371
0.526105
0.516146
0.507523
0.500123
0.493696
0.487964
0.482668
0.477517
0.472554
0.467862
0.46336
0.458992
0.454764
0.450726
0.44696
0.44329
0.439743
0.436853
0.434411
0.431989
0.429285
0.427615
0.425948
0.42418
0.422192
0.419981
0.417605
0.415005
0.412105
0.40877
0.404848
0.401362
0.398065
0.393969
0.388331
0.379949
0.366156
0.342229
0.304289
0.295746
0.33403
0.356265
0.364899
0.362564
0.338597
0.214463
0.200315
0.200006
0.2
0.2
0.2
0.2
0.2
0.2
0.2
0.2
0.2
0.2
0.2
0.2
0.2
0.2
0.2
0.2
0.2
0.2
0.2
0.2
0.2
0.2
0.2
0.2
0.2
0.2
0.2
0.2
0.2
0.2
0.2
0.2
0.2
0.2
0.2
0.2
0.2
0.2
0.2
0.2
0.2
0.2
0.2
0.2
0.2
0.2
0.2
0.2
0.2
0.2
0.2
0.2
0.2
0.2
0.2
0.2
0.2
0.2
0.2
0.2
0.2
0.2
0.2
0.2
0.2
0.2
0.2
0.2
0.2
0.2
0.2
0.2
0.2
0.2
0.2
0.2
0.2
0.2
0.2
0.2
0.2
0.2
0.2
0.2
0.2
0.2
0.2
0.2
0.2
0.2
0.2
0.2
0.2
0.2
0.2
0.2
0.569265
0.565918
0.560929
0.553849
0.544546
0.53366
0.522836
0.512828
0.504246
0.496941
0.490566
0.484855
0.479569
0.474474
0.469536
0.464759
0.460095
0.455508
0.451008
0.446602
0.441166
0.434298
0.425003
0.414781
0.411909
0.411537
0.411195
0.409953
0.408137
0.406619
0.40488
0.402965
0.400869
0.398864
0.397317
0.396113
0.394976
0.39378
0.392543
0.391026
0.3885
0.383844
0.374977
0.358046
0.328458
0.306584
0.323973
0.347471
0.360351
0.360493
0.337437
0.227679
0.201509
0.200029
0.2
0.2
0.2
0.2
0.2
0.2
0.2
0.2
0.2
0.2
0.2
0.2
0.2
0.2
0.2
0.2
0.2
0.2
0.2
0.2
0.2
0.2
0.2
0.2
0.2
0.2
0.2
0.2
0.2
0.2
0.2
0.2
0.2
0.2
0.2
0.2
0.2
0.2
0.2
0.2
0.2
0.2
0.2
0.2
0.2
0.2
0.2
0.2
0.2
0.2
0.2
0.2
0.2
0.2
0.2
0.2
0.2
0.2
0.2
0.2
0.2
0.2
0.2
0.2
0.2
0.2
0.2
0.2
0.2
0.2
0.2
0.2
0.2
0.2
0.2
0.2
0.2
0.2
0.2
0.2
0.2
0.2
0.2
0.2
0.2
0.2
0.2
0.2
0.2
0.2
0.2
0.2
0.2
0.2
0.2
0.2
0.56624
0.562696
0.557385
0.549916
0.540313
0.529381
0.51867
0.508857
0.500445
0.493047
0.486499
0.480794
0.475475
0.47033
0.465288
0.460308
0.455325
0.450285
0.445144
0.438172
0.427957
0.41501
0.39681
0.379302
0.373539
0.37022
0.369268
0.368515
0.368724
0.3723
0.374385
0.375004
0.373586
0.368349
0.365853
0.365045
0.365258
0.366518
0.369052
0.37262
0.37568
0.376834
0.374418
0.365466
0.345593
0.322248
0.321536
0.339023
0.354491
0.357945
0.336892
0.231833
0.201702
0.200032
0.2
0.2
0.2
0.2
0.2
0.2
0.2
0.2
0.2
0.2
0.2
0.2
0.2
0.2
0.2
0.2
0.2
0.2
0.2
0.2
0.2
0.2
0.2
0.2
0.2
0.2
0.2
0.2
0.2
0.2
0.2
0.2
0.2
0.2
0.2
0.2
0.2
0.2
0.2
0.2
0.2
0.2
0.2
0.2
0.2
0.2
0.2
0.2
0.2
0.2
0.2
0.2
0.2
0.2
0.2
0.2
0.2
0.2
0.2
0.2
0.2
0.2
0.2
0.2
0.2
0.2
0.2
0.2
0.2
0.2
0.2
0.2
0.2
0.2
0.2
0.2
0.2
0.2
0.2
0.2
0.2
0.2
0.2
0.2
0.2
0.2
0.2
0.2
0.2
0.2
0.2
0.2
0.2
0.2
0.2
0.2
0.563309
0.559425
0.55356
0.545421
0.535278
0.524172
0.513529
0.503932
0.495694
0.488415
0.48194
0.475701
0.470225
0.464917
0.459618
0.454232
0.448637
0.442671
0.435173
0.421338
0.401462
0.384503
0.362956
0.355591
0.307387
0.229034
0.202574
0.222964
0.286806
0.358266
0.359709
0.360181
0.357485
0.34046
0.334102
0.330638
0.329528
0.330302
0.334442
0.343197
0.352558
0.359776
0.363866
0.363046
0.353559
0.335958
0.325658
0.333583
0.348329
0.354784
0.336808
0.24134
0.202281
0.20004
0.200001
0.2
0.2
0.2
0.2
0.2
0.2
0.2
0.2
0.2
0.2
0.2
0.2
0.2
0.2
0.2
0.2
0.2
0.2
0.2
0.2
0.2
0.2
0.2
0.2
0.2
0.2
0.2
0.2
0.2
0.2
0.2
0.2
0.2
0.2
0.2
0.2
0.2
0.2
0.2
0.2
0.2
0.2
0.2
0.2
0.2
0.2
0.2
0.2
0.2
0.2
0.2
0.2
0.2
0.2
0.2
0.2
0.2
0.2
0.2
0.2
0.2
0.2
0.2
0.2
0.2
0.2
0.2
0.2
0.2
0.2
0.2
0.2
0.2
0.2
0.2
0.2
0.2
0.2
0.2
0.2
0.2
0.2
0.2
0.2
0.2
0.2
0.2
0.2
0.2
0.2
0.2
0.2
0.2
0.2
0.2
0.560476
0.556058
0.549337
0.540198
0.529281
0.517891
0.507294
0.497918
0.489846
0.482675
0.476203
0.469924
0.46386
0.457938
0.452129
0.445984
0.439202
0.431254
0.415827
0.387488
0.35725
0.346943
0.336222
0.226743
0.200983
0.200054
0.200007
0.200153
0.203506
0.247817
0.283903
0.345225
0.338718
0.312334
0.237598
0.203272
0.200615
0.212474
0.271888
0.332283
0.338935
0.344931
0.349988
0.353448
0.35229
0.343404
0.331725
0.331662
0.34303
0.351175
0.337119
0.265712
0.202697
0.200044
0.200001
0.2
0.2
0.2
0.2
0.2
0.2
0.2
0.2
0.2
0.2
0.2
0.2
0.2
0.2
0.2
0.2
0.2
0.2
0.2
0.2
0.2
0.2
0.2
0.2
0.2
0.2
0.2
0.2
0.2
0.2
0.2
0.2
0.2
0.2
0.2
0.2
0.2
0.2
0.2
0.2
0.2
0.2
0.2
0.2
0.2
0.2
0.2
0.2
0.2
0.2
0.2
0.2
0.2
0.2
0.2
0.2
0.2
0.2
0.2
0.2
0.2
0.2
0.2
0.2
0.2
0.2
0.2
0.2
0.2
0.2
0.2
0.2
0.2
0.2
0.2
0.2
0.2
0.2
0.2
0.2
0.2
0.2
0.2
0.2
0.2
0.2
0.2
0.2
0.2
0.2
0.2
0.2
0.2
0.2
0.2
0.55773
0.552516
0.544545
0.534012
0.522079
0.510313
0.499745
0.490568
0.48263
0.475517
0.468958
0.462536
0.456173
0.44935
0.442059
0.434398
0.425024
0.411758
0.379067
0.333562
0.317752
0.224694
0.200707
0.200143
0.200007
0.2
0.2
0.200001
0.200014
0.200473
0.2145
0.318301
0.311126
0.258207
0.202297
0.200008
0.200002
0.200055
0.203436
0.271656
0.331395
0.33339
0.335563
0.33895
0.342376
0.342083
0.334716
0.331293
0.339031
0.347424
0.337819
0.323585
0.202588
0.200047
0.200001
0.2
0.2
0.2
0.2
0.2
0.2
0.2
0.2
0.2
0.2
0.2
0.2
0.2
0.2
0.2
0.2
0.2
0.2
0.2
0.2
0.2
0.2
0.2
0.2
0.2
0.2
0.2
0.2
0.2
0.2
0.2
0.2
0.2
0.2
0.2
0.2
0.2
0.2
0.2
0.2
0.2
0.2
0.2
0.2
0.2
0.2
0.2
0.2
0.2
0.2
0.2
0.2
0.2
0.2
0.2
0.2
0.2
0.2
0.2
0.2
0.2
0.2
0.2
0.2
0.2
0.2
0.2
0.2
0.2
0.2
0.2
0.2
0.2
0.2
0.2
0.2
0.2
0.2
0.2
0.2
0.2
0.2
0.2
0.2
0.2
0.2
0.2
0.2
0.2
0.2
0.2
0.2
0.2
0.2
0.2
0.555051
0.548702
0.53897
0.526547
0.513289
0.501037
0.490436
0.48138
0.473494
0.466329
0.459546
0.452765
0.445759
0.438
0.42856
0.416126
0.39912
0.366791
0.308567
0.268071
0.20216
0.200175
0.200006
0.200001
0.2
0.2
0.2
0.2
0.2
0.200002
0.200114
0.222864
0.280793
0.20424
0.200034
0.2
0.2
0.2
0.200016
0.224431
0.271886
0.214968
0.211013
0.273535
0.318587
0.339896
0.334577
0.330686
0.336064
0.343917
0.337273
0.324571
0.210284
0.200149
0.200002
0.2
0.2
0.2
0.2
0.2
0.2
0.2
0.2
0.2
0.2
0.2
0.2
0.2
0.2
0.2
0.2
0.2
0.2
0.2
0.2
0.2
0.2
0.2
0.2
0.2
0.2
0.2
0.2
0.2
0.2
0.2
0.2
0.2
0.2
0.2
0.2
0.2
0.2
0.2
0.2
0.2
0.2
0.2
0.2
0.2
0.2
0.2
0.2
0.2
0.2
0.2
0.2
0.2
0.2
0.2
0.2
0.2
0.2
0.2
0.2
0.2
0.2
0.2
0.2
0.2
0.2
0.2
0.2
0.2
0.2
0.2
0.2
0.2
0.2
0.2
0.2
0.2
0.2
0.2
0.2
0.2
0.2
0.2
0.2
0.2
0.2
0.2
0.2
0.2
0.2
0.2
0.2
0.2
0.2
0.2
0.552435
0.544565
0.532422
0.51736
0.502186
0.489174
0.478293
0.469131
0.461106
0.45366
0.446325
0.438624
0.430034
0.419628
0.405715
0.38298
0.336361
0.262915
0.216317
0.200659
0.200017
0.200001
0.2
0.2
0.2
0.2
0.2
0.2
0.2
0.2
0.200004
0.202752
0.246809
0.201966
0.200005
0.2
0.2
0.2
0.2
0.205509
0.218126
0.200219
0.200112
0.217557
0.26863
0.337023
0.333585
0.329738
0.333663
0.340857
0.336
0.323778
0.220298
0.200861
0.200015
0.2
0.2
0.2
0.2
0.2
0.2
0.2
0.2
0.2
0.2
0.2
0.2
0.2
0.2
0.2
0.2
0.2
0.2
0.2
0.2
0.2
0.2
0.2
0.2
0.2
0.2
0.2
0.2
0.2
0.2
0.2
0.2
0.2
0.2
0.2
0.2
0.2
0.2
0.2
0.2
0.2
0.2
0.2
0.2
0.2
0.2
0.2
0.2
0.2
0.2
0.2
0.2
0.2
0.2
0.2
0.2
0.2
0.2
0.2
0.2
0.2
0.2
0.2
0.2
0.2
0.2
0.2
0.2
0.2
0.2
0.2
0.2
0.2
0.2
0.2
0.2
0.2
0.2
0.2
0.2
0.2
0.2
0.2
0.2
0.2
0.2
0.2
0.2
0.2
0.2
0.2
0.2
0.2
0.2
0.2
0.549944
0.540259
0.524886
0.505673
0.48678
0.471966
0.459803
0.449844
0.441309
0.433097
0.424322
0.414134
0.401293
0.383527
0.357526
0.312307
0.234964
0.20121
0.200184
0.200007
0.2
0.2
0.2
0.2
0.2
0.2
0.2
0.2
0.2
0.2
0.2
0.200157
0.21717
0.200647
0.200002
0.2
0.2
0.2
0.2
0.20099
0.201982
0.200004
0.200001
0.201755
0.219864
0.334527
0.332261
0.328535
0.331529
0.33813
0.334464
0.322698
0.221365
0.200535
0.200007
0.2
0.2
0.2
0.2
0.2
0.2
0.2
0.2
0.2
0.2
0.2
0.2
0.2
0.2
0.2
0.2
0.2
0.2
0.2
0.2
0.2
0.2
0.2
0.2
0.2
0.2
0.2
0.2
0.2
0.2
0.2
0.2
0.2
0.2
0.2
0.2
0.2
0.2
0.2
0.2
0.2
0.2
0.2
0.2
0.2
0.2
0.2
0.2
0.2
0.2
0.2
0.2
0.2
0.2
0.2
0.2
0.2
0.2
0.2
0.2
0.2
0.2
0.2
0.2
0.2
0.2
0.2
0.2
0.2
0.2
0.2
0.2
0.2
0.2
0.2
0.2
0.2
0.2
0.2
0.2
0.2
0.2
0.2
0.2
0.2
0.2
0.2
0.2
0.2
0.2
0.2
0.2
0.2
0.2
0.2
0.547769
0.536411
0.51659
0.486915
0.450299
0.421336
0.394936
0.373117
0.394782
0.392807
0.382537
0.368785
0.349832
0.321461
0.284658
0.244712
0.20094
0.200014
0.200002
0.2
0.2
0.2
0.2
0.2
0.2
0.2
0.2
0.2
0.2
0.2
0.2
0.200001
0.204867
0.200098
0.2
0.2
0.2
0.2
0.2
0.200156
0.20014
0.2
0.2
0.200109
0.203024
0.332444
0.330761
0.327142
0.329495
0.335571
0.332841
0.321896
0.241962
0.201726
0.200022
0.2
0.2
0.2
0.2
0.2
0.2
0.2
0.2
0.2
0.2
0.2
0.2
0.2
0.2
0.2
0.2
0.2
0.2
0.2
0.2
0.2
0.2
0.2
0.2
0.2
0.2
0.2
0.2
0.2
0.2
0.2
0.2
0.2
0.2
0.2
0.2
0.2
0.2
0.2
0.2
0.2
0.2
0.2
0.2
0.2
0.2
0.2
0.2
0.2
0.2
0.2
0.2
0.2
0.2
0.2
0.2
0.2
0.2
0.2
0.2
0.2
0.2
0.2
0.2
0.2
0.2
0.2
0.2
0.2
0.2
0.2
0.2
0.2
0.2
0.2
0.2
0.2
0.2
0.2
0.2
0.2
0.2
0.2
0.2
0.2
0.2
0.2
0.2
0.2
0.2
0.2
0.2
0.2
0.2
0.2
0.546147
0.534583
0.514401
0.484712
0.449505
0.340061
0.217309
0.294597
0.305483
0.314143
0.311564
0.303273
0.29351
0.284663
0.203853
0.200524
0.200012
0.2
0.2
0.2
0.2
0.2
0.2
0.2
0.2
0.2
0.2
0.2
0.2
0.2
0.2
0.2
0.201126
0.20001
0.2
0.2
0.2
0.2
0.2
0.200022
0.200008
0.2
0.2
0.200005
0.20033
0.330503
0.329129
0.325589
0.327467
0.33306
0.331137
0.321849
0.309012
0.206362
0.200096
0.200001
0.2
0.2
0.2
0.2
0.2
0.2
0.2
0.2
0.2
0.2
0.2
0.2
0.2
0.2
0.2
0.2
0.2
0.2
0.2
0.2
0.2
0.2
0.2
0.2
0.2
0.2
0.2
0.2
0.2
0.2
0.2
0.2
0.2
0.2
0.2
0.2
0.2
0.2
0.2
0.2
0.2
0.2
0.2
0.2
0.2
0.2
0.2
0.2
0.2
0.2
0.2
0.2
0.2
0.2
0.2
0.2
0.2
0.2
0.2
0.2
0.2
0.2
0.2
0.2
0.2
0.2
0.2
0.2
0.2
0.2
0.2
0.2
0.2
0.2
0.2
0.2
0.2
0.2
0.2
0.2
0.2
0.2
0.2
0.2
0.2
0.2
0.2
0.2
0.2
0.2
0.2
0.2
0.2
0.2
0.544693
0.533557
0.514432
0.486919
0.455291
0.451696
0.200589
0.204504
0.203471
0.2076
0.209917
0.211524
0.201986
0.202277
0.20007
0.200005
0.2
0.2
0.2
0.2
0.2
0.2
0.2
0.2
0.2
0.2
0.2
0.2
0.2
0.2
0.2
0.2
0.200232
0.200001
0.2
0.2
0.2
0.2
0.2
0.200003
0.2
0.2
0.2
0.2
0.20003
0.328594
0.327378
0.323881
0.325389
0.330552
0.329128
0.320771
0.308447
0.205837
0.200079
0.200001
0.2
0.2
0.2
0.2
0.2
0.2
0.2
0.2
0.2
0.2
0.2
0.2
0.2
0.2
0.2
0.2
0.2
0.2
0.2
0.2
0.2
0.2
0.2
0.2
0.2
0.2
0.2
0.2
0.2
0.2
0.2
0.2
0.2
0.2
0.2
0.2
0.2
0.2
0.2
0.2
0.2
0.2
0.2
0.2
0.2
0.2
0.2
0.2
0.2
0.2
0.2
0.2
0.2
0.2
0.2
0.2
0.2
0.2
0.2
0.2
0.2
0.2
0.2
0.2
0.2
0.2
0.2
0.2
0.2
0.2
0.2
0.2
0.2
0.2
0.2
0.2
0.2
0.2
0.2
0.2
0.2
0.2
0.2
0.2
0.2
0.2
0.2
0.2
0.2
0.2
0.2
0.2
0.2
0.2
0.543219
0.532748
0.515217
0.490667
0.463344
0.455716
0.453162
0.20008
0.200077
0.200288
0.20032
0.200355
0.20003
0.20003
0.200001
0.2
0.2
0.2
0.2
0.2
0.2
0.2
0.2
0.2
0.2
0.2
0.2
0.2
0.2
0.2
0.2
0.2
0.200044
0.2
0.2
0.2
0.2
0.2
0.2
0.2
0.2
0.2
0.2
0.2
0.200002
0.326676
0.32551
0.322014
0.323229
0.328044
0.326898
0.318921
0.306082
0.204704
0.200054
0.2
0.2
0.2
0.2
0.2
0.2
0.2
0.2
0.2
0.2
0.2
0.2
0.2
0.2
0.2
0.2
0.2
0.2
0.2
0.2
0.2
0.2
0.2
0.2
0.2
0.2
0.2
0.2
0.2
0.2
0.2
0.2
0.2
0.2
0.2
0.2
0.2
0.2
0.2
0.2
0.2
0.2
0.2
0.2
0.2
0.2
0.2
0.2
0.2
0.2
0.2
0.2
0.2
0.2
0.2
0.2
0.2
0.2
0.2
0.2
0.2
0.2
0.2
0.2
0.2
0.2
0.2
0.2
0.2
0.2
0.2
0.2
0.2
0.2
0.2
0.2
0.2
0.2
0.2
0.2
0.2
0.2
0.2
0.2
0.2
0.2
0.2
0.2
0.2
0.2
0.2
0.2
0.2
0.2
0.2
0.541685
0.53197
0.516171
0.494599
0.471004
0.460585
0.455678
0.453242
0.244256
0.200006
0.200007
0.200007
0.2
0.2
0.2
0.2
0.2
0.2
0.2
0.2
0.2
0.2
0.2
0.2
0.2
0.2
0.2
0.2
0.2
0.2
0.2
0.2
0.200008
0.2
0.2
0.2
0.2
0.2
0.2
0.2
0.2
0.2
0.2
0.2
0.2
0.324745
0.323519
0.31998
0.320961
0.325514
0.324515
0.316643
0.303036
0.204889
0.200039
0.2
0.2
0.2
0.2
0.2
0.2
0.2
0.2
0.2
0.2
0.2
0.2
0.2
0.2
0.2
0.2
0.2
0.2
0.2
0.2
0.2
0.2
0.2
0.2
0.2
0.2
0.2
0.2
0.2
0.2
0.2
0.2
0.2
0.2
0.2
0.2
0.2
0.2
0.2
0.2
0.2
0.2
0.2
0.2
0.2
0.2
0.2
0.2
0.2
0.2
0.2
0.2
0.2
0.2
0.2
0.2
0.2
0.2
0.2
0.2
0.2
0.2
0.2
0.2
0.2
0.2
0.2
0.2
0.2
0.2
0.2
0.2
0.2
0.2
0.2
0.2
0.2
0.2
0.2
0.2
0.2
0.2
0.2
0.2
0.2
0.2
0.2
0.2
0.2
0.2
0.2
0.2
0.2
0.2
0.2
0.540063
0.531103
0.516951
0.498041
0.477471
0.46562
0.458969
0.455098
0.451541
0.447737
0.37776
0.258825
0.2
0.2
0.2
0.2
0.2
0.2
0.2
0.2
0.2
0.2
0.2
0.2
0.2
0.2
0.2
0.2
0.2
0.2
0.2
0.2
0.200001
0.2
0.2
0.2
0.2
0.2
0.2
0.2
0.2
0.2
0.2
0.200003
0.201391
0.322728
0.321392
0.31776
0.318555
0.322913
0.321992
0.314088
0.299483
0.208559
0.200232
0.200003
0.2
0.2
0.2
0.2
0.2
0.2
0.2
0.2
0.2
0.2
0.2
0.2
0.2
0.2
0.2
0.2
0.2
0.2
0.2
0.2
0.2
0.2
0.2
0.2
0.2
0.2
0.2
0.2
0.2
0.2
0.2
0.2
0.2
0.2
0.2
0.2
0.2
0.2
0.2
0.2
0.2
0.2
0.2
0.2
0.2
0.2
0.2
0.2
0.2
0.2
0.2
0.2
0.2
0.2
0.2
0.2
0.2
0.2
0.2
0.2
0.2
0.2
0.2
0.2
0.2
0.2
0.2
0.2
0.2
0.2
0.2
0.2
0.2
0.2
0.2
0.2
0.2
0.2
0.2
0.2
0.2
0.2
0.2
0.2
0.2
0.2
0.2
0.2
0.2
0.2
0.2
0.2
0.2
0.2
0.538338
0.530082
0.517394
0.500737
0.482611
0.470288
0.4625
0.457562
0.453962
0.449881
0.445326
0.435396
0.422849
0.2
0.2
0.2
0.2
0.2
0.2
0.2
0.2
0.2
0.2
0.2
0.2
0.2
0.2
0.2
0.2
0.2
0.2
0.2
0.2
0.2
0.2
0.2
0.2
0.2
0.2
0.2
0.2
0.2
0.2
0.200025
0.204421
0.32059
0.319102
0.31531
0.315961
0.320173
0.3193
0.311289
0.295327
0.205916
0.200079
0.200001
0.2
0.2
0.2
0.2
0.2
0.2
0.2
0.2
0.2
0.2
0.2
0.2
0.2
0.2
0.2
0.2
0.2
0.2
0.2
0.2
0.2
0.2
0.2
0.2
0.2
0.2
0.2
0.2
0.2
0.2
0.2
0.2
0.2
0.2
0.2
0.2
0.2
0.2
0.2
0.2
0.2
0.2
0.2
0.2
0.2
0.2
0.2
0.2
0.2
0.2
0.2
0.2
0.2
0.2
0.2
0.2
0.2
0.2
0.2
0.2
0.2
0.2
0.2
0.2
0.2
0.2
0.2
0.2
0.2
0.2
0.2
0.2
0.2
0.2
0.2
0.2
0.2
0.2
0.2
0.2
0.2
0.2
0.2
0.2
0.2
0.2
0.2
0.2
0.2
0.2
0.2
0.2
0.2
0.2
0.536503
0.528876
0.517438
0.502639
0.486484
0.47423
0.465755
0.459964
0.455714
0.451632
0.447701
0.44109
0.429679
0.202387
0.2
0.2
0.2
0.2
0.2
0.2
0.2
0.2
0.2
0.2
0.2
0.2
0.2
0.2
0.2
0.2
0.2
0.2
0.2
0.2
0.2
0.2
0.2
0.2
0.2
0.2
0.2
0.2
0.2
0.200161
0.211346
0.318285
0.316605
0.31255
0.313089
0.31719
0.316369
0.30825
0.290673
0.208897
0.200206
0.200002
0.2
0.2
0.2
0.2
0.2
0.2
0.2
0.2
0.2
0.2
0.2
0.2
0.2
0.2
0.2
0.2
0.2
0.2
0.2
0.2
0.2
0.2
0.2
0.2
0.2
0.2
0.2
0.2
0.2
0.2
0.2
0.2
0.2
0.2
0.2
0.2
0.2
0.2
0.2
0.2
0.2
0.2
0.2
0.2
0.2
0.2
0.2
0.2
0.2
0.2
0.2
0.2
0.2
0.2
0.2
0.2
0.2
0.2
0.2
0.2
0.2
0.2
0.2
0.2
0.2
0.2
0.2
0.2
0.2
0.2
0.2
0.2
0.2
0.2
0.2
0.2
0.2
0.2
0.2
0.2
0.2
0.2
0.2
0.2
0.2
0.2
0.2
0.2
0.2
0.2
0.2
0.2
0.2
0.2
0.534558
0.527477
0.517083
0.503788
0.489216
0.477294
0.46845
0.462025
0.457154
0.452838
0.448774
0.443317
0.434122
0.431119
0.226168
0.200161
0.200002
0.2
0.2
0.2
0.2
0.2
0.2
0.2
0.2
0.2
0.2
0.2
0.2
0.2
0.2
0.2
0.2
0.2
0.2
0.2
0.2
0.2
0.2
0.2
0.2
0.2
0.200005
0.200739
0.226561
0.315727
0.313724
0.309368
0.30977
0.313793
0.313054
0.304901
0.285858
0.209312
0.200106
0.200001
0.2
0.2
0.2
0.2
0.2
0.2
0.2
0.2
0.2
0.2
0.2
0.2
0.2
0.2
0.2
0.2
0.2
0.2
0.2
0.2
0.2
0.2
0.2
0.2
0.2
0.2
0.2
0.2
0.2
0.2
0.2
0.2
0.2
0.2
0.2
0.2
0.2
0.2
0.2
0.2
0.2
0.2
0.2
0.2
0.2
0.2
0.2
0.2
0.2
0.2
0.2
0.2
0.2
0.2
0.2
0.2
0.2
0.2
0.2
0.2
0.2
0.2
0.2
0.2
0.2
0.2
0.2
0.2
0.2
0.2
0.2
0.2
0.2
0.2
0.2
0.2
0.2
0.2
0.2
0.2
0.2
0.2
0.2
0.2
0.2
0.2
0.2
0.2
0.2
0.2
0.2
0.2
0.2
0.2
0.53251
0.525893
0.516352
0.50426
0.490952
0.479464
0.470468
0.463611
0.458253
0.453648
0.44942
0.444603
0.437659
0.433135
0.428262
0.425537
0.422225
0.418433
0.41446
0.410121
0.405052
0.397741
0.28069
0.203585
0.200005
0.2
0.2
0.2
0.2
0.201959
0.237215
0.308062
0.259208
0.235141
0.201053
0.200001
0.2
0.2
0.200036
0.2
0.200898
0.200138
0.208415
0.26006
0.296082
0.312666
0.31018
0.305419
0.305668
0.309671
0.309053
0.300976
0.282235
0.253068
0.200766
0.200006
0.2
0.2
0.2
0.2
0.2
0.2
0.2
0.2
0.2
0.2
0.2
0.2
0.2
0.2
0.2
0.2
0.2
0.2
0.2
0.2
0.2
0.2
0.2
0.2
0.2
0.2
0.2
0.2
0.2
0.2
0.2
0.2
0.2
0.2
0.2
0.2
0.2
0.2
0.2
0.2
0.2
0.2
0.2
0.2
0.2
0.2
0.2
0.2
0.2
0.2
0.2
0.2
0.2
0.2
0.2
0.2
0.2
0.2
0.2
0.2
0.2
0.2
0.2
0.2
0.2
0.2
0.2
0.2
0.2
0.2
0.2
0.2
0.2
0.2
0.2
0.2
0.2
0.2
0.2
0.2
0.2
0.2
0.2
0.2
0.2
0.2
0.2
0.2
0.2
0.2
0.2
0.2
0.2
0.2
0.530372
0.524139
0.515281
0.504136
0.491826
0.480784
0.471774
0.464649
0.458942
0.454084
0.449713
0.44523
0.439754
0.435212
0.43152
0.428205
0.424802
0.421204
0.417382
0.413234
0.408458
0.401955
0.394836
0.388085
0.256596
0.200734
0.200004
0.200621
0.218131
0.292243
0.354813
0.353485
0.334001
0.298328
0.288669
0.215463
0.200636
0.205455
0.214886
0.249292
0.222257
0.206122
0.201981
0.234504
0.287772
0.307527
0.305371
0.299903
0.300138
0.30425
0.303722
0.294945
0.273514
0.239238
0.200627
0.200006
0.2
0.2
0.2
0.2
0.2
0.2
0.2
0.2
0.2
0.2
0.2
0.2
0.2
0.2
0.2
0.2
0.2
0.2
0.2
0.2
0.2
0.2
0.2
0.2
0.2
0.2
0.2
0.2
0.2
0.2
0.2
0.2
0.2
0.2
0.2
0.2
0.2
0.2
0.2
0.2
0.2
0.2
0.2
0.2
0.2
0.2
0.2
0.2
0.2
0.2
0.2
0.2
0.2
0.2
0.2
0.2
0.2
0.2
0.2
0.2
0.2
0.2
0.2
0.2
0.2
0.2
0.2
0.2
0.2
0.2
0.2
0.2
0.2
0.2
0.2
0.2
0.2
0.2
0.2
0.2
0.2
0.2
0.2
0.2
0.2
0.2
0.2
0.2
0.2
0.2
0.2
0.2
0.2
0.2
0.528162
0.522236
0.51391
0.50349
0.491949
0.481312
0.472366
0.465092
0.45915
0.454095
0.449599
0.445256
0.440539
0.43622
0.432456
0.428909
0.425355
0.421716
0.417974
0.414112
0.410028
0.405276
0.400155
0.393405
0.387197
0.34312
0.260144
0.282524
0.370302
0.37135
0.37103
0.368711
0.36183
0.34252
0.320408
0.315716
0.311776
0.307254
0.301588
0.293805
0.276575
0.242091
0.213429
0.213519
0.261611
0.29777
0.297995
0.292244
0.292213
0.296652
0.296168
0.285495
0.259036
0.224012
0.200337
0.200003
0.2
0.2
0.2
0.2
0.2
0.2
0.2
0.2
0.2
0.2
0.2
0.2
0.2
0.2
0.2
0.2
0.2
0.2
0.2
0.2
0.2
0.2
0.2
0.2
0.2
0.2
0.2
0.2
0.2
0.2
0.2
0.2
0.2
0.2
0.2
0.2
0.2
0.2
0.2
0.2
0.2
0.2
0.2
0.2
0.2
0.2
0.2
0.2
0.2
0.2
0.2
0.2
0.2
0.2
0.2
0.2
0.2
0.2
0.2
0.2
0.2
0.2
0.2
0.2
0.2
0.2
0.2
0.2
0.2
0.2
0.2
0.2
0.2
0.2
0.2
0.2
0.2
0.2
0.2
0.2
0.2
0.2
0.2
0.2
0.2
0.2
0.2
0.2
0.2
0.2
0.2
0.2
0.2
0.2
0.5259
0.520209
0.512273
0.502383
0.491406
0.481101
0.472247
0.464902
0.458812
0.45361
0.449005
0.444686
0.440304
0.436133
0.432271
0.42856
0.424875
0.421173
0.417466
0.413793
0.410171
0.406489
0.402648
0.397882
0.392366
0.389574
0.387742
0.386377
0.384972
0.383053
0.380884
0.378354
0.374436
0.366366
0.354668
0.348504
0.343629
0.338789
0.333516
0.327555
0.313288
0.285001
0.247257
0.219613
0.235405
0.276939
0.285229
0.281015
0.280746
0.285779
0.285294
0.27144
0.240226
0.211658
0.200148
0.200001
0.2
0.2
0.2
0.2
0.2
0.2
0.2
0.2
0.2
0.2
0.2
0.2
0.2
0.2
0.2
0.2
0.2
0.2
0.2
0.2
0.2
0.2
0.2
0.2
0.2
0.2
0.2
0.2
0.2
0.2
0.2
0.2
0.2
0.2
0.2
0.2
0.2
0.2
0.2
0.2
0.2
0.2
0.2
0.2
0.2
0.2
0.2
0.2
0.2
0.2
0.2
0.2
0.2
0.2
0.2
0.2
0.2
0.2
0.2
0.2
0.2
0.2
0.2
0.2
0.2
0.2
0.2
0.2
0.2
0.2
0.2
0.2
0.2
0.2
0.2
0.2
0.2
0.2
0.2
0.2
0.2
0.2
0.2
0.2
0.2
0.2
0.2
0.2
0.2
0.2
0.2
0.2
0.2
0.2
0.523611
0.518081
0.510406
0.500861
0.490255
0.480185
0.471413
0.464041
0.457859
0.452552
0.447851
0.443495
0.439224
0.4351
0.431154
0.427308
0.423494
0.4197
0.415959
0.412338
0.408911
0.405718
0.402741
0.399772
0.396539
0.393157
0.390227
0.387533
0.384921
0.383084
0.380974
0.378575
0.375823
0.372217
0.367458
0.363161
0.359005
0.354481
0.349134
0.342392
0.331381
0.311107
0.279173
0.243351
0.227896
0.252716
0.265971
0.264987
0.265074
0.270867
0.270383
0.252659
0.221421
0.204857
0.200073
0.200001
0.2
0.2
0.2
0.2
0.2
0.2
0.2
0.2
0.2
0.2
0.2
0.2
0.2
0.2
0.2
0.2
0.2
0.2
0.2
0.2
0.2
0.2
0.2
0.2
0.2
0.2
0.2
0.2
0.2
0.2
0.2
0.2
0.2
0.2
0.2
0.2
0.2
0.2
0.2
0.2
0.2
0.2
0.2
0.2
0.2
0.2
0.2
0.2
0.2
0.2
0.2
0.2
0.2
0.2
0.2
0.2
0.2
0.2
0.2
0.2
0.2
0.2
0.2
0.2
0.2
0.2
0.2
0.2
0.2
0.2
0.2
0.2
0.2
0.2
0.2
0.2
0.2
0.2
0.2
0.2
0.2
0.2
0.2
0.2
0.2
0.2
0.2
0.2
0.2
0.2
0.2
0.2
0.2
0.2
0.521321
0.515881
0.508336
0.498955
0.488526
0.478572
0.469846
0.462461
0.456224
0.45084
0.446052
0.441626
0.437346
0.433185
0.429132
0.425133
0.421152
0.417189
0.413284
0.409504
0.405915
0.40197
0.397155
0.390786
0.381234
0.369754
0.364606
0.361724
0.359763
0.358047
0.356813
0.356028
0.355348
0.354338
0.352722
0.350705
0.348714
0.346717
0.344364
0.340933
0.334831
0.32249
0.299928
0.268241
0.239415
0.237597
0.245213
0.245854
0.246517
0.252664
0.252335
0.232942
0.209079
0.201669
0.20005
0.2
0.2
0.2
0.2
0.2
0.2
0.2
0.2
0.2
0.2
0.2
0.2
0.2
0.2
0.2
0.2
0.2
0.2
0.2
0.2
0.2
0.2
0.2
0.2
0.2
0.2
0.2
0.2
0.2
0.2
0.2
0.2
0.2
0.2
0.2
0.2
0.2
0.2
0.2
0.2
0.2
0.2
0.2
0.2
0.2
0.2
0.2
0.2
0.2
0.2
0.2
0.2
0.2
0.2
0.2
0.2
0.2
0.2
0.2
0.2
0.2
0.2
0.2
0.2
0.2
0.2
0.2
0.2
0.2
0.2
0.2
0.2
0.2
0.2
0.2
0.2
0.2
0.2
0.2
0.2
0.2
0.2
0.2
0.2
0.2
0.2
0.2
0.2
0.2
0.2
0.2
0.2
0.2
0.2
0.2
0.519035
0.513597
0.506044
0.496662
0.48626
0.476333
0.467497
0.460092
0.453819
0.448376
0.443506
0.438985
0.434621
0.430349
0.426128
0.421911
0.417663
0.413378
0.409071
0.404669
0.398815
0.390603
0.379054
0.365266
0.345618
0.326119
0.321327
0.318466
0.317162
0.3207
0.323495
0.325652
0.326501
0.325484
0.321252
0.312705
0.311465
0.312665
0.315823
0.318739
0.319899
0.316667
0.304991
0.282983
0.255165
0.236711
0.231307
0.229046
0.229104
0.234315
0.234325
0.21951
0.204813
0.200183
0.200009
0.2
0.2
0.2
0.2
0.2
0.2
0.2
0.2
0.2
0.2
0.2
0.2
0.2
0.2
0.2
0.2
0.2
0.2
0.2
0.2
0.2
0.2
0.2
0.2
0.2
0.2
0.2
0.2
0.2
0.2
0.2
0.2
0.2
0.2
0.2
0.2
0.2
0.2
0.2
0.2
0.2
0.2
0.2
0.2
0.2
0.2
0.2
0.2
0.2
0.2
0.2
0.2
0.2
0.2
0.2
0.2
0.2
0.2
0.2
0.2
0.2
0.2
0.2
0.2
0.2
0.2
0.2
0.2
0.2
0.2
0.2
0.2
0.2
0.2
0.2
0.2
0.2
0.2
0.2
0.2
0.2
0.2
0.2
0.2
0.2
0.2
0.2
0.2
0.2
0.2
0.2
0.2
0.2
0.2
0.2
0.516732
0.511161
0.503407
0.493816
0.483298
0.473327
0.464534
0.457151
0.450867
0.445085
0.440074
0.435426
0.430911
0.426442
0.421956
0.417388
0.412681
0.40778
0.40261
0.395229
0.384224
0.367312
0.345483
0.328065
0.304317
0.296877
0.250857
0.211644
0.227759
0.303561
0.305447
0.307001
0.306646
0.302693
0.288309
0.265787
0.258981
0.259613
0.269091
0.278768
0.286924
0.292644
0.291754
0.281322
0.262103
0.241327
0.226643
0.218916
0.216751
0.219765
0.219862
0.210676
0.202632
0.200135
0.20001
0.200001
0.2
0.2
0.2
0.2
0.2
0.2
0.2
0.2
0.2
0.2
0.2
0.2
0.2
0.2
0.2
0.2
0.2
0.2
0.2
0.2
0.2
0.2
0.2
0.2
0.2
0.2
0.2
0.2
0.2
0.2
0.2
0.2
0.2
0.2
0.2
0.2
0.2
0.2
0.2
0.2
0.2
0.2
0.2
0.2
0.2
0.2
0.2
0.2
0.2
0.2
0.2
0.2
0.2
0.2
0.2
0.2
0.2
0.2
0.2
0.2
0.2
0.2
0.2
0.2
0.2
0.2
0.2
0.2
0.2
0.2
0.2
0.2
0.2
0.2
0.2
0.2
0.2
0.2
0.2
0.2
0.2
0.2
0.2
0.2
0.2
0.2
0.2
0.2
0.2
0.2
0.2
0.2
0.2
0.2
0.514432
0.508578
0.50041
0.49038
0.479579
0.469483
0.460707
0.453335
0.447001
0.441173
0.436011
0.430722
0.425963
0.421174
0.416252
0.411087
0.405537
0.399384
0.390975
0.376482
0.356235
0.326736
0.294952
0.285489
0.271666
0.210307
0.200461
0.20001
0.200345
0.207461
0.232871
0.29013
0.288975
0.278819
0.251302
0.232702
0.205063
0.204231
0.249883
0.250918
0.253696
0.261117
0.265226
0.262993
0.254199
0.240517
0.225359
0.214407
0.209896
0.21062
0.210536
0.205537
0.20141
0.200094
0.200008
0.200001
0.2
0.2
0.2
0.2
0.2
0.2
0.2
0.2
0.2
0.2
0.2
0.2
0.2
0.2
0.2
0.2
0.2
0.2
0.2
0.2
0.2
0.2
0.2
0.2
0.2
0.2
0.2
0.2
0.2
0.2
0.2
0.2
0.2
0.2
0.2
0.2
0.2
0.2
0.2
0.2
0.2
0.2
0.2
0.2
0.2
0.2
0.2
0.2
0.2
0.2
0.2
0.2
0.2
0.2
0.2
0.2
0.2
0.2
0.2
0.2
0.2
0.2
0.2
0.2
0.2
0.2
0.2
0.2
0.2
0.2
0.2
0.2
0.2
0.2
0.2
0.2
0.2
0.2
0.2
0.2
0.2
0.2
0.2
0.2
0.2
0.2
0.2
0.2
0.2
0.2
0.2
0.2
0.2
0.2
0.512151
0.505852
0.497031
0.486303
0.475013
0.464673
0.455847
0.448434
0.441999
0.436093
0.43071
0.425262
0.419391
0.413993
0.408296
0.401978
0.394582
0.385172
0.366215
0.33783
0.309574
0.27125
0.251552
0.204943
0.200103
0.200016
0.200001
0.2
0.200001
0.200014
0.201102
0.214072
0.258574
0.240293
0.213076
0.200441
0.200007
0.200002
0.201061
0.204588
0.208036
0.240318
0.23713
0.234539
0.232841
0.230044
0.221442
0.211737
0.206426
0.205703
0.205408
0.202784
0.200703
0.20004
0.200002
0.2
0.2
0.2
0.2
0.2
0.2
0.2
0.2
0.2
0.2
0.2
0.2
0.2
0.2
0.2
0.2
0.2
0.2
0.2
0.2
0.2
0.2
0.2
0.2
0.2
0.2
0.2
0.2
0.2
0.2
0.2
0.2
0.2
0.2
0.2
0.2
0.2
0.2
0.2
0.2
0.2
0.2
0.2
0.2
0.2
0.2
0.2
0.2
0.2
0.2
0.2
0.2
0.2
0.2
0.2
0.2
0.2
0.2
0.2
0.2
0.2
0.2
0.2
0.2
0.2
0.2
0.2
0.2
0.2
0.2
0.2
0.2
0.2
0.2
0.2
0.2
0.2
0.2
0.2
0.2
0.2
0.2
0.2
0.2
0.2
0.2
0.2
0.2
0.2
0.2
0.2
0.2
0.2
0.2
0.2
0.509907
0.502997
0.493259
0.481525
0.469455
0.458651
0.449626
0.442045
0.435409
0.429304
0.423553
0.417687
0.411312
0.403708
0.39621
0.386943
0.374041
0.35326
0.312689
0.267177
0.24319
0.218409
0.200482
0.200009
0.2
0.2
0.2
0.2
0.2
0.2
0.200002
0.200221
0.203903
0.211151
0.200269
0.200001
0.2
0.2
0.200001
0.200057
0.20046
0.206103
0.20074
0.201512
0.204852
0.219678
0.216202
0.209147
0.204415
0.203187
0.202805
0.201329
0.200332
0.200027
0.200003
0.2
0.2
0.2
0.2
0.2
0.2
0.2
0.2
0.2
0.2
0.2
0.2
0.2
0.2
0.2
0.2
0.2
0.2
0.2
0.2
0.2
0.2
0.2
0.2
0.2
0.2
0.2
0.2
0.2
0.2
0.2
0.2
0.2
0.2
0.2
0.2
0.2
0.2
0.2
0.2
0.2
0.2
0.2
0.2
0.2
0.2
0.2
0.2
0.2
0.2
0.2
0.2
0.2
0.2
0.2
0.2
0.2
0.2
0.2
0.2
0.2
0.2
0.2
0.2
0.2
0.2
0.2
0.2
0.2
0.2
0.2
0.2
0.2
0.2
0.2
0.2
0.2
0.2
0.2
0.2
0.2
0.2
0.2
0.2
0.2
0.2
0.2
0.2
0.2
0.2
0.2
0.2
0.2
0.2
0.2
0.50773
0.500072
0.48915
0.476006
0.462638
0.450855
0.441277
0.433207
0.426095
0.419487
0.413026
0.406198
0.398389
0.388431
0.373672
0.355297
0.325242
0.272713
0.226764
0.208359
0.200332
0.200004
0.200001
0.2
0.2
0.2
0.2
0.2
0.2
0.2
0.2
0.2
0.200128
0.202228
0.200047
0.2
0.2
0.2
0.2
0.2
0.200029
0.200353
0.200003
0.200003
0.200456
0.203521
0.211125
0.206306
0.202942
0.201856
0.201484
0.200586
0.20014
0.200017
0.200002
0.2
0.2
0.2
0.2
0.2
0.2
0.2
0.2
0.2
0.2
0.2
0.2
0.2
0.2
0.2
0.2
0.2
0.2
0.2
0.2
0.2
0.2
0.2
0.2
0.2
0.2
0.2
0.2
0.2
0.2
0.2
0.2
0.2
0.2
0.2
0.2
0.2
0.2
0.2
0.2
0.2
0.2
0.2
0.2
0.2
0.2
0.2
0.2
0.2
0.2
0.2
0.2
0.2
0.2
0.2
0.2
0.2
0.2
0.2
0.2
0.2
0.2
0.2
0.2
0.2
0.2
0.2
0.2
0.2
0.2
0.2
0.2
0.2
0.2
0.2
0.2
0.2
0.2
0.2
0.2
0.2
0.2
0.2
0.2
0.2
0.2
0.2
0.2
0.2
0.2
0.2
0.2
0.2
0.2
0.2
0.505673
0.497231
0.484926
0.469784
0.453922
0.439567
0.428296
0.418624
0.410115
0.402207
0.394102
0.384857
0.373129
0.356558
0.327533
0.287022
0.23879
0.208655
0.201368
0.200016
0.200001
0.2
0.2
0.2
0.2
0.2
0.2
0.2
0.2
0.2
0.2
0.2
0.200004
0.200317
0.200005
0.2
0.2
0.2
0.2
0.2
0.200002
0.200013
0.2
0.2
0.200031
0.200342
0.207147
0.20409
0.201918
0.201127
0.200859
0.20036
0.200019
0.200002
0.2
0.2
0.2
0.2
0.2
0.2
0.2
0.2
0.2
0.2
0.2
0.2
0.2
0.2
0.2
0.2
0.2
0.2
0.2
0.2
0.2
0.2
0.2
0.2
0.2
0.2
0.2
0.2
0.2
0.2
0.2
0.2
0.2
0.2
0.2
0.2
0.2
0.2
0.2
0.2
0.2
0.2
0.2
0.2
0.2
0.2
0.2
0.2
0.2
0.2
0.2
0.2
0.2
0.2
0.2
0.2
0.2
0.2
0.2
0.2
0.2
0.2
0.2
0.2
0.2
0.2
0.2
0.2
0.2
0.2
0.2
0.2
0.2
0.2
0.2
0.2
0.2
0.2
0.2
0.2
0.2
0.2
0.2
0.2
0.2
0.2
0.2
0.2
0.2
0.2
0.2
0.2
0.2
0.2
0.2
0.2
0.503818
0.494774
0.481132
0.462875
0.439491
0.411262
0.387615
0.364427
0.342932
0.360513
0.352101
0.339848
0.321545
0.293962
0.253447
0.217007
0.200607
0.200008
0.200006
0.2
0.2
0.2
0.2
0.2
0.2
0.2
0.2
0.2
0.2
0.2
0.2
0.2
0.2
0.200044
0.2
0.2
0.2
0.2
0.2
0.2
0.2
0.2
0.2
0.2
0.200002
0.200025
0.204343
0.20255
0.201239
0.200709
0.200522
0.200239
0.200011
0.200001
0.2
0.200001
0.2
0.2
0.2
0.2
0.2
0.2
0.2
0.2
0.2
0.2
0.2
0.2
0.2
0.2
0.2
0.2
0.2
0.2
0.2
0.2
0.2
0.2
0.2
0.2
0.2
0.2
0.2
0.2
0.2
0.2
0.2
0.2
0.2
0.2
0.2
0.2
0.2
0.2
0.2
0.2
0.2
0.2
0.2
0.2
0.2
0.2
0.2
0.2
0.2
0.2
0.2
0.2
0.2
0.2
0.2
0.2
0.2
0.2
0.2
0.2
0.2
0.2
0.2
0.2
0.2
0.2
0.2
0.2
0.2
0.2
0.2
0.2
0.2
0.2
0.2
0.2
0.2
0.2
0.2
0.2
0.2
0.2
0.2
0.2
0.2
0.2
0.2
0.2
0.2
0.2
0.2
0.2
0.2
0.2
0.502231
0.493068
0.479074
0.460076
0.436038
0.408612
0.306236
0.210954
0.223775
0.236842
0.251047
0.263612
0.249443
0.224353
0.20723
0.201105
0.200009
0.2
0.2
0.2
0.2
0.2
0.2
0.2
0.2
0.2
0.2
0.2
0.2
0.2
0.2
0.2
0.2
0.200005
0.2
0.2
0.2
0.2
0.2
0.2
0.2
0.2
0.2
0.2
0.2
0.200001
0.202525
0.201537
0.200793
0.200459
0.200332
0.200176
0.200037
0.200018
0.200009
0.200005
0.200002
0.200001
0.2
0.2
0.2
0.2
0.2
0.2
0.2
0.2
0.2
0.2
0.2
0.2
0.2
0.2
0.2
0.2
0.2
0.2
0.2
0.2
0.2
0.2
0.2
0.2
0.2
0.2
0.2
0.2
0.2
0.2
0.2
0.2
0.2
0.2
0.2
0.2
0.2
0.2
0.2
0.2
0.2
0.2
0.2
0.2
0.2
0.2
0.2
0.2
0.2
0.2
0.2
0.2
0.2
0.2
0.2
0.2
0.2
0.2
0.2
0.2
0.2
0.2
0.2
0.2
0.2
0.2
0.2
0.2
0.2
0.2
0.2
0.2
0.2
0.2
0.2
0.2
0.2
0.2
0.2
0.2
0.2
0.2
0.2
0.2
0.2
0.2
0.2
0.2
0.2
0.2
0.2
0.2
0.500759
0.491841
0.478287
0.459924
0.436731
0.410105
0.353505
0.200443
0.200286
0.200047
0.201549
0.2076
0.212836
0.200667
0.200062
0.200005
0.2
0.2
0.2
0.2
0.2
0.2
0.2
0.2
0.2
0.2
0.2
0.2
0.2
0.2
0.2
0.2
0.2
0.200001
0.2
0.2
0.2
0.2
0.2
0.2
0.2
0.2
0.2
0.2
0.2
0.2
0.201394
0.200891
0.200494
0.200297
0.200217
0.20014
0.200089
0.200053
0.200026
0.200012
0.200005
0.200002
0.200001
0.2
0.2
0.2
0.2
0.2
0.2
0.2
0.2
0.2
0.2
0.2
0.2
0.2
0.2
0.2
0.2
0.2
0.2
0.2
0.2
0.2
0.2
0.2
0.2
0.2
0.2
0.2
0.2
0.2
0.2
0.2
0.2
0.2
0.2
0.2
0.2
0.2
0.2
0.2
0.2
0.2
0.2
0.2
0.2
0.2
0.2
0.2
0.2
0.2
0.2
0.2
0.2
0.2
0.2
0.2
0.2
0.2
0.2
0.2
0.2
0.2
0.2
0.2
0.2
0.2
0.2
0.2
0.2
0.2
0.2
0.2
0.2
0.2
0.2
0.2
0.2
0.2
0.2
0.2
0.2
0.2
0.2
0.2
0.2
0.2
0.2
0.2
0.2
0.2
0.2
0.2
0.49928
0.490789
0.478067
0.461053
0.439975
0.416377
0.407098
0.403498
0.200003
0.200001
0.200018
0.200096
0.200146
0.200006
0.200001
0.2
0.2
0.2
0.2
0.2
0.2
0.2
0.2
0.2
0.2
0.2
0.2
0.2
0.2
0.2
0.2
0.2
0.2
0.2
0.2
0.2
0.2
0.2
0.2
0.2
0.2
0.2
0.2
0.2
0.2
0.2
0.20073
0.200489
0.200292
0.200183
0.200132
0.20009
0.200056
0.200031
0.200015
0.200007
0.200003
0.200001
0.2
0.2
0.2
0.2
0.2
0.2
0.2
0.2
0.2
0.2
0.2
0.2
0.2
0.2
0.2
0.2
0.2
0.2
0.2
0.2
0.2
0.2
0.2
0.2
0.2
0.2
0.2
0.2
0.2
0.2
0.2
0.2
0.2
0.2
0.2
0.2
0.2
0.2
0.2
0.2
0.2
0.2
0.2
0.2
0.2
0.2
0.2
0.2
0.2
0.2
0.2
0.2
0.2
0.2
0.2
0.2
0.2
0.2
0.2
0.2
0.2
0.2
0.2
0.2
0.2
0.2
0.2
0.2
0.2
0.2
0.2
0.2
0.2
0.2
0.2
0.2
0.2
0.2
0.2
0.2
0.2
0.2
0.2
0.2
0.2
0.2
0.2
0.2
0.2
0.2
0.2
0.2
0.49776
0.489808
0.478124
0.462754
0.444127
0.424029
0.414514
0.407406
0.386208
0.2
0.2
0.200001
0.200001
0.2
0.2
0.2
0.2
0.2
0.2
0.2
0.2
0.2
0.2
0.2
0.2
0.2
0.2
0.2
0.2
0.2
0.2
0.2
0.2
0.2
0.2
0.2
0.2
0.2
0.2
0.2
0.2
0.2
0.2
0.2
0.2
0.2
0.200355
0.200251
0.20016
0.200103
0.200073
0.20005
0.200031
0.200017
0.200009
0.200004
0.200002
0.200001
0.2
0.2
0.2
0.2
0.2
0.2
0.2
0.2
0.2
0.2
0.2
0.2
0.2
0.2
0.2
0.2
0.2
0.2
0.2
0.2
0.2
0.2
0.2
0.2
0.2
0.2
0.2
0.2
0.2
0.2
0.2
0.2
0.2
0.2
0.2
0.2
0.2
0.2
0.2
0.2
0.2
0.2
0.2
0.2
0.2
0.2
0.2
0.2
0.2
0.2
0.2
0.2
0.2
0.2
0.2
0.2
0.2
0.2
0.2
0.2
0.2
0.2
0.2
0.2
0.2
0.2
0.2
0.2
0.2
0.2
0.2
0.2
0.2
0.2
0.2
0.2
0.2
0.2
0.2
0.2
0.2
0.2
0.2
0.2
0.2
0.2
0.2
0.2
0.2
0.2
0.2
0.2
0.496168
0.488804
0.478221
0.464532
0.448242
0.430934
0.420219
0.411721
0.408203
0.40535
0.324726
0.2
0.2
0.2
0.2
0.2
0.2
0.2
0.2
0.2
0.2
0.2
0.2
0.2
0.2
0.2
0.2
0.2
0.2
0.2
0.2
0.2
0.2
0.2
0.2
0.2
0.2
0.2
0.2
0.2
0.2
0.2
0.2
0.2
0.2
0.2
0.200153
0.200118
0.20008
0.200053
0.200037
0.200025
0.200015
0.200009
0.200005
0.200002
0.200001
0.2
0.2
0.2
0.2
0.2
0.2
0.2
0.2
0.2
0.2
0.2
0.2
0.2
0.2
0.2
0.2
0.2
0.2
0.2
0.2
0.2
0.2
0.2
0.2
0.2
0.2
0.2
0.2
0.2
0.2
0.2
0.2
0.2
0.2
0.2
0.2
0.2
0.2
0.2
0.2
0.2
0.2
0.2
0.2
0.2
0.2
0.2
0.2
0.2
0.2
0.2
0.2
0.2
0.2
0.2
0.2
0.2
0.2
0.2
0.2
0.2
0.2
0.2
0.2
0.2
0.2
0.2
0.2
0.2
0.2
0.2
0.2
0.2
0.2
0.2
0.2
0.2
0.2
0.2
0.2
0.2
0.2
0.2
0.2
0.2
0.2
0.2
0.2
0.2
0.2
0.2
0.2
0.2
0.494478
0.48771
0.478201
0.466096
0.45189
0.43686
0.42585
0.4172
0.412511
0.408215
0.403477
0.400633
0.395573
0.308803
0.211051
0.200353
0.200003
0.2
0.2
0.2
0.2
0.2
0.2
0.2
0.2
0.2
0.2
0.2
0.2
0.2
0.2
0.2
0.2
0.2
0.2
0.2
0.2
0.2
0.2
0.2
0.2
0.2
0.2
0.2
0.2
0.2
0.200052
0.20005
0.200037
0.200025
0.200017
0.200012
0.200007
0.200004
0.200002
0.200001
0.200001
0.2
0.2
0.2
0.2
0.2
0.2
0.2
0.2
0.2
0.2
0.2
0.2
0.2
0.2
0.2
0.2
0.2
0.2
0.2
0.2
0.2
0.2
0.2
0.2
0.2
0.2
0.2
0.2
0.2
0.2
0.2
0.2
0.2
0.2
0.2
0.2
0.2
0.2
0.2
0.2
0.2
0.2
0.2
0.2
0.2
0.2
0.2
0.2
0.2
0.2
0.2
0.2
0.2
0.2
0.2
0.2
0.2
0.2
0.2
0.2
0.2
0.2
0.2
0.2
0.2
0.2
0.2
0.2
0.2
0.2
0.2
0.2
0.2
0.2
0.2
0.2
0.2
0.2
0.2
0.2
0.2
0.2
0.2
0.2
0.2
0.2
0.2
0.2
0.2
0.2
0.2
0.2
0.2
0.49267
0.486479
0.477971
0.4673
0.454905
0.441783
0.431075
0.422466
0.416675
0.411854
0.407822
0.403858
0.398424
0.386579
0.200332
0.200009
0.2
0.2
0.2
0.2
0.2
0.2
0.2
0.2
0.2
0.2
0.2
0.2
0.2
0.2
0.2
0.2
0.2
0.2
0.2
0.2
0.2
0.2
0.2
0.2
0.2
0.2
0.2
0.2
0.2
0.2
0.200003
0.200022
0.200016
0.200011
0.200007
0.200005
0.200003
0.200002
0.200001
0.200001
0.2
0.2
0.2
0.2
0.2
0.2
0.2
0.2
0.2
0.2
0.2
0.2
0.2
0.2
0.2
0.2
0.2
0.2
0.2
0.2
0.2
0.2
0.2
0.2
0.2
0.2
0.2
0.2
0.2
0.2
0.2
0.2
0.2
0.2
0.2
0.2
0.2
0.2
0.2
0.2
0.2
0.2
0.2
0.2
0.2
0.2
0.2
0.2
0.2
0.2
0.2
0.2
0.2
0.2
0.2
0.2
0.2
0.2
0.2
0.2
0.2
0.2
0.2
0.2
0.2
0.2
0.2
0.2
0.2
0.2
0.2
0.2
0.2
0.2
0.2
0.2
0.2
0.2
0.2
0.2
0.2
0.2
0.2
0.2
0.2
0.2
0.2
0.2
0.2
0.2
0.2
0.2
0.2
0.2
0.490726
0.485081
0.477484
0.468082
0.457245
0.445739
0.435634
0.427174
0.420728
0.415414
0.410903
0.406466
0.40111
0.391612
0.202771
0.200005
0.2
0.2
0.2
0.2
0.2
0.2
0.2
0.2
0.2
0.2
0.2
0.2
0.2
0.2
0.2
0.2
0.2
0.2
0.2
0.2
0.2
0.2
0.2
0.2
0.2
0.2
0.2
0.2
0.2
0.2
0.2
0.200008
0.200006
0.200004
0.200003
0.200002
0.200001
0.200001
0.2
0.2
0.2
0.2
0.2
0.2
0.2
0.2
0.2
0.2
0.2
0.2
0.2
0.2
0.2
0.2
0.2
0.2
0.2
0.2
0.2
0.2
0.2
0.2
0.2
0.2
0.2
0.2
0.2
0.2
0.2
0.2
0.2
0.2
0.2
0.2
0.2
0.2
0.2
0.2
0.2
0.2
0.2
0.2
0.2
0.2
0.2
0.2
0.2
0.2
0.2
0.2
0.2
0.2
0.2
0.2
0.2
0.2
0.2
0.2
0.2
0.2
0.2
0.2
0.2
0.2
0.2
0.2
0.2
0.2
0.2
0.2
0.2
0.2
0.2
0.2
0.2
0.2
0.2
0.2
0.2
0.2
0.2
0.2
0.2
0.2
0.2
0.2
0.2
0.2
0.2
0.2
0.2
0.2
0.2
0.2
0.48863
0.483493
0.476715
0.468426
0.45893
0.448807
0.439441
0.431258
0.424517
0.418817
0.413845
0.409089
0.403866
0.396012
0.394193
0.391199
0.3201
0.234747
0.20399
0.200273
0.207649
0.223806
0.204567
0.200048
0.2
0.2
0.2
0.2
0.2
0.2
0.2
0.200393
0.201564
0.200033
0.200004
0.2
0.2
0.2
0.2
0.2
0.2
0.2
0.2
0.2
0.2
0.2
0.2
0.200002
0.200002
0.200001
0.200001
0.200001
0.2
0.2
0.2
0.2
0.2
0.2
0.2
0.2
0.2
0.2
0.2
0.2
0.2
0.2
0.2
0.2
0.2
0.2
0.2
0.2
0.2
0.2
0.2
0.2
0.2
0.2
0.2
0.2
0.2
0.2
0.2
0.2
0.2
0.2
0.2
0.2
0.2
0.2
0.2
0.2
0.2
0.2
0.2
0.2
0.2
0.2
0.2
0.2
0.2
0.2
0.2
0.2
0.2
0.2
0.2
0.2
0.2
0.2
0.2
0.2
0.2
0.2
0.2
0.2
0.2
0.2
0.2
0.2
0.2
0.2
0.2
0.2
0.2
0.2
0.2
0.2
0.2
0.2
0.2
0.2
0.2
0.2
0.2
0.2
0.2
0.2
0.2
0.2
0.2
0.2
0.2
0.2
0.2
0.2
0.2
0.2
0.2
0.2
0.486369
0.481702
0.475654
0.46834
0.460001
0.451075
0.4425
0.434716
0.427952
0.422053
0.416804
0.411888
0.406905
0.400862
0.397403
0.393669
0.390867
0.387765
0.38495
0.382446
0.380003
0.377231
0.366672
0.360772
0.225968
0.200067
0.2
0.2
0.2
0.2
0.200348
0.235174
0.296099
0.257063
0.218875
0.200289
0.2
0.2
0.2
0.200006
0.201279
0.203788
0.20118
0.200318
0.200082
0.200019
0.200004
0.200001
0.2
0.2
0.2
0.2
0.2
0.2
0.2
0.2
0.2
0.2
0.2
0.2
0.2
0.2
0.2
0.2
0.2
0.2
0.2
0.2
0.2
0.2
0.2
0.2
0.2
0.2
0.2
0.2
0.2
0.2
0.2
0.2
0.2
0.2
0.2
0.2
0.2
0.2
0.2
0.2
0.2
0.2
0.2
0.2
0.2
0.2
0.2
0.2
0.2
0.2
0.2
0.2
0.2
0.2
0.2
0.2
0.2
0.2
0.2
0.2
0.2
0.2
0.2
0.2
0.2
0.2
0.2
0.2
0.2
0.2
0.2
0.2
0.2
0.2
0.2
0.2
0.2
0.2
0.2
0.2
0.2
0.2
0.2
0.2
0.2
0.2
0.2
0.2
0.2
0.2
0.2
0.2
0.2
0.2
0.2
0.2
0.2
0.2
0.2
0.2
0.2
0.2
0.483925
0.479691
0.474297
0.467837
0.460505
0.452628
0.444849
0.437558
0.430972
0.425065
0.419723
0.414768
0.40999
0.40498
0.400999
0.397307
0.39464
0.392099
0.389524
0.386843
0.383967
0.380739
0.375221
0.367641
0.362445
0.315169
0.21816
0.20054
0.204505
0.244887
0.338966
0.337375
0.333701
0.318655
0.279059
0.265047
0.211262
0.200627
0.203921
0.245075
0.231092
0.218596
0.207492
0.20235
0.200666
0.200172
0.200039
0.200008
0.200001
0.2
0.2
0.2
0.2
0.2
0.2
0.2
0.2
0.2
0.2
0.2
0.2
0.2
0.2
0.2
0.2
0.2
0.2
0.2
0.2
0.2
0.2
0.2
0.2
0.2
0.2
0.2
0.2
0.2
0.2
0.2
0.2
0.2
0.2
0.2
0.2
0.2
0.2
0.2
0.2
0.2
0.2
0.2
0.2
0.2
0.2
0.2
0.2
0.2
0.2
0.2
0.2
0.2
0.2
0.2
0.2
0.2
0.2
0.2
0.2
0.2
0.2
0.2
0.2
0.2
0.2
0.2
0.2
0.2
0.2
0.2
0.2
0.2
0.2
0.2
0.2
0.2
0.2
0.2
0.2
0.2
0.2
0.2
0.2
0.2
0.2
0.2
0.2
0.2
0.2
0.2
0.2
0.2
0.2
0.2
0.2
0.2
0.2
0.2
0.2
0.2
0.481283
0.477448
0.472638
0.466932
0.460482
0.453532
0.446527
0.439792
0.433524
0.427766
0.422481
0.417581
0.412965
0.408466
0.40447
0.400858
0.397856
0.3951
0.392392
0.389621
0.386697
0.383507
0.379454
0.373788
0.367831
0.363406
0.359978
0.357568
0.355409
0.353595
0.352426
0.350061
0.346581
0.339287
0.319496
0.296418
0.289565
0.283067
0.277871
0.274987
0.263774
0.244398
0.222651
0.208665
0.202766
0.200788
0.200205
0.20005
0.200012
0.200003
0.200001
0.2
0.2
0.2
0.2
0.2
0.2
0.2
0.2
0.2
0.2
0.2
0.2
0.2
0.2
0.2
0.2
0.2
0.2
0.2
0.2
0.2
0.2
0.2
0.2
0.2
0.2
0.2
0.2
0.2
0.2
0.2
0.2
0.2
0.2
0.2
0.2
0.2
0.2
0.2
0.2
0.2
0.2
0.2
0.2
0.2
0.2
0.2
0.2
0.2
0.2
0.2
0.2
0.2
0.2
0.2
0.2
0.2
0.2
0.2
0.2
0.2
0.2
0.2
0.2
0.2
0.2
0.2
0.2
0.2
0.2
0.2
0.2
0.2
0.2
0.2
0.2
0.2
0.2
0.2
0.2
0.2
0.2
0.2
0.2
0.2
0.2
0.2
0.2
0.2
0.2
0.2
0.2
0.2
0.2
0.2
0.2
0.2
0.2
0.2
0.478422
0.474957
0.470672
0.465634
0.459959
0.453833
0.447566
0.441416
0.435558
0.430067
0.424951
0.420182
0.415715
0.411484
0.407589
0.404023
0.400833
0.397869
0.394997
0.39212
0.389166
0.386062
0.38263
0.378544
0.37412
0.370951
0.368298
0.365913
0.363691
0.361492
0.359303
0.356638
0.35345
0.348898
0.34051
0.328696
0.322021
0.317055
0.311817
0.305079
0.292781
0.271949
0.244105
0.21997
0.206938
0.202066
0.20057
0.200152
0.20004
0.200011
0.200004
0.200001
0.2
0.2
0.2
0.2
0.2
0.2
0.2
0.2
0.2
0.2
0.2
0.2
0.2
0.2
0.2
0.2
0.2
0.2
0.2
0.2
0.2
0.2
0.2
0.2
0.2
0.2
0.2
0.2
0.2
0.2
0.2
0.2
0.2
0.2
0.2
0.2
0.2
0.2
0.2
0.2
0.2
0.2
0.2
0.2
0.2
0.2
0.2
0.2
0.2
0.2
0.2
0.2
0.2
0.2
0.2
0.2
0.2
0.2
0.2
0.2
0.2
0.2
0.2
0.2
0.2
0.2
0.2
0.2
0.2
0.2
0.2
0.2
0.2
0.2
0.2
0.2
0.2
0.2
0.2
0.2
0.2
0.2
0.2
0.2
0.2
0.2
0.2
0.2
0.2
0.2
0.2
0.2
0.2
0.2
0.2
0.2
0.2
0.2
0.47532
0.472197
0.468387
0.463942
0.458955
0.453563
0.447987
0.442427
0.43703
0.431883
0.427019
0.422443
0.418142
0.414089
0.410304
0.406782
0.403516
0.400433
0.397452
0.394504
0.391536
0.388509
0.385376
0.382067
0.378696
0.375764
0.373135
0.370681
0.368336
0.365964
0.363485
0.360754
0.357743
0.354146
0.349559
0.343894
0.338792
0.33398
0.328135
0.319953
0.307035
0.286579
0.258101
0.229167
0.210887
0.203374
0.200965
0.20027
0.200076
0.200022
0.200007
0.200002
0.200001
0.2
0.2
0.2
0.2
0.2
0.2
0.2
0.2
0.2
0.2
0.2
0.2
0.2
0.2
0.2
0.2
0.2
0.2
0.2
0.2
0.2
0.2
0.2
0.2
0.2
0.2
0.2
0.2
0.2
0.2
0.2
0.2
0.2
0.2
0.2
0.2
0.2
0.2
0.2
0.2
0.2
0.2
0.2
0.2
0.2
0.2
0.2
0.2
0.2
0.2
0.2
0.2
0.2
0.2
0.2
0.2
0.2
0.2
0.2
0.2
0.2
0.2
0.2
0.2
0.2
0.2
0.2
0.2
0.2
0.2
0.2
0.2
0.2
0.2
0.2
0.2
0.2
0.2
0.2
0.2
0.2
0.2
0.2
0.2
0.2
0.2
0.2
0.2
0.2
0.2
0.2
0.2
0.2
0.2
0.2
0.2
0.2
0.47195
0.469145
0.465763
0.461848
0.45747
0.452736
0.447799
0.442814
0.437902
0.433145
0.428589
0.424254
0.420147
0.416258
0.412588
0.409127
0.405856
0.402732
0.399704
0.396729
0.393772
0.390812
0.387839
0.384857
0.38192
0.379154
0.376545
0.374039
0.371587
0.369139
0.366599
0.3639
0.360933
0.357638
0.353941
0.349798
0.345294
0.340143
0.333542
0.324203
0.310046
0.288405
0.258956
0.229608
0.211167
0.203531
0.20104
0.200301
0.200088
0.200026
0.200008
0.200002
0.200001
0.2
0.2
0.2
0.2
0.2
0.2
0.2
0.2
0.2
0.2
0.2
0.2
0.2
0.2
0.2
0.2
0.2
0.2
0.2
0.2
0.2
0.2
0.2
0.2
0.2
0.2
0.2
0.2
0.2
0.2
0.2
0.2
0.2
0.2
0.2
0.2
0.2
0.2
0.2
0.2
0.2
0.2
0.2
0.2
0.2
0.2
0.2
0.2
0.2
0.2
0.2
0.2
0.2
0.2
0.2
0.2
0.2
0.2
0.2
0.2
0.2
0.2
0.2
0.2
0.2
0.2
0.2
0.2
0.2
0.2
0.2
0.2
0.2
0.2
0.2
0.2
0.2
0.2
0.2
0.2
0.2
0.2
0.2
0.2
0.2
0.2
0.2
0.2
0.2
0.2
0.2
0.2
0.2
0.2
0.2
0.2
0.2
0.468276
0.465766
0.462773
0.459331
0.455497
0.451349
0.446999
0.442561
0.438134
0.433789
0.429575
0.425519
0.421636
0.417927
0.414391
0.411019
0.407792
0.404683
0.401663
0.398701
0.395778
0.39288
0.390008
0.387171
0.384395
0.381711
0.379111
0.376566
0.374038
0.371486
0.368855
0.36608
0.363097
0.359846
0.356249
0.352191
0.347462
0.341617
0.333828
0.322688
0.306062
0.281765
0.251237
0.22406
0.208733
0.202752
0.200824
0.200244
0.200073
0.200022
0.200007
0.200002
0.200001
0.2
0.2
0.2
0.2
0.2
0.2
0.2
0.2
0.2
0.2
0.2
0.2
0.2
0.2
0.2
0.2
0.2
0.2
0.2
0.2
0.2
0.2
0.2
0.2
0.2
0.2
0.2
0.2
0.2
0.2
0.2
0.2
0.2
0.2
0.2
0.2
0.2
0.2
0.2
0.2
0.2
0.2
0.2
0.2
0.2
0.2
0.2
0.2
0.2
0.2
0.2
0.2
0.2
0.2
0.2
0.2
0.2
0.2
0.2
0.2
0.2
0.2
0.2
0.2
0.2
0.2
0.2
0.2
0.2
0.2
0.2
0.2
0.2
0.2
0.2
0.2
0.2
0.2
0.2
0.2
0.2
0.2
0.2
0.2
0.2
0.2
0.2
0.2
0.2
0.2
0.2
0.2
0.2
0.2
0.2
0.2
0.2
0.464252
0.462017
0.459377
0.45636
0.45301
0.449386
0.445568
0.441643
0.437685
0.433755
0.429899
0.426146
0.422513
0.419008
0.415631
0.412377
0.409235
0.406186
0.403213
0.400297
0.397425
0.394589
0.39179
0.389032
0.386325
0.383672
0.381063
0.378475
0.375877
0.373231
0.37049
0.367594
0.364477
0.36105
0.357192
0.352702
0.347244
0.340228
0.330655
0.31691
0.296778
0.269034
0.2385
0.216124
0.205497
0.201706
0.200514
0.200155
0.200047
0.200014
0.200004
0.200001
0.2
0.2
0.2
0.2
0.2
0.2
0.2
0.2
0.2
0.2
0.2
0.2
0.2
0.2
0.2
0.2
0.2
0.2
0.2
0.2
0.2
0.2
0.2
0.2
0.2
0.2
0.2
0.2
0.2
0.2
0.2
0.2
0.2
0.2
0.2
0.2
0.2
0.2
0.2
0.2
0.2
0.2
0.2
0.2
0.2
0.2
0.2
0.2
0.2
0.2
0.2
0.2
0.2
0.2
0.2
0.2
0.2
0.2
0.2
0.2
0.2
0.2
0.2
0.2
0.2
0.2
0.2
0.2
0.2
0.2
0.2
0.2
0.2
0.2
0.2
0.2
0.2
0.2
0.2
0.2
0.2
0.2
0.2
0.2
0.2
0.2
0.2
0.2
0.2
0.2
0.2
0.2
0.2
0.2
0.2
0.2
0.2
0.2
0.459817
0.457837
0.455518
0.452882
0.449963
0.446806
0.443469
0.440014
0.436499
0.432975
0.429479
0.426039
0.422672
0.41939
0.416196
0.413089
0.410062
0.407105
0.404207
0.401358
0.39855
0.395775
0.393034
0.390325
0.387647
0.384994
0.382352
0.379697
0.376999
0.374216
0.371295
0.368167
0.364741
0.360893
0.356433
0.351069
0.344322
0.335402
0.323012
0.305216
0.280133
0.249639
0.223234
0.208529
0.202748
0.200844
0.200256
0.200078
0.200024
0.200007
0.200002
0.200001
0.2
0.2
0.2
0.2
0.2
0.2
0.2
0.2
0.2
0.2
0.2
0.2
0.2
0.2
0.2
0.2
0.2
0.2
0.2
0.2
0.2
0.2
0.2
0.2
0.2
0.2
0.2
0.2
0.2
0.2
0.2
0.2
0.2
0.2
0.2
0.2
0.2
0.2
0.2
0.2
0.2
0.2
0.2
0.2
0.2
0.2
0.2
0.2
0.2
0.2
0.2
0.2
0.2
0.2
0.2
0.2
0.2
0.2
0.2
0.2
0.2
0.2
0.2
0.2
0.2
0.2
0.2
0.2
0.2
0.2
0.2
0.2
0.2
0.2
0.2
0.2
0.2
0.2
0.2
0.2
0.2
0.2
0.2
0.2
0.2
0.2
0.2
0.2
0.2
0.2
0.2
0.2
0.2
0.2
0.2
0.2
0.2
0.2
0.454884
0.453141
0.451114
0.448819
0.446283
0.44354
0.440631
0.437603
0.434499
0.431357
0.42821
0.42508
0.421985
0.418936
0.415938
0.412994
0.410101
0.407254
0.404447
0.401673
0.398927
0.396204
0.393499
0.390806
0.388118
0.385421
0.382695
0.37991
0.377028
0.373995
0.370744
0.367181
0.363178
0.358549
0.353016
0.346142
0.337223
0.325118
0.308094
0.284278
0.254592
0.227098
0.210446
0.203468
0.201085
0.200334
0.200103
0.200032
0.20001
0.200003
0.200001
0.2
0.2
0.2
0.2
0.2
0.2
0.2
0.2
0.2
0.2
0.2
0.2
0.2
0.2
0.2
0.2
0.2
0.2
0.2
0.2
0.2
0.2
0.2
0.2
0.2
0.2
0.2
0.2
0.2
0.2
0.2
0.2
0.2
0.2
0.2
0.2
0.2
0.2
0.2
0.2
0.2
0.2
0.2
0.2
0.2
0.2
0.2
0.2
0.2
0.2
0.2
0.2
0.2
0.2
0.2
0.2
0.2
0.2
0.2
0.2
0.2
0.2
0.2
0.2
0.2
0.2
0.2
0.2
0.2
0.2
0.2
0.2
0.2
0.2
0.2
0.2
0.2
0.2
0.2
0.2
0.2
0.2
0.2
0.2
0.2
0.2
0.2
0.2
0.2
0.2
0.2
0.2
0.2
0.2
0.2
0.2
0.2
0.2
0.2
0.449325
0.447801
0.446036
0.444045
0.441847
0.439468
0.436937
0.434288
0.431553
0.428762
0.425938
0.423101
0.420267
0.417445
0.414642
0.411861
0.409101
0.40636
0.403636
0.400923
0.398215
0.395507
0.392791
0.390054
0.387282
0.384453
0.381536
0.378489
0.375259
0.371775
0.367936
0.363609
0.358599
0.352617
0.34522
0.335702
0.322946
0.30532
0.28127
0.252212
0.225976
0.210159
0.203437
0.201094
0.200342
0.200106
0.200033
0.200011
0.200003
0.200001
0.2
0.2
0.2
0.2
0.2
0.2
0.2
0.2
0.2
0.2
0.2
0.2
0.2
0.2
0.2
0.2
0.2
0.2
0.2
0.2
0.2
0.2
0.2
0.2
0.2
0.2
0.2
0.2
0.2
0.2
0.2
0.2
0.2
0.2
0.2
0.2
0.2
0.2
0.2
0.2
0.2
0.2
0.2
0.2
0.2
0.2
0.2
0.2
0.2
0.2
0.2
0.2
0.2
0.2
0.2
0.2
0.2
0.2
0.2
0.2
0.2
0.2
0.2
0.2
0.2
0.2
0.2
0.2
0.2
0.2
0.2
0.2
0.2
0.2
0.2
0.2
0.2
0.2
0.2
0.2
0.2
0.2
0.2
0.2
0.2
0.2
0.2
0.2
0.2
0.2
0.2
0.2
0.2
0.2
0.2
0.2
0.2
0.2
0.2
0.2
0.442933
0.441609
0.440079
0.438354
0.436448
0.434381
0.432175
0.429853
0.427437
0.42495
0.422409
0.419831
0.417225
0.414601
0.411963
0.409316
0.406658
0.403988
0.401303
0.398597
0.395863
0.393092
0.390268
0.387375
0.384385
0.381264
0.377968
0.374435
0.370585
0.366308
0.361451
0.355791
0.348998
0.340565
0.329701
0.315221
0.295637
0.270303
0.242523
0.220191
0.207798
0.202671
0.200868
0.200277
0.200088
0.200028
0.200009
0.200003
0.200001
0.2
0.2
0.2
0.2
0.2
0.2
0.2
0.2
0.2
0.2
0.2
0.2
0.2
0.2
0.2
0.2
0.2
0.2
0.2
0.2
0.2
0.2
0.2
0.2
0.2
0.2
0.2
0.2
0.2
0.2
0.2
0.2
0.2
0.2
0.2
0.2
0.2
0.2
0.2
0.2
0.2
0.2
0.2
0.2
0.2
0.2
0.2
0.2
0.2
0.2
0.2
0.2
0.2
0.2
0.2
0.2
0.2
0.2
0.2
0.2
0.2
0.2
0.2
0.2
0.2
0.2
0.2
0.2
0.2
0.2
0.2
0.2
0.2
0.2
0.2
0.2
0.2
0.2
0.2
0.2
0.2
0.2
0.2
0.2
0.2
0.2
0.2
0.2
0.2
0.2
0.2
0.2
0.2
0.2
0.2
0.2
0.2
0.2
0.2
0.2
0.2
0.435364
0.434216
0.432887
0.431386
0.429723
0.427913
0.42597
0.42391
0.421749
0.419502
0.417181
0.414797
0.412358
0.409868
0.407331
0.404747
0.402116
0.399433
0.396692
0.393886
0.391002
0.388024
0.384929
0.381687
0.378255
0.37458
0.37059
0.366185
0.361229
0.355525
0.34879
0.340595
0.330298
0.316963
0.299423
0.276955
0.251246
0.227878
0.212341
0.204688
0.201633
0.200545
0.200178
0.200058
0.200019
0.200006
0.200002
0.200001
0.2
0.2
0.2
0.2
0.2
0.2
0.2
0.2
0.2
0.2
0.2
0.2
0.2
0.2
0.2
0.2
0.2
0.2
0.2
0.2
0.2
0.2
0.2
0.2
0.2
0.2
0.2
0.2
0.2
0.2
0.2
0.2
0.2
0.2
0.2
0.2
0.2
0.2
0.2
0.2
0.2
0.2
0.2
0.2
0.2
0.2
0.2
0.2
0.2
0.2
0.2
0.2
0.2
0.2
0.2
0.2
0.2
0.2
0.2
0.2
0.2
0.2
0.2
0.2
0.2
0.2
0.2
0.2
0.2
0.2
0.2
0.2
0.2
0.2
0.2
0.2
0.2
0.2
0.2
0.2
0.2
0.2
0.2
0.2
0.2
0.2
0.2
0.2
0.2
0.2
0.2
0.2
0.2
0.2
0.2
0.2
0.2
0.2
0.2
0.2
0.2
0.2
0.426022
0.425017
0.423846
0.422516
0.421034
0.419409
0.417651
0.41577
0.413775
0.411676
0.409479
0.40719
0.404812
0.402347
0.399794
0.397149
0.394409
0.391564
0.388604
0.385514
0.382271
0.378846
0.375199
0.371276
0.367006
0.362288
0.356983
0.350896
0.343745
0.335118
0.324429
0.310892
0.293689
0.272634
0.249523
0.228616
0.213899
0.205839
0.202221
0.200795
0.200275
0.200093
0.200031
0.20001
0.200003
0.200001
0.2
0.2
0.2
0.2
0.2
0.2
0.2
0.2
0.2
0.2
0.2
0.2
0.2
0.2
0.2
0.2
0.2
0.2
0.2
0.2
0.2
0.2
0.2
0.2
0.2
0.2
0.2
0.2
0.2
0.2
0.2
0.2
0.2
0.2
0.2
0.2
0.2
0.2
0.2
0.2
0.2
0.2
0.2
0.2
0.2
0.2
0.2
0.2
0.2
0.2
0.2
0.2
0.2
0.2
0.2
0.2
0.2
0.2
0.2
0.2
0.2
0.2
0.2
0.2
0.2
0.2
0.2
0.2
0.2
0.2
0.2
0.2
0.2
0.2
0.2
0.2
0.2
0.2
0.2
0.2
0.2
0.2
0.2
0.2
0.2
0.2
0.2
0.2
0.2
0.2
0.2
0.2
0.2
0.2
0.2
0.2
0.2
0.2
0.2
0.2
0.2
0.2
0.2
0.2
0.413861
0.412948
0.411874
0.410642
0.409255
0.40772
0.406041
0.404223
0.402269
0.400184
0.397968
0.395622
0.393144
0.39053
0.387772
0.384862
0.381785
0.378525
0.375057
0.371347
0.367352
0.363011
0.358242
0.352931
0.346919
0.339986
0.331827
0.322023
0.310054
0.295391
0.277849
0.258236
0.238837
0.222664
0.211561
0.205247
0.202178
0.200847
0.200314
0.200113
0.200039
0.200013
0.200005
0.200002
0.200001
0.2
0.2
0.2
0.2
0.2
0.2
0.2
0.2
0.2
0.2
0.2
0.2
0.2
0.2
0.2
0.2
0.2
0.2
0.2
0.2
0.2
0.2
0.2
0.2
0.2
0.2
0.2
0.2
0.2
0.2
0.2
0.2
0.2
0.2
0.2
0.2
0.2
0.2
0.2
0.2
0.2
0.2
0.2
0.2
0.2
0.2
0.2
0.2
0.2
0.2
0.2
0.2
0.2
0.2
0.2
0.2
0.2
0.2
0.2
0.2
0.2
0.2
0.2
0.2
0.2
0.2
0.2
0.2
0.2
0.2
0.2
0.2
0.2
0.2
0.2
0.2
0.2
0.2
0.2
0.2
0.2
0.2
0.2
0.2
0.2
0.2
0.2
0.2
0.2
0.2
0.2
0.2
0.2
0.2
0.2
0.2
0.2
0.2
0.2
0.2
0.2
0.2
0.2
0.2
0.2
0.397003
0.396101
0.395029
0.393786
0.392372
0.390789
0.389035
0.387111
0.385013
0.382739
0.380281
0.377633
0.374784
0.371717
0.368414
0.364849
0.360989
0.356787
0.352187
0.347108
0.341445
0.335059
0.327762
0.319315
0.309435
0.297835
0.284346
0.269141
0.253001
0.237372
0.223935
0.213846
0.207263
0.203496
0.201566
0.200661
0.200265
0.200102
0.200038
0.200014
0.200005
0.200002
0.200001
0.2
0.2
0.2
0.2
0.2
0.2
0.2
0.2
0.2
0.2
0.2
0.2
0.2
0.2
0.2
0.2
0.2
0.2
0.2
0.2
0.2
0.2
0.2
0.2
0.2
0.2
0.2
0.2
0.2
0.2
0.2
0.2
0.2
0.2
0.2
0.2
0.2
0.2
0.2
0.2
0.2
0.2
0.2
0.2
0.2
0.2
0.2
0.2
0.2
0.2
0.2
0.2
0.2
0.2
0.2
0.2
0.2
0.2
0.2
0.2
0.2
0.2
0.2
0.2
0.2
0.2
0.2
0.2
0.2
0.2
0.2
0.2
0.2
0.2
0.2
0.2
0.2
0.2
0.2
0.2
0.2
0.2
0.2
0.2
0.2
0.2
0.2
0.2
0.2
0.2
0.2
0.2
0.2
0.2
0.2
0.2
0.2
0.2
0.2
0.2
0.2
0.2
0.2
0.2
0.2
0.2
0.2
0.371924
0.370896
0.369671
0.368242
0.366603
0.364746
0.362663
0.360344
0.357776
0.354942
0.351825
0.348397
0.34463
0.340482
0.335905
0.330836
0.325199
0.318902
0.311835
0.303881
0.29493
0.284915
0.273872
0.262013
0.249789
0.237878
0.22707
0.218051
0.211192
0.206458
0.203482
0.201764
0.200844
0.200383
0.200165
0.200068
0.200027
0.20001
0.200004
0.200001
0.2
0.2
0.2
0.2
0.2
0.2
0.2
0.2
0.2
0.2
0.2
0.2
0.2
0.2
0.2
0.2
0.2
0.2
0.2
0.2
0.2
0.2
0.2
0.2
0.2
0.2
0.2
0.2
0.2
0.2
0.2
0.2
0.2
0.2
0.2
0.2
0.2
0.2
0.2
0.2
0.2
0.2
0.2
0.2
0.2
0.2
0.2
0.2
0.2
0.2
0.2
0.2
0.2
0.2
0.2
0.2
0.2
0.2
0.2
0.2
0.2
0.2
0.2
0.2
0.2
0.2
0.2
0.2
0.2
0.2
0.2
0.2
0.2
0.2
0.2
0.2
0.2
0.2
0.2
0.2
0.2
0.2
0.2
0.2
0.2
0.2
0.2
0.2
0.2
0.2
0.2
0.2
0.2
0.2
0.2
0.2
0.2
0.2
0.2
0.2
0.2
0.2
0.2
0.2
0.2
0.2
0.2
0.2
0.2
0.2
0.33206
0.33069
0.329067
0.327171
0.324984
0.322487
0.319658
0.316475
0.312914
0.308945
0.304537
0.299658
0.294273
0.288354
0.281883
0.274861
0.267325
0.259358
0.251105
0.24278
0.234656
0.227039
0.220227
0.214451
0.209833
0.206363
0.203915
0.202291
0.201276
0.200677
0.200342
0.200165
0.200076
0.200034
0.200014
0.200006
0.200002
0.200001
0.2
0.2
0.2
0.2
0.2
0.2
0.2
0.2
0.2
0.2
0.2
0.2
0.2
0.2
0.2
0.2
0.2
0.2
0.2
0.2
0.2
0.2
0.2
0.2
0.2
0.2
0.2
0.2
0.2
0.2
0.2
0.2
0.2
0.2
0.2
0.2
0.2
0.2
0.2
0.2
0.2
0.2
0.2
0.2
0.2
0.2
0.2
0.2
0.2
0.2
0.2
0.2
0.2
0.2
0.2
0.2
0.2
0.2
0.2
0.2
0.2
0.2
0.2
0.2
0.2
0.2
0.2
0.2
0.2
0.2
0.2
0.2
0.2
0.2
0.2
0.2
0.2
0.2
0.2
0.2
0.2
0.2
0.2
0.2
0.2
0.2
0.2
0.2
0.2
0.2
0.2
0.2
0.2
0.2
0.2
0.2
0.2
0.2
0.2
0.2
0.2
0.2
0.2
0.2
0.2
0.2
0.2
0.2
0.2
0.2
0.2
0.2
0.272058
0.270428
0.26852
0.266316
0.263802
0.260977
0.257842
0.254406
0.250687
0.246713
0.242521
0.238167
0.233717
0.229254
0.224873
0.220676
0.216764
0.213228
0.210135
0.207527
0.20541
0.203757
0.202518
0.201626
0.201011
0.200605
0.200348
0.200192
0.200102
0.200052
0.200025
0.200012
0.200005
0.200002
0.200001
0.2
0.2
0.2
0.2
0.2
0.2
0.2
0.2
0.2
0.2
0.2
0.2
0.2
0.2
0.2
0.2
0.2
0.2
0.2
0.2
0.2
0.2
0.2
0.2
0.2
0.2
0.2
0.2
0.2
0.2
0.2
0.2
0.2
0.2
0.2
0.2
0.2
0.2
0.2
0.2
0.2
0.2
0.2
0.2
0.2
0.2
0.2
0.2
0.2
0.2
0.2
0.2
0.2
0.2
0.2
0.2
0.2
0.2
0.2
0.2
0.2
0.2
0.2
0.2
0.2
0.2
0.2
0.2
0.2
0.2
0.2
0.2
0.2
0.2
0.2
0.2
0.2
0.2
0.2
0.2
0.2
0.2
0.2
0.2
0.2
0.2
0.2
0.2
0.2
0.2
0.2
0.2
0.2
0.2
0.2
0.2
0.2
0.2
0.2
0.2
0.2
0.2
0.2
0.2
0.2
0.2
0.2
0.2
0.2
0.2
0.2
0.2
0.2
0.2
0.2
0.218328
0.21755
0.216654
0.215647
0.214544
0.213361
0.212121
0.210848
0.209566
0.208303
0.207085
0.205936
0.204877
0.203925
0.20309
0.202376
0.201783
0.201304
0.200929
0.200643
0.200433
0.200282
0.200178
0.200109
0.200064
0.200037
0.20002
0.200011
0.200005
0.200003
0.200001
0.200001
0.2
0.2
0.2
0.2
0.2
0.2
0.2
0.2
0.2
0.2
0.2
0.2
0.2
0.2
0.2
0.2
0.2
0.2
0.2
0.2
0.2
0.2
0.2
0.2
0.2
0.2
0.2
0.2
0.2
0.2
0.2
0.2
0.2
0.2
0.2
0.2
0.2
0.2
0.2
0.2
0.2
0.2
0.2
0.2
0.2
0.2
0.2
0.2
0.2
0.2
0.2
0.2
0.2
0.2
0.2
0.2
0.2
0.2
0.2
0.2
0.2
0.2
0.2
0.2
0.2
0.2
0.2
0.2
0.2
0.2
0.2
0.2
0.2
0.2
0.2
0.2
0.2
0.2
0.2
0.2
0.2
0.2
0.2
0.2
0.2
0.2
0.2
0.2
0.2
0.2
0.2
0.2
0.2
0.2
0.2
0.2
0.2
0.2
0.2
0.2
0.2
0.2
0.2
0.2
0.2
0.2
0.2
0.2
0.2
0.2
0.2
0.2
0.2
0.2
0.2
0.2
0.2
0.2
0.201528
0.20144
0.20134
0.201229
0.201111
0.20099
0.200868
0.200749
0.200635
0.200528
0.200432
0.200346
0.200271
0.200208
0.200156
0.200114
0.200082
0.200057
0.200039
0.200025
0.200016
0.20001
0.200006
0.200004
0.200002
0.200001
0.200001
0.2
0.2
0.2
0.2
0.2
0.2
0.2
0.2
0.2
0.2
0.2
0.2
0.2
0.2
0.2
0.2
0.2
0.2
0.2
0.2
0.2
0.2
0.2
0.2
0.2
0.2
0.2
0.2
0.2
0.2
0.2
0.2
0.2
0.2
0.2
0.2
0.2
0.2
0.2
0.2
0.2
0.2
0.2
0.2
0.2
0.2
0.2
0.2
0.2
0.2
0.2
0.2
0.2
0.2
0.2
0.2
0.2
0.2
0.2
0.2
0.2
0.2
0.2
0.2
0.2
0.2
0.2
0.2
0.2
0.2
0.2
0.2
0.2
0.2
0.2
0.2
0.2
0.2
0.2
0.2
0.2
0.2
0.2
0.2
0.2
0.2
0.2
0.2
0.2
0.2
0.2
0.2
0.2
0.2
0.2
0.2
0.2
0.2
0.2
0.2
0.2
0.2
0.2
0.2
0.2
0.2
0.2
0.2
0.2
0.2
0.2
0.2
0.2
0.2
0.2
0.2
0.2
0.2
0.2
0.2
0.2
0.2
0.2
)
;

boundaryField
{
    left
    {
        type            fixedValue;
        value           uniform 0;
    }
    right
    {
        type            fixedValue;
        value           uniform 0;
    }
    up
    {
        type            fixedValue;
        value           uniform 0;
    }
    down
    {
        type            fixedValue;
        value           uniform 0;
    }
    front
    {
        type            fixedValue;
        value           uniform 0;
    }
    back
    {
        type            fixedValue;
        value           uniform 0;
    }
}


// ************************************************************************* //
