/*--------------------------------*- C++ -*----------------------------------*\
| =========                 |                                                 |
| \\      /  F ield         | OpenFOAM: The Open Source CFD Toolbox           |
|  \\    /   O peration     | Version:  2.1.0                                 |
|   \\  /    A nd           | Web:      www.OpenFOAM.org                      |
|    \\/     M anipulation  |                                                 |
\*---------------------------------------------------------------------------*/
FoamFile
{
    version     2.0;
    format      ascii;
    class       volScalarField;
    location    "32120";
    object      kr_o;
}
// * * * * * * * * * * * * * * * * * * * * * * * * * * * * * * * * * * * * * //

dimensions      [0 0 0 0 0 0 0];

internalField   nonuniform List<scalar> 
8000
(
0.012309
0.0154545
0.019886
0.0253183
0.0315202
0.0383057
0.0455203
0.0530344
0.0607403
0.0685515
0.0763813
0.0841463
0.0917797
0.0992356
0.106486
0.11352
0.120334
0.126931
0.133325
0.139538
0.145594
0.151519
0.157346
0.163109
0.168849
0.174616
0.180471
0.186489
0.192772
0.199455
0.206727
0.214864
0.224295
0.23575
0.25059
0.271606
0.304938
0.36324
0.458822
0.543339
0.0154542
0.0186228
0.0230279
0.0283993
0.0345233
0.04123
0.0483751
0.0558362
0.0635106
0.0713092
0.0791368
0.0869064
0.0945494
0.102018
0.109283
0.116331
0.12316
0.129769
0.136174
0.142394
0.148452
0.154371
0.160181
0.165912
0.171601
0.177295
0.18305
0.188942
0.19507
0.201573
0.208646
0.216573
0.225796
0.237056
0.25173
0.272645
0.306025
0.364648
0.460384
0.543858
0.0198858
0.0230278
0.0273544
0.0326159
0.0386206
0.0452145
0.0522658
0.0596603
0.0673011
0.075089
0.082919
0.0906982
0.0983544
0.105837
0.113117
0.120178
0.127014
0.133626
0.140028
0.146238
0.152274
0.158157
0.16391
0.16956
0.175137
0.180681
0.186246
0.191904
0.19776
0.20396
0.210712
0.218319
0.227237
0.238222
0.252669
0.273431
0.3068
0.365651
0.461495
0.544226
0.0253182
0.0283992
0.0326159
0.0377463
0.043619
0.0500957
0.0570574
0.0644018
0.0720304
0.079829
0.0876834
0.0954929
0.103179
0.11069
0.117993
0.12507
0.131913
0.138526
0.144922
0.151114
0.157117
0.162948
0.168621
0.174154
0.17957
0.1849
0.190191
0.195512
0.200972
0.206732
0.213025
0.220181
0.228684
0.239309
0.253464
0.274024
0.307339
0.366368
0.462323
0.544507
0.03152
0.034523
0.0386205
0.043619
0.0493675
0.0557444
0.0626474
0.0699832
0.0776413
0.0854962
0.0934209
0.101302
0.109053
0.116618
0.123963
0.131069
0.13793
0.144554
0.150953
0.157135
0.163113
0.168892
0.174481
0.179886
0.185114
0.190183
0.195125
0.200005
0.204932
0.210089
0.215748
0.22229
0.230242
0.240404
0.254198
0.274516
0.307761
0.366968
0.463071
0.544776
0.0383053
0.0412295
0.0452144
0.0500956
0.0557444
0.0620601
0.0689585
0.0763436
0.0840994
0.0920901
0.100168
0.108193
0.116068
0.123731
0.13115
0.13831
0.145216
0.151879
0.158307
0.16451
0.17049
0.17625
0.181782
0.187077
0.192123
0.196913
0.201453
0.205788
0.210023
0.214365
0.219149
0.224853
0.232072
0.241641
0.254994
0.275037
0.308223
0.367667
0.463993
0.545122
0.0455198
0.0483747
0.0522657
0.0570573
0.0626473
0.0689585
0.0759147
0.0834289
0.0913913
0.099657
0.108038
0.116334
0.124424
0.13225
0.139791
0.147054
0.154053
0.160805
0.167319
0.173602
0.179654
0.185466
0.191017
0.196277
0.201204
0.205751
0.209878
0.213579
0.216932
0.220159
0.223697
0.228215
0.234429
0.24322
0.256028
0.275764
0.308934
0.368737
0.465385
0.545641
0.0530341
0.055836
0.0596602
0.0644017
0.0699832
0.0763436
0.0834289
0.0911818
0.0995248
0.108321
0.117306
0.126089
0.134535
0.142617
0.150365
0.157811
0.164989
0.171921
0.178624
0.185105
0.191361
0.197374
0.203109
0.208509
0.213493
0.21795
0.221754
0.224791
0.227037
0.228685
0.230309
0.233014
0.237744
0.245448
0.257544
0.276925
0.310147
0.370493
0.467571
0.546425
0.0607401
0.0635104
0.067301
0.0720303
0.0776412
0.0840993
0.0913912
0.0995248
0.108522
0.118362
0.128704
0.138367
0.14738
0.15588
0.163979
0.171758
0.179275
0.18657
0.193671
0.200591
0.207328
0.213863
0.220147
0.226098
0.231582
0.2364
0.240269
0.242837
0.24377
0.243007
0.24123
0.24064
0.242815
0.248801
0.259873
0.278799
0.31215
0.373277
0.470863
0.547537
0.0685512
0.071309
0.0750889
0.0798289
0.0854961
0.09209
0.0996569
0.108321
0.118362
0.130388
0.14522
0.156476
0.166446
0.175704
0.18451
0.193012
0.201312
0.209484
0.217584
0.225652
0.23371
0.241761
0.249767
0.257635
0.265182
0.272081
0.27777
0.281318
0.281306
0.276089
0.265441
0.255327
0.251384
0.254033
0.263412
0.281674
0.315226
0.377407
0.475506
0.548989
0.0763807
0.0791366
0.0829188
0.0876833
0.0934206
0.100168
0.108038
0.117305
0.128703
0.14522
0.494374
0.508867
0.503289
0.500507
0.499632
0.499974
0.501156
0.502931
0.505125
0.507593
0.510209
0.512851
0.515385
0.517655
0.519448
0.520431
0.519994
0.516779
0.506976
0.47796
0.272377
0.26294
0.258477
0.259708
0.267875
0.285604
0.319552
0.383119
0.481612
0.550724
0.0841455
0.0869062
0.0906979
0.0954927
0.101301
0.108193
0.116333
0.126089
0.138367
0.156475
0.508867
0.558205
0.559541
0.559141
0.55891
0.558836
0.558875
0.558995
0.559168
0.559373
0.559592
0.559806
0.560003
0.560166
0.560279
0.560315
0.560219
0.559869
0.558919
0.556391
0.279962
0.269589
0.264951
0.265532
0.272997
0.290504
0.325178
0.390538
0.489103
0.552622
0.0917791
0.0945491
0.0983539
0.103179
0.109052
0.116067
0.124423
0.134534
0.14738
0.166446
0.503287
0.559541
0.562333
0.562392
0.562381
0.562373
0.562374
0.562376
0.562382
0.56239
0.562398
0.562406
0.562415
0.562421
0.562424
0.562425
0.562421
0.562406
0.562371
0.562297
0.287779
0.276148
0.271292
0.271518
0.278647
0.296281
0.3321
0.399699
0.497711
0.554533
0.0992352
0.102017
0.105837
0.110689
0.116617
0.123731
0.13225
0.142617
0.15588
0.175704
0.500507
0.559141
0.562392
0.562495
0.562497
0.562496
0.562496
0.562496
0.562496
0.562496
0.562496
0.562498
0.562498
0.562498
0.562498
0.562498
0.562498
0.562498
0.562497
0.562495
0.295844
0.282857
0.277717
0.277723
0.284778
0.30288
0.340311
0.410568
0.50701
0.556316
0.106486
0.109282
0.113116
0.117992
0.123963
0.13115
0.13979
0.150364
0.163979
0.184509
0.499632
0.55891
0.562381
0.562497
0.5625
0.5625
0.5625
0.5625
0.5625
0.5625
0.5625
0.5625
0.5625
0.5625
0.5625
0.5625
0.5625
0.5625
0.5625
0.5625
0.304171
0.289806
0.284337
0.284205
0.291396
0.3103
0.349836
0.423044
0.51647
0.557867
0.113519
0.116331
0.120178
0.12507
0.131068
0.138309
0.147053
0.157811
0.171758
0.193012
0.499974
0.558836
0.562373
0.562496
0.5625
0.5625
0.5625
0.5625
0.5625
0.5625
0.5625
0.5625
0.5625
0.5625
0.5625
0.5625
0.5625
0.5625
0.5625
0.5625
0.312788
0.297051
0.291228
0.291029
0.298546
0.318588
0.360722
0.436923
0.525538
0.559136
0.120333
0.123159
0.127013
0.131912
0.137929
0.145216
0.154053
0.164988
0.179275
0.201312
0.501156
0.558875
0.562374
0.562496
0.5625
0.5625
0.5625
0.5625
0.5625
0.5625
0.5625
0.5625
0.5625
0.5625
0.5625
0.5625
0.5625
0.5625
0.5625
0.5625
0.321752
0.304655
0.298466
0.298271
0.306307
0.327832
0.373024
0.451843
0.533738
0.560122
0.12693
0.129769
0.133626
0.138526
0.144554
0.151878
0.160804
0.17192
0.18657
0.209484
0.502931
0.558995
0.562376
0.562496
0.5625
0.5625
0.5625
0.5625
0.5625
0.5625
0.5625
0.5625
0.5625
0.5625
0.5625
0.5625
0.5625
0.5625
0.5625
0.5625
0.331149
0.312698
0.306142
0.306036
0.314793
0.338161
0.386741
0.467243
0.540743
0.560854
0.133325
0.136174
0.140028
0.144921
0.150952
0.158307
0.167318
0.178623
0.19367
0.217584
0.505125
0.559169
0.562382
0.562496
0.5625
0.5625
0.5625
0.5625
0.5625
0.5625
0.5625
0.5625
0.5625
0.5625
0.5625
0.5625
0.5625
0.5625
0.5625
0.5625
0.341102
0.321294
0.314379
0.314458
0.324149
0.349718
0.401726
0.482402
0.546416
0.561377
0.139538
0.142394
0.146237
0.151113
0.157135
0.164509
0.173602
0.185104
0.20059
0.225651
0.507593
0.559373
0.56239
0.562496
0.5625
0.5625
0.5625
0.5625
0.5625
0.5625
0.5625
0.5625
0.5625
0.5625
0.5625
0.5625
0.5625
0.5625
0.5625
0.5625
0.351775
0.330601
0.323337
0.323709
0.334553
0.362624
0.417597
0.49657
0.550793
0.561739
0.145593
0.148451
0.152273
0.157117
0.163112
0.17049
0.179654
0.19136
0.207328
0.23371
0.510209
0.559592
0.562398
0.562496
0.5625
0.5625
0.5625
0.5625
0.5625
0.5625
0.5625
0.5625
0.5625
0.5625
0.5625
0.5625
0.5625
0.5625
0.5625
0.5625
0.36338
0.340824
0.333225
0.333996
0.346191
0.3769
0.433914
0.509143
0.55403
0.561982
0.151519
0.154371
0.158156
0.162947
0.168892
0.176249
0.185465
0.197373
0.213862
0.24176
0.512851
0.559806
0.562406
0.562498
0.5625
0.5625
0.5625
0.5625
0.5625
0.5625
0.5625
0.5625
0.5625
0.5625
0.5625
0.5625
0.5625
0.5625
0.5625
0.5625
0.376161
0.352222
0.344298
0.345557
0.359222
0.392356
0.450042
0.519775
0.55634
0.562143
0.157346
0.16018
0.16391
0.16862
0.174481
0.181781
0.191017
0.203108
0.220146
0.249766
0.515385
0.560003
0.562415
0.562498
0.5625
0.5625
0.5625
0.5625
0.5625
0.5625
0.5625
0.5625
0.5625
0.5625
0.5625
0.5625
0.5625
0.5625
0.5625
0.5625
0.390356
0.365093
0.356845
0.358619
0.373696
0.408465
0.465199
0.528385
0.55794
0.562247
0.163109
0.165911
0.169559
0.174153
0.179885
0.187076
0.196277
0.208509
0.226097
0.257635
0.517655
0.560166
0.562421
0.562498
0.5625
0.5625
0.5625
0.5625
0.5625
0.5625
0.5625
0.5625
0.5625
0.5625
0.5625
0.5625
0.5625
0.5625
0.5625
0.5625
0.406098
0.379719
0.371133
0.373332
0.389428
0.424345
0.478702
0.535082
0.559019
0.562313
0.168849
0.171601
0.175136
0.17957
0.185113
0.192122
0.201204
0.213492
0.231582
0.265182
0.519448
0.560279
0.562424
0.562498
0.5625
0.5625
0.5625
0.5625
0.5625
0.5625
0.5625
0.5625
0.5625
0.5625
0.5625
0.5625
0.5625
0.5625
0.5625
0.5625
0.423246
0.396248
0.387298
0.389625
0.405874
0.439306
0.49016
0.54007
0.559719
0.562353
0.174616
0.177295
0.180681
0.1849
0.190182
0.196912
0.205751
0.217949
0.236399
0.272081
0.520431
0.560315
0.562425
0.562498
0.5625
0.5625
0.5625
0.5625
0.5625
0.5625
0.5625
0.5625
0.5625
0.5625
0.5625
0.5625
0.5625
0.5625
0.5625
0.5625
0.441211
0.414493
0.405151
0.407049
0.422108
0.452934
0.499491
0.543593
0.560143
0.562374
0.18047
0.18305
0.186245
0.19019
0.195125
0.201452
0.209877
0.221753
0.240269
0.27777
0.519994
0.560219
0.562421
0.562498
0.5625
0.5625
0.5625
0.5625
0.5625
0.5625
0.5625
0.5625
0.5625
0.5625
0.5625
0.5625
0.5625
0.5625
0.5625
0.5625
0.459375
0.43379
0.424023
0.424721
0.43743
0.46499
0.506844
0.545905
0.56036
0.562382
0.186489
0.188941
0.191903
0.195511
0.200004
0.205787
0.213578
0.22479
0.242837
0.281318
0.516779
0.559869
0.562406
0.562498
0.5625
0.5625
0.5625
0.5625
0.5625
0.5625
0.5625
0.5625
0.5625
0.5625
0.5625
0.5625
0.5625
0.5625
0.5625
0.5625
0.477538
0.453846
0.443298
0.442119
0.45189
0.475546
0.512528
0.547263
0.560411
0.562378
0.192772
0.195069
0.197759
0.200971
0.204932
0.210023
0.216931
0.227036
0.243769
0.281306
0.506976
0.558919
0.562371
0.562497
0.5625
0.5625
0.5625
0.5625
0.5625
0.5625
0.5625
0.5625
0.5625
0.5625
0.5625
0.5625
0.5625
0.5625
0.5625
0.5625
0.495732
0.474881
0.463253
0.45957
0.46581
0.485011
0.516998
0.547934
0.56033
0.562362
0.199455
0.201572
0.203959
0.206731
0.210089
0.214365
0.220159
0.228684
0.243006
0.276089
0.477959
0.556391
0.562297
0.562495
0.5625
0.5625
0.5625
0.5625
0.5625
0.5625
0.5625
0.5625
0.5625
0.5625
0.5625
0.5625
0.5625
0.5625
0.5625
0.5625
0.514792
0.497565
0.484547
0.477749
0.479878
0.494142
0.520912
0.548253
0.560158
0.562336
0.206727
0.208645
0.210711
0.213024
0.215747
0.219149
0.223696
0.230309
0.24123
0.265441
0.272376
0.279961
0.287779
0.295844
0.304171
0.312788
0.321752
0.331149
0.341101
0.351775
0.36338
0.376161
0.390357
0.406098
0.423246
0.441211
0.459375
0.477538
0.495732
0.514792
0.527632
0.520138
0.507263
0.497389
0.495069
0.504006
0.525197
0.548711
0.559992
0.5623
0.214863
0.216573
0.218318
0.22018
0.22229
0.224852
0.228214
0.233014
0.240639
0.255327
0.262939
0.269588
0.276147
0.282856
0.289805
0.297051
0.304654
0.312697
0.321294
0.330601
0.340824
0.352222
0.365092
0.379719
0.396248
0.414493
0.433789
0.453846
0.474881
0.497565
0.520139
0.52931
0.525295
0.516711
0.511527
0.51551
0.530917
0.550001
0.559902
0.562256
0.224295
0.225796
0.227236
0.228683
0.230242
0.232071
0.234428
0.237744
0.242815
0.251384
0.258477
0.264951
0.271292
0.277716
0.284336
0.291228
0.298466
0.306142
0.314379
0.323337
0.333225
0.344298
0.356845
0.371133
0.387297
0.405151
0.424023
0.443298
0.463253
0.484547
0.507263
0.525295
0.532885
0.53134
0.527378
0.52847
0.538715
0.552094
0.559929
0.56221
0.23575
0.237055
0.238222
0.239309
0.240404
0.241641
0.24322
0.245448
0.248801
0.254032
0.259708
0.265532
0.271518
0.277723
0.284205
0.291028
0.298271
0.306036
0.314458
0.323709
0.333996
0.345556
0.358619
0.373332
0.389625
0.407048
0.424721
0.442118
0.45957
0.477749
0.497389
0.516711
0.53134
0.53828
0.539524
0.540402
0.545946
0.554292
0.560077
0.562166
0.25059
0.251729
0.252669
0.253463
0.254197
0.254994
0.256027
0.257544
0.259872
0.263411
0.267875
0.272997
0.278647
0.284777
0.291396
0.298546
0.306307
0.314792
0.324149
0.334553
0.346191
0.359222
0.373696
0.389428
0.405873
0.422108
0.43743
0.45189
0.46581
0.479878
0.495069
0.511528
0.527378
0.539524
0.545652
0.548237
0.551515
0.556337
0.56032
0.562129
0.271606
0.272645
0.27343
0.274023
0.274516
0.275037
0.275763
0.276925
0.278799
0.281674
0.285604
0.290504
0.296281
0.30288
0.3103
0.318587
0.327832
0.338161
0.349718
0.362624
0.3769
0.392355
0.408464
0.424344
0.439305
0.452934
0.464989
0.475546
0.485011
0.494142
0.504006
0.51551
0.52847
0.540402
0.548237
0.552359
0.555081
0.55797
0.560606
0.5621
0.304938
0.306025
0.306799
0.307339
0.30776
0.308223
0.308933
0.310146
0.31215
0.315226
0.319551
0.325178
0.332099
0.340311
0.349836
0.360722
0.373024
0.386741
0.401726
0.417597
0.433914
0.450042
0.465198
0.478701
0.49016
0.49949
0.506844
0.512528
0.516998
0.520912
0.525197
0.530916
0.538715
0.545946
0.551515
0.555081
0.557325
0.559183
0.560899
0.562082
0.36324
0.364647
0.36565
0.366368
0.366967
0.367667
0.368736
0.370493
0.373277
0.377407
0.383119
0.390538
0.399699
0.410568
0.423044
0.436923
0.451843
0.467243
0.482402
0.49657
0.509143
0.519775
0.528385
0.535082
0.54007
0.543593
0.545905
0.547263
0.547934
0.548253
0.54871
0.550001
0.552094
0.554292
0.556337
0.55797
0.559183
0.56021
0.561225
0.562087
0.458822
0.460383
0.461495
0.462323
0.463071
0.463993
0.465385
0.467571
0.470862
0.475506
0.481612
0.489103
0.497711
0.50701
0.51647
0.525538
0.533738
0.540743
0.546416
0.550793
0.55403
0.55634
0.55794
0.559019
0.559719
0.560143
0.56036
0.560411
0.56033
0.560158
0.559992
0.559902
0.559929
0.560077
0.56032
0.560606
0.560899
0.561225
0.561651
0.562149
0.543339
0.543858
0.544226
0.544507
0.544776
0.545122
0.545641
0.546425
0.547537
0.548989
0.550724
0.552622
0.554533
0.556316
0.557867
0.559136
0.560122
0.560854
0.561377
0.561739
0.561982
0.562143
0.562247
0.562313
0.562353
0.562374
0.562382
0.562378
0.562362
0.562336
0.5623
0.562256
0.56221
0.562166
0.562129
0.5621
0.562082
0.562087
0.562149
0.562304
0.00287193
0.00489067
0.00826541
0.0128571
0.0184177
0.0247041
0.031508
0.0386521
0.0459906
0.0534057
0.0608075
0.0681337
0.0753307
0.0823533
0.0891727
0.0957753
0.102161
0.108342
0.114328
0.120136
0.125787
0.131305
0.136716
0.142053
0.14735
0.152649
0.158004
0.163477
0.169151
0.175134
0.181567
0.188649
0.196658
0.206008
0.217338
0.231735
0.251581
0.284603
0.356734
0.491785
0.00489022
0.00722952
0.0108362
0.0155401
0.0211316
0.0274069
0.0341817
0.0412945
0.0486083
0.0560097
0.0634117
0.0707493
0.0779615
0.0850005
0.0918358
0.0984531
0.104853
0.111045
0.117039
0.122848
0.128494
0.133997
0.139381
0.144675
0.149911
0.155126
0.16037
0.165706
0.171216
0.177011
0.183239
0.190107
0.197903
0.20705
0.218196
0.232435
0.252148
0.285085
0.357341
0.492395
0.00826506
0.0108361
0.0145901
0.0193463
0.0249237
0.0311501
0.0378658
0.0449257
0.0522018
0.0595854
0.066991
0.0743429
0.081571
0.0886241
0.0954704
0.102096
0.108501
0.114693
0.120678
0.12647
0.132085
0.137541
0.142859
0.14806
0.153172
0.158229
0.163276
0.168376
0.173615
0.179112
0.185029
0.191589
0.199095
0.207983
0.218911
0.232975
0.25255
0.285382
0.357687
0.492758
0.0128569
0.0155401
0.0193462
0.0240944
0.029622
0.0357796
0.0424277
0.049436
0.0566856
0.0640719
0.071503
0.0788855
0.0861412
0.0932156
0.100076
0.106711
0.113122
0.119306
0.125275
0.131037
0.136606
0.141995
0.147217
0.152288
0.157227
0.16206
0.16683
0.171596
0.176452
0.181529
0.187015
0.193157
0.200284
0.208849
0.219519
0.233392
0.252827
0.28555
0.357878
0.492992
0.0184176
0.0211316
0.0249235
0.0296219
0.03508
0.0411658
0.0477576
0.054739
0.0620006
0.0694382
0.0769368
0.0843849
0.091695
0.0988099
0.1057
0.112356
0.118775
0.124958
0.130912
0.136645
0.142166
0.147482
0.152596
0.157515
0.162247
0.166807
0.171226
0.17556
0.179908
0.184422
0.189325
0.194912
0.20155
0.209714
0.220081
0.233744
0.253041
0.285673
0.35805
0.493248
0.024704
0.0274067
0.03115
0.0357796
0.0411658
0.047195
0.0537627
0.0607695
0.0681168
0.0756829
0.0833231
0.090899
0.0983106
0.105502
0.11245
0.119147
0.125592
0.131788
0.137744
0.143465
0.148954
0.15421
0.159227
0.163998
0.168515
0.172772
0.176781
0.180586
0.184283
0.18805
0.192167
0.197013
0.203015
0.210677
0.220683
0.234115
0.25328
0.285855
0.358375
0.493704
0.0315078
0.0341813
0.0378655
0.0424276
0.0477575
0.0537626
0.0603621
0.0674811
0.0750227
0.0828443
0.0907592
0.0985703
0.106161
0.113488
0.120538
0.127309
0.133811
0.140054
0.146047
0.151792
0.157289
0.162528
0.167492
0.172157
0.176488
0.180453
0.184025
0.187213
0.190094
0.192865
0.195892
0.199718
0.204868
0.211885
0.221449
0.234617
0.253653
0.286225
0.359055
0.494569
0.038652
0.0412943
0.0449254
0.0494359
0.0547389
0.0607695
0.0674811
0.0748243
0.0827203
0.0910282
0.0994869
0.107724
0.11562
0.123167
0.130376
0.137275
0.143887
0.150232
0.156322
0.162161
0.167742
0.173052
0.178058
0.182717
0.186966
0.190724
0.193902
0.196431
0.198313
0.199727
0.201153
0.203481
0.207418
0.213557
0.22255
0.235396
0.254294
0.286928
0.360311
0.496052
0.0459905
0.0486081
0.0522017
0.0566854
0.0620005
0.0681167
0.0750226
0.0827203
0.0912183
0.100477
0.110164
0.119179
0.127566
0.135441
0.142899
0.150011
0.156823
0.163368
0.169667
0.175727
0.181542
0.187093
0.192339
0.197216
0.201627
0.205431
0.208438
0.210418
0.211161
0.210656
0.209442
0.209227
0.211198
0.216014
0.224204
0.236619
0.255345
0.288116
0.36237
0.498347
0.0534053
0.0560095
0.0595852
0.064072
0.0694381
0.0756827
0.0828442
0.0910281
0.100477
0.111731
0.125498
0.135875
0.144999
0.153388
0.161273
0.168787
0.176012
0.183003
0.189796
0.196412
0.202854
0.209108
0.215133
0.220854
0.226144
0.230797
0.234481
0.236665
0.236535
0.233082
0.22606
0.219449
0.217221
0.219699
0.22665
0.238446
0.256934
0.289923
0.36544
0.501583
0.0608071
0.0634114
0.0669908
0.071503
0.0769366
0.0833229
0.0907591
0.0994867
0.110164
0.125498
0.47886
0.493519
0.485195
0.480176
0.477438
0.476142
0.475835
0.476235
0.477141
0.478389
0.479834
0.481328
0.482707
0.483758
0.484193
0.483535
0.480915
0.474353
0.458265
0.415498
0.231726
0.224908
0.222211
0.223661
0.229683
0.240881
0.259107
0.292433
0.369682
0.505797
0.0681334
0.070749
0.0743426
0.0788853
0.0843847
0.0908987
0.09857
0.107724
0.119179
0.135875
0.493519
0.555591
0.557536
0.556673
0.556041
0.555648
0.555438
0.555369
0.555403
0.555509
0.555655
0.555817
0.555961
0.556054
0.556046
0.555858
0.555342
0.554149
0.551319
0.544143
0.238101
0.229679
0.22673
0.227679
0.2331
0.243823
0.261827
0.295662
0.375202
0.510908
0.0753304
0.0779612
0.0815707
0.0861411
0.0916948
0.0983104
0.106161
0.11562
0.127565
0.144999
0.485195
0.557536
0.562172
0.562279
0.562242
0.562213
0.562195
0.562186
0.562184
0.562187
0.562192
0.562199
0.562207
0.562211
0.56221
0.562199
0.56217
0.562108
0.561971
0.561694
0.244315
0.23427
0.231078
0.23174
0.23678
0.247161
0.265013
0.29958
0.382066
0.516723
0.082353
0.0850001
0.0886238
0.0932155
0.0988096
0.105501
0.113487
0.123167
0.13544
0.153388
0.480176
0.556673
0.562279
0.562487
0.562493
0.56249
0.562489
0.562489
0.562489
0.562488
0.56249
0.56249
0.56249
0.56249
0.56249
0.56249
0.562489
0.562487
0.562483
0.562477
0.250424
0.238819
0.235381
0.235855
0.240652
0.250795
0.268569
0.304145
0.390326
0.522967
0.0891724
0.0918354
0.09547
0.100076
0.105699
0.11245
0.120537
0.130376
0.142899
0.161273
0.477438
0.556041
0.562242
0.562493
0.5625
0.5625
0.5625
0.5625
0.5625
0.5625
0.5625
0.5625
0.5625
0.5625
0.5625
0.5625
0.5625
0.5625
0.5625
0.5625
0.256459
0.243375
0.239698
0.240039
0.244676
0.254648
0.272408
0.309324
0.400034
0.529319
0.0957749
0.0984528
0.102095
0.106711
0.112356
0.119147
0.127309
0.137274
0.15001
0.168787
0.476142
0.555648
0.562213
0.56249
0.5625
0.5625
0.5625
0.5625
0.5625
0.5625
0.5625
0.5625
0.5625
0.5625
0.5625
0.5625
0.5625
0.5625
0.5625
0.5625
0.262436
0.247964
0.244058
0.244297
0.24882
0.258652
0.276457
0.315109
0.411236
0.535455
0.102161
0.104853
0.108501
0.113121
0.118774
0.125591
0.133811
0.143887
0.156823
0.176011
0.475835
0.555438
0.562195
0.562489
0.5625
0.5625
0.5625
0.5625
0.5625
0.5625
0.5625
0.5625
0.5625
0.5625
0.5625
0.5625
0.5625
0.5625
0.5625
0.5625
0.268372
0.252602
0.248482
0.248634
0.253059
0.262746
0.280663
0.321527
0.423924
0.54109
0.108341
0.111045
0.114693
0.119306
0.124957
0.131788
0.140054
0.150232
0.163368
0.183003
0.476235
0.555369
0.562186
0.562489
0.5625
0.5625
0.5625
0.5625
0.5625
0.5625
0.5625
0.5625
0.5625
0.5625
0.5625
0.5625
0.5625
0.5625
0.5625
0.5625
0.274286
0.257305
0.25298
0.253049
0.257362
0.266873
0.285008
0.328646
0.437962
0.546011
0.114328
0.117038
0.120678
0.125274
0.130911
0.137744
0.146046
0.156322
0.169667
0.189796
0.477141
0.555403
0.562184
0.562489
0.5625
0.5625
0.5625
0.5625
0.5625
0.5625
0.5625
0.5625
0.5625
0.5625
0.5625
0.5625
0.5625
0.5625
0.5625
0.5625
0.280191
0.262086
0.25756
0.257531
0.261692
0.270975
0.289535
0.336578
0.452991
0.5501
0.120136
0.122848
0.126469
0.131037
0.136645
0.143465
0.151792
0.16216
0.175726
0.196412
0.478389
0.555509
0.562187
0.562488
0.5625
0.5625
0.5625
0.5625
0.5625
0.5625
0.5625
0.5625
0.5625
0.5625
0.5625
0.5625
0.5625
0.5625
0.5625
0.5625
0.286097
0.266953
0.262216
0.262058
0.266
0.274995
0.294369
0.345471
0.468375
0.553335
0.125786
0.128493
0.132084
0.136606
0.142166
0.148954
0.157288
0.167742
0.181542
0.202854
0.479834
0.555655
0.562192
0.56249
0.5625
0.5625
0.5625
0.5625
0.5625
0.5625
0.5625
0.5625
0.5625
0.5625
0.5625
0.5625
0.5625
0.5625
0.5625
0.5625
0.292
0.271904
0.266932
0.26659
0.270223
0.278896
0.299535
0.355474
0.48327
0.555778
0.131304
0.133996
0.137541
0.141995
0.147481
0.154209
0.162527
0.173051
0.187092
0.209108
0.481328
0.555817
0.562199
0.56249
0.5625
0.5625
0.5625
0.5625
0.5625
0.5625
0.5625
0.5625
0.5625
0.5625
0.5625
0.5625
0.5625
0.5625
0.5625
0.5625
0.297883
0.276924
0.271672
0.271071
0.274291
0.282679
0.305029
0.366668
0.496814
0.557548
0.136716
0.139381
0.142858
0.147217
0.152596
0.159227
0.167492
0.178058
0.192339
0.215132
0.482707
0.555961
0.562207
0.56249
0.5625
0.5625
0.5625
0.5625
0.5625
0.5625
0.5625
0.5625
0.5625
0.5625
0.5625
0.5625
0.5625
0.5625
0.5625
0.5625
0.303718
0.281989
0.276385
0.275429
0.278146
0.286439
0.31087
0.378963
0.508354
0.55878
0.142052
0.144675
0.148059
0.152287
0.157515
0.163998
0.172156
0.182717
0.197216
0.220853
0.483759
0.556054
0.562211
0.56249
0.5625
0.5625
0.5625
0.5625
0.5625
0.5625
0.5625
0.5625
0.5625
0.5625
0.5625
0.5625
0.5625
0.5625
0.5625
0.5625
0.309502
0.287087
0.281025
0.279606
0.281788
0.290425
0.317062
0.391962
0.517564
0.559605
0.147349
0.14991
0.153171
0.157226
0.162246
0.168514
0.176488
0.186965
0.201626
0.226144
0.484193
0.556046
0.56221
0.56249
0.5625
0.5625
0.5625
0.5625
0.5625
0.5625
0.5625
0.5625
0.5625
0.5625
0.5625
0.5625
0.5625
0.5625
0.5625
0.5625
0.315325
0.292279
0.285603
0.283617
0.285338
0.294734
0.323547
0.40487
0.524401
0.560124
0.152649
0.155125
0.158228
0.16206
0.166806
0.172771
0.180452
0.190723
0.20543
0.230796
0.483535
0.555858
0.562199
0.56249
0.5625
0.5625
0.5625
0.5625
0.5625
0.5625
0.5625
0.5625
0.5625
0.5625
0.5625
0.5625
0.5625
0.5625
0.5625
0.5625
0.321523
0.297831
0.29031
0.287663
0.289173
0.299321
0.33017
0.416574
0.528983
0.560408
0.158004
0.16037
0.163275
0.166829
0.171225
0.176781
0.184025
0.193902
0.208438
0.23448
0.480915
0.555342
0.56217
0.562489
0.5625
0.5625
0.5625
0.5625
0.5625
0.5625
0.5625
0.5625
0.5625
0.5625
0.5625
0.5625
0.5625
0.5625
0.5625
0.5625
0.328597
0.30443
0.29574
0.292338
0.29369
0.304179
0.336672
0.42593
0.531477
0.560494
0.163477
0.165705
0.168375
0.171596
0.17556
0.180585
0.187213
0.19643
0.210418
0.236665
0.474354
0.554149
0.562108
0.562487
0.5625
0.5625
0.5625
0.5625
0.5625
0.5625
0.5625
0.5625
0.5625
0.5625
0.5625
0.5625
0.5625
0.5625
0.5625
0.5625
0.337112
0.312962
0.302853
0.298346
0.299067
0.309344
0.342724
0.432124
0.532021
0.560391
0.169151
0.171215
0.173614
0.176451
0.179907
0.184282
0.190093
0.198312
0.21116
0.236534
0.458265
0.551319
0.561971
0.562483
0.5625
0.5625
0.5625
0.5625
0.5625
0.5625
0.5625
0.5625
0.5625
0.5625
0.5625
0.5625
0.5625
0.5625
0.5625
0.5625
0.348427
0.324847
0.312753
0.306403
0.305729
0.314997
0.348078
0.434915
0.530701
0.560076
0.175133
0.17701
0.179111
0.181529
0.184421
0.188049
0.192864
0.199727
0.210655
0.233082
0.415499
0.544143
0.561694
0.562477
0.5625
0.5625
0.5625
0.5625
0.5625
0.5625
0.5625
0.5625
0.5625
0.5625
0.5625
0.5625
0.5625
0.5625
0.5625
0.5625
0.366605
0.343675
0.327997
0.318154
0.314689
0.321705
0.352841
0.434723
0.527617
0.559502
0.181567
0.183239
0.185029
0.187014
0.189324
0.192167
0.195892
0.201153
0.209442
0.226059
0.231726
0.2381
0.244315
0.250424
0.256459
0.262436
0.268372
0.274286
0.280191
0.286097
0.292
0.297883
0.303718
0.309502
0.315325
0.321523
0.328597
0.337112
0.348427
0.366605
0.383883
0.371883
0.352514
0.336737
0.328069
0.330769
0.357752
0.43269
0.523086
0.558601
0.188648
0.190106
0.191588
0.193156
0.194912
0.197012
0.199718
0.203481
0.209227
0.219448
0.224907
0.229679
0.23427
0.238819
0.243375
0.247964
0.252602
0.257305
0.262086
0.266953
0.271904
0.276923
0.281988
0.287087
0.292279
0.297831
0.30443
0.312962
0.324848
0.343676
0.371883
0.385699
0.378301
0.361789
0.347679
0.344129
0.36441
0.430089
0.517393
0.557292
0.196657
0.197902
0.199094
0.200283
0.201549
0.203014
0.204868
0.207418
0.211197
0.217221
0.222211
0.22673
0.231077
0.23538
0.239697
0.244058
0.248482
0.25298
0.25756
0.262216
0.266932
0.271672
0.276385
0.281025
0.285603
0.29031
0.29574
0.302853
0.312753
0.327997
0.352514
0.378301
0.390828
0.385629
0.371957
0.362987
0.374953
0.429689
0.511631
0.555582
0.206008
0.207049
0.207982
0.208848
0.209713
0.210676
0.211885
0.213557
0.216014
0.219699
0.22366
0.227679
0.23174
0.235855
0.240038
0.244297
0.248634
0.253049
0.257531
0.262058
0.26659
0.271071
0.275429
0.279606
0.283617
0.287663
0.292338
0.298346
0.306403
0.318154
0.336737
0.361789
0.385629
0.397507
0.394274
0.385999
0.391588
0.434453
0.507595
0.553649
0.217338
0.218196
0.21891
0.219518
0.22008
0.220682
0.221449
0.22255
0.224204
0.22665
0.229683
0.2331
0.236779
0.240652
0.244676
0.24882
0.253059
0.257362
0.261692
0.266
0.270223
0.274291
0.278146
0.281787
0.285338
0.289172
0.293689
0.299067
0.305729
0.314689
0.328069
0.347679
0.371958
0.394274
0.40659
0.408052
0.412965
0.445534
0.506972
0.551855
0.231735
0.232434
0.232974
0.233391
0.233744
0.234114
0.234617
0.235395
0.236618
0.238446
0.240881
0.243823
0.247161
0.250795
0.254648
0.258652
0.262746
0.266873
0.270974
0.274995
0.278896
0.282679
0.286439
0.290425
0.294734
0.299321
0.304179
0.309344
0.314997
0.321705
0.330769
0.344129
0.362987
0.385999
0.408052
0.42293
0.43449
0.461334
0.510304
0.550623
0.25158
0.252148
0.252549
0.252826
0.253041
0.253279
0.253653
0.254293
0.255345
0.256934
0.259107
0.261827
0.265013
0.268569
0.272408
0.276456
0.280663
0.285008
0.289535
0.294369
0.299534
0.305029
0.31087
0.317062
0.323547
0.33017
0.336671
0.342724
0.348078
0.352841
0.357752
0.36441
0.374952
0.391587
0.412965
0.43449
0.453752
0.479048
0.516931
0.550312
0.284603
0.285085
0.285381
0.28555
0.285673
0.285855
0.286224
0.286928
0.288116
0.289922
0.292433
0.295662
0.29958
0.304144
0.309323
0.315109
0.321527
0.328646
0.336578
0.345471
0.355473
0.366667
0.378963
0.391962
0.40487
0.416574
0.42593
0.432124
0.434915
0.434723
0.432689
0.430089
0.429688
0.434452
0.445533
0.461334
0.479047
0.500017
0.526809
0.551371
0.356733
0.357341
0.357687
0.357877
0.35805
0.358375
0.359055
0.360311
0.36237
0.36544
0.369682
0.375202
0.382066
0.390325
0.400034
0.411235
0.423924
0.437962
0.45299
0.468375
0.48327
0.496813
0.508354
0.517564
0.524401
0.528983
0.531477
0.53202
0.530701
0.527617
0.523086
0.517392
0.51163
0.507594
0.506971
0.510303
0.51693
0.526808
0.540342
0.554298
0.491785
0.492394
0.492758
0.492992
0.493248
0.493704
0.494568
0.496052
0.498346
0.501583
0.505797
0.510908
0.516723
0.522967
0.529319
0.535455
0.54109
0.546011
0.5501
0.553335
0.555778
0.557548
0.55878
0.559605
0.560124
0.560408
0.560494
0.560391
0.560076
0.559502
0.558601
0.557292
0.555582
0.553649
0.551855
0.550623
0.550312
0.551371
0.554298
0.558675
0.000256372
0.000993462
0.00305179
0.00665391
0.0115245
0.0173257
0.0237743
0.0306411
0.0377442
0.044941
0.052124
0.0592181
0.0661767
0.0729684
0.0795665
0.0859566
0.092135
0.0981082
0.10389
0.109496
0.114943
0.120255
0.125455
0.130573
0.13564
0.140696
0.145785
0.150967
0.156312
0.161913
0.167891
0.174405
0.181678
0.190032
0.199983
0.212526
0.230092
0.259772
0.322967
0.459992
0.000993053
0.00232538
0.00497934
0.00894007
0.0139814
0.0198509
0.0263173
0.0331809
0.040275
0.0474661
0.0546503
0.0617543
0.0687316
0.0755433
0.08216
0.0885658
0.0947566
0.100739
0.106524
0.112126
0.117562
0.122851
0.128016
0.133081
0.138077
0.143038
0.148008
0.153044
0.158219
0.163628
0.169399
0.175699
0.18276
0.19091
0.200673
0.213045
0.230463
0.260043
0.323275
0.460426
0.00305122
0.00497922
0.00810786
0.0123381
0.0174986
0.0233985
0.0298522
0.0366888
0.0437584
0.0509346
0.0581172
0.0652334
0.0722296
0.0790584
0.0856875
0.0920997
0.0982911
0.104268
0.110039
0.115615
0.121011
0.126243
0.131329
0.136291
0.141153
0.145946
0.150713
0.15551
0.160414
0.165531
0.170998
0.177001
0.183783
0.191685
0.201232
0.213424
0.23069
0.260158
0.323384
0.460619
0.00665356
0.00894014
0.0123381
0.0167183
0.0219339
0.0278308
0.0342551
0.0410598
0.0481091
0.055283
0.0624821
0.0696294
0.0766557
0.0835072
0.0901498
0.0965663
0.102754
0.108718
0.114462
0.119997
0.125334
0.130485
0.135462
0.14028
0.144957
0.149519
0.154005
0.158469
0.162998
0.167708
0.172763
0.17837
0.184797
0.192395
0.201698
0.213696
0.230809
0.260169
0.323378
0.460694
0.0115246
0.0139815
0.0174986
0.0219339
0.0271535
0.0330258
0.03942
0.0462078
0.0532652
0.0604764
0.067738
0.0749519
0.0820335
0.0889238
0.0955893
0.102016
0.108204
0.114153
0.119869
0.125359
0.130629
0.135688
0.140538
0.145188
0.149644
0.153923
0.158056
0.162095
0.166131
0.170303
0.174807
0.179897
0.185871
0.193101
0.202121
0.213912
0.230877
0.260145
0.323367
0.460804
0.0173259
0.019851
0.0233985
0.0278308
0.0330257
0.0388699
0.0452525
0.052063
0.0591891
0.0665165
0.0739173
0.0812577
0.0884374
0.0953963
0.102106
0.108561
0.114759
0.120703
0.1264
0.131854
0.137067
0.142039
0.146767
0.151245
0.155467
0.159431
0.163152
0.166671
0.170083
0.173549
0.177319
0.181724
0.187115
0.193889
0.202578
0.214145
0.230969
0.26018
0.323492
0.461134
0.0237743
0.0263171
0.029852
0.0342548
0.0394199
0.0452523
0.0516644
0.0585685
0.0658712
0.0734469
0.0811164
0.0886841
0.0960312
0.103106
0.109897
0.116405
0.122635
0.128598
0.1343
0.139744
0.144928
0.149847
0.154485
0.158821
0.162829
0.166482
0.169761
0.172679
0.175313
0.177846
0.18061
0.184081
0.188699
0.19489
0.203177
0.214491
0.231181
0.260386
0.323917
0.461895
0.030641
0.0331805
0.0366884
0.0410594
0.0462074
0.0520627
0.0585685
0.0656766
0.0733225
0.0813711
0.0895652
0.0975366
0.105159
0.112421
0.119342
0.125942
0.132245
0.138267
0.144019
0.149505
0.154722
0.159655
0.164279
0.168557
0.172434
0.175844
0.178713
0.180987
0.182679
0.183958
0.185259
0.18737
0.190895
0.196297
0.204065
0.215074
0.231628
0.260892
0.32482
0.463308
0.0377441
0.0402745
0.0437579
0.0481086
0.0532649
0.0591889
0.0658711
0.0733224
0.0815531
0.0905198
0.0998875
0.108582
0.116639
0.124183
0.131302
0.138059
0.1445
0.150656
0.156545
0.162174
0.167539
0.172623
0.177392
0.181792
0.185738
0.189114
0.191761
0.193484
0.194111
0.193646
0.192574
0.192407
0.194172
0.198389
0.205431
0.216036
0.232433
0.261828
0.326382
0.46558
0.0449406
0.0474655
0.050934
0.0552824
0.0604759
0.0665163
0.0734468
0.081371
0.0905197
0.101397
0.114649
0.124592
0.133297
0.141269
0.148723
0.155784
0.162528
0.169004
0.175245
0.181267
0.187071
0.192643
0.197948
0.202924
0.207465
0.211407
0.214482
0.216261
0.216068
0.213053
0.206984
0.201273
0.199376
0.201538
0.207471
0.217508
0.233703
0.263308
0.328756
0.468871
0.0521236
0.0546496
0.0581165
0.0624816
0.0677375
0.073917
0.081116
0.089565
0.0998877
0.114649
0.472964
0.487234
0.477681
0.471667
0.468096
0.466054
0.465049
0.464785
0.465047
0.465666
0.466491
0.467366
0.468118
0.468529
0.468281
0.46687
0.463344
0.455506
0.436982
0.38877
0.212298
0.206078
0.203695
0.204919
0.210003
0.219485
0.235482
0.265397
0.332054
0.473263
0.0592176
0.0617536
0.0652329
0.069629
0.0749516
0.0812572
0.0886836
0.0975363
0.108582
0.124592
0.487234
0.554265
0.556476
0.555344
0.554465
0.553865
0.55348
0.55326
0.553164
0.553155
0.553201
0.553267
0.553315
0.553296
0.553145
0.552752
0.551906
0.550118
0.545999
0.535551
0.218473
0.210309
0.207597
0.208332
0.212841
0.221878
0.23774
0.268103
0.336325
0.47874
0.0661763
0.0687307
0.0722289
0.0766553
0.0820329
0.0884369
0.0960307
0.105159
0.116639
0.133297
0.477681
0.556476
0.562072
0.562206
0.562152
0.562107
0.562074
0.562053
0.562041
0.562035
0.562033
0.562034
0.562034
0.562031
0.562021
0.561993
0.56194
0.561833
0.561607
0.561142
0.224366
0.214348
0.211325
0.211753
0.215872
0.224586
0.240412
0.27139
0.341577
0.485191
0.072968
0.0755424
0.0790575
0.0835068
0.0889232
0.0953959
0.103105
0.112421
0.124183
0.141268
0.471668
0.555344
0.562206
0.562483
0.562489
0.562486
0.562485
0.562485
0.562484
0.562483
0.562483
0.562483
0.562482
0.562482
0.562482
0.562481
0.562479
0.562475
0.562468
0.562455
0.230054
0.218308
0.214982
0.215186
0.21903
0.227526
0.243429
0.275205
0.347796
0.492425
0.0795662
0.082159
0.0856867
0.0901492
0.0955888
0.102106
0.109896
0.119341
0.131301
0.148723
0.468096
0.554465
0.562152
0.562489
0.5625
0.5625
0.5625
0.5625
0.5625
0.5625
0.5625
0.5625
0.5625
0.5625
0.5625
0.5625
0.5625
0.562499
0.562499
0.562499
0.235598
0.222231
0.218612
0.218633
0.222273
0.230634
0.246729
0.279489
0.35497
0.50019
0.0859562
0.0885647
0.0920991
0.0965656
0.102016
0.108561
0.116404
0.125942
0.138059
0.155783
0.466054
0.553865
0.562107
0.562486
0.5625
0.5625
0.5625
0.5625
0.5625
0.5625
0.5625
0.5625
0.5625
0.5625
0.5625
0.5625
0.5625
0.5625
0.5625
0.5625
0.241026
0.226138
0.222234
0.222094
0.225574
0.233866
0.250262
0.284192
0.363102
0.508191
0.0921346
0.0947555
0.0982904
0.102753
0.108203
0.114758
0.122635
0.132244
0.1445
0.162527
0.465049
0.55348
0.562074
0.562485
0.5625
0.5625
0.5625
0.5625
0.5625
0.5625
0.5625
0.5625
0.5625
0.5625
0.5625
0.5625
0.5625
0.5625
0.5625
0.5625
0.246365
0.230043
0.225861
0.225567
0.228914
0.237191
0.253995
0.289272
0.372217
0.516114
0.0981077
0.100738
0.104267
0.108717
0.114152
0.120703
0.128598
0.138266
0.150656
0.169004
0.464785
0.55326
0.562053
0.562485
0.5625
0.5625
0.5625
0.5625
0.5625
0.5625
0.5625
0.5625
0.5625
0.5625
0.5625
0.5625
0.5625
0.5625
0.5625
0.5625
0.251635
0.233959
0.229498
0.229051
0.232278
0.240586
0.257902
0.2947
0.382349
0.523655
0.10389
0.106524
0.110038
0.114461
0.119868
0.126399
0.134299
0.144018
0.156544
0.175245
0.465047
0.553164
0.562041
0.562484
0.5625
0.5625
0.5625
0.5625
0.5625
0.5625
0.5625
0.5625
0.5625
0.5625
0.5625
0.5625
0.5625
0.5625
0.5625
0.5625
0.256853
0.237899
0.233151
0.232544
0.235658
0.244041
0.261964
0.300455
0.393512
0.530553
0.109495
0.112126
0.115614
0.119996
0.125358
0.131853
0.139743
0.149505
0.162173
0.181266
0.465666
0.553155
0.562035
0.562483
0.5625
0.5625
0.5625
0.5625
0.5625
0.5625
0.5625
0.5625
0.5625
0.5625
0.5625
0.5625
0.5625
0.5625
0.5625
0.5625
0.262036
0.24188
0.236826
0.236045
0.239049
0.247547
0.266153
0.306522
0.405647
0.536611
0.114943
0.117562
0.12101
0.125333
0.130629
0.137066
0.144928
0.154721
0.167539
0.18707
0.466491
0.553201
0.562033
0.562483
0.5625
0.5625
0.5625
0.5625
0.5625
0.5625
0.5625
0.5625
0.5625
0.5625
0.5625
0.5625
0.5625
0.5625
0.5625
0.5625
0.267198
0.245918
0.240532
0.239558
0.242454
0.251106
0.270439
0.312884
0.418541
0.541714
0.120254
0.122851
0.126242
0.130484
0.135687
0.142039
0.149846
0.159654
0.172623
0.192643
0.467366
0.553267
0.562034
0.562483
0.5625
0.5625
0.5625
0.5625
0.5625
0.5625
0.5625
0.5625
0.5625
0.5625
0.5625
0.5625
0.5625
0.5625
0.5625
0.5625
0.272359
0.250041
0.244283
0.243095
0.245884
0.25472
0.274789
0.319512
0.431746
0.545827
0.125455
0.128015
0.131329
0.135461
0.140538
0.146767
0.154484
0.164279
0.177392
0.197948
0.468118
0.553313
0.562034
0.562482
0.5625
0.5625
0.5625
0.5625
0.5625
0.5625
0.5625
0.5625
0.5625
0.5625
0.5625
0.5625
0.5625
0.5625
0.5625
0.5625
0.277547
0.254293
0.248113
0.246682
0.249362
0.258393
0.279155
0.326342
0.44456
0.54898
0.130572
0.133081
0.13629
0.140279
0.145187
0.151245
0.158821
0.168556
0.181791
0.202923
0.468529
0.553296
0.562031
0.562482
0.5625
0.5625
0.5625
0.5625
0.5625
0.5625
0.5625
0.5625
0.5625
0.5625
0.5625
0.5625
0.5625
0.5625
0.5625
0.5625
0.282807
0.25875
0.252083
0.25037
0.252925
0.262102
0.283468
0.333247
0.456127
0.551252
0.13564
0.138076
0.141152
0.144956
0.149644
0.155466
0.162829
0.172433
0.185738
0.207465
0.468281
0.553145
0.562021
0.562482
0.5625
0.5625
0.5625
0.5625
0.5625
0.5625
0.5625
0.5625
0.5625
0.5625
0.5625
0.5625
0.5625
0.5625
0.5625
0.5625
0.288219
0.263538
0.256299
0.254246
0.256628
0.265813
0.287637
0.339993
0.465617
0.55274
0.140695
0.143037
0.145946
0.149519
0.153923
0.15943
0.166481
0.175843
0.189114
0.211407
0.46687
0.552752
0.561993
0.562481
0.5625
0.5625
0.5625
0.5625
0.5625
0.5625
0.5625
0.5625
0.5625
0.5625
0.5625
0.5625
0.5625
0.5625
0.5625
0.5625
0.293907
0.268858
0.260936
0.258439
0.260511
0.269497
0.291543
0.346207
0.472402
0.553526
0.145785
0.148007
0.150713
0.154004
0.158055
0.163151
0.16976
0.178713
0.19176
0.214482
0.463344
0.551906
0.56194
0.562479
0.5625
0.5625
0.5625
0.5625
0.5625
0.5625
0.5625
0.5625
0.5625
0.5625
0.5625
0.5625
0.5625
0.5625
0.5625
0.5625
0.300031
0.275005
0.266251
0.263105
0.26463
0.273135
0.295051
0.351372
0.476088
0.553648
0.150966
0.153043
0.15551
0.158469
0.162094
0.166671
0.172678
0.180987
0.193484
0.21626
0.455506
0.550118
0.561833
0.562475
0.562499
0.5625
0.5625
0.5625
0.5625
0.5625
0.5625
0.5625
0.5625
0.5625
0.5625
0.5625
0.5625
0.5625
0.5625
0.5625
0.306836
0.282416
0.27261
0.268483
0.269116
0.276757
0.298037
0.354903
0.476454
0.553068
0.156312
0.158218
0.160414
0.162997
0.16613
0.170082
0.175312
0.182679
0.194111
0.216068
0.436982
0.545999
0.561607
0.562468
0.562499
0.5625
0.5625
0.5625
0.5625
0.5625
0.5625
0.5625
0.5625
0.5625
0.5625
0.5625
0.5625
0.5625
0.5625
0.5625
0.314874
0.291934
0.280717
0.275053
0.27426
0.280497
0.300457
0.356321
0.473376
0.551644
0.161913
0.163627
0.16553
0.167708
0.170302
0.173548
0.177845
0.183958
0.193645
0.213052
0.38877
0.535551
0.561142
0.562455
0.562499
0.5625
0.5625
0.5625
0.5625
0.5625
0.5625
0.5625
0.5625
0.5625
0.5625
0.5625
0.5625
0.5625
0.5625
0.5625
0.325822
0.30548
0.292087
0.283837
0.280696
0.284714
0.302419
0.355445
0.466849
0.549117
0.16789
0.169398
0.170998
0.172762
0.174807
0.177318
0.180609
0.185258
0.192574
0.206984
0.212298
0.218473
0.224366
0.230054
0.235597
0.241026
0.246365
0.251634
0.256853
0.262035
0.267198
0.272359
0.277547
0.282807
0.288219
0.293907
0.300031
0.306836
0.314875
0.325822
0.334486
0.323645
0.308722
0.296666
0.289758
0.290327
0.304542
0.352561
0.456963
0.545077
0.174405
0.175699
0.177001
0.17837
0.179896
0.181723
0.18408
0.18737
0.192406
0.201272
0.206078
0.210309
0.214347
0.218307
0.222231
0.226138
0.230042
0.233959
0.237899
0.241879
0.245918
0.250041
0.254293
0.25875
0.263538
0.268858
0.275005
0.282416
0.291934
0.305481
0.323646
0.330649
0.324363
0.312639
0.302456
0.298672
0.308057
0.34919
0.44469
0.53907
0.181678
0.182759
0.183783
0.184796
0.18587
0.187115
0.188699
0.190895
0.194171
0.199376
0.203694
0.207596
0.211325
0.214982
0.218611
0.222234
0.22586
0.229498
0.233151
0.236826
0.240531
0.244283
0.248113
0.252083
0.256299
0.260936
0.266251
0.27261
0.280717
0.292087
0.308723
0.324363
0.330652
0.326462
0.317281
0.310349
0.314358
0.347169
0.431787
0.530854
0.190031
0.190909
0.191684
0.192395
0.1931
0.193888
0.19489
0.196296
0.198389
0.201538
0.204918
0.208331
0.211753
0.215185
0.218632
0.222093
0.225567
0.229051
0.232544
0.236045
0.239558
0.243095
0.246682
0.25037
0.254246
0.258439
0.263106
0.268483
0.275053
0.283837
0.296667
0.312639
0.326463
0.332513
0.330011
0.324038
0.32424
0.348558
0.420724
0.520795
0.199982
0.200672
0.201232
0.201697
0.20212
0.202577
0.203176
0.204065
0.205431
0.207471
0.210002
0.21284
0.215872
0.21903
0.222273
0.225574
0.228913
0.232277
0.235657
0.239049
0.242454
0.245884
0.249362
0.252925
0.256628
0.260511
0.26463
0.269116
0.27426
0.280696
0.289758
0.302456
0.317281
0.330011
0.336457
0.336501
0.337004
0.35487
0.414298
0.510285
0.212526
0.213045
0.213423
0.213695
0.213911
0.214144
0.21449
0.215073
0.216035
0.217507
0.219485
0.221878
0.224586
0.227525
0.230633
0.233866
0.23719
0.240586
0.24404
0.247547
0.251105
0.254719
0.258393
0.262102
0.265813
0.269497
0.273135
0.276757
0.280497
0.284713
0.290327
0.298672
0.310349
0.324038
0.336501
0.344719
0.350459
0.366283
0.41477
0.501727
0.230092
0.230463
0.230689
0.230809
0.230877
0.230968
0.23118
0.231627
0.232432
0.233702
0.235481
0.237739
0.240412
0.243429
0.246728
0.250262
0.253995
0.257901
0.261963
0.266152
0.270439
0.274789
0.279154
0.283468
0.287637
0.291543
0.29505
0.298037
0.300457
0.302419
0.304542
0.308057
0.314358
0.32424
0.337004
0.350459
0.363349
0.38184
0.423018
0.497749
0.259771
0.260042
0.260158
0.260168
0.260144
0.260179
0.260386
0.260891
0.261828
0.263307
0.265396
0.268102
0.27139
0.275205
0.279489
0.284191
0.289272
0.2947
0.300455
0.306522
0.312884
0.319512
0.326342
0.333247
0.339993
0.346207
0.351372
0.354903
0.356321
0.355444
0.35256
0.34919
0.347168
0.348557
0.35487
0.366283
0.38184
0.403142
0.439415
0.500274
0.322967
0.323275
0.323384
0.323377
0.323367
0.323492
0.323917
0.32482
0.326381
0.328756
0.332054
0.336325
0.341577
0.347796
0.35497
0.363102
0.372217
0.382349
0.393511
0.405647
0.418541
0.431746
0.44456
0.456126
0.465617
0.472402
0.476088
0.476454
0.473376
0.466849
0.456963
0.444689
0.431786
0.420724
0.414297
0.414769
0.423018
0.439414
0.467085
0.510914
0.459992
0.460425
0.460619
0.460694
0.460804
0.461134
0.461895
0.463308
0.46558
0.468871
0.473263
0.47874
0.485191
0.492425
0.50019
0.508191
0.516114
0.523655
0.530553
0.536611
0.541714
0.545827
0.54898
0.551252
0.55274
0.553526
0.553648
0.553068
0.551644
0.549116
0.545076
0.53907
0.530854
0.520795
0.510284
0.501727
0.497748
0.500274
0.510913
0.531562
5.75296e-07
5.53246e-05
0.000799671
0.00323795
0.00735187
0.0126691
0.0187887
0.0254159
0.0323299
0.0393658
0.0464017
0.0533522
0.0601632
0.066807
0.0732657
0.0795262
0.0855845
0.0914445
0.0971169
0.102617
0.107964
0.113176
0.118278
0.123297
0.128264
0.133214
0.138194
0.143257
0.148471
0.153925
0.159732
0.166043
0.173071
0.181129
0.190739
0.202906
0.219949
0.248163
0.30671
0.441057
5.51518e-05
0.000427967
0.00195985
0.00507629
0.00954956
0.0150314
0.0212207
0.0278742
0.0347975
0.0418384
0.0488809
0.0558425
0.0626709
0.0693366
0.0758161
0.0820942
0.0881656
0.0940334
0.0997078
0.105203
0.110534
0.11572
0.120782
0.125744
0.130634
0.135486
0.140342
0.145256
0.150298
0.155559
0.161158
0.167256
0.174073
0.181929
0.191352
0.203351
0.22025
0.248365
0.306914
0.441385
0.000799126
0.00195963
0.00436894
0.00804982
0.012806
0.0184069
0.0246329
0.0312877
0.0382022
0.0452365
0.0522798
0.0592505
0.0660968
0.0727819
0.0792762
0.0855623
0.0916341
0.0974941
0.103152
0.108617
0.113905
0.119029
0.124009
0.128862
0.133614
0.138296
0.142946
0.14762
0.152393
0.157363
0.162664
0.168469
0.175013
0.182624
0.191836
0.203657
0.220412
0.248424
0.306947
0.44149
0.00323741
0.0050762
0.00804981
0.0120742
0.017003
0.0226706
0.0289083
0.0355545
0.042461
0.0494972
0.0565547
0.063551
0.0704288
0.0771395
0.0836496
0.0899406
0.0960066
0.10185
0.107478
0.112899
0.118122
0.12316
0.128024
0.132729
0.137293
0.14174
0.146108
0.150452
0.154853
0.159425
0.164321
0.169741
0.175938
0.183254
0.192226
0.203859
0.220471
0.248385
0.306881
0.441489
0.00735183
0.0095498
0.0128062
0.017003
0.0220145
0.0277075
0.0339451
0.040591
0.0475122
0.0545837
0.0616949
0.0687561
0.0756916
0.0824441
0.0889792
0.0952796
0.101342
0.107167
0.112762
0.118132
0.123283
0.128222
0.132953
0.137484
0.141823
0.145985
0.150001
0.153923
0.157839
0.161883
0.166243
0.17116
0.176918
0.183878
0.192575
0.204007
0.220481
0.248317
0.306816
0.441527
0.0126694
0.0150317
0.0184073
0.0226708
0.0277076
0.0334053
0.0396507
0.0463275
0.0533158
0.0604929
0.0677369
0.0749257
0.0819622
0.0887854
0.0953641
0.101688
0.107756
0.113573
0.119142
0.124468
0.129553
0.134398
0.138999
0.143352
0.14745
0.151295
0.154901
0.15831
0.161613
0.164967
0.168614
0.172867
0.178062
0.184581
0.192957
0.204172
0.220516
0.248307
0.306878
0.441783
0.0187892
0.0212212
0.0246334
0.0289084
0.0339451
0.0396507
0.0459345
0.0527032
0.0598554
0.0672698
0.0747808
0.082198
0.0894028
0.0963406
0.102994
0.109366
0.115462
0.121289
0.126854
0.13216
0.137207
0.141988
0.146489
0.150691
0.154569
0.158099
0.161264
0.164079
0.166621
0.169067
0.171737
0.175086
0.179534
0.185489
0.193476
0.204447
0.220668
0.24846
0.307213
0.44246
0.0254164
0.0278748
0.0312881
0.0355545
0.040591
0.0463274
0.0527032
0.0596628
0.0671436
0.0750248
0.0830566
0.090875
0.0983515
0.105468
0.112243
0.118699
0.124857
0.130732
0.136335
0.141671
0.146736
0.151517
0.15599
0.16012
0.163856
0.167137
0.169893
0.172074
0.173695
0.174921
0.176173
0.178208
0.181599
0.186791
0.194275
0.204953
0.22105
0.248898
0.307981
0.44377
0.0323303
0.0347981
0.0382026
0.042461
0.0475122
0.0533157
0.0598553
0.0671435
0.075201
0.0839887
0.0931776
0.101707
0.109606
0.11699
0.123952
0.130551
0.136832
0.142824
0.148544
0.154
0.159188
0.164093
0.168683
0.172908
0.176689
0.179917
0.182441
0.184078
0.184665
0.184207
0.183174
0.183012
0.184706
0.188754
0.195536
0.205827
0.221782
0.249743
0.309339
0.445914
0.0393661
0.0418386
0.0452368
0.0494971
0.0545836
0.0604928
0.0672697
0.0750247
0.0839887
0.0946567
0.107658
0.117407
0.125929
0.133719
0.140991
0.147865
0.154413
0.160683
0.166705
0.172495
0.178053
0.183367
0.188406
0.193112
0.197391
0.201091
0.203968
0.205623
0.205425
0.202569
0.196828
0.19142
0.189635
0.191721
0.197442
0.207195
0.222966
0.251102
0.311423
0.449051
0.046402
0.048881
0.0522798
0.0565545
0.0616947
0.0677369
0.0747807
0.0830565
0.0931774
0.107658
0.469301
0.48342
0.473174
0.466596
0.46256
0.460102
0.458712
0.458079
0.45798
0.458242
0.458711
0.459228
0.459619
0.459657
0.459021
0.457193
0.453188
0.444699
0.424912
0.374029
0.202017
0.196006
0.193729
0.194912
0.199819
0.209052
0.224645
0.253031
0.314318
0.453269
0.0533525
0.0558427
0.0592506
0.0635508
0.0687559
0.0749257
0.0821978
0.0908748
0.101707
0.117408
0.483418
0.553389
0.555771
0.554458
0.553413
0.552669
0.55216
0.551832
0.551638
0.551543
0.551505
0.55149
0.551453
0.55134
0.551074
0.550524
0.54944
0.547235
0.542226
0.529528
0.208195
0.200067
0.19743
0.198132
0.20249
0.211313
0.22679
0.255535
0.318055
0.458572
0.0601635
0.0626709
0.0660967
0.0704285
0.0756913
0.081962
0.0894026
0.0983513
0.109605
0.125929
0.473174
0.555771
0.562002
0.562154
0.562087
0.562028
0.561985
0.561952
0.561933
0.561919
0.561911
0.561906
0.561899
0.561887
0.561867
0.561826
0.561751
0.561606
0.561306
0.560691
0.214036
0.203935
0.200958
0.201355
0.205345
0.213882
0.229338
0.258572
0.322618
0.464884
0.066807
0.0693364
0.0727817
0.0771392
0.0824438
0.0887851
0.0963403
0.105468
0.11699
0.133718
0.466597
0.554458
0.562154
0.562478
0.562486
0.562483
0.56248
0.562479
0.562478
0.562477
0.562477
0.562476
0.562476
0.562475
0.562474
0.562473
0.562469
0.562464
0.562454
0.562438
0.219626
0.207711
0.204409
0.204583
0.208321
0.21668
0.232219
0.262081
0.327965
0.472064
0.0732655
0.0758157
0.0792758
0.0836492
0.0889788
0.0953639
0.102994
0.112243
0.123951
0.140991
0.46256
0.553413
0.562087
0.562486
0.5625
0.5625
0.5625
0.5625
0.5625
0.5625
0.5625
0.5625
0.5625
0.562499
0.562499
0.562499
0.562499
0.562499
0.562499
0.562499
0.225037
0.211434
0.207822
0.207817
0.21138
0.219649
0.23537
0.265998
0.334052
0.479916
0.0795259
0.0820937
0.0855621
0.0899404
0.0952792
0.101687
0.109366
0.118699
0.130551
0.147865
0.460102
0.552669
0.562028
0.562483
0.5625
0.5625
0.5625
0.5625
0.5625
0.5625
0.5625
0.5625
0.5625
0.5625
0.5625
0.5625
0.5625
0.5625
0.5625
0.5625
0.230308
0.215125
0.211217
0.211059
0.214498
0.222746
0.238739
0.270262
0.340842
0.488208
0.0855841
0.0881651
0.0916339
0.0960064
0.101341
0.107756
0.115461
0.124857
0.136832
0.154413
0.458713
0.55216
0.561985
0.56248
0.5625
0.5625
0.5625
0.5625
0.5625
0.5625
0.5625
0.5625
0.5625
0.5625
0.5625
0.5625
0.5625
0.5625
0.5625
0.5625
0.235465
0.2188
0.214606
0.214312
0.21766
0.225943
0.242284
0.274817
0.348316
0.496672
0.0914441
0.0940328
0.0974938
0.10185
0.107167
0.113572
0.121288
0.130732
0.142823
0.160684
0.458079
0.551832
0.561952
0.562479
0.5625
0.5625
0.5625
0.5625
0.5625
0.5625
0.5625
0.5625
0.5625
0.5625
0.5625
0.5625
0.5625
0.5625
0.5625
0.5625
0.240534
0.222474
0.218
0.217577
0.220859
0.229218
0.245971
0.279616
0.356468
0.505025
0.0971165
0.0997072
0.103151
0.107478
0.112761
0.119141
0.126853
0.136336
0.148543
0.166706
0.45798
0.551638
0.561933
0.562478
0.5625
0.5625
0.5625
0.5625
0.5625
0.5625
0.5625
0.5625
0.5625
0.5625
0.5625
0.5625
0.5625
0.5625
0.5625
0.5625
0.245538
0.226165
0.221408
0.22086
0.22409
0.232555
0.249765
0.284615
0.365299
0.512988
0.102617
0.105202
0.108617
0.112898
0.118131
0.124467
0.13216
0.141671
0.153999
0.172495
0.458242
0.551543
0.561919
0.562477
0.5625
0.5625
0.5625
0.5625
0.5625
0.5625
0.5625
0.5625
0.5625
0.5625
0.5625
0.5625
0.5625
0.5625
0.5625
0.5625
0.250501
0.229894
0.224846
0.224169
0.227353
0.235942
0.253635
0.289768
0.374789
0.520311
0.107963
0.110533
0.113904
0.118122
0.123283
0.129553
0.137207
0.146736
0.159187
0.178053
0.458711
0.551505
0.561911
0.562477
0.5625
0.5625
0.5625
0.5625
0.5625
0.5625
0.5625
0.5625
0.5625
0.5625
0.5625
0.5625
0.5625
0.5625
0.5625
0.5625
0.255446
0.233688
0.22833
0.227514
0.230651
0.239367
0.257542
0.295025
0.384862
0.526796
0.113176
0.11572
0.119029
0.123159
0.128221
0.134398
0.141987
0.151516
0.164093
0.183367
0.459228
0.55149
0.561906
0.562476
0.5625
0.5625
0.5625
0.5625
0.5625
0.5625
0.5625
0.5625
0.5625
0.5625
0.5625
0.5625
0.5625
0.5625
0.5625
0.5625
0.260397
0.237584
0.231885
0.230913
0.233988
0.242815
0.261444
0.30032
0.395326
0.532305
0.118278
0.120782
0.124008
0.128024
0.132953
0.138999
0.146488
0.155989
0.168683
0.188406
0.459619
0.551453
0.561899
0.562476
0.5625
0.5625
0.5625
0.5625
0.5625
0.5625
0.5625
0.5625
0.5625
0.5625
0.5625
0.5625
0.5625
0.5625
0.5625
0.5625
0.265385
0.241634
0.235551
0.23439
0.237374
0.246267
0.265283
0.305567
0.405814
0.536762
0.123297
0.125744
0.128862
0.132729
0.137484
0.143351
0.15069
0.160119
0.172907
0.193111
0.459657
0.55134
0.561887
0.562475
0.562499
0.5625
0.5625
0.5625
0.5625
0.5625
0.5625
0.5625
0.5625
0.5625
0.5625
0.5625
0.5625
0.5625
0.5625
0.5625
0.270453
0.24591
0.239381
0.237982
0.240819
0.249695
0.268989
0.310641
0.415754
0.54014
0.128263
0.130634
0.133614
0.137292
0.141822
0.14745
0.154569
0.163856
0.176688
0.19739
0.459021
0.551074
0.561867
0.562474
0.562499
0.5625
0.5625
0.5625
0.5625
0.5625
0.5625
0.5625
0.5625
0.5625
0.5625
0.5625
0.5625
0.5625
0.5625
0.5625
0.275656
0.250522
0.24346
0.24174
0.244339
0.253066
0.272475
0.315362
0.424395
0.542435
0.133214
0.135486
0.138295
0.141739
0.145984
0.151294
0.158098
0.167136
0.179916
0.201091
0.457193
0.550524
0.561826
0.562473
0.562499
0.5625
0.5625
0.5625
0.5625
0.5625
0.5625
0.5625
0.5625
0.5625
0.5625
0.5625
0.5625
0.5625
0.5625
0.5625
0.281073
0.255627
0.247914
0.245743
0.247958
0.256349
0.275636
0.319484
0.430928
0.543645
0.138193
0.140341
0.142945
0.146108
0.15
0.1549
0.161263
0.169892
0.18244
0.203968
0.453188
0.54944
0.561751
0.562469
0.562499
0.5625
0.5625
0.5625
0.5625
0.5625
0.5625
0.5625
0.5625
0.5625
0.5625
0.5625
0.5625
0.5625
0.5625
0.5625
0.286817
0.261462
0.252938
0.250109
0.251724
0.259526
0.278365
0.322694
0.434633
0.54373
0.143256
0.145256
0.14762
0.150452
0.153922
0.158309
0.164079
0.172073
0.184078
0.205622
0.444699
0.547235
0.561606
0.562464
0.562499
0.5625
0.5625
0.5625
0.5625
0.5625
0.5625
0.5625
0.5625
0.5625
0.5625
0.5625
0.5625
0.5625
0.5625
0.5625
0.293067
0.268415
0.258861
0.255052
0.255753
0.262622
0.280578
0.324648
0.434993
0.542567
0.148471
0.150297
0.152392
0.154852
0.157838
0.161612
0.16662
0.173694
0.184664
0.205424
0.424912
0.542226
0.561306
0.562454
0.562499
0.5625
0.5625
0.5625
0.5625
0.5625
0.5625
0.5625
0.5625
0.5625
0.5625
0.5625
0.5625
0.5625
0.5625
0.5625
0.300192
0.277192
0.266293
0.260989
0.260291
0.265756
0.282257
0.32506
0.431751
0.539909
0.153925
0.155558
0.157362
0.159424
0.161882
0.164967
0.169066
0.174921
0.184206
0.202568
0.374029
0.529528
0.560691
0.562438
0.562499
0.5625
0.5625
0.5625
0.5625
0.5625
0.5625
0.5625
0.5625
0.5625
0.5625
0.5625
0.5625
0.5625
0.5625
0.5625
0.309224
0.28927
0.276474
0.268791
0.265907
0.269281
0.283594
0.32384
0.42492
0.535355
0.159732
0.161158
0.162663
0.16432
0.166243
0.168613
0.171736
0.176173
0.183173
0.196828
0.202017
0.208194
0.214035
0.219625
0.225037
0.230307
0.235465
0.240534
0.245538
0.250501
0.255445
0.260397
0.265385
0.270453
0.275656
0.281073
0.286817
0.293067
0.300192
0.309224
0.315602
0.304748
0.290857
0.279905
0.27369
0.273942
0.285077
0.321342
0.414896
0.528375
0.166043
0.167256
0.168469
0.16974
0.171159
0.172866
0.175085
0.178207
0.183011
0.191419
0.196006
0.200067
0.203935
0.20771
0.211434
0.215125
0.218799
0.222473
0.226164
0.229894
0.233688
0.237584
0.241633
0.24591
0.250522
0.255627
0.261462
0.268415
0.277192
0.28927
0.304748
0.309848
0.303682
0.293222
0.284262
0.28072
0.287589
0.318343
0.40263
0.518469
0.173071
0.174072
0.175012
0.175937
0.176918
0.178062
0.179533
0.181598
0.184705
0.189634
0.193729
0.197429
0.200958
0.204409
0.207822
0.211217
0.214606
0.218
0.221408
0.224846
0.22833
0.231886
0.235551
0.239382
0.24346
0.247914
0.252938
0.258861
0.266293
0.276474
0.290857
0.303683
0.30824
0.304155
0.296104
0.289897
0.292107
0.316062
0.389468
0.505395
0.181129
0.181929
0.182624
0.183254
0.183877
0.18458
0.185489
0.18679
0.188754
0.191721
0.194911
0.198131
0.201354
0.204582
0.207817
0.211059
0.214312
0.217577
0.22086
0.224168
0.227514
0.230913
0.23439
0.237982
0.24174
0.245743
0.250109
0.255053
0.260989
0.268791
0.279905
0.293222
0.304155
0.308391
0.305683
0.300142
0.299002
0.315849
0.37719
0.489575
0.190738
0.191351
0.191835
0.192226
0.192575
0.192956
0.193475
0.194275
0.195535
0.197441
0.199819
0.202489
0.205345
0.208321
0.21138
0.214498
0.21766
0.220859
0.22409
0.227353
0.230651
0.233988
0.237374
0.240819
0.244339
0.247958
0.251724
0.255753
0.260291
0.265907
0.27369
0.284262
0.296105
0.305683
0.30985
0.308746
0.307443
0.318668
0.367845
0.472457
0.202905
0.20335
0.203656
0.203858
0.204007
0.204171
0.204447
0.204953
0.205827
0.207194
0.209052
0.211313
0.213882
0.21668
0.219649
0.222746
0.225943
0.229218
0.232555
0.235942
0.239367
0.242815
0.246267
0.249695
0.253066
0.256348
0.259526
0.262622
0.265756
0.269281
0.273942
0.28072
0.289897
0.300142
0.308746
0.313471
0.315637
0.324668
0.36345
0.456625
0.219948
0.22025
0.220411
0.22047
0.22048
0.220515
0.220668
0.22105
0.221782
0.222966
0.224645
0.22679
0.229337
0.232218
0.235369
0.238739
0.242284
0.24597
0.249765
0.253634
0.257542
0.261443
0.265283
0.268989
0.272475
0.275636
0.278365
0.280578
0.282257
0.283594
0.285077
0.287589
0.292107
0.299002
0.307443
0.315637
0.322689
0.333456
0.365554
0.445396
0.248163
0.248365
0.248423
0.248385
0.248317
0.248307
0.24846
0.248898
0.249743
0.251101
0.253031
0.255535
0.258572
0.262081
0.265998
0.270261
0.274817
0.279616
0.284615
0.289768
0.295025
0.30032
0.305567
0.310641
0.315362
0.319484
0.322694
0.324648
0.32506
0.32384
0.321342
0.318343
0.316062
0.315849
0.318668
0.324668
0.333456
0.346883
0.375727
0.442082
0.30671
0.306913
0.306946
0.306881
0.306816
0.306878
0.307213
0.30798
0.309339
0.311422
0.314318
0.318055
0.322618
0.327965
0.334051
0.340842
0.348315
0.356468
0.365299
0.374789
0.384862
0.395326
0.405814
0.415754
0.424395
0.430928
0.434632
0.434993
0.431751
0.42492
0.414896
0.402629
0.389468
0.377189
0.367844
0.363449
0.365554
0.375727
0.39938
0.450621
0.441056
0.441385
0.44149
0.441488
0.441527
0.441783
0.442459
0.44377
0.445914
0.449051
0.453269
0.458572
0.464884
0.472064
0.479916
0.488208
0.496672
0.505025
0.512988
0.520311
0.526796
0.532305
0.536762
0.54014
0.542435
0.543645
0.54373
0.542567
0.539909
0.535355
0.528375
0.518468
0.505395
0.489574
0.472456
0.456625
0.445396
0.442082
0.45062
0.478799
2.59372e-08
6.41747e-07
0.000169476
0.00161084
0.00500017
0.00987628
0.0157065
0.0221245
0.0288752
0.0357746
0.04269
0.0495292
0.056232
0.0627664
0.0691197
0.0752827
0.0812514
0.0870292
0.0926254
0.0980542
0.103333
0.10848
0.11352
0.118478
0.123384
0.128275
0.133192
0.13819
0.143336
0.148716
0.15444
0.160658
0.167578
0.175513
0.184979
0.19695
0.213601
0.240699
0.29602
0.427388
3.51868e-07
4.50897e-05
0.000716098
0.0030085
0.00694895
0.0120896
0.0180416
0.024516
0.0312944
0.0382103
0.0451396
0.0519936
0.0587142
0.0652707
0.0716467
0.0778288
0.0838117
0.0895977
0.0951953
0.100617
0.105879
0.110999
0.115996
0.120894
0.125721
0.130509
0.135301
0.140148
0.14512
0.150305
0.155822
0.161827
0.168537
0.176271
0.185552
0.197358
0.213869
0.240865
0.296167
0.427643
0.000169118
0.000715748
0.00241326
0.00556726
0.00996709
0.0153155
0.0213511
0.0278535
0.0346392
0.0415583
0.0484933
0.0553578
0.0620946
0.0686715
0.0750642
0.0812561
0.0872404
0.0930186
0.098598
0.103989
0.109205
0.114261
0.119173
0.12396
0.128647
0.133263
0.137848
0.142456
0.147159
0.152055
0.157275
0.16299
0.16943
0.176924
0.185997
0.197629
0.214
0.240896
0.296159
0.42769
0.00160959
0.00300771
0.00556704
0.00927335
0.0139607
0.0194391
0.0255228
0.0320384
0.0388288
0.0457566
0.0527081
0.0595959
0.0663625
0.072967
0.0793777
0.0855763
0.0915554
0.0973162
0.102865
0.108209
0.113359
0.118325
0.12312
0.127757
0.132253
0.136635
0.140937
0.145216
0.14955
0.154052
0.158872
0.164207
0.170305
0.177509
0.186347
0.197796
0.214031
0.240836
0.296064
0.427638
0.00499861
0.00694815
0.00996668
0.0139605
0.0188005
0.0243473
0.0304577
0.0369887
0.0438023
0.0507686
0.057772
0.0647201
0.0715454
0.0781941
0.084632
0.0908414
0.0968164
0.102558
0.108072
0.113364
0.118438
0.123303
0.127962
0.132422
0.136692
0.140788
0.14474
0.148599
0.152453
0.156434
0.160726
0.165565
0.171233
0.178086
0.186655
0.19791
0.214015
0.240748
0.295973
0.42763
0.00987463
0.0120888
0.015315
0.0194387
0.0243472
0.0299274
0.0360632
0.0426349
0.0495193
0.0565886
0.0637176
0.0707928
0.0777213
0.0844433
0.090927
0.0971597
0.10314
0.108871
0.114357
0.119602
0.124608
0.129375
0.1339
0.13818
0.142208
0.145986
0.149529
0.15288
0.156127
0.159427
0.163016
0.167203
0.172318
0.178738
0.186994
0.19804
0.214023
0.240716
0.296001
0.427837
0.0157053
0.0180409
0.0213507
0.0255226
0.0304574
0.0360632
0.0422475
0.048915
0.05596
0.0632572
0.0706493
0.0779538
0.085053
0.0918918
0.0984513
0.104731
0.110736
0.116475
0.121954
0.127175
0.132138
0.136837
0.141258
0.145382
0.149188
0.152649
0.155753
0.158515
0.16101
0.163415
0.166043
0.169341
0.173723
0.179592
0.187467
0.198278
0.214147
0.24084
0.296284
0.428452
0.0221234
0.0245152
0.0278531
0.0320382
0.0369885
0.0426349
0.0489148
0.0557698
0.0631319
0.0708884
0.0787987
0.0865045
0.0938765
0.100894
0.107573
0.113935
0.119999
0.125782
0.131294
0.136538
0.141512
0.146202
0.150588
0.154634
0.158291
0.1615
0.164195
0.166327
0.167914
0.169119
0.170355
0.172363
0.175708
0.180829
0.188214
0.198742
0.214494
0.241238
0.296971
0.42968
0.0288741
0.0312937
0.0346387
0.0388284
0.0438022
0.0495189
0.0559598
0.0631318
0.0710612
0.0797163
0.0887744
0.0971879
0.10498
0.112262
0.119122
0.125622
0.131802
0.137693
0.143311
0.148663
0.153746
0.158546
0.163032
0.167156
0.170843
0.173986
0.176442
0.178034
0.178603
0.178159
0.177161
0.177024
0.17871
0.182714
0.189414
0.199568
0.215183
0.242025
0.298206
0.431713
0.0357736
0.0382097
0.0415579
0.0457563
0.0507685
0.0565884
0.063257
0.0708883
0.0797162
0.0902332
0.103061
0.112682
0.121088
0.128763
0.135922
0.142679
0.149106
0.15525
0.161139
0.166789
0.1722
0.177362
0.182244
0.186792
0.190918
0.194477
0.197238
0.198821
0.198624
0.195871
0.190342
0.185143
0.183467
0.18557
0.191242
0.200877
0.216314
0.243301
0.300111
0.434707
0.0426892
0.045139
0.0484931
0.0527079
0.0577718
0.0637174
0.0706492
0.0787986
0.0887745
0.103061
0.466309
0.48034
0.469587
0.46259
0.458204
0.455433
0.453752
0.452838
0.452464
0.452455
0.452651
0.452895
0.453008
0.452761
0.451829
0.449689
0.445337
0.436406
0.415846
0.363623
0.195436
0.189592
0.187425
0.188649
0.193534
0.202667
0.217926
0.245121
0.30276
0.43875
0.0495284
0.0519929
0.0553576
0.0595957
0.0647197
0.0707925
0.0779536
0.0865043
0.0971879
0.112682
0.48034
0.552661
0.55519
0.553727
0.552545
0.551683
0.55107
0.550649
0.550372
0.550198
0.550086
0.549997
0.549884
0.549686
0.549315
0.548629
0.547343
0.544796
0.539077
0.52469
0.201615
0.19355
0.191008
0.191761
0.196115
0.204854
0.219991
0.247483
0.306173
0.443854
0.0562316
0.0587137
0.0620941
0.0663622
0.071545
0.0777211
0.0850528
0.0938763
0.10498
0.121087
0.469588
0.55519
0.561943
0.562109
0.562031
0.561961
0.561908
0.561868
0.561839
0.561819
0.561803
0.561791
0.561778
0.56176
0.561729
0.561676
0.561581
0.561402
0.561039
0.560295
0.20743
0.197318
0.194423
0.194877
0.198879
0.207344
0.222445
0.250345
0.310325
0.449959
0.062766
0.0652704
0.068671
0.0729668
0.0781938
0.084443
0.0918915
0.100894
0.112262
0.128763
0.46259
0.553727
0.562109
0.562475
0.562484
0.56248
0.562477
0.562475
0.562472
0.562471
0.562471
0.56247
0.562469
0.562468
0.562467
0.562465
0.562461
0.562454
0.562441
0.562421
0.212966
0.200986
0.197758
0.197997
0.201762
0.210059
0.225218
0.253645
0.315162
0.45695
0.0691192
0.0716463
0.0750638
0.0793774
0.0846317
0.0909267
0.098451
0.107573
0.119122
0.135922
0.458203
0.552545
0.562031
0.562484
0.5625
0.5625
0.5625
0.5625
0.562499
0.562499
0.562499
0.562499
0.562499
0.562499
0.562499
0.562499
0.562499
0.562499
0.562499
0.562499
0.218302
0.204593
0.201052
0.201122
0.204727
0.21294
0.228247
0.257314
0.320627
0.464667
0.0752819
0.0778284
0.0812557
0.0855759
0.0908411
0.0971594
0.10473
0.113934
0.125622
0.142679
0.455433
0.551683
0.561961
0.56248
0.5625
0.5625
0.5625
0.5625
0.5625
0.5625
0.5625
0.5625
0.5625
0.5625
0.5625
0.5625
0.5625
0.5625
0.5625
0.5625
0.223482
0.208159
0.204324
0.204255
0.207751
0.215945
0.231476
0.261291
0.326665
0.472917
0.0812507
0.0838113
0.08724
0.091555
0.096816
0.10314
0.110736
0.119999
0.131802
0.149106
0.453752
0.55107
0.561908
0.562477
0.5625
0.5625
0.5625
0.5625
0.5625
0.5625
0.5625
0.5625
0.5625
0.5625
0.5625
0.5625
0.5625
0.5625
0.5625
0.5625
0.228534
0.211702
0.207587
0.207396
0.210818
0.219044
0.234863
0.265516
0.333237
0.481477
0.0870287
0.0895973
0.0930182
0.0973158
0.102558
0.108871
0.116475
0.125782
0.137693
0.15525
0.452838
0.550649
0.561868
0.562475
0.5625
0.5625
0.5625
0.5625
0.5625
0.5625
0.5625
0.5625
0.5625
0.5625
0.5625
0.5625
0.5625
0.5625
0.5625
0.5625
0.233486
0.215238
0.210851
0.21055
0.213921
0.222213
0.238369
0.269937
0.340311
0.490093
0.092625
0.0951949
0.0985975
0.102864
0.108072
0.114356
0.121953
0.131293
0.14331
0.161139
0.452465
0.550372
0.561839
0.562472
0.562499
0.5625
0.5625
0.5625
0.5625
0.5625
0.5625
0.5625
0.5625
0.5625
0.5625
0.5625
0.5625
0.5625
0.5625
0.5625
0.238364
0.218786
0.214129
0.213721
0.217053
0.225435
0.24196
0.274504
0.347866
0.498496
0.0980537
0.100617
0.103989
0.108209
0.113363
0.119601
0.127175
0.136538
0.148662
0.166788
0.452455
0.550198
0.561819
0.562471
0.562499
0.5625
0.5625
0.5625
0.5625
0.5625
0.5625
0.5625
0.5625
0.5625
0.5625
0.5625
0.5625
0.5625
0.5625
0.5625
0.243192
0.22237
0.217435
0.216918
0.220215
0.228694
0.245603
0.279163
0.355872
0.506419
0.103332
0.105879
0.109205
0.113359
0.118438
0.124607
0.132138
0.141511
0.153746
0.1722
0.452651
0.550086
0.561803
0.562471
0.562499
0.5625
0.5625
0.5625
0.5625
0.5625
0.5625
0.5625
0.5625
0.5625
0.5625
0.5625
0.5625
0.5625
0.5625
0.5625
0.247997
0.226016
0.220787
0.220151
0.223406
0.231974
0.249258
0.283854
0.364265
0.51362
0.10848
0.110998
0.114261
0.118325
0.123302
0.129374
0.136836
0.146202
0.158546
0.177362
0.452895
0.549997
0.561791
0.56247
0.562499
0.5625
0.5625
0.5625
0.5625
0.5625
0.5625
0.5625
0.5625
0.5625
0.5625
0.5625
0.5625
0.5625
0.5625
0.5625
0.252804
0.229763
0.22421
0.223434
0.226626
0.235258
0.25288
0.288504
0.372918
0.519899
0.11352
0.115995
0.119172
0.123119
0.127962
0.1339
0.141257
0.150588
0.163032
0.182244
0.453008
0.549884
0.561778
0.562469
0.562499
0.5625
0.5625
0.5625
0.5625
0.5625
0.5625
0.5625
0.5625
0.5625
0.5625
0.5625
0.5625
0.5625
0.5625
0.5625
0.257646
0.233661
0.227739
0.226789
0.22988
0.238525
0.256412
0.29302
0.38159
0.525109
0.118478
0.120893
0.12396
0.127756
0.132422
0.138179
0.145382
0.154633
0.167155
0.186792
0.452761
0.549686
0.56176
0.562468
0.562499
0.5625
0.5625
0.5625
0.5625
0.5625
0.5625
0.5625
0.5625
0.5625
0.5625
0.5625
0.5625
0.5625
0.5625
0.5625
0.262558
0.23778
0.231424
0.230243
0.233171
0.241745
0.259786
0.297279
0.389885
0.529148
0.123384
0.12572
0.128647
0.132253
0.136692
0.142207
0.149187
0.158291
0.170842
0.190918
0.451829
0.549315
0.561729
0.562467
0.562499
0.5625
0.5625
0.5625
0.5625
0.5625
0.5625
0.5625
0.5625
0.5625
0.5625
0.5625
0.5625
0.5625
0.5625
0.5625
0.26759
0.24222
0.235338
0.233838
0.23651
0.244889
0.262916
0.301122
0.39724
0.531938
0.128274
0.130508
0.133263
0.136634
0.140788
0.145985
0.152649
0.1615
0.173986
0.194477
0.449689
0.548629
0.561676
0.562465
0.562499
0.5625
0.5625
0.5625
0.5625
0.5625
0.5625
0.5625
0.5625
0.5625
0.5625
0.5625
0.5625
0.5625
0.5625
0.5625
0.272806
0.247126
0.239595
0.237642
0.239916
0.247923
0.26571
0.304345
0.402959
0.533399
0.133192
0.1353
0.137848
0.140937
0.144739
0.149528
0.155753
0.164195
0.176441
0.197238
0.445337
0.547343
0.561581
0.562461
0.562499
0.5625
0.5625
0.5625
0.5625
0.5625
0.5625
0.5625
0.5625
0.5625
0.5625
0.5625
0.5625
0.5625
0.5625
0.5625
0.2783
0.252725
0.244378
0.241764
0.243434
0.250831
0.268072
0.306709
0.406319
0.533411
0.13819
0.140148
0.142455
0.145216
0.148599
0.152879
0.158515
0.166327
0.178033
0.198821
0.436406
0.544796
0.561402
0.562454
0.562499
0.5625
0.5625
0.5625
0.5625
0.5625
0.5625
0.5625
0.5625
0.5625
0.5625
0.5625
0.5625
0.5625
0.5625
0.5625
0.284225
0.259382
0.249999
0.246407
0.247169
0.253634
0.269933
0.307963
0.406714
0.531779
0.143336
0.145119
0.147158
0.14955
0.152453
0.156126
0.16101
0.167914
0.178603
0.198623
0.415846
0.539077
0.561039
0.562441
0.562499
0.5625
0.5625
0.5625
0.5625
0.5625
0.5625
0.5625
0.5625
0.5625
0.5625
0.5625
0.5625
0.5625
0.5625
0.5625
0.290874
0.267753
0.257033
0.251963
0.251357
0.256454
0.271304
0.307916
0.403773
0.528188
0.148715
0.150305
0.152055
0.154051
0.156433
0.159426
0.163414
0.169119
0.178159
0.195871
0.363623
0.52469
0.560295
0.562421
0.562499
0.5625
0.5625
0.5625
0.5625
0.5625
0.5625
0.5625
0.5625
0.5625
0.5625
0.5625
0.5625
0.5625
0.5625
0.5625
0.299024
0.279141
0.266613
0.259233
0.256513
0.2596
0.272345
0.306545
0.397451
0.522189
0.154439
0.155821
0.157275
0.158871
0.160725
0.163016
0.166042
0.170354
0.177161
0.190342
0.195436
0.201615
0.20743
0.212966
0.218302
0.223481
0.228534
0.233486
0.238364
0.243192
0.247997
0.252804
0.257646
0.262558
0.26759
0.272806
0.2783
0.284225
0.290874
0.299024
0.304399
0.293447
0.279949
0.269484
0.263608
0.263741
0.273489
0.304089
0.38814
0.51327
0.160657
0.161826
0.16299
0.164206
0.165564
0.167202
0.169341
0.172363
0.177023
0.185143
0.189591
0.19355
0.197317
0.200986
0.204592
0.208159
0.211702
0.215238
0.218786
0.22237
0.226016
0.229763
0.233661
0.23778
0.24222
0.247127
0.252725
0.259382
0.267753
0.279141
0.293447
0.297695
0.291501
0.281533
0.273114
0.26971
0.27549
0.301158
0.376559
0.500953
0.167577
0.168536
0.16943
0.170305
0.171232
0.172318
0.173723
0.175708
0.17871
0.183467
0.187425
0.191007
0.194423
0.197758
0.201052
0.204324
0.207586
0.210851
0.214129
0.217434
0.220786
0.22421
0.227739
0.231424
0.235338
0.239595
0.244378
0.249999
0.257033
0.266613
0.27995
0.291501
0.295232
0.29111
0.283515
0.27765
0.279129
0.298693
0.363783
0.485008
0.175512
0.176271
0.176923
0.177508
0.178085
0.178738
0.179591
0.180829
0.182713
0.18557
0.188649
0.19176
0.194877
0.197997
0.201122
0.204254
0.207396
0.210549
0.213721
0.216918
0.22015
0.223434
0.226788
0.230242
0.233838
0.237642
0.241764
0.246407
0.251963
0.259233
0.269484
0.281533
0.29111
0.294461
0.291586
0.28622
0.284561
0.297668
0.351162
0.465711
0.184978
0.185552
0.185996
0.186346
0.186654
0.186993
0.187466
0.188214
0.189413
0.191242
0.193533
0.196115
0.198879
0.201762
0.204727
0.20775
0.210818
0.21392
0.217053
0.220215
0.223405
0.226626
0.229879
0.233171
0.23651
0.239916
0.243434
0.247169
0.251357
0.256513
0.263608
0.273114
0.283516
0.291586
0.294637
0.292936
0.290824
0.298614
0.340162
0.444065
0.196949
0.197358
0.197628
0.197796
0.19791
0.19804
0.198277
0.198742
0.199567
0.200876
0.202666
0.204853
0.207343
0.210058
0.21294
0.215945
0.219044
0.222213
0.225435
0.228693
0.231974
0.235258
0.238525
0.241745
0.244889
0.247923
0.250831
0.253634
0.256454
0.2596
0.263741
0.26971
0.27765
0.28622
0.292936
0.295876
0.296154
0.301288
0.332169
0.421992
0.2136
0.213868
0.214
0.214031
0.214015
0.214023
0.214146
0.214494
0.215183
0.216313
0.217925
0.21999
0.222445
0.225218
0.228247
0.231476
0.234863
0.238368
0.24196
0.245602
0.249257
0.25288
0.256412
0.259786
0.262916
0.26571
0.268072
0.269933
0.271304
0.272345
0.273489
0.27549
0.279129
0.284561
0.290824
0.296154
0.299653
0.305083
0.328397
0.402502
0.240698
0.240865
0.240896
0.240836
0.240748
0.240715
0.24084
0.241237
0.242025
0.243301
0.245121
0.247483
0.250345
0.253644
0.257314
0.261291
0.265516
0.269937
0.274504
0.279162
0.283854
0.288504
0.29302
0.297279
0.301122
0.304345
0.306709
0.307963
0.307916
0.306545
0.304089
0.301158
0.298693
0.297668
0.298614
0.301288
0.305083
0.311447
0.330613
0.389782
0.296019
0.296167
0.296159
0.296064
0.295972
0.296
0.296284
0.296971
0.298206
0.30011
0.30276
0.306173
0.310325
0.315162
0.320627
0.326665
0.333236
0.340311
0.347866
0.355872
0.364265
0.372918
0.381589
0.389885
0.397239
0.402958
0.406319
0.406714
0.403773
0.397451
0.38814
0.376558
0.363782
0.351161
0.340161
0.332168
0.328397
0.330613
0.345062
0.390083
0.427388
0.427643
0.427689
0.427638
0.42763
0.427836
0.428451
0.42968
0.431713
0.434707
0.43875
0.443854
0.449959
0.45695
0.464667
0.472917
0.481477
0.490093
0.498496
0.506419
0.51362
0.519899
0.525109
0.529148
0.531938
0.533398
0.533411
0.531779
0.528188
0.522189
0.51327
0.500953
0.485008
0.46571
0.444064
0.421992
0.402502
0.389782
0.390083
0.415193
)
;

boundaryField
{
    left
    {
        type            fixedValue;
        value           uniform 1;
    }
    right
    {
        type            fixedValue;
        value           uniform 1;
    }
    up
    {
        type            fixedValue;
        value           uniform 1;
    }
    down
    {
        type            fixedValue;
        value           uniform 1;
    }
    front
    {
        type            fixedValue;
        value           uniform 1;
    }
    back
    {
        type            fixedValue;
        value           uniform 1;
    }
}


// ************************************************************************* //
