/*--------------------------------*- C++ -*----------------------------------*\
| =========                 |                                                 |
| \\      /  F ield         | OpenFOAM: The Open Source CFD Toolbox           |
|  \\    /   O peration     | Version:  2.1.0                                 |
|   \\  /    A nd           | Web:      www.OpenFOAM.org                      |
|    \\/     M anipulation  |                                                 |
\*---------------------------------------------------------------------------*/
FoamFile
{
    version     2.0;
    format      ascii;
    class       volScalarField;
    location    "32120";
    object      kr_w;
}
// * * * * * * * * * * * * * * * * * * * * * * * * * * * * * * * * * * * * * //

dimensions      [0 0 0 0 0 0 0];

internalField   nonuniform List<scalar> 
8000
(
0.433496
0.412721
0.387548
0.361448
0.336241
0.312718
0.291144
0.271531
0.253774
0.23771
0.223172
0.210016
0.198109
0.187322
0.177529
0.168613
0.160467
0.153001
0.146125
0.139759
0.133832
0.128282
0.123049
0.118081
0.113328
0.108737
0.104258
0.0998338
0.0954015
0.090886
0.0861948
0.0812061
0.0757491
0.0695634
0.0622219
0.0530036
0.04079
0.0249149
0.0090112
0.0012443
0.412723
0.394312
0.371916
0.348408
0.325381
0.303601
0.283389
0.264827
0.247876
0.232428
0.218371
0.205601
0.194011
0.183488
0.173919
0.165196
0.15722
0.149906
0.143168
0.13693
0.131125
0.125693
0.120581
0.115737
0.111114
0.106665
0.102339
0.0980813
0.0938263
0.0894965
0.0849941
0.0801915
0.0749114
0.0688879
0.0616878
0.0525808
0.0404351
0.0246015
0.00882528
0.00120857
0.387549
0.371916
0.352707
0.332189
0.311709
0.291998
0.273424
0.256138
0.240168
0.225477
0.212021
0.19974
0.188557
0.17838
0.169109
0.160648
0.152909
0.145809
0.139269
0.133217
0.127592
0.122338
0.117406
0.112752
0.108331
0.1041
0.100009
0.0960028
0.0920127
0.0879537
0.0837182
0.0791676
0.0741155
0.0682891
0.0612507
0.052263
0.0401839
0.0243799
0.00869407
0.00118329
0.361448
0.348408
0.332189
0.314525
0.296538
0.2789
0.261997
0.246027
0.231077
0.217189
0.204382
0.19264
0.181915
0.172135
0.163214
0.155066
0.147614
0.140776
0.134477
0.128654
0.12325
0.118218
0.113513
0.109098
0.104935
0.100984
0.0972001
0.0935263
0.089889
0.0861918
0.0823104
0.078088
0.0733234
0.0677356
0.0608832
0.0520242
0.0400096
0.0242222
0.00859705
0.00116407
0.336242
0.325382
0.31171
0.296538
0.280784
0.265042
0.249688
0.234944
0.220958
0.207841
0.195667
0.184465
0.174212
0.164852
0.15631
0.148512
0.141378
0.134831
0.128802
0.123235
0.118078
0.113293
0.108843
0.104697
0.100829
0.0972056
0.0937887
0.0905238
0.0873319
0.0841008
0.0806801
0.0768809
0.072479
0.0671817
0.0605454
0.0518267
0.0398739
0.0240911
0.00850973
0.00114567
0.312719
0.303602
0.291999
0.2789
0.265042
0.250934
0.236919
0.223238
0.210092
0.197644
0.186026
0.175314
0.165513
0.156573
0.148426
0.140994
0.134194
0.127953
0.122207
0.116904
0.112003
0.107469
0.103279
0.0994112
0.0958508
0.0925805
0.0895748
0.0867883
0.0841415
0.081504
0.0786844
0.0754369
0.0714986
0.0665611
0.0601808
0.0516183
0.0397255
0.0239388
0.00840274
0.00112204
0.291145
0.28339
0.273424
0.261997
0.249688
0.236919
0.224
0.211184
0.198693
0.186735
0.175515
0.165193
0.155792
0.147257
0.139506
0.132442
0.125979
0.120044
0.114577
0.109531
0.104872
0.100573
0.0966209
0.0930084
0.089737
0.0868114
0.0842313
0.0819762
0.0799804
0.0781003
0.0760853
0.0735793
0.0702532
0.0657764
0.0597104
0.0513289
0.0394982
0.0237071
0.00824242
0.0010867
0.271532
0.264828
0.256139
0.246027
0.234945
0.223239
0.211184
0.199008
0.186918
0.175151
0.16403
0.153931
0.144862
0.136712
0.129345
0.12264
0.116504
0.11086
0.105652
0.100835
0.0963809
0.092271
0.0885009
0.0850791
0.082028
0.0793829
0.0771863
0.0754716
0.0742255
0.073323
0.0724429
0.0709981
0.0685338
0.0646832
0.0590262
0.0508691
0.0391126
0.0233301
0.00799369
0.00103358
0.253774
0.247876
0.240168
0.231077
0.220958
0.210092
0.198693
0.186919
0.174891
0.162777
0.15106
0.140936
0.132134
0.124345
0.117348
0.110989
0.105158
0.0997754
0.0947826
0.0901386
0.085817
0.0818055
0.0781074
0.0747442
0.0717598
0.0692264
0.0672499
0.0659659
0.0655052
0.065882
0.0667668
0.0670633
0.0659769
0.0630685
0.0579894
0.050135
0.0384826
0.0227415
0.00762574
0.00095865
0.237711
0.232428
0.225477
0.217189
0.207841
0.197644
0.186735
0.175151
0.162778
0.14924
0.13419
0.123817
0.115295
0.107891
0.101269
0.095236
0.0896666
0.0844742
0.079597
0.0749918
0.0706307
0.0665015
0.0626102
0.0589856
0.0556848
0.05281
0.0505369
0.0491624
0.0491669
0.0511997
0.0555745
0.0600289
0.0618494
0.0606212
0.0564441
0.0490264
0.0375312
0.0218875
0.00711998
0.000861606
0.223173
0.218372
0.212021
0.204382
0.195668
0.186026
0.175515
0.16403
0.15106
0.13419
0.0052167
0.00390652
0.00439611
0.00464704
0.00472696
0.00469565
0.00458814
0.00442815
0.00423294
0.00401673
0.00379131
0.00356751
0.00335649
0.00317035
0.00302529
0.00294642
0.0029814
0.00324182
0.00407044
0.00685891
0.0526898
0.0566481
0.0586089
0.0580621
0.0545469
0.0475446
0.0362255
0.0207439
0.00647808
0.000746816
0.210017
0.205602
0.19974
0.19264
0.184465
0.175315
0.165193
0.153931
0.140936
0.123817
0.0039065
0.000266023
0.000182487
0.000207396
0.000221832
0.000226464
0.000224001
0.000216523
0.000205699
0.000192951
0.000179337
0.000166027
0.000153785
0.000143659
0.000136667
0.000134444
0.000140381
0.00016208
0.000221306
0.000380474
0.0496842
0.0538334
0.0557832
0.0555358
0.0524381
0.0457501
0.0345815
0.0193206
0.00572492
0.000622649
0.19811
0.194011
0.188558
0.181916
0.174213
0.165513
0.155792
0.144862
0.132134
0.115295
0.00439625
0.000182489
1.01832e-05
6.57701e-06
7.27238e-06
7.7347e-06
7.71154e-06
7.5544e-06
7.18456e-06
6.73859e-06
6.24238e-06
5.72688e-06
5.21406e-06
4.84431e-06
4.64974e-06
4.56874e-06
4.79981e-06
5.74768e-06
7.87828e-06
1.23978e-05
0.0467409
0.0511765
0.0531323
0.0530397
0.0501944
0.0437082
0.0326403
0.0176558
0.00490389
0.000499137
0.187322
0.183488
0.17838
0.172136
0.164853
0.156573
0.147257
0.136712
0.124345
0.107891
0.00464703
0.000207396
6.57699e-06
2.75249e-07
2.13535e-07
2.27869e-07
2.34041e-07
2.37607e-07
2.36162e-07
2.3241e-07
2.26715e-07
1.10513e-07
1.00254e-07
9.48282e-08
9.30921e-08
9.23984e-08
9.75359e-08
1.18124e-07
1.574e-07
3.3289e-07
0.0438598
0.0485764
0.050558
0.0505555
0.047853
0.0414686
0.0304483
0.0158057
0.00406749
0.000385293
0.177529
0.173919
0.16911
0.163215
0.156311
0.148426
0.139507
0.129345
0.117349
0.101269
0.00472695
0.000221832
7.27236e-06
2.13534e-07
5.7239e-09
3.29636e-09
3.57886e-09
3.84833e-09
4.04976e-09
4.20986e-09
4.3308e-09
1.34649e-09
1.22067e-09
1.18186e-09
1.18675e-09
1.19073e-09
1.25831e-09
1.51872e-09
1.95338e-09
5.6597e-09
0.041042
0.0460025
0.0480182
0.0480675
0.0454299
0.039064
0.028049
0.013838
0.00326719
0.000287253
0.168613
0.165196
0.160648
0.155067
0.148513
0.140994
0.132443
0.122641
0.110989
0.0952362
0.00469564
0.000226463
7.73468e-06
2.27868e-07
3.29634e-09
5.7359e-11
3.3716e-11
3.82958e-11
4.26257e-11
4.66557e-11
5.03414e-11
1.15618e-11
1.04664e-11
1.03672e-11
1.06155e-11
1.07441e-11
1.13349e-11
1.3559e-11
1.68907e-11
6.34038e-11
0.0382837
0.0434417
0.04549
0.0455616
0.0429285
0.0365133
0.025483
0.01183
0.00254485
0.000207698
0.160468
0.157221
0.152909
0.147615
0.141379
0.134194
0.12598
0.116504
0.105158
0.0896668
0.00458813
0.000224001
7.71151e-06
2.34041e-07
3.57884e-09
3.37156e-11
4.44037e-13
2.69946e-13
3.15418e-13
3.62048e-13
4.07662e-13
7.57022e-14
6.84216e-14
6.9117e-14
7.19746e-14
7.33114e-14
7.7166e-14
9.13685e-14
1.1095e-13
5.13694e-13
0.0355752
0.0408829
0.0429558
0.0430225
0.0403435
0.0338267
0.0227944
0.00986593
0.00192726
0.000146364
0.153001
0.149906
0.14581
0.140776
0.134831
0.127953
0.120044
0.110861
0.0997756
0.0844744
0.00442815
0.000216522
7.55438e-06
2.37607e-07
3.84831e-09
3.82956e-11
2.69946e-13
2.85765e-15
1.64156e-15
2.05116e-15
2.41947e-15
1.20656e-16
1.20656e-16
1.20656e-16
1.20656e-16
1.20656e-16
1.20656e-16
1.20656e-16
2.50838e-16
3.22279e-15
0.0329017
0.0383119
0.040397
0.0404315
0.0376642
0.0310109
0.0200405
0.00803074
0.00142487
0.000101088
0.146125
0.143169
0.13927
0.134477
0.128803
0.122207
0.114577
0.105652
0.0947828
0.0795972
0.00423293
0.000205698
7.18454e-06
2.36162e-07
4.04973e-09
4.26253e-11
3.15418e-13
1.64156e-15
0
0
0
0
0
0
0
0
0
0
0
0
0.0302436
0.0357098
0.0377914
0.0377669
0.0348776
0.0280776
0.0173008
0.00639687
0.00103419
6.88676e-05
0.139759
0.136931
0.133218
0.128654
0.123235
0.116904
0.109532
0.100836
0.0901388
0.074992
0.00401673
0.00019295
6.73857e-06
2.32409e-07
4.20983e-09
4.66552e-11
3.62048e-13
2.05116e-15
0
0
0
0
0
0
0
0
0
0
0
0
0.0275784
0.0330532
0.0351127
0.035005
0.0319731
0.0250531
0.0146773
0.00501007
0.000742271
4.66342e-05
0.133833
0.131126
0.127592
0.123251
0.118079
0.112003
0.104872
0.0963812
0.0858172
0.0706309
0.0037913
0.000179337
6.24237e-06
2.26714e-07
4.33078e-09
5.0341e-11
4.07637e-13
2.41947e-15
0
0
0
0
0
0
0
0
0
0
0
0
0.0248837
0.0303154
0.0323329
0.0321235
0.0289495
0.0219911
0.01225
0.00388268
0.000531547
3.16766e-05
0.128282
0.125694
0.122338
0.118218
0.113293
0.10747
0.100574
0.0922713
0.0818057
0.0665017
0.00356751
0.000166026
5.72687e-06
1.10512e-07
1.34648e-09
1.15616e-11
7.57022e-14
1.20656e-16
0
0
0
0
0
0
0
0
0
0
0
0
0.0221426
0.0274708
0.0294257
0.0291085
0.0258258
0.0189823
0.0100929
0.00299894
0.000383765
2.18217e-05
0.123049
0.120581
0.117407
0.113514
0.108843
0.103279
0.0966213
0.0885012
0.0781077
0.0626104
0.00335649
0.000153785
5.21405e-06
1.00254e-07
1.22066e-09
1.04662e-11
6.84216e-14
1.20656e-16
0
0
0
0
0
0
0
0
0
0
0
0
0.0193547
0.024503
0.0263761
0.0259645
0.0226538
0.0161535
0.00826383
0.00232669
0.000282623
1.54529e-05
0.118082
0.115737
0.112753
0.109099
0.104698
0.0994116
0.0930087
0.0850794
0.0747444
0.0589857
0.00317035
0.000143659
4.8443e-06
9.48278e-08
1.18185e-09
1.03671e-11
6.9117e-14
1.20656e-16
0
0
0
0
0
0
0
0
0
0
0
0
0.0165508
0.0214195
0.0231938
0.0227299
0.0195292
0.013642
0.00678087
0.00182911
0.00021505
1.14344e-05
0.113328
0.111115
0.108332
0.104936
0.100829
0.0958512
0.0897373
0.0820283
0.07176
0.0556849
0.00302529
0.000136667
4.64973e-06
9.30918e-08
1.18674e-09
1.06154e-11
7.19333e-14
1.20656e-16
0
0
0
0
0
0
0
0
0
0
0
0
0.0138075
0.0182713
0.0199338
0.0194921
0.0165887
0.0115033
0.0056216
0.00147214
0.000171411
9.00602e-06
0.108737
0.106666
0.1041
0.100985
0.097206
0.0925809
0.0868117
0.0793832
0.0692266
0.0528101
0.00294642
0.000134444
4.56873e-06
9.23982e-08
1.19073e-09
1.0744e-11
7.33114e-14
1.20656e-16
0
0
0
0
0
0
0
0
0
0
0
0
0.0112457
0.0151693
0.0167113
0.0163904
0.0139801
0.00972974
0.00473987
0.00122682
0.000145057
7.68841e-06
0.104258
0.10234
0.10001
0.0972005
0.0937891
0.0895751
0.0842317
0.0771866
0.0672501
0.0505371
0.0029814
0.000140381
4.7998e-06
9.75357e-08
1.2583e-09
1.13348e-11
7.7166e-14
1.20656e-16
0
0
0
0
0
0
0
0
0
0
0
0
0.0089452
0.0122675
0.0136903
0.0135855
0.0117601
0.00828783
0.004082
0.00106879
0.000131651
7.21246e-06
0.099834
0.0980817
0.0960032
0.0935267
0.0905242
0.0867887
0.0819766
0.0754719
0.0659661
0.0491625
0.00324182
0.00016208
5.74768e-06
1.18124e-07
1.51871e-09
1.35589e-11
9.13685e-14
1.20656e-16
0
0
0
0
0
0
0
0
0
0
0
0
0.00690354
0.00961664
0.0109672
0.0111241
0.00986002
0.00711571
0.00359466
0.00097708
0.00012846
7.4649e-06
0.0954017
0.0938267
0.0920131
0.0898893
0.0873322
0.0841419
0.0799807
0.0742258
0.0655054
0.0491671
0.00407045
0.000221306
7.87827e-06
1.574e-07
1.95338e-09
1.68907e-11
1.1095e-13
2.50838e-16
0
0
0
0
0
0
0
0
0
0
0
0
0.00508859
0.00718722
0.00848854
0.00892193
0.00819379
0.00613173
0.00322393
0.000932011
0.000133509
8.42415e-06
0.0908863
0.0894969
0.0879541
0.0861921
0.0841012
0.0815044
0.0781006
0.0733232
0.0658822
0.0511998
0.00685907
0.000380481
1.23979e-05
3.32891e-07
5.6597e-09
6.34038e-11
5.13694e-13
3.22279e-15
0
0
0
0
0
0
0
0
0
0
0
0
0.00340553
0.00491749
0.00617859
0.0068812
0.00665776
0.00523869
0.00290803
0.000910688
0.000144145
1.00373e-05
0.086195
0.0849945
0.0837186
0.0823108
0.0806804
0.0786847
0.0760855
0.0724431
0.066767
0.0555746
0.0526899
0.0496843
0.046741
0.0438599
0.041042
0.0382837
0.0355753
0.0329017
0.0302436
0.0275785
0.0248838
0.0221427
0.0193547
0.0165507
0.0138075
0.0112457
0.00894522
0.00690356
0.0050886
0.00340554
0.00238402
0.00296983
0.00404546
0.00493382
0.00515102
0.00433216
0.00257127
0.000880132
0.000154436
1.22141e-05
0.0812063
0.0801918
0.0791679
0.0780882
0.0768812
0.0754372
0.0735796
0.0709983
0.0670635
0.0600291
0.0566483
0.0538335
0.0511766
0.0485765
0.0460026
0.0434418
0.040883
0.0383119
0.0357099
0.0330533
0.0303155
0.0274709
0.0245031
0.0214196
0.0182713
0.0151693
0.0122675
0.00961667
0.00718724
0.00491749
0.00296982
0.00225667
0.00256369
0.00324742
0.00367916
0.00334615
0.00213608
0.000794462
0.000160036
1.49032e-05
0.0757493
0.0749118
0.0741157
0.0733236
0.0724792
0.0714988
0.0702534
0.068534
0.0659771
0.0618496
0.058609
0.0557833
0.0531324
0.0505581
0.0480183
0.0454901
0.0429559
0.0403971
0.0377914
0.0351128
0.0323329
0.0294258
0.0263761
0.0231939
0.0199339
0.0167114
0.0136903
0.0109673
0.00848858
0.0061786
0.00404545
0.00256368
0.00198998
0.00210448
0.00240344
0.00232028
0.00156797
0.000657018
0.000158371
1.77448e-05
0.0695636
0.0688882
0.0682893
0.0677358
0.0671819
0.0665613
0.0657766
0.0646833
0.0630686
0.0606214
0.0580622
0.0555359
0.0530398
0.0505556
0.0480676
0.0455617
0.0430226
0.0404316
0.037767
0.035005
0.0321236
0.0291086
0.0259645
0.0227299
0.0194921
0.0163905
0.0135856
0.0111242
0.00892196
0.00688121
0.00493381
0.0032474
0.00210447
0.00159889
0.00151069
0.00144879
0.00106603
0.000514626
0.000149198
2.04219e-05
0.0622221
0.0616881
0.0612509
0.0608834
0.0605455
0.060181
0.0597106
0.0590264
0.0579896
0.0564443
0.054547
0.0524382
0.0501945
0.047853
0.04543
0.0429285
0.0403435
0.0376643
0.0348777
0.0319731
0.0289496
0.0258258
0.0226538
0.0195293
0.0165887
0.0139801
0.0117601
0.00986004
0.0081938
0.00665776
0.00515101
0.00367914
0.00240343
0.00151068
0.001086
0.000911763
0.000694904
0.000383927
0.000134106
2.26888e-05
0.0530038
0.052581
0.0522632
0.0520244
0.0518268
0.0516184
0.051329
0.0508693
0.0501351
0.0490265
0.0475447
0.0457502
0.0437083
0.0414687
0.0390641
0.0365134
0.0338267
0.0310109
0.0280777
0.0250532
0.0219912
0.0189824
0.0161536
0.0136421
0.0115034
0.00972977
0.00828786
0.00711573
0.00613174
0.00523869
0.00433216
0.00334614
0.00232028
0.00144878
0.000911763
0.000639745
0.000464046
0.000280744
0.000116402
2.44458e-05
0.0407901
0.0404352
0.040184
0.0400097
0.039874
0.0397256
0.0394983
0.0391128
0.0384827
0.0375313
0.0362256
0.0345816
0.0326404
0.0304484
0.028049
0.025483
0.0227944
0.0200405
0.0173008
0.0146773
0.01225
0.010093
0.0082639
0.00678092
0.00562164
0.0047399
0.00408201
0.00359467
0.00322395
0.00290804
0.00257128
0.00213608
0.00156798
0.00106603
0.000694906
0.000464047
0.000321399
0.0002048
9.83423e-05
2.55692e-05
0.024915
0.0246016
0.02438
0.0242223
0.0240912
0.0239388
0.0237071
0.0233301
0.0227415
0.0218875
0.0207439
0.0193207
0.0176558
0.0158057
0.013838
0.01183
0.00986593
0.00803073
0.00639686
0.00501007
0.00388268
0.00299895
0.0023267
0.00182911
0.00147214
0.00122682
0.00106879
0.000977084
0.000932016
0.000910694
0.000880139
0.000794469
0.000657024
0.00051463
0.000383929
0.000280746
0.000204801
0.000140904
7.81906e-05
2.52692e-05
0.00901123
0.00882531
0.00869411
0.00859703
0.00850971
0.00840274
0.00824242
0.00799369
0.00762574
0.00711998
0.00647808
0.00572493
0.0049039
0.00406749
0.00326719
0.00254485
0.00192726
0.00142487
0.00103419
0.000742269
0.000531547
0.000383766
0.000282623
0.000215051
0.000171411
0.000145057
0.000131651
0.000128461
0.00013351
0.000144146
0.000154437
0.000160039
0.000158373
0.0001492
0.000134108
0.000116403
9.8343e-05
7.81909e-05
5.20007e-05
2.14623e-05
0.00124431
0.00120857
0.0011833
0.00116406
0.00114566
0.00112204
0.0010867
0.00103358
0.000958651
0.000861607
0.000746817
0.00062265
0.000499138
0.000385293
0.000287253
0.000207698
0.000146364
0.000101087
6.88673e-05
4.6634e-05
3.16765e-05
2.18216e-05
1.54529e-05
1.14344e-05
9.00601e-06
7.6884e-06
7.21247e-06
7.46492e-06
8.4242e-06
1.00374e-05
1.22142e-05
1.49035e-05
1.7745e-05
2.04222e-05
2.26891e-05
2.44461e-05
2.55694e-05
2.52694e-05
2.14624e-05
1.19745e-05
0.521366
0.497854
0.465185
0.429666
0.395439
0.364185
0.336287
0.311609
0.289839
0.270625
0.253628
0.238527
0.225043
0.212954
0.202071
0.192232
0.183293
0.175124
0.167622
0.160697
0.154267
0.148261
0.142613
0.137266
0.132163
0.12725
0.122472
0.117771
0.113083
0.108334
0.103438
0.0982892
0.0927518
0.0866489
0.0797413
0.0716782
0.0617574
0.0479182
0.026402
0.00546411
0.497859
0.474489
0.44429
0.412194
0.381158
0.352488
0.326578
0.303406
0.282772
0.264422
0.248082
0.233485
0.2204
0.208636
0.198025
0.188418
0.179679
0.171688
0.164349
0.157574
0.151288
0.145422
0.139916
0.134714
0.129765
0.125017
0.120417
0.115907
0.111422
0.106883
0.1022
0.0972587
0.091917
0.0859917
0.0792389
0.0713055
0.0614927
0.0477379
0.0262605
0.00540549
0.465188
0.44429
0.418154
0.390401
0.363201
0.337634
0.314137
0.29281
0.273582
0.256304
0.240783
0.226824
0.214253
0.202918
0.192672
0.183382
0.174918
0.167177
0.160068
0.15351
0.147432
0.141772
0.136476
0.131493
0.126775
0.122275
0.11794
0.113713
0.109521
0.105282
0.10089
0.096222
0.0911245
0.0854072
0.0788228
0.0710192
0.0613061
0.0476274
0.0261801
0.00537067
0.429668
0.412193
0.390402
0.366953
0.343525
0.321057
0.300019
0.280605
0.262853
0.246709
0.232064
0.218803
0.206812
0.19597
0.186152
0.177235
0.169103
0.161666
0.154838
0.148546
0.142725
0.137322
0.132288
0.127579
0.123154
0.11897
0.114979
0.111118
0.107314
0.103466
0.0994555
0.095136
0.09034
0.084868
0.07847
0.0707987
0.0611777
0.0475646
0.0261359
0.00534821
0.395439
0.381159
0.363202
0.343525
0.32345
0.303795
0.285033
0.267417
0.251061
0.235991
0.222192
0.209629
0.198236
0.187917
0.178561
0.170051
0.16229
0.155193
0.14868
0.142686
0.137154
0.132038
0.127298
0.1229
0.118812
0.114997
0.111414
0.108003
0.104681
0.101333
0.0978101
0.0939337
0.0895115
0.0843323
0.0781455
0.0706129
0.0610783
0.0475189
0.0260961
0.00532383
0.364186
0.352489
0.337635
0.321057
0.303795
0.286546
0.269759
0.25371
0.23856
0.224413
0.211357
0.199436
0.188619
0.178822
0.169934
0.161853
0.154485
0.147746
0.141566
0.135885
0.130655
0.125839
0.121406
0.117332
0.1136
0.110186
0.10706
0.104171
0.101435
0.0987151
0.0958201
0.0925129
0.0885617
0.0837397
0.077799
0.0704178
0.0609681
0.0474513
0.0260209
0.00528028
0.336287
0.326579
0.314138
0.300019
0.285033
0.26976
0.254597
0.239811
0.225596
0.212143
0.199647
0.188253
0.177954
0.168652
0.16023
0.152584
0.145616
0.139243
0.133399
0.128032
0.123099
0.118573
0.114434
0.110673
0.107285
0.104271
0.101623
0.0993134
0.0972683
0.0953377
0.0932683
0.0907125
0.0873727
0.0830013
0.07736
0.0701544
0.060796
0.0473141
0.0258643
0.00519828
0.311609
0.303406
0.292811
0.280606
0.267417
0.25371
0.239811
0.225953
0.212348
0.19924
0.186971
0.17592
0.166052
0.157212
0.149254
0.142044
0.135476
0.129467
0.123953
0.118885
0.11423
0.109965
0.106082
0.102585
0.0994907
0.0968261
0.0946237
0.0929048
0.0916438
0.0907066
0.0897703
0.088261
0.0857606
0.0819892
0.0767332
0.0697478
0.0605014
0.047054
0.0255767
0.00505854
0.289839
0.282773
0.273583
0.262853
0.251062
0.23856
0.225596
0.212348
0.198953
0.185598
0.172799
0.161816
0.152303
0.143924
0.136437
0.129672
0.12351
0.117863
0.112666
0.107874
0.103457
0.0993997
0.095701
0.0923765
0.0894615
0.0870148
0.0851234
0.0838983
0.0834433
0.0837526
0.0845002
0.0846333
0.0834207
0.0805222
0.0758001
0.0691133
0.0600206
0.0466174
0.0251101
0.00484512
0.270626
0.264423
0.256304
0.246708
0.235991
0.224413
0.212143
0.199241
0.185598
0.170829
0.154589
0.143476
0.134402
0.12658
0.119642
0.113378
0.107653
0.102374
0.0974775
0.0929173
0.0886651
0.0847072
0.0810456
0.0777009
0.0747186
0.0721806
0.070226
0.0690894
0.0691567
0.0709622
0.0747653
0.0785108
0.0798099
0.0783659
0.0744389
0.0681746
0.059301
0.0459601
0.0244263
0.00454945
0.253629
0.248083
0.240784
0.232064
0.222192
0.211358
0.199648
0.186972
0.172799
0.154589
0.00676418
0.00529793
0.00611321
0.00662675
0.00691411
0.00705199
0.00708482
0.00704204
0.0069456
0.00681373
0.00666239
0.00650737
0.00636568
0.00625848
0.00621444
0.00628119
0.00655011
0.00724411
0.00907797
0.0150088
0.0716829
0.0754063
0.0769256
0.0761056
0.072781
0.0669422
0.0583287
0.0450597
0.0235036
0.00417373
0.238527
0.233486
0.226824
0.218803
0.209629
0.199436
0.188254
0.17592
0.161816
0.143476
0.00529792
0.000431446
0.000308062
0.000362592
0.000402754
0.000427793
0.000441165
0.000445598
0.000443433
0.00043667
0.000427316
0.000416988
0.000407864
0.000401921
0.000402461
0.000414376
0.000447344
0.00052386
0.000707694
0.00118898
0.0683513
0.0727829
0.0743944
0.0738724
0.0709528
0.0654789
0.0571313
0.0439233
0.0223406
0.00373176
0.225044
0.220401
0.214254
0.206812
0.198236
0.188619
0.177955
0.166052
0.152303
0.134403
0.0061132
0.000308061
2.00613e-05
1.35348e-05
1.57603e-05
1.75282e-05
1.86292e-05
1.91915e-05
1.93569e-05
1.91606e-05
1.88656e-05
1.84052e-05
1.79481e-05
1.7664e-05
1.77662e-05
1.84073e-05
2.01988e-05
2.39765e-05
3.23938e-05
4.9369e-05
0.0652369
0.0703364
0.0720299
0.0716756
0.0690302
0.063854
0.0557569
0.0425765
0.0209515
0.00324644
0.212954
0.208636
0.202918
0.195971
0.187918
0.178822
0.168653
0.157213
0.143924
0.12658
0.00662675
0.000362591
1.35347e-05
7.94868e-07
4.57795e-07
6.09943e-07
6.48555e-07
6.75755e-07
6.94703e-07
7.0485e-07
6.02699e-07
6.02352e-07
6.02204e-07
6.04621e-07
6.15006e-07
6.36009e-07
6.82404e-07
7.6767e-07
1.04549e-06
1.42873e-06
0.0623
0.0679847
0.0697556
0.0695086
0.067057
0.0621254
0.0542568
0.0410506
0.0193604
0.00274535
0.202071
0.198025
0.192673
0.186153
0.178561
0.169935
0.160231
0.149254
0.136437
0.119642
0.0069141
0.000402753
1.57603e-05
4.57793e-07
1.20323e-08
9.24679e-09
1.03077e-08
1.12719e-08
1.21287e-08
1.28585e-08
1.05737e-08
1.09561e-08
1.13378e-08
1.17174e-08
1.21592e-08
1.26709e-08
1.34143e-08
1.44492e-08
1.94818e-08
2.44702e-08
0.0595153
0.0656997
0.0675386
0.0673662
0.0650603
0.060339
0.052677
0.0393739
0.0175968
0.00225599
0.192232
0.188418
0.183382
0.177235
0.170051
0.161853
0.152585
0.142044
0.129673
0.113378
0.00705198
0.000427793
1.75281e-05
6.09941e-07
9.24672e-09
1.64497e-10
9.86009e-11
1.13391e-10
1.28287e-10
1.42425e-10
1.17191e-10
1.25946e-10
1.34736e-10
1.43117e-10
1.51381e-10
1.59073e-10
1.66932e-10
1.74137e-10
2.30861e-10
2.7283e-10
0.0568666
0.0634683
0.0653632
0.0652461
0.0630593
0.0585311
0.0510543
0.0375671
0.0156963
0.00180197
0.183293
0.17968
0.174919
0.169104
0.162291
0.154485
0.145616
0.135476
0.12351
0.107653
0.00708481
0.000441164
1.86291e-05
6.48553e-07
1.03076e-08
9.85999e-11
1.3076e-12
8.02389e-13
9.49656e-13
1.10223e-12
9.21026e-13
1.02434e-12
1.12933e-12
1.22893e-12
1.32174e-12
1.39896e-12
1.45875e-12
1.48606e-12
1.9394e-12
2.19602e-12
0.0543389
0.0612819
0.0632207
0.063148
0.0610701
0.0567319
0.049414
0.0356413
0.0137053
0.00140055
0.175124
0.171688
0.167177
0.161666
0.155193
0.147747
0.139244
0.129468
0.117863
0.102375
0.00704204
0.000445597
1.91915e-05
6.75753e-07
1.12719e-08
1.1339e-10
8.02389e-13
8.81743e-15
5.50256e-15
6.61387e-15
5.65497e-15
6.52179e-15
7.3251e-15
8.16017e-15
8.91903e-15
9.52549e-15
9.88428e-15
9.86841e-15
1.2707e-14
1.39929e-14
0.051919
0.0591338
0.0611065
0.0610747
0.0591082
0.0549677
0.0477667
0.0335979
0.011687
0.00106161
0.167623
0.164349
0.160068
0.154839
0.14868
0.141567
0.1334
0.123953
0.112666
0.0974778
0.0069456
0.000443432
1.93568e-05
6.94701e-07
1.21286e-08
1.28286e-10
9.49647e-13
5.50256e-15
0
0
0
0
0
0
0
0
0
0
0
0
0.0495955
0.0570186
0.0590192
0.0590321
0.0571905
0.0532622
0.0461004
0.0314302
0.0097227
0.000787952
0.160698
0.157575
0.15351
0.148546
0.142686
0.135886
0.128032
0.118886
0.107874
0.0929176
0.00681373
0.000436669
1.91606e-05
7.04849e-07
1.28584e-08
1.42424e-10
1.10223e-12
6.61387e-15
0
0
0
0
0
0
0
0
0
0
0
0
0.0473614
0.0549341
0.0569619
0.0570309
0.0553371
0.051635
0.0443755
0.0291299
0.00790303
0.000576406
0.154268
0.151289
0.147432
0.142726
0.137154
0.130656
0.1231
0.11423
0.103457
0.0886654
0.00666239
0.000427316
1.88655e-05
6.02697e-07
1.05736e-08
1.1719e-10
9.21026e-13
5.65497e-15
0
0
0
0
0
0
0
0
0
0
0
0
0.0452139
0.0528822
0.054943
0.0550871
0.0535714
0.0500974
0.0425919
0.0266974
0.00630815
0.000419468
0.148261
0.145423
0.141773
0.137323
0.132038
0.125839
0.118574
0.109965
0.0994
0.0847075
0.00650737
0.000416988
1.84052e-05
6.0235e-07
1.0956e-08
1.25945e-10
1.02434e-12
6.52179e-15
0
0
0
0
0
0
0
0
0
0
0
0
0.0431557
0.0508698
0.0529769
0.0532228
0.0519169
0.0486436
0.0407601
0.0241567
0.00498734
0.000307336
0.142614
0.139916
0.136477
0.132288
0.127299
0.121406
0.114435
0.106082
0.0957014
0.0810459
0.00636568
0.000407864
1.79481e-05
6.02203e-07
1.13378e-08
1.34736e-10
1.12933e-12
7.3251e-15
0
0
0
0
0
0
0
0
0
0
0
0
0.0411912
0.0489063
0.0510825
0.0514621
0.0503898
0.0472346
0.0388841
0.0215717
0.00395076
0.000229943
0.137266
0.134715
0.131494
0.127579
0.122901
0.117333
0.110673
0.102586
0.0923769
0.0777012
0.00625848
0.00040192
1.7664e-05
6.0462e-07
1.17174e-08
1.43116e-10
1.22893e-12
8.16017e-15
0
0
0
0
0
0
0
0
0
0
0
0
0.0393172
0.0469955
0.0492747
0.0498217
0.048983
0.0457788
0.0369724
0.0190553
0.00317773
0.000178494
0.132163
0.129766
0.126776
0.123155
0.118812
0.1136
0.107286
0.0994912
0.0894618
0.0747188
0.00621444
0.000402461
1.77661e-05
6.15005e-07
1.21592e-08
1.5138e-10
1.32174e-12
8.91903e-15
0
0
0
0
0
0
0
0
0
0
0
0
0.037501
0.0451144
0.047545
0.0482891
0.0476436
0.0442474
0.0350519
0.0167592
0.00263312
0.000146248
0.12725
0.125018
0.122276
0.118971
0.114998
0.110186
0.104272
0.0968265
0.0870151
0.0721807
0.00628119
0.000414376
1.84072e-05
6.36008e-07
1.26708e-08
1.59072e-10
1.39896e-12
9.52549e-15
0
0
0
0
0
0
0
0
0
0
0
0
0.0356425
0.0431733
0.0458203
0.0467835
0.0462321
0.0426644
0.0331726
0.0148384
0.00228139
0.00012867
0.122472
0.120418
0.117941
0.114979
0.111415
0.10706
0.101624
0.0946241
0.0851237
0.0702261
0.00655011
0.000447343
2.01988e-05
6.82404e-07
1.34143e-08
1.66931e-10
1.45875e-12
9.88428e-15
0
0
0
0
0
0
0
0
0
0
0
0
0.0336115
0.0409567
0.0438961
0.0450936
0.0446146
0.0410393
0.0314054
0.0134054
0.00209429
0.000123317
0.117771
0.115908
0.113713
0.111119
0.108003
0.104172
0.0993138
0.0929052
0.0838986
0.0690895
0.00724411
0.000523859
2.39765e-05
7.67669e-07
1.44492e-08
1.74136e-10
1.48606e-12
9.86841e-15
0
0
0
0
0
0
0
0
0
0
0
0
0.0312885
0.0382296
0.0414778
0.042997
0.042751
0.0393675
0.0298264
0.0125037
0.0020539
0.000129708
0.113083
0.111422
0.109522
0.107314
0.104681
0.101435
0.0972687
0.0916442
0.0834436
0.0691568
0.00907797
0.000707693
3.23937e-05
1.04549e-06
1.94818e-08
2.3086e-10
1.93936e-12
1.2707e-14
0
0
0
0
0
0
0
0
0
0
0
0
0.0283944
0.0346764
0.0382946
0.0403126
0.0405316
0.0376013
0.0284807
0.0121093
0.00215217
0.000149259
0.108334
0.106884
0.105282
0.103467
0.101333
0.0987155
0.0953381
0.090707
0.083753
0.0709623
0.0150088
0.00118898
4.9369e-05
1.42873e-06
2.44702e-08
2.7283e-10
2.19594e-12
1.39929e-14
0
0
0
0
0
0
0
0
0
0
0
0
0.0241703
0.0295838
0.0337803
0.0366434
0.037696
0.0355892
0.0273224
0.0121363
0.00238514
0.000184935
0.103439
0.102201
0.100891
0.0994559
0.0978105
0.0958205
0.0932687
0.0897707
0.0845005
0.0747655
0.0716831
0.0683514
0.065237
0.0623
0.0595153
0.0568666
0.0543389
0.0519189
0.0495955
0.0473614
0.0452139
0.0431557
0.0411912
0.0393172
0.037501
0.0356425
0.0336115
0.0312884
0.0283944
0.0241703
0.0205941
0.0230349
0.0274007
0.0313881
0.03376
0.0330068
0.026165
0.0124233
0.00273597
0.000241165
0.0982896
0.0972593
0.0962225
0.0951364
0.0939342
0.0925134
0.0907129
0.0882614
0.0846336
0.078511
0.0754065
0.0727831
0.0703365
0.0679848
0.0656998
0.0634684
0.061282
0.0591339
0.0570187
0.0549342
0.0528823
0.0508699
0.0489064
0.0469955
0.0451144
0.0431734
0.0409567
0.0382296
0.0346764
0.0295837
0.0230348
0.0202411
0.0217057
0.0252412
0.0285794
0.0294686
0.0246543
0.0127959
0.00319168
0.000323448
0.0927521
0.0919175
0.0911249
0.0903404
0.089512
0.0885621
0.0873731
0.0857609
0.083421
0.0798102
0.0769258
0.0743946
0.07203
0.0697557
0.0675388
0.0653634
0.0632208
0.0611066
0.0590193
0.056962
0.054943
0.0529769
0.0510825
0.0492747
0.047545
0.0458203
0.0438961
0.0414778
0.0382946
0.0337802
0.0274006
0.0217057
0.0192664
0.0202547
0.0230191
0.0249716
0.0223922
0.0128539
0.00367041
0.000431979
0.0866491
0.0859922
0.0854077
0.0848684
0.0843328
0.0837401
0.0830017
0.0819895
0.0805224
0.0783661
0.0761058
0.0738725
0.0716757
0.0695087
0.0673664
0.0652462
0.0631481
0.0610748
0.0590322
0.0570309
0.0550872
0.0532228
0.0514621
0.0498217
0.0482891
0.0467835
0.0450936
0.042997
0.0403126
0.0366434
0.031388
0.0252411
0.0202546
0.0180452
0.0186296
0.0201831
0.0191248
0.0121742
0.00401655
0.000556107
0.0797416
0.0792393
0.0788232
0.0784704
0.0781459
0.0777994
0.0773603
0.0767335
0.0758002
0.074439
0.072781
0.0709528
0.0690303
0.067057
0.0650603
0.0630594
0.0610702
0.0591082
0.0571905
0.0553372
0.0535714
0.0519169
0.0503898
0.048983
0.0476436
0.0462321
0.0446146
0.042751
0.0405316
0.037696
0.03376
0.0285794
0.0230191
0.0186296
0.0164677
0.0162223
0.0154151
0.010673
0.00407082
0.000672644
0.0716784
0.0713058
0.0710195
0.070799
0.0706132
0.0704181
0.0701546
0.069748
0.0691134
0.0681747
0.0669422
0.0654789
0.063854
0.0621254
0.060339
0.0585311
0.0567319
0.0549678
0.0532623
0.051635
0.0500975
0.0486437
0.0472346
0.0457789
0.0442474
0.0426644
0.0410393
0.0393675
0.0376013
0.0355892
0.0330068
0.0294686
0.0249716
0.0201831
0.0162223
0.0138553
0.0121689
0.00871303
0.00378319
0.000753429
0.0617577
0.0614928
0.0613063
0.0611779
0.0610785
0.0609682
0.0607961
0.0605014
0.0600206
0.059301
0.0583287
0.0571314
0.0557569
0.0542568
0.0526771
0.0510543
0.049414
0.0477667
0.0461005
0.0443756
0.0425919
0.0407602
0.0388841
0.0369725
0.0350519
0.0331727
0.0314055
0.0298264
0.0284807
0.0273224
0.0261651
0.0246543
0.0223923
0.0191249
0.0154151
0.012169
0.00962825
0.00674454
0.00322941
0.000773912
0.0479183
0.047738
0.0476275
0.0475647
0.0475191
0.0474514
0.0473142
0.047054
0.0466174
0.0459602
0.0450598
0.0439233
0.0425766
0.0410507
0.039374
0.0375672
0.0356414
0.033598
0.0314303
0.02913
0.0266975
0.0241568
0.0215718
0.0190553
0.0167593
0.0148384
0.0134054
0.0125038
0.0121094
0.0121363
0.0124233
0.012796
0.012854
0.0121743
0.0106731
0.00871311
0.00674459
0.00469172
0.002447
0.000704301
0.0264021
0.0262606
0.0261802
0.0261361
0.0260961
0.0260209
0.0258643
0.0255767
0.0251102
0.0244264
0.0235037
0.0223406
0.0209516
0.0193605
0.0175969
0.0156963
0.0137053
0.011687
0.00972271
0.00790305
0.00630818
0.00498738
0.00395079
0.00317775
0.00263314
0.00228139
0.0020943
0.00205391
0.00215218
0.00238515
0.00273599
0.00319172
0.00367046
0.00401662
0.0040709
0.00378326
0.00322946
0.00244703
0.00145298
0.000514261
0.00546413
0.00540551
0.00537068
0.00534823
0.00532384
0.00528029
0.00519828
0.00505854
0.00484513
0.00454946
0.00417374
0.00373176
0.00324644
0.00274535
0.00225599
0.00180197
0.00140055
0.0010616
0.00078795
0.000576406
0.000419469
0.000307338
0.000229944
0.000178495
0.000146249
0.000128671
0.000123317
0.000129709
0.00014926
0.000184937
0.000241169
0.000323454
0.000431989
0.000556121
0.000672662
0.000753449
0.00077393
0.000704313
0.000514266
0.000236506
0.558358
0.547019
0.519118
0.479915
0.43915
0.401583
0.368426
0.339571
0.314532
0.292767
0.273776
0.257118
0.242413
0.229337
0.217636
0.207106
0.197577
0.188904
0.180961
0.173647
0.166873
0.160559
0.154636
0.149042
0.143717
0.138605
0.133649
0.128789
0.123962
0.119096
0.114108
0.108902
0.103356
0.0973119
0.0905383
0.0826121
0.07256
0.0580341
0.0352203
0.00887174
0.547025
0.528403
0.4969
0.459418
0.4221
0.387732
0.357097
0.33014
0.306518
0.285815
0.267628
0.251587
0.237359
0.224662
0.213274
0.203008
0.193709
0.185238
0.177479
0.170336
0.163725
0.157571
0.151809
0.14638
0.141229
0.136301
0.131542
0.126891
0.122284
0.117644
0.112882
0.107895
0.102554
0.0966958
0.090085
0.0822978
0.0723598
0.0579142
0.0351308
0.00882033
0.519125
0.496901
0.466564
0.43329
0.400594
0.370173
0.342623
0.318003
0.296136
0.276759
0.259584
0.244323
0.230706
0.218506
0.207535
0.19763
0.188646
0.180457
0.172957
0.166059
0.159683
0.153761
0.148234
0.143048
0.138152
0.133495
0.129023
0.124674
0.120379
0.116053
0.111596
0.106891
0.1018
0.0961554
0.0897187
0.0820696
0.072238
0.0578633
0.0350991
0.00879739
0.479919
0.459417
0.43329
0.40511
0.37718
0.350732
0.32632
0.304117
0.284095
0.266127
0.250038
0.235623
0.222687
0.211056
0.200574
0.191095
0.182489
0.174641
0.167459
0.160859
0.154772
0.149137
0.143901
0.139018
0.134443
0.130128
0.126023
0.122065
0.118175
0.114258
0.110193
0.105844
0.10106
0.0956622
0.0894153
0.0819059
0.0721738
0.0578587
0.035101
0.00878851
0.439149
0.422099
0.400594
0.37718
0.353548
0.3307
0.309179
0.289239
0.270967
0.254348
0.239304
0.225723
0.213484
0.202455
0.1925
0.18349
0.175301
0.167836
0.161009
0.154745
0.148982
0.143669
0.138761
0.134221
0.130013
0.126096
0.122427
0.118941
0.115555
0.112153
0.108588
0.104689
0.10028
0.0951748
0.0891403
0.0817759
0.0721373
0.0578692
0.035104
0.00877556
0.401582
0.387731
0.370173
0.350732
0.3307
0.310915
0.291892
0.273927
0.257182
0.241731
0.227598
0.214777
0.203207
0.19278
0.183367
0.174842
0.167097
0.160038
0.153587
0.147677
0.142255
0.137279
0.132714
0.128533
0.124713
0.121229
0.118045
0.115109
0.11233
0.109573
0.106647
0.103322
0.0993835
0.0946328
0.0888439
0.0816362
0.0720881
0.0578538
0.0350677
0.00873664
0.368425
0.357098
0.342624
0.326321
0.309179
0.291893
0.274922
0.258568
0.243029
0.228457
0.215014
0.202825
0.191863
0.182014
0.173138
0.165108
0.157817
0.151175
0.145106
0.139553
0.13447
0.129824
0.125591
0.121758
0.118318
0.115265
0.11259
0.110259
0.108195
0.106244
0.104153
0.101583
0.0982534
0.0939486
0.0884569
0.0814288
0.0719745
0.0577629
0.0349447
0.00864716
0.339572
0.330142
0.318004
0.304118
0.28924
0.273928
0.258568
0.243422
0.228686
0.214588
0.201468
0.189713
0.179274
0.16997
0.161625
0.154095
0.147263
0.141037
0.135348
0.130142
0.125379
0.121035
0.117097
0.113565
0.110453
0.107783
0.105584
0.103871
0.102613
0.101672
0.100723
0.0992007
0.0967061
0.092995
0.0878858
0.0810807
0.0717355
0.0575406
0.0346842
0.00848217
0.314532
0.30652
0.296138
0.284096
0.270968
0.257182
0.243029
0.228686
0.214283
0.200011
0.186414
0.174815
0.164827
0.156063
0.148264
0.141247
0.134883
0.129075
0.123756
0.118874
0.114396
0.110303
0.106591
0.103271
0.100376
0.0979592
0.0961024
0.0949106
0.0944806
0.0947998
0.0955383
0.0956542
0.0944392
0.0915929
0.0870146
0.0805093
0.0713067
0.057131
0.0342376
0.00822009
0.292768
0.285817
0.276761
0.266129
0.254349
0.241731
0.228457
0.214588
0.200011
0.184334
0.167231
0.155603
0.146154
0.138038
0.130871
0.124431
0.118574
0.113202
0.108247
0.103662
0.0994156
0.0954908
0.0918869
0.0886205
0.0857312
0.0832928
0.081434
0.0803762
0.08049
0.0822935
0.0860332
0.0896925
0.0909382
0.0895194
0.0857274
0.0796417
0.0706345
0.056489
0.033567
0.00784734
0.273776
0.26763
0.259585
0.250039
0.239305
0.227598
0.215015
0.201468
0.186414
0.16723
0.00739492
0.00590939
0.00688843
0.00753696
0.00793447
0.00816599
0.00828099
0.00831139
0.00828122
0.0082103
0.00811616
0.0080168
0.00793193
0.00788571
0.00791359
0.00807302
0.00847802
0.00941239
0.0118219
0.0196536
0.0827504
0.0866043
0.0881239
0.0873405
0.0841542
0.0784895
0.069703
0.0555933
0.0326529
0.00736235
0.257119
0.251589
0.244324
0.235624
0.225724
0.214778
0.202826
0.189713
0.174815
0.155603
0.00590937
0.000516382
0.000375104
0.000447179
0.000503519
0.000542158
0.000567038
0.000581265
0.000587462
0.000588029
0.000585053
0.000580835
0.000577725
0.000578944
0.000588706
0.000614227
0.000669332
0.000786759
0.00106241
0.00179504
0.0790772
0.0839657
0.0856488
0.0851896
0.0824215
0.0771151
0.0685362
0.0544516
0.0314977
0.00677684
0.242414
0.237361
0.230707
0.222688
0.213485
0.203208
0.191864
0.179274
0.164827
0.146154
0.00688842
0.000375103
2.61575e-05
1.80044e-05
2.1298e-05
2.40376e-05
2.60859e-05
2.73511e-05
2.80826e-05
2.84336e-05
2.85588e-05
2.85175e-05
2.84856e-05
2.86734e-05
2.9327e-05
3.10065e-05
3.42547e-05
4.08682e-05
5.46896e-05
8.33082e-05
0.0757094
0.0815144
0.0833429
0.0830817
0.0806062
0.075586
0.0671777
0.0530919
0.0301208
0.00611366
0.229338
0.224664
0.218507
0.211057
0.202455
0.19278
0.182015
0.169971
0.156063
0.138038
0.00753695
0.000447178
1.80043e-05
1.02991e-06
6.56599e-07
8.31903e-07
8.95668e-07
9.44186e-07
9.82209e-07
1.0117e-06
1.03543e-06
1.05385e-06
1.07089e-06
1.0915e-06
1.12152e-06
1.17546e-06
1.26281e-06
1.5284e-06
1.92623e-06
2.72444e-06
0.0725802
0.0791737
0.0811355
0.0810141
0.0787534
0.0739568
0.0656732
0.0515512
0.0285503
0.00540257
0.217637
0.213275
0.207536
0.200575
0.192501
0.183368
0.173138
0.161625
0.148264
0.130872
0.00793446
0.000503518
2.12979e-05
6.56596e-07
1.75974e-08
1.25503e-08
1.40983e-08
1.55432e-08
1.68626e-08
1.80646e-08
1.91733e-08
2.01838e-08
2.11364e-08
2.20836e-08
2.30803e-08
2.42882e-08
2.57249e-08
3.11502e-08
3.72714e-08
4.95398e-08
0.0696427
0.0769144
0.0789967
0.0789845
0.0768903
0.0722681
0.0640623
0.049867
0.0268161
0.00467591
0.207107
0.20301
0.197631
0.191096
0.18349
0.174843
0.165108
0.154095
0.141248
0.124431
0.00816598
0.000542157
2.40375e-05
8.319e-07
1.25502e-08
2.22465e-10
1.34125e-10
1.55207e-10
1.76692e-10
1.97708e-10
2.18219e-10
2.37936e-10
2.56914e-10
2.75219e-10
2.92729e-10
3.09984e-10
3.25414e-10
3.91417e-10
4.49582e-10
5.69459e-10
0.066869
0.0747219
0.0769125
0.0769926
0.0750347
0.0705487
0.0623762
0.0480727
0.0249458
0.00396483
0.197577
0.19371
0.188647
0.18249
0.175302
0.167098
0.157818
0.147263
0.134883
0.118574
0.00828099
0.000567037
2.60858e-05
8.95665e-07
1.40982e-08
1.34124e-10
1.77253e-12
1.09302e-12
1.30021e-12
1.51847e-12
1.74087e-12
1.96251e-12
2.1802e-12
2.38905e-12
2.58121e-12
2.74961e-12
2.86809e-12
3.42234e-12
3.81269e-12
4.66406e-12
0.064238
0.0725865
0.0748756
0.0750387
0.0731983
0.0688184
0.0606386
0.046196
0.0229642
0.00329636
0.188905
0.185239
0.180458
0.174642
0.167837
0.160039
0.151175
0.141038
0.129076
0.113202
0.00831139
0.000581264
2.73511e-05
9.44183e-07
1.55431e-08
1.55206e-10
1.09297e-12
1.19354e-14
7.47751e-15
9.02064e-15
1.07733e-14
1.25355e-14
1.42533e-14
1.59647e-14
1.74062e-14
1.86509e-14
1.9378e-14
2.2931e-14
2.49885e-14
2.97862e-14
0.0617323
0.0704998
0.0728812
0.0731236
0.071389
0.0670901
0.0588661
0.0442594
0.0208956
0.00269134
0.180962
0.17748
0.172959
0.16746
0.161009
0.153588
0.145107
0.135349
0.123756
0.108248
0.00828121
0.000587461
2.80825e-05
9.82206e-07
1.68625e-08
1.7669e-10
1.3002e-12
7.47751e-15
0
0
0
0
0
0
0
0
0
0
0
0
0.0593374
0.0684543
0.0709258
0.0712474
0.0696114
0.0653719
0.057072
0.0422804
0.0187693
0.00216329
0.173648
0.170337
0.16606
0.16086
0.154745
0.147678
0.139554
0.130142
0.118874
0.103662
0.00821029
0.000588029
2.84335e-05
1.0117e-06
1.80645e-08
1.97706e-10
1.51843e-12
9.02064e-15
0
0
0
0
0
0
0
0
0
0
0
0
0.0570407
0.0664422
0.0690061
0.0694101
0.0678675
0.0636681
0.0552723
0.0402739
0.0166271
0.00171849
0.166873
0.163726
0.159684
0.154772
0.148982
0.142256
0.134471
0.125379
0.114396
0.0994157
0.00811615
0.000585052
2.85588e-05
1.03542e-06
1.91732e-08
2.18218e-10
1.74087e-12
1.07733e-14
0
0
0
0
0
0
0
0
0
0
0
0
0.0548309
0.0644549
0.0671176
0.0676091
0.066156
0.0619798
0.0534821
0.0382538
0.0145297
0.00135697
0.160559
0.157572
0.153762
0.149138
0.143669
0.137279
0.129825
0.121035
0.110303
0.095491
0.00801679
0.000580834
2.85175e-05
1.05385e-06
2.01837e-08
2.37934e-10
1.96241e-12
1.25355e-14
0
0
0
0
0
0
0
0
0
0
0
0
0.0526968
0.0624807
0.0652527
0.0658383
0.0644711
0.0603061
0.0517173
0.0362373
0.0125578
0.0010741
0.154637
0.15181
0.148235
0.143902
0.138762
0.132714
0.125592
0.117097
0.106591
0.0918871
0.00793193
0.000577839
2.84891e-05
1.07094e-06
2.11368e-08
2.56916e-10
2.18017e-12
1.42533e-14
0
0
0
0
0
0
0
0
0
0
0
0
0.0506247
0.0605015
0.0633967
0.0640847
0.0628021
0.0586465
0.0499968
0.0342488
0.0108006
0.000862184
0.149043
0.146381
0.143049
0.139019
0.134222
0.128534
0.121759
0.113566
0.103272
0.0886207
0.00788571
0.000578946
2.86734e-05
1.0915e-06
2.20835e-08
2.75218e-10
2.38905e-12
1.59647e-14
0
0
0
0
0
0
0
0
0
0
0
0
0.0485953
0.0584872
0.0615232
0.0623253
0.0611321
0.0570118
0.0483452
0.032327
0.0093367
0.000712108
0.143718
0.14123
0.138153
0.134444
0.130013
0.124714
0.118318
0.110453
0.100376
0.0857314
0.00791358
0.000588705
2.9327e-05
1.12152e-06
2.30802e-08
2.92727e-10
2.58114e-12
1.74062e-14
0
0
0
0
0
0
0
0
0
0
0
0
0.0465799
0.0563897
0.0595876
0.0605233
0.0594389
0.0554163
0.0467931
0.0305311
0.00821585
0.000615004
0.138606
0.136302
0.133496
0.130129
0.126097
0.121229
0.115266
0.107784
0.0979595
0.0832931
0.00807302
0.000614227
3.10064e-05
1.17546e-06
2.42881e-08
3.09982e-10
2.7496e-12
1.86509e-14
0
0
0
0
0
0
0
0
0
0
0
0
0.0445379
0.0541367
0.0575211
0.0586259
0.057708
0.0538714
0.0453772
0.0289455
0.00745639
0.000564035
0.133649
0.131543
0.129023
0.126024
0.122427
0.118046
0.112591
0.105584
0.0961028
0.0814343
0.00847802
0.000669332
3.42546e-05
1.26281e-06
2.57249e-08
3.25413e-10
2.86806e-12
1.9378e-14
0
0
0
0
0
0
0
0
0
0
0
0
0.0424238
0.0516313
0.0552308
0.0565764
0.0559207
0.0523823
0.0441366
0.0276758
0.0070577
0.00055614
0.12879
0.126892
0.124675
0.122066
0.118942
0.115109
0.11026
0.103871
0.094911
0.0803764
0.0094124
0.000786759
4.08682e-05
1.5284e-06
3.11501e-08
3.91416e-10
3.42234e-12
2.2931e-14
0
0
0
0
0
0
0
0
0
0
0
0
0.0401721
0.0487436
0.0525953
0.0542926
0.0540295
0.0509357
0.0431027
0.026832
0.00701864
0.000593727
0.123962
0.122284
0.12038
0.118176
0.115556
0.112331
0.108195
0.102614
0.0944809
0.0804903
0.0118219
0.00106241
5.46895e-05
1.92623e-06
3.72713e-08
4.49581e-10
3.81265e-12
2.49885e-14
0
0
0
0
0
0
0
0
0
0
0
0
0.0376391
0.0452375
0.0493932
0.0516121
0.0519294
0.0494776
0.0422796
0.0264983
0.00735009
0.000686462
0.119096
0.117644
0.116053
0.114258
0.112154
0.109574
0.106244
0.101673
0.0948001
0.0822938
0.0196536
0.00179504
8.33082e-05
2.72444e-06
4.95398e-08
5.69457e-10
4.66406e-12
2.97862e-14
0
0
0
0
0
0
0
0
0
0
0
0
0.0343971
0.0406127
0.045183
0.0482061
0.0494012
0.0478769
0.0416219
0.0267041
0.00807541
0.000853107
0.114109
0.112883
0.111596
0.110193
0.108589
0.106647
0.104154
0.100724
0.0955386
0.0860334
0.0827506
0.0790774
0.0757096
0.0725804
0.0696429
0.0668692
0.0642382
0.0617324
0.0593375
0.0570408
0.054831
0.0526969
0.0506248
0.0485953
0.04658
0.0445379
0.0424238
0.040172
0.037639
0.0343971
0.0319912
0.0350233
0.0395656
0.0435747
0.0460198
0.045814
0.0409198
0.0273894
0.00923505
0.00112515
0.108902
0.107896
0.106891
0.105845
0.104689
0.103322
0.101583
0.0992011
0.0956545
0.0896927
0.0866045
0.083966
0.0815147
0.079174
0.0769147
0.0747222
0.0725867
0.0705
0.0684545
0.0664423
0.0644549
0.0624807
0.0605015
0.0584872
0.0563897
0.0541367
0.0516312
0.0487436
0.0452374
0.0406125
0.0350232
0.03304
0.0348159
0.0383303
0.0416097
0.0428855
0.0397788
0.0282069
0.0107836
0.00154276
0.103356
0.102554
0.101801
0.10106
0.10028
0.099384
0.0982538
0.0967065
0.0944395
0.0909385
0.0881242
0.0856491
0.0833432
0.0811358
0.078997
0.0769128
0.0748758
0.0728814
0.070926
0.0690062
0.0671177
0.0652528
0.0633968
0.0615232
0.0595876
0.0575211
0.0552308
0.0525952
0.0493932
0.045183
0.0395655
0.0348158
0.0330391
0.0342146
0.0369063
0.0390486
0.0377978
0.0287058
0.012552
0.00214074
0.097312
0.0966963
0.0961559
0.0956626
0.0951752
0.0946332
0.093949
0.0929954
0.0915931
0.0895196
0.0873407
0.0851899
0.083082
0.0810144
0.0789848
0.0769929
0.075039
0.0731237
0.0712476
0.0694101
0.0676091
0.0658383
0.0640847
0.0623253
0.0605232
0.0586258
0.0565764
0.0542926
0.0516121
0.048206
0.0435746
0.0383302
0.0342145
0.0325272
0.0332167
0.0349097
0.0348515
0.0283623
0.0141918
0.00291734
0.0905384
0.0900853
0.0897192
0.0894157
0.0891407
0.0888443
0.0884573
0.0878861
0.0870148
0.0857277
0.0841545
0.0824217
0.0806065
0.0787537
0.0768906
0.075035
0.0731986
0.0713892
0.0696116
0.0678677
0.0661561
0.0644712
0.0628022
0.0611322
0.059439
0.0577081
0.0559207
0.0540295
0.0519294
0.0494012
0.0460198
0.0416096
0.0369063
0.0332167
0.0314625
0.0314508
0.031317
0.0268396
0.0152005
0.00378482
0.0826122
0.0822981
0.0820699
0.0819063
0.0817763
0.0816366
0.0814292
0.081081
0.0805096
0.079642
0.0784898
0.0771154
0.0755862
0.073957
0.0722683
0.0705489
0.0688185
0.0670903
0.0653721
0.0636683
0.0619799
0.0603063
0.0586466
0.0570119
0.0554163
0.0538715
0.0523823
0.0509357
0.0494777
0.047877
0.045814
0.0428855
0.0390486
0.0349097
0.0314508
0.0293194
0.027897
0.0242409
0.015125
0.0045364
0.0725601
0.07236
0.0722383
0.0721741
0.0721376
0.0720884
0.0719748
0.0717358
0.071307
0.0706348
0.0697033
0.0685365
0.0671779
0.0656733
0.0640624
0.0623764
0.0606387
0.0588662
0.0570721
0.0552724
0.0534822
0.0517174
0.0499969
0.0483453
0.0467932
0.0453773
0.0441366
0.0431028
0.0422797
0.041622
0.0409199
0.0397789
0.0377978
0.0348515
0.031317
0.027897
0.0248906
0.0209963
0.0138419
0.00490042
0.0580343
0.0579145
0.0578635
0.057859
0.0578695
0.0578541
0.0577632
0.0575408
0.0571312
0.0564892
0.0555935
0.0544517
0.053092
0.0515514
0.0498671
0.0480728
0.0461961
0.0442594
0.0422805
0.0402739
0.0382539
0.0362374
0.0342489
0.032327
0.0305311
0.0289455
0.0276758
0.026832
0.0264984
0.0267042
0.0273895
0.0282071
0.028706
0.0283625
0.0268397
0.024241
0.0209963
0.0170556
0.0114885
0.00466828
0.0352204
0.0351309
0.0350992
0.0351011
0.0351041
0.0350678
0.0349448
0.0346843
0.0342377
0.033567
0.0326529
0.0314977
0.0301208
0.0285503
0.0268161
0.0249458
0.0229643
0.0208957
0.0187694
0.0166271
0.0145297
0.0125578
0.0108006
0.00933672
0.00821588
0.00745642
0.00705774
0.00701868
0.00735014
0.00807548
0.00923514
0.0107837
0.0125521
0.0141919
0.0152006
0.0151251
0.013842
0.0114886
0.00804868
0.00373125
0.00887177
0.00882036
0.0087974
0.00878852
0.00877558
0.00873667
0.00864719
0.00848219
0.0082201
0.00784735
0.00736235
0.00677684
0.00611366
0.00540257
0.00467591
0.00396482
0.00329636
0.00269134
0.00216329
0.00171849
0.00135697
0.0010741
0.000862184
0.00071211
0.000615006
0.000564038
0.000556143
0.000593731
0.000686468
0.000853117
0.00112516
0.00154278
0.00214078
0.00291739
0.00378488
0.00453646
0.00490048
0.00466832
0.00373127
0.00208797
0.562491
0.561597
0.549923
0.516827
0.47336
0.430969
0.393406
0.361018
0.333236
0.309349
0.288707
0.270755
0.255033
0.24115
0.22879
0.217705
0.207699
0.198613
0.190309
0.182674
0.175611
0.169036
0.162876
0.157064
0.151539
0.146241
0.141111
0.136088
0.131107
0.126095
0.120968
0.115628
0.109949
0.103765
0.0968156
0.0886319
0.0782217
0.0633728
0.0402128
0.0112665
0.5616
0.555645
0.533294
0.495863
0.454389
0.415357
0.380711
0.350553
0.324427
0.301771
0.282055
0.264813
0.249639
0.236187
0.224176
0.213383
0.20363
0.194766
0.186664
0.179216
0.172332
0.165932
0.159947
0.154315
0.148977
0.143877
0.138957
0.134156
0.129407
0.124631
0.119741
0.114628
0.109162
0.103169
0.0963872
0.0883449
0.0780477
0.0632762
0.0401469
0.0112224
0.549931
0.533297
0.503593
0.467075
0.430019
0.395498
0.364506
0.337115
0.31305
0.291937
0.273389
0.257046
0.242574
0.229681
0.218132
0.207735
0.198327
0.189773
0.181953
0.17477
0.16814
0.161991
0.156259
0.150887
0.145822
0.141008
0.136391
0.131907
0.127484
0.123034
0.118458
0.113637
0.108428
0.102654
0.0960501
0.0881479
0.0779548
0.0632485
0.0401364
0.0112082
0.516833
0.495864
0.467075
0.435166
0.403447
0.373615
0.346356
0.321823
0.299921
0.280446
0.263156
0.247791
0.234094
0.221836
0.210824
0.200893
0.191899
0.183715
0.176238
0.169379
0.163061
0.15722
0.1518
0.146751
0.142025
0.137573
0.133341
0.129264
0.125261
0.121234
0.117062
0.112606
0.107711
0.102189
0.0957792
0.0880182
0.077921
0.0632667
0.0401576
0.0112084
0.47336
0.454387
0.430018
0.403447
0.376786
0.35124
0.327413
0.305547
0.285691
0.267787
0.251715
0.237311
0.224398
0.212803
0.202369
0.192949
0.18441
0.176641
0.169548
0.163049
0.15708
0.151585
0.146515
0.14183
0.137492
0.133458
0.129682
0.126097
0.122616
0.119121
0.115462
0.111466
0.106954
0.101731
0.0955377
0.0879231
0.0779151
0.0632992
0.0401785
0.0112033
0.430967
0.415354
0.395496
0.373614
0.35124
0.329334
0.308456
0.28891
0.270844
0.254312
0.239307
0.225771
0.213602
0.202668
0.192826
0.183937
0.175878
0.168548
0.161859
0.155742
0.150139
0.145004
0.140299
0.135996
0.132068
0.128487
0.125219
0.122204
0.119352
0.116522
0.113519
0.11011
0.106079
0.101217
0.0952741
0.0878176
0.0778952
0.0633042
0.0401585
0.011169
0.393404
0.380709
0.364504
0.346356
0.327413
0.308456
0.289994
0.272344
0.255708
0.24023
0.226032
0.213211
0.201717
0.191419
0.182165
0.173813
0.166244
0.159362
0.153086
0.147352
0.142112
0.137329
0.132978
0.129043
0.125516
0.122389
0.11965
0.117264
0.115151
0.113151
0.111007
0.108371
0.104963
0.100556
0.0949166
0.0876413
0.0778075
0.0632311
0.0400504
0.0110786
0.361015
0.350551
0.337113
0.321823
0.305547
0.28891
0.272344
0.256133
0.24048
0.225592
0.211794
0.199472
0.188561
0.178865
0.170191
0.162379
0.155306
0.148872
0.143003
0.137641
0.132744
0.128284
0.124248
0.120633
0.117452
0.114726
0.112484
0.110739
0.109459
0.108499
0.107528
0.105968
0.103415
0.0996167
0.0943684
0.0873184
0.0775882
0.0630225
0.0398032
0.0109048
0.333235
0.324425
0.313049
0.299921
0.285691
0.270844
0.255709
0.24048
0.225276
0.210272
0.196027
0.183911
0.173508
0.164406
0.156324
0.149066
0.142495
0.136511
0.131039
0.126028
0.121439
0.117253
0.113462
0.110078
0.107131
0.104674
0.10279
0.101584
0.101156
0.10149
0.102249
0.102368
0.101126
0.0982143
0.09351
0.0867632
0.0771702
0.0626213
0.039369
0.0106235
0.309348
0.30177
0.291936
0.280447
0.267787
0.254312
0.24023
0.225592
0.210272
0.193854
0.176006
0.163909
0.154109
0.145712
0.138312
0.131676
0.125656
0.120148
0.115081
0.110405
0.106086
0.102106
0.0984616
0.095167
0.0922596
0.0898109
0.0879482
0.0868927
0.0870184
0.0888498
0.092637
0.0963397
0.0975912
0.0961298
0.0922254
0.0859008
0.0764975
0.0619817
0.0387105
0.010219
0.288706
0.282055
0.273389
0.263156
0.251715
0.239306
0.226032
0.211795
0.196027
0.176005
0.00779933
0.00629295
0.00737204
0.00810414
0.00856933
0.00885869
0.00902434
0.00910041
0.00911231
0.00908081
0.00902451
0.00896268
0.00891607
0.00891154
0.00898738
0.00920723
0.00969819
0.0107824
0.013557
0.0225842
0.0892075
0.0931914
0.0947425
0.0939341
0.090646
0.084742
0.075553
0.0610829
0.0378101
0.00968813
0.270755
0.264812
0.257045
0.247792
0.237312
0.225771
0.213211
0.199472
0.183911
0.163909
0.0062931
0.000572917
0.000419973
0.000504003
0.000571364
0.000619583
0.00065273
0.000674173
0.000686805
0.000693065
0.000695554
0.00069654
0.000698921
0.000706332
0.000723812
0.000759998
0.000831619
0.000978906
0.00132137
0.00224022
0.0852751
0.0904825
0.0922336
0.0917646
0.0889009
0.0833503
0.0743615
0.0599342
0.0366731
0.00904117
0.255032
0.249639
0.242574
0.234095
0.224398
0.213602
0.201717
0.188561
0.173508
0.154109
0.00737203
0.000419972
3.04618e-05
2.11541e-05
2.52806e-05
2.88718e-05
3.15387e-05
3.35173e-05
3.47335e-05
3.55549e-05
3.60424e-05
3.63626e-05
3.68198e-05
3.75323e-05
3.87754e-05
4.12712e-05
4.5886e-05
5.47764e-05
7.32031e-05
0.000111158
0.0817016
0.0879693
0.0898978
0.0896388
0.087069
0.0817939
0.072968
0.0585667
0.0353221
0.00829993
0.24115
0.236187
0.229682
0.221836
0.212804
0.202669
0.191419
0.178866
0.164407
0.145713
0.00810413
0.000504002
2.11541e-05
1.33971e-06
8.33774e-07
1.0272e-06
1.21809e-06
1.28871e-06
1.34265e-06
1.38837e-06
1.42589e-06
1.4584e-06
1.49346e-06
1.5333e-06
1.5841e-06
1.6646e-06
1.90059e-06
2.22937e-06
2.84039e-06
3.80239e-06
0.0784083
0.0855772
0.0876659
0.087555
0.0851962
0.0801285
0.0714205
0.0570207
0.0337893
0.00749343
0.22879
0.224176
0.218133
0.210824
0.20237
0.192826
0.182165
0.170191
0.156324
0.138313
0.00856932
0.000571363
2.52805e-05
8.33771e-07
2.28064e-08
1.5613e-08
1.99332e-08
2.20357e-08
2.39188e-08
2.56833e-08
2.73173e-08
2.885e-08
3.03723e-08
3.18941e-08
3.34606e-08
3.52697e-08
4.09052e-08
4.71895e-08
5.75444e-08
7.03507e-08
0.075334
0.0832762
0.0855079
0.085511
0.0833092
0.0783949
0.0697614
0.0553377
0.0321086
0.00665378
0.217705
0.213384
0.207735
0.200893
0.192949
0.183937
0.173813
0.16238
0.149066
0.131677
0.00885868
0.000619582
2.88717e-05
1.0272e-06
1.56129e-08
2.77472e-10
1.92866e-10
2.23926e-10
2.55008e-10
2.85825e-10
3.15975e-10
3.45371e-10
3.74437e-10
4.02685e-10
4.29579e-10
4.55495e-10
5.32063e-10
6.04071e-10
7.10395e-10
8.14964e-10
0.0724437
0.0810501
0.0834089
0.0835052
0.0814247
0.0766219
0.0680255
0.0535554
0.0303108
0.00581299
0.2077
0.20363
0.198328
0.191899
0.184411
0.175879
0.166245
0.155306
0.142495
0.125656
0.00902433
0.000652729
3.15386e-05
1.21808e-06
1.9933e-08
1.92864e-10
2.57518e-12
1.59209e-12
1.89458e-12
2.21579e-12
2.54349e-12
2.87322e-12
3.20237e-12
3.52064e-12
3.81308e-12
4.06641e-12
4.7651e-12
5.33708e-12
6.10476e-12
6.70188e-12
0.0697116
0.0788872
0.08136
0.081536
0.0795523
0.0748299
0.0662406
0.0517062
0.028422
0.0050006
0.198613
0.194767
0.189773
0.183716
0.176642
0.168548
0.159362
0.148872
0.136511
0.120148
0.0091004
0.000674172
3.35172e-05
1.28871e-06
2.20356e-08
2.23923e-10
1.59209e-12
1.74316e-14
1.09829e-14
1.32817e-14
1.57964e-14
1.83651e-14
2.0918e-14
2.34391e-14
2.57855e-14
2.76493e-14
3.23803e-14
3.58571e-14
4.01531e-14
4.27758e-14
0.0671164
0.0767765
0.0793539
0.0796011
0.0776979
0.0730329
0.0644292
0.0498177
0.026464
0.00424181
0.19031
0.186665
0.181953
0.176239
0.169548
0.16186
0.153086
0.143003
0.13104
0.115081
0.00911231
0.000686804
3.47334e-05
1.34264e-06
2.39186e-08
2.55005e-10
1.89458e-12
1.09829e-14
0
0
0
0
0
0
0
0
6.35033e-18
6.03281e-17
1.14306e-16
1.20656e-16
0.0646393
0.0747071
0.0773833
0.0776972
0.0758641
0.0712415
0.0626109
0.0479138
0.0244574
0.00355602
0.182674
0.179217
0.174771
0.169379
0.16305
0.155743
0.147352
0.137641
0.126028
0.110405
0.0090808
0.000693064
3.55548e-05
1.38837e-06
2.56831e-08
2.85823e-10
2.21572e-12
1.32817e-14
0
0
0
0
0
0
0
0
0
0
0
0
0.0622637
0.0726669
0.0754408
0.07582
0.0740515
0.0694635
0.0608043
0.046016
0.022426
0.002956
0.175611
0.172332
0.168141
0.163061
0.157081
0.15014
0.142113
0.132744
0.12144
0.106086
0.00902451
0.000695553
3.60424e-05
1.42589e-06
2.73172e-08
3.15972e-10
2.54347e-12
1.57964e-14
0
0
0
0
0
0
0
0
0
0
0
0
0.0599749
0.0706423
0.0735167
0.0739632
0.072259
0.0677062
0.0590272
0.0441456
0.0204033
0.00244801
0.169036
0.165932
0.161992
0.157221
0.151585
0.145004
0.13733
0.128284
0.117253
0.102106
0.00896267
0.000696539
3.63626e-05
1.4584e-06
2.88498e-08
3.45369e-10
2.87322e-12
1.83651e-14
0
0
0
0
0
0
0
0
0
0
0
0
0.0577583
0.068616
0.071598
0.0721183
0.0704843
0.065977
0.057299
0.0423258
0.0184382
0.00203284
0.162877
0.159947
0.15626
0.151801
0.146515
0.1403
0.132979
0.124248
0.113463
0.0984619
0.00891607
0.00069892
3.68198e-05
1.49346e-06
3.03722e-08
3.74435e-10
3.20237e-12
2.0918e-14
0
0
0
0
0
0
0
0
0
0
0
0
0.0555981
0.066565
0.0696671
0.0702734
0.068724
0.0642853
0.0556419
0.0405842
0.0165988
0.00170755
0.157065
0.154315
0.150888
0.146752
0.141831
0.135996
0.129044
0.120634
0.110079
0.0951673
0.00891153
0.000706331
3.75322e-05
1.53329e-06
3.1894e-08
4.02682e-10
3.52057e-12
2.34391e-14
0
0
0
0
0
0
0
0
0
0
0
0
0.0534765
0.0644584
0.0676989
0.0684121
0.0669732
0.0626443
0.054082
0.0389565
0.0149682
0.00146724
0.15154
0.148977
0.145822
0.142026
0.137492
0.132068
0.125516
0.117452
0.107131
0.0922599
0.00898738
0.000723812
3.87753e-05
1.58409e-06
3.34605e-08
4.29577e-10
3.81304e-12
2.57855e-14
0
0
0
0
0
0
0
0
0
0
0
0
0.0513717
0.0622538
0.0656579
0.0665118
0.0652252
0.061067
0.0526499
0.0374896
0.0136344
0.00130686
0.146241
0.143877
0.141009
0.137574
0.133459
0.128488
0.122389
0.114727
0.104674
0.0898112
0.00920723
0.000759998
4.12712e-05
1.6646e-06
3.52696e-08
4.55493e-10
4.06639e-12
2.76493e-14
0
0
0
0
0
0
0
0
0
0
0
0
0.0492564
0.0598926
0.0634924
0.0645398
0.0634713
0.0595651
0.0513797
0.0362455
0.012675
0.00122321
0.141111
0.138957
0.136392
0.133341
0.129682
0.125219
0.11965
0.112484
0.10279
0.0879485
0.00969819
0.000831619
4.58859e-05
1.90059e-06
4.09051e-08
5.32061e-10
4.76509e-12
3.23803e-14
6.35033e-18
0
0
0
0
0
0
0
0
0
0
0
0.0470949
0.0572908
0.0611262
0.0624487
0.0616905
0.0581428
0.0503044
0.0353
0.0121489
0.00121736
0.136089
0.134156
0.131908
0.129264
0.126098
0.122205
0.117265
0.110739
0.101585
0.0868931
0.0107824
0.000978906
5.47764e-05
2.22937e-06
4.71894e-08
6.04068e-10
5.33707e-12
3.58571e-14
6.03281e-17
0
0
0
0
0
0
0
0
0
0
0
0.0448346
0.0543213
0.058438
0.0601541
0.0598352
0.0567856
0.0494467
0.0347337
0.0120984
0.00129767
0.131107
0.129407
0.127484
0.125262
0.122617
0.119353
0.115151
0.109459
0.101156
0.0870187
0.013557
0.00132137
7.32031e-05
2.84039e-06
5.75443e-08
7.10393e-10
6.10469e-12
4.01531e-14
1.14306e-16
0
0
0
0
0
0
0
0
0
0
0
0.0423692
0.0507642
0.055213
0.0574979
0.0578048
0.0554407
0.0488041
0.0346153
0.0125571
0.00148347
0.126095
0.124632
0.123035
0.121235
0.119122
0.116522
0.113151
0.1085
0.101491
0.0888501
0.0225842
0.00224022
0.000111158
3.80239e-06
7.03506e-08
8.14962e-10
6.70188e-12
4.27758e-14
1.20656e-16
0
0
0
0
0
0
0
0
0
0
0
0.0394055
0.0461969
0.0510475
0.0541646
0.0553766
0.053961
0.0482975
0.0349668
0.0135558
0.00180927
0.120968
0.119741
0.118459
0.117063
0.115463
0.113519
0.111007
0.107529
0.102249
0.0926374
0.0892079
0.0852754
0.0817019
0.0784086
0.0753342
0.0724439
0.0697118
0.0671166
0.0646394
0.0622639
0.059975
0.0577583
0.0555982
0.0534766
0.0513718
0.0492564
0.047095
0.0448346
0.0423692
0.0394055
0.0374164
0.0408524
0.0456233
0.0497063
0.0521587
0.0520569
0.0477409
0.0356958
0.0151048
0.00232745
0.115628
0.114628
0.113637
0.112607
0.111467
0.110111
0.108372
0.105969
0.102368
0.0963402
0.0931918
0.0904829
0.0879697
0.0855776
0.0832766
0.0810505
0.0788875
0.0767768
0.0747072
0.072667
0.0706424
0.068616
0.066565
0.0644584
0.0622537
0.0598925
0.0572907
0.0543213
0.0507641
0.0461968
0.0408523
0.0392072
0.0412031
0.0447798
0.0480464
0.0493921
0.0468106
0.0365866
0.017144
0.00310429
0.10995
0.109162
0.108429
0.107711
0.106955
0.106079
0.104963
0.103415
0.101126
0.0975916
0.0947429
0.0922339
0.0898981
0.0876662
0.0855081
0.0834091
0.0813601
0.0793539
0.0773833
0.0754407
0.0735165
0.0715979
0.0696669
0.0676988
0.0656578
0.0634923
0.0611261
0.0584379
0.055213
0.0510474
0.0456232
0.041203
0.0397201
0.0410471
0.0437695
0.0459693
0.0451757
0.037276
0.0195217
0.00420917
0.103765
0.10317
0.102654
0.10219
0.101732
0.101218
0.100557
0.099617
0.0982147
0.0961302
0.0939345
0.0917649
0.0896391
0.0875553
0.0855112
0.0835054
0.0815361
0.0796012
0.0776973
0.0758201
0.0739633
0.0721184
0.0702734
0.0684121
0.0665118
0.0645398
0.0624486
0.060154
0.0574979
0.0541645
0.0497061
0.0447797
0.041047
0.0396716
0.0405465
0.0423861
0.042773
0.0373409
0.0219319
0.00567871
0.0968158
0.0963876
0.0960506
0.0957796
0.095538
0.0952745
0.0949169
0.0943687
0.0935103
0.0922258
0.0906464
0.0889012
0.0870694
0.0851965
0.0833095
0.0814249
0.0795525
0.077698
0.0758642
0.0740516
0.0722591
0.0704844
0.068724
0.0669732
0.0652252
0.0634713
0.0616905
0.0598352
0.0578048
0.0553765
0.0521586
0.0480463
0.0437694
0.0405465
0.0392065
0.0395581
0.039976
0.0364892
0.0239001
0.00745037
0.0886322
0.0883454
0.0881484
0.0880187
0.0879235
0.087818
0.0876416
0.0873187
0.0867634
0.085901
0.0847423
0.0833505
0.0817942
0.0801287
0.0783951
0.0766221
0.07483
0.0730331
0.0712416
0.0694636
0.0677063
0.0659771
0.0642854
0.0626444
0.0610671
0.0595652
0.0581428
0.0567856
0.0554407
0.053961
0.052057
0.0493921
0.0459693
0.0423861
0.039558
0.0380718
0.0374056
0.0347279
0.0248681
0.00927608
0.078222
0.0780482
0.0779551
0.0779213
0.0779154
0.0778955
0.0778077
0.0775884
0.0771703
0.0764976
0.0755532
0.0743617
0.0729682
0.0714207
0.0697616
0.0680257
0.0662408
0.0644294
0.0626111
0.0608044
0.0590273
0.057299
0.0556419
0.054082
0.05265
0.0513798
0.0503045
0.0494467
0.0488042
0.0482975
0.0477409
0.0468107
0.0451757
0.042773
0.039976
0.0374056
0.0353012
0.0322702
0.0244012
0.0106911
0.0633731
0.0632766
0.0632487
0.0632668
0.0632993
0.0633044
0.0632312
0.0630226
0.0626214
0.0619818
0.061083
0.0599343
0.0585667
0.0570208
0.0553378
0.0535555
0.0517062
0.0498178
0.0479138
0.0460161
0.0441457
0.0423259
0.0405843
0.0389565
0.0374896
0.0362456
0.0353
0.0347338
0.0346153
0.0349669
0.0356958
0.0365867
0.0372761
0.0373409
0.0364892
0.0347279
0.0322702
0.0287768
0.0222321
0.011129
0.040213
0.0401471
0.0401365
0.0401577
0.0401785
0.0401586
0.0400505
0.0398034
0.0393691
0.0387105
0.0378102
0.0366731
0.0353221
0.0337893
0.0321086
0.0303108
0.028422
0.026464
0.0244574
0.0224261
0.0204033
0.0184382
0.0165988
0.0149683
0.0136344
0.012675
0.012149
0.0120984
0.0125571
0.0135559
0.0151048
0.017144
0.0195217
0.021932
0.0239002
0.0248682
0.0244013
0.0222322
0.0177122
0.0100197
0.0112665
0.0112224
0.0112083
0.0112085
0.0112033
0.011169
0.0110787
0.0109048
0.0106235
0.010219
0.00968814
0.00904118
0.00829994
0.00749344
0.00665378
0.00581299
0.00500059
0.0042418
0.00355601
0.002956
0.002448
0.00203284
0.00170755
0.00146724
0.00130686
0.00122321
0.00121737
0.00129768
0.00148348
0.00180927
0.00232746
0.0031043
0.00420918
0.00567874
0.0074504
0.00927613
0.0106911
0.0111291
0.0100197
0.00677065
0.5625
0.562489
0.55975
0.538113
0.496676
0.451761
0.411173
0.37625
0.346489
0.321074
0.299246
0.280363
0.263904
0.249437
0.236606
0.225129
0.214788
0.205408
0.196846
0.18898
0.181709
0.174945
0.168612
0.16264
0.156965
0.151527
0.146264
0.141115
0.136011
0.130878
0.125632
0.12017
0.114364
0.108039
0.100927
0.0925555
0.0819631
0.0670335
0.0437989
0.0131898
0.562494
0.561764
0.551191
0.519656
0.47711
0.435056
0.397527
0.365034
0.33709
0.313024
0.292208
0.2741
0.258241
0.244247
0.231794
0.220631
0.210559
0.201418
0.193071
0.185405
0.178324
0.171747
0.165599
0.159818
0.154341
0.149111
0.144068
0.13915
0.134286
0.1294
0.124397
0.11917
0.113582
0.107453
0.100511
0.0922816
0.081802
0.0669498
0.0437478
0.0131523
0.559756
0.551197
0.527249
0.490719
0.451038
0.413582
0.38006
0.350638
0.324977
0.302611
0.283076
0.265951
0.250861
0.237476
0.225521
0.21478
0.205076
0.196262
0.188214
0.180829
0.174017
0.167704
0.161823
0.156314
0.151121
0.146189
0.141461
0.13687
0.132343
0.127791
0.123111
0.118182
0.112857
0.10695
0.100189
0.0921004
0.081723
0.0669343
0.0437503
0.0131455
0.53813
0.519666
0.490721
0.456648
0.422235
0.389907
0.360547
0.334311
0.311046
0.290486
0.272332
0.256281
0.242039
0.22934
0.217959
0.207713
0.198446
0.190026
0.182339
0.175294
0.16881
0.16282
0.157265
0.152093
0.147254
0.142697
0.138366
0.134194
0.1301
0.125981
0.121714
0.117158
0.112151
0.106502
0.0999363
0.0919884
0.0817042
0.0669646
0.0437834
0.013153
0.496693
0.477117
0.451041
0.422237
0.393342
0.365799
0.340275
0.317009
0.29601
0.277181
0.260366
0.245372
0.231984
0.219996
0.209229
0.199523
0.190738
0.182754
0.175471
0.168805
0.162687
0.157058
0.151868
0.147075
0.142638
0.138514
0.134652
0.130987
0.127428
0.123854
0.120112
0.116024
0.111408
0.106061
0.0997145
0.0919122
0.0817139
0.0670088
0.0438152
0.0131542
0.451774
0.435062
0.413586
0.389909
0.365799
0.342329
0.320098
0.299408
0.280389
0.263077
0.247444
0.233403
0.220818
0.209534
0.199393
0.190248
0.181968
0.174445
0.167587
0.161321
0.155585
0.150332
0.145522
0.141125
0.137113
0.133457
0.13012
0.127041
0.124126
0.121232
0.11816
0.114672
0.110545
0.105565
0.0994709
0.0918257
0.0817091
0.0670251
0.0438055
0.0131239
0.411181
0.397531
0.380062
0.360548
0.340276
0.320098
0.300553
0.281966
0.264538
0.248405
0.233675
0.220414
0.208551
0.197941
0.188421
0.179841
0.172077
0.165023
0.158597
0.152731
0.147375
0.14249
0.138049
0.134035
0.130437
0.12725
0.124458
0.122025
0.119868
0.117823
0.115628
0.112929
0.109436
0.104919
0.0991318
0.0916671
0.0816351
0.0669624
0.043707
0.0130339
0.376255
0.365037
0.35064
0.334312
0.317009
0.299408
0.281966
0.264983
0.248668
0.233222
0.218952
0.206236
0.194996
0.185024
0.176115
0.168103
0.160856
0.154273
0.148272
0.142795
0.137798
0.133251
0.129138
0.125458
0.12222
0.119448
0.117167
0.115393
0.114089
0.113109
0.112112
0.110509
0.107888
0.103989
0.0985981
0.0913585
0.0814269
0.066763
0.0434694
0.0128552
0.346493
0.337092
0.324979
0.311047
0.29601
0.28039
0.264538
0.248668
0.232895
0.217381
0.202685
0.190208
0.179511
0.170168
0.161882
0.154451
0.147731
0.141618
0.136036
0.130928
0.126256
0.121998
0.118146
0.114711
0.11172
0.10923
0.107321
0.106101
0.105667
0.106005
0.106768
0.106873
0.105586
0.102588
0.0977476
0.0908119
0.0810157
0.0663696
0.0430447
0.0125624
0.321078
0.313026
0.302612
0.290487
0.277181
0.263078
0.248406
0.233222
0.217381
0.200447
0.182075
0.169646
0.159594
0.150995
0.143428
0.136652
0.130513
0.124906
0.119757
0.115012
0.110638
0.106614
0.102935
0.0996155
0.0966904
0.0942305
0.0923621
0.0913061
0.0914372
0.0932827
0.0970935
0.100808
0.102033
0.100498
0.0964635
0.0899512
0.0803449
0.0657363
0.0423967
0.0121385
0.299248
0.29221
0.283077
0.272332
0.260366
0.247444
0.233675
0.218952
0.202685
0.182075
0.00813686
0.00660975
0.00776732
0.00856586
0.00908531
0.00942137
0.00962822
0.00974169
0.00978823
0.00978938
0.00976496
0.00973461
0.00972058
0.00975131
0.00986771
0.0101378
0.0106988
0.0119017
0.0149536
0.0248295
0.0935777
0.0976217
0.0991615
0.098289
0.0948766
0.0887865
0.079397
0.0648426
0.0415086
0.0115791
0.280365
0.274102
0.265951
0.256281
0.245373
0.233403
0.220414
0.206236
0.190208
0.169647
0.00660973
0.000620124
0.000457057
0.000551044
0.000627668
0.000683868
0.00072406
0.00075176
0.000770002
0.000781487
0.000788878
0.000794716
0.000802233
0.000815315
0.000839919
0.000885555
0.000971693
0.00114432
0.0015423
0.00261062
0.0894693
0.0948652
0.0966274
0.0961023
0.0931176
0.0873819
0.0781974
0.0636988
0.040387
0.0108937
0.263905
0.258242
0.250862
0.24204
0.231985
0.220819
0.208552
0.194997
0.179511
0.159594
0.00776731
0.000457056
3.41154e-05
2.39234e-05
2.87278e-05
3.30101e-05
3.62514e-05
3.86848e-05
4.04571e-05
4.1724e-05
4.26538e-05
4.34228e-05
4.42375e-05
4.53337e-05
4.72402e-05
5.05008e-05
5.62942e-05
6.72975e-05
8.96593e-05
0.000135641
0.0857531
0.0923085
0.0942674
0.0939575
0.0912675
0.0858073
0.0767928
0.0623372
0.0390563
0.0101034
0.249438
0.244247
0.237477
0.22934
0.219997
0.209535
0.197941
0.185024
0.170168
0.150995
0.00856585
0.000551043
2.39234e-05
1.52888e-06
1.00101e-06
1.21086e-06
1.41739e-06
1.50192e-06
1.68261e-06
1.74521e-06
1.79823e-06
1.84693e-06
1.89578e-06
1.95013e-06
2.02385e-06
2.12945e-06
2.40077e-06
2.78721e-06
3.59592e-06
4.80827e-06
0.082346
0.0898798
0.0920138
0.0918542
0.0893732
0.0841197
0.0752328
0.0607998
0.0375508
0.0092367
0.236607
0.231795
0.225522
0.217959
0.20923
0.199394
0.188421
0.176116
0.161882
0.143428
0.0090855
0.000627671
2.87277e-05
1.00101e-06
2.78446e-08
1.85655e-08
2.32547e-08
2.57304e-08
3.07199e-08
3.30695e-08
3.52443e-08
3.73227e-08
3.93488e-08
4.13691e-08
4.35336e-08
4.59207e-08
5.21878e-08
5.92367e-08
7.3756e-08
9.02337e-08
0.0791771
0.0875485
0.0898365
0.0897905
0.0874626
0.0823615
0.0735618
0.0591296
0.0359066
0.00832499
0.22513
0.220632
0.214781
0.207713
0.199523
0.190248
0.179842
0.168104
0.154451
0.136652
0.00942137
0.000683867
3.301e-05
1.21085e-06
1.85653e-08
3.31061e-10
2.25234e-10
2.6163e-10
3.31176e-10
3.72099e-10
4.11962e-10
4.51204e-10
4.89704e-10
5.27116e-10
5.63638e-10
5.9798e-10
6.81719e-10
7.59126e-10
9.15525e-10
1.05217e-09
0.0762065
0.0852973
0.0877202
0.0877647
0.0855524
0.0805629
0.0718164
0.0573658
0.0341569
0.00740007
0.214789
0.21056
0.205076
0.198446
0.190738
0.181969
0.172077
0.160857
0.147731
0.130513
0.00962821
0.000724059
3.62513e-05
1.41739e-06
2.32546e-08
2.25232e-10
3.00815e-12
1.86052e-12
2.47562e-12
2.90225e-12
3.33538e-12
3.7738e-12
4.20994e-12
4.63179e-12
5.02613e-12
5.36268e-12
6.11866e-12
6.70868e-12
7.8899e-12
8.68315e-12
0.0734051
0.0831129
0.0856552
0.0857746
0.0836531
0.0787454
0.0700259
0.0555425
0.0323298
0.00649206
0.205409
0.201418
0.196263
0.190026
0.182754
0.174445
0.165023
0.154273
0.141618
0.124906
0.00974168
0.000751759
3.86847e-05
1.50192e-06
2.57302e-08
2.61628e-10
1.86052e-12
2.0356e-14
1.43454e-14
1.74316e-14
2.07021e-14
2.4163e-14
2.75382e-14
3.08912e-14
3.39234e-14
3.6416e-14
4.15661e-14
4.50206e-14
5.19203e-14
5.54288e-14
0.0707487
0.080983
0.083633
0.0838177
0.0817707
0.0769247
0.0682143
0.0536891
0.0304484
0.00562816
0.196846
0.193072
0.188215
0.18234
0.175471
0.167587
0.158597
0.148273
0.136036
0.119757
0.00978823
0.000770001
4.0457e-05
1.6826e-06
3.07197e-08
3.31173e-10
2.47551e-12
1.43454e-14
0
0
0
0
0
0
2.54013e-17
6.98536e-17
1.20656e-16
1.20656e-16
1.20656e-16
1.20656e-16
0.0682166
0.0788951
0.0816457
0.0818906
0.0799086
0.0751124
0.066402
0.0518315
0.0285329
0.00483132
0.188981
0.185406
0.18083
0.175295
0.168806
0.161321
0.152732
0.142796
0.130928
0.115013
0.00978938
0.000781487
4.17239e-05
1.74521e-06
3.30694e-08
3.72096e-10
2.90214e-12
1.74316e-14
0
0
0
0
0
0
0
0
0
0
0
0
0.0657901
0.0768357
0.0796847
0.0799884
0.0780681
0.0733181
0.064608
0.0499937
0.0266037
0.00411913
0.18171
0.178325
0.174018
0.168811
0.162688
0.155586
0.147376
0.137799
0.126256
0.110638
0.00976496
0.000788877
4.26537e-05
1.79823e-06
3.52441e-08
4.11959e-10
3.33533e-12
2.07021e-14
0
0
0
0
0
0
0
0
0
0
0
0
0.0634526
0.0747895
0.0777395
0.0781052
0.0762493
0.0715506
0.0628515
0.0481997
0.0246864
0.00350311
0.174946
0.171747
0.167705
0.162821
0.157058
0.150332
0.14249
0.133251
0.121998
0.106614
0.00973461
0.000794716
4.34228e-05
1.84693e-06
3.73225e-08
4.51201e-10
3.77379e-12
2.4163e-14
0
0
0
0
0
0
0
0
0
0
0
0
0.0611881
0.0727377
0.0757969
0.0762331
0.0744519
0.0698193
0.0611531
0.0464755
0.0228167
0.00298902
0.168613
0.1656
0.161823
0.157266
0.151869
0.145523
0.138049
0.129139
0.118147
0.102936
0.00972057
0.000802233
4.42374e-05
1.89577e-06
3.93486e-08
4.897e-10
4.20992e-12
2.75382e-14
0
0
0
0
0
0
0
0
0
0
0
0
0.0589808
0.0706567
0.0738397
0.0743622
0.0726746
0.0681347
0.0595363
0.0448513
0.0210459
0.00257807
0.162641
0.159818
0.156314
0.152094
0.147076
0.141126
0.134035
0.125458
0.114711
0.0996156
0.00975131
0.000815315
4.53337e-05
1.95013e-06
4.1369e-08
5.27113e-10
4.63179e-12
3.08912e-14
0
0
0
0
0
0
0
0
0
0
0
0
0.0568133
0.0685155
0.0718444
0.0724788
0.0709153
0.0665091
0.0580278
0.0433631
0.0194431
0.00226892
0.156966
0.154342
0.151122
0.147254
0.142638
0.137114
0.130438
0.122221
0.111721
0.0966904
0.0098677
0.000839918
4.72401e-05
2.02384e-06
4.35334e-08
5.63635e-10
5.02608e-12
3.39234e-14
2.54013e-17
0
0
0
0
0
0
0
0
0
0
0
0.0546663
0.0662727
0.0697778
0.0705634
0.0691694
0.0649561
0.0566582
0.0420559
0.018093
0.00206003
0.151528
0.149112
0.14619
0.142697
0.138514
0.133458
0.12725
0.119448
0.10923
0.0942306
0.0101378
0.000885555
5.05008e-05
2.12945e-06
4.59205e-08
5.97977e-10
5.36268e-12
3.6416e-14
6.98536e-17
0
0
0
0
0
0
0
0
0
0
0
0.0525157
0.0638704
0.0675905
0.0685865
0.0674282
0.0634878
0.0554602
0.0409846
0.0170871
0.00195217
0.146265
0.144069
0.141461
0.138366
0.134653
0.13012
0.124458
0.117168
0.107321
0.0923622
0.0106988
0.000971693
5.62942e-05
2.40077e-06
5.21877e-08
6.81716e-10
6.11855e-12
4.15661e-14
1.20656e-16
0
0
0
0
0
0
0
0
0
0
0
0.0503297
0.0612247
0.0652064
0.0664997
0.0656708
0.0621088
0.0544645
0.0402134
0.0165133
0.00195123
0.141115
0.13915
0.136871
0.134195
0.130988
0.127041
0.122025
0.115393
0.106101
0.0913063
0.0119017
0.00114432
6.72975e-05
2.7872e-06
5.92365e-08
7.59123e-10
6.7086e-12
4.50206e-14
1.20656e-16
0
0
0
0
0
0
0
0
0
0
0
0.0480601
0.0582065
0.0625007
0.0642177
0.0638501
0.0608045
0.053691
0.0398088
0.0164468
0.00207184
0.136011
0.134287
0.132343
0.1301
0.127429
0.124127
0.119868
0.11409
0.105668
0.0914373
0.0149536
0.0015423
8.96593e-05
3.59592e-06
7.37558e-08
9.15522e-10
7.88987e-12
5.19203e-14
1.20656e-16
0
0
0
0
0
0
0
0
0
0
0
0.0456173
0.0545981
0.0592561
0.061579
0.061862
0.0595176
0.0531272
0.0398241
0.0169469
0.00234167
0.130879
0.1294
0.127792
0.125981
0.123855
0.121233
0.117824
0.113109
0.106005
0.0932828
0.0248295
0.00261062
0.000135641
4.80827e-06
9.02336e-08
1.05216e-09
8.68315e-12
5.54288e-14
1.20656e-16
0
0
0
0
0
0
0
0
0
0
0
0.0427655
0.0500022
0.0550777
0.0582728
0.0594907
0.0581098
0.0527026
0.0402664
0.0180552
0.00280667
0.125632
0.124397
0.123112
0.121715
0.120112
0.11816
0.115629
0.112112
0.106768
0.0970937
0.0935778
0.0894694
0.0857532
0.0823461
0.0791772
0.0762066
0.0734051
0.0707488
0.0682166
0.0657902
0.0634526
0.0611882
0.0589808
0.0568133
0.0546663
0.0525157
0.0503297
0.0480601
0.0456173
0.0427655
0.040967
0.0447003
0.0496889
0.0538767
0.0563593
0.0563023
0.0522396
0.0410689
0.0197731
0.0035324
0.12017
0.11917
0.118182
0.117158
0.116025
0.114672
0.112929
0.110509
0.106874
0.100808
0.0976219
0.0948654
0.0923088
0.0898801
0.0875487
0.0852975
0.0831131
0.0809832
0.0788952
0.0768357
0.0747895
0.0727378
0.0706567
0.0685155
0.0662726
0.0638703
0.0612246
0.0582063
0.054598
0.0500021
0.0447001
0.04322
0.0453923
0.0490802
0.052391
0.053783
0.0514376
0.0420437
0.0220611
0.00460649
0.114365
0.113582
0.112857
0.112152
0.111409
0.110545
0.109437
0.107888
0.105586
0.102033
0.0991618
0.0966277
0.0942677
0.092014
0.0898367
0.0877205
0.0856554
0.0836332
0.0816459
0.0796848
0.0777396
0.075797
0.0738397
0.0718444
0.0697777
0.0675905
0.0652064
0.0625006
0.059256
0.0550776
0.0496888
0.0453922
0.0440733
0.0455323
0.0483272
0.0505843
0.0500067
0.0428783
0.0247939
0.00613201
0.10804
0.107453
0.106951
0.106502
0.106061
0.105565
0.104919
0.10399
0.102588
0.100498
0.0982893
0.0961026
0.0939578
0.0918545
0.0897908
0.0877649
0.0857748
0.083818
0.0818908
0.0799886
0.0781054
0.0762333
0.0743623
0.0724789
0.0705635
0.0685865
0.0664997
0.0642177
0.061579
0.0582727
0.0538766
0.0490801
0.0455323
0.0443432
0.0453618
0.047316
0.0479342
0.0432294
0.0277266
0.00820516
0.100928
0.100511
0.100189
0.0999365
0.0997147
0.0994712
0.0991321
0.0985984
0.0977479
0.0964639
0.0948769
0.0931179
0.0912678
0.0893735
0.0874628
0.0855527
0.0836534
0.081771
0.0799088
0.0780683
0.0762495
0.0744521
0.0726748
0.0709154
0.0691695
0.0674283
0.0656708
0.0638501
0.061862
0.0594907
0.0563593
0.052391
0.0483272
0.0453617
0.0442815
0.0448809
0.0456352
0.0429054
0.0304873
0.0108659
0.0925559
0.0922819
0.0921006
0.0919886
0.0919124
0.091826
0.0916674
0.0913587
0.0908122
0.0899516
0.0887868
0.0873822
0.0858075
0.08412
0.0823617
0.0805631
0.0787456
0.0769248
0.0751125
0.0733182
0.0715507
0.0698194
0.0681348
0.0665091
0.0649561
0.0634879
0.0621088
0.0608045
0.0595176
0.0581098
0.0563023
0.0537829
0.0505842
0.0473159
0.0448809
0.0438488
0.0437521
0.042
0.0326214
0.0139977
0.0819634
0.0818022
0.0817233
0.0817045
0.0817141
0.0817093
0.0816354
0.0814271
0.081016
0.0803451
0.0793972
0.0781976
0.076793
0.075233
0.073562
0.0718165
0.070026
0.0682144
0.0664021
0.0646081
0.0628516
0.0611532
0.0595364
0.0580279
0.0566583
0.0554602
0.0544645
0.053691
0.0531272
0.0527026
0.0522397
0.0514377
0.0500067
0.0479342
0.0456352
0.0437521
0.0425516
0.0407425
0.0336678
0.017166
0.0670337
0.0669499
0.0669344
0.0669647
0.067009
0.0670253
0.0669625
0.0667632
0.0663698
0.0657365
0.0648428
0.0636989
0.0623373
0.0607999
0.0591297
0.0573659
0.0555426
0.0536892
0.0518316
0.0499937
0.0481997
0.0464756
0.0448514
0.0433632
0.0420559
0.0409846
0.0402134
0.0398088
0.0398241
0.0402664
0.0410689
0.0420438
0.0428784
0.0432295
0.0429054
0.042
0.0407425
0.0387028
0.0330499
0.0194626
0.043799
0.0437479
0.0437504
0.0437835
0.0438153
0.0438056
0.0437072
0.0434695
0.0430449
0.0423968
0.0415087
0.0403871
0.0390564
0.0375509
0.0359067
0.0341569
0.0323298
0.0304484
0.0285329
0.0266038
0.0246865
0.0228168
0.021046
0.0194432
0.0180931
0.0170872
0.0165134
0.0164468
0.016947
0.0180553
0.0197731
0.0220611
0.0247939
0.0277266
0.0304874
0.0326214
0.0336679
0.0330499
0.0292329
0.0194059
0.0131899
0.0131524
0.0131455
0.0131531
0.0131542
0.0131239
0.0130339
0.0128552
0.0125624
0.0121385
0.0115791
0.0108937
0.0101035
0.00923671
0.00832499
0.00740006
0.00649206
0.00562815
0.00483131
0.00411912
0.00350311
0.00298903
0.00257808
0.00226893
0.00206004
0.00195218
0.00195124
0.00207185
0.00234168
0.00280669
0.00353242
0.00460652
0.00613204
0.0082052
0.0108659
0.0139978
0.0171661
0.0194626
0.0194059
0.0150575
)
;

boundaryField
{
    left
    {
        type            fixedValue;
        value           uniform 0;
    }
    right
    {
        type            fixedValue;
        value           uniform 0;
    }
    up
    {
        type            fixedValue;
        value           uniform 0;
    }
    down
    {
        type            fixedValue;
        value           uniform 0;
    }
    front
    {
        type            fixedValue;
        value           uniform 0;
    }
    back
    {
        type            fixedValue;
        value           uniform 0;
    }
}


// ************************************************************************* //
