/*--------------------------------*- C++ -*----------------------------------*\
| =========                 |                                                 |
| \\      /  F ield         | OpenFOAM: The Open Source CFD Toolbox           |
|  \\    /   O peration     | Version:  2.1.0                                 |
|   \\  /    A nd           | Web:      www.OpenFOAM.org                      |
|    \\/     M anipulation  |                                                 |
\*---------------------------------------------------------------------------*/
FoamFile
{
    version     2.0;
    format      ascii;
    class       volScalarField;
    location    "32120";
    object      po;
}
// * * * * * * * * * * * * * * * * * * * * * * * * * * * * * * * * * * * * * //

dimensions      [1 -1 -2 0 0 0 0];

internalField   nonuniform List<scalar> 
8000
(
12688.3
12676
12655.5
12630.6
12603.9
12576.9
12550
12523.5
12497.2
12471.1
12444.9
12418.5
12391.7
12364.3
12336.3
12307.5
12277.9
12247.5
12216.3
12184.2
12151.4
12117.8
12083.7
12049.1
12014.2
11979.3
11944.5
11910.4
11877.1
11845.3
11815.2
11787.3
11761.9
11739.4
11719.9
11703.6
11690.4
11680.2
11672.9
11668.8
12676
12665.1
12646.4
12623.3
12598.1
12572.2
12546.3
12520.5
12494.8
12469.1
12443.3
12417.2
12390.7
12363.5
12335.6
12307
12277.5
12247.1
12215.9
12183.8
12150.9
12117.3
12083.1
12048.3
12013.2
11978
11942.9
11908.4
11874.8
11842.5
11812
11783.7
11758
11735.3
11715.6
11699.2
11686
11675.7
11668.4
11664.3
12655.5
12646.4
12630.4
12610
12587.3
12563.4
12539.1
12514.6
12490.1
12465.3
12440.3
12414.8
12388.8
12362
12334.4
12305.9
12276.6
12246.3
12215.1
12183
12150.1
12116.3
12081.8
12046.7
12011.2
11975.5
11939.8
11904.5
11870
11836.8
11805.5
11776.5
11750.2
11727
11707.1
11690.4
11677.1
11666.8
11659.4
11655.2
12630.6
12623.3
12610
12592.7
12572.8
12551.4
12529.2
12506.5
12483.4
12459.9
12436
12411.4
12386
12359.8
12332.7
12304.5
12275.4
12245.2
12214.1
12181.9
12148.9
12114.9
12080.1
12044.5
12008.4
11971.9
11935.2
11898.7
11862.9
11828.4
11795.7
11765.5
11738.3
11714.5
11694.1
11677.2
11663.6
11653.3
11645.8
11641.7
12603.9
12598.1
12587.3
12572.8
12555.6
12536.9
12517
12496.4
12475.1
12453.2
12430.6
12407.1
12382.7
12357.2
12330.6
12302.8
12273.9
12243.9
12212.8
12180.6
12147.4
12113.2
12077.9
12041.8
12004.9
11967.3
11929.3
11891.2
11853.6
11817
11782.4
11750.5
11722.1
11697.4
11676.5
11659.3
11645.6
11635.2
11627.7
11623.6
12576.9
12572.2
12563.4
12551.4
12536.9
12520.6
12503.1
12484.8
12465.6
12445.5
12424.5
12402.4
12379
12354.3
12328.3
12300.9
12272.4
12242.5
12211.5
12179.2
12145.8
12111.3
12075.6
12038.8
12001
11962.2
11922.5
11882.3
11842.1
11802.6
11765.2
11731.1
11701.1
11675.4
11654
11636.6
11622.9
11612.5
11605
11600.9
12550
12546.3
12539.1
12529.2
12517
12503.1
12488.1
12472
12455.1
12437.1
12418
12397.4
12375.2
12351.4
12326
12299.1
12270.8
12241.1
12210.2
12177.9
12144.3
12109.5
12073.3
12035.8
11997
11956.8
11915.2
11872.4
11828.8
11785.2
11743.7
11706.6
11674.8
11648.2
11626.5
11609
11595.4
11585.1
11577.8
11573.7
12523.5
12520.5
12514.6
12506.5
12496.4
12484.8
12472
12458.4
12443.9
12428.4
12411.5
12392.6
12371.7
12348.7
12323.9
12297.5
12269.4
12239.9
12209
12176.7
12142.9
12107.8
12071.3
12033.1
11993.4
11951.8
11908.1
11862.3
11814.3
11764.9
11716.8
11675.7
11642.1
11615.1
11593.5
11576.4
11563.1
11553.2
11546
11542.1
12497.2
12494.8
12490.1
12483.4
12475.1
12465.6
12455.1
12443.9
12432.1
12419.5
12405.5
12388.6
12368.8
12346.6
12322.3
12296.2
12268.3
12238.9
12208
12175.7
12141.9
12106.5
12069.6
12031
11990.5
11947.7
11902.1
11853.2
11800.1
11742.2
11681.9
11636.2
11602
11575.5
11554.9
11538.7
11526.2
11516.7
11509.9
11506.2
12471.1
12469.1
12465.3
12459.9
12453.2
12445.5
12437.1
12428.4
12419.5
12410.7
12401.1
12386
12367.1
12345.4
12321.3
12295.4
12267.6
12238.3
12207.4
12175
12141.1
12105.7
12068.6
12029.7
11988.7
11945.2
11898.4
11847.3
11789.6
11721
11631.2
11584.3
11552.9
11529.2
11510.6
11496
11484.6
11475.9
11469.6
11466.1
12444.9
12443.3
12440.3
12436
12430.6
12424.5
12418
12411.5
12405.5
12401.1
12397.8
12379.7
12358.9
12335.5
12309.9
12282.4
12253.1
12222.1
12189.6
12155.6
12119.9
12082.6
12043.5
12002.4
11958.9
11912.5
11862.3
11806.1
11738.7
11641.7
11536
11515.9
11495
11476.7
11461.4
11448.9
11438.9
11431.1
11425.3
11422.1
12418.5
12417.2
12414.8
12411.4
12407.1
12402.4
12397.4
12392.6
12388.6
12386
12379.7
12350.6
12321.9
12292.3
12261.4
12229.2
12195.6
12160.7
12124.5
12086.8
12047.5
12006.6
11963.7
11918.6
11870.7
11819.1
11762.5
11698.2
11621.3
11522.9
11457.3
11446.9
11433.5
11420.2
11408.2
11398
11389.5
11382.7
11377.5
11374.6
12391.7
12390.7
12388.8
12386
12382.7
12379
12375.2
12371.7
12368.8
12367.1
12358.9
12321.9
12286.4
12251
12215
12178.2
12140.5
12101.7
12061.7
12020.5
11977.8
11933.4
11887.1
11838.5
11786.9
11731.5
11671
11603.5
11526.3
11436.7
11385.9
11379.7
11370.9
11361.4
11352.2
11344
11337
11331.1
11326.5
11323.9
12364.3
12363.5
12362
12359.8
12357.2
12354.3
12351.4
12348.7
12346.6
12345.4
12335.5
12292.3
12251
12210.2
12169.3
12128.1
12086.3
12043.7
12000.2
11955.6
11909.6
11862.1
11812.7
11761.1
11706.6
11648.6
11586.2
11518.2
11443.4
11361.7
11318.1
11314
11307.9
11301
11294
11287.5
11281.8
11276.7
11272.6
11270.3
12336.3
12335.6
12334.4
12332.7
12330.6
12328.3
12326
12323.9
12322.3
12321.3
12309.9
12261.4
12215
12169.3
12123.9
12078.5
12032.8
11986.6
11939.7
11891.8
11842.9
11792.5
11740.4
11686.3
11629.7
11570
11506.8
11439.3
11367.4
11291.5
11252
11249.1
11244.7
11239.6
11234.2
11229
11224.2
11219.8
11216.1
11214.1
12307.5
12307
12306
12304.5
12302.8
12300.9
12299.1
12297.5
12296.2
12295.4
12282.4
12229.2
12178.2
12128.1
12078.5
12029.1
11979.7
11930.1
11880
11829.2
11777.4
11724.5
11670.1
11614
11555.7
11495
11431.4
11364.8
11295.3
11223.5
11186.8
11184.5
11181.2
11177.2
11173
11168.7
11164.7
11160.8
11157.4
11155.6
12277.9
12277.5
12276.6
12275.4
12273.9
12272.4
12270.8
12269.4
12268.3
12267.7
12253.1
12195.6
12140.5
12086.3
12032.8
11979.7
11926.9
11874
11821
11767.4
11713.1
11657.9
11601.5
11543.7
11484.1
11422.6
11359
11293.3
11225.6
11156.7
11121.7
11119.9
11117.2
11114
11110.5
11106.9
11103.3
11099.7
11096.7
11095
12247.5
12247.1
12246.3
12245.2
12243.9
12242.5
12241.1
12239.9
12238.9
12238.3
12222.1
12160.7
12101.7
12043.7
11986.6
11930.1
11874
11818.2
11762.4
11706.3
11649.8
11592.5
11534.4
11475.1
11414.5
11352.4
11288.8
11223.6
11157.3
11090.3
11056.5
11054.9
11052.7
11049.9
11046.9
11043.7
11040.3
11036.9
11034
11032.4
12216.3
12215.9
12215.1
12214.1
12212.8
12211.5
12210.2
12209
12208
12207.4
12189.6
12124.5
12061.7
12000.2
11939.7
11880
11821
11762.4
11704
11645.7
11587.1
11528
11468.4
11407.8
11346.3
11283.7
11220
11155.3
11089.8
11023.9
10990.9
10989.5
10987.4
10984.9
10982.1
10979
10975.7
10972.3
10969.5
10968
12184.2
12183.8
12183
12181.9
12180.6
12179.2
12177.9
12176.7
12175.7
12175
12155.6
12086.8
12020.5
11955.6
11891.8
11829.2
11767.4
11706.3
11645.7
11585.3
11524.8
11464.2
11403.2
11341.6
11279.2
11216.1
11152.3
11087.7
11022.7
10957.5
10924.8
10923.4
10921.5
10919
10916.1
10913
10909.5
10906.1
10903.3
10901.8
12151.4
12150.9
12150.1
12148.9
12147.4
12145.8
12144.3
12142.9
12141.9
12141.1
12119.9
12047.5
11977.8
11909.6
11842.9
11777.4
11713.1
11649.8
11587.1
11524.8
11462.8
11400.8
11338.5
11276
11212.9
11149.4
11085.3
11020.7
10955.7
10890.8
10858.3
10856.9
10854.8
10852.1
10849.1
10845.6
10841.9
10838.2
10835.3
10833.8
12117.8
12117.3
12116.3
12114.9
12113.2
12111.3
12109.5
12107.8
12106.5
12105.7
12082.6
12006.6
11933.4
11862.1
11792.5
11724.5
11657.9
11592.5
11528
11464.2
11400.8
11337.5
11274.3
11210.9
11147.2
11083.1
11018.7
10954
10888.9
10823.9
10791.2
10789.7
10787.4
10784.4
10780.9
10776.9
10772.6
10768.6
10765.5
10763.9
12083.7
12083.1
12081.8
12080.1
12077.9
12075.6
12073.3
12071.3
12069.6
12068.6
12043.5
11963.7
11887.1
11812.7
11740.4
11670.1
11601.5
11534.4
11468.4
11403.2
11338.5
11274.3
11210.1
11146
11081.8
11017.3
10952.6
10887.6
10822.3
10756.9
10723.9
10722.2
10719.4
10715.8
10711.5
10706.7
10701.8
10697.2
10693.8
10691.9
12049.1
12048.3
12046.7
12044.5
12041.8
12038.8
12035.8
12033.1
12031
12029.7
12002.4
11918.6
11838.5
11761.1
11686.3
11614
11543.7
11475.1
11407.8
11341.6
11276
11210.9
11146
11081.3
11016.6
10951.8
10886.7
10821.5
10755.8
10689.9
10656.4
10654.4
10651
10646.4
10641
10635.1
10629.2
10623.9
10619.9
10617.7
12014.2
12013.2
12011.2
12008.4
12004.9
12001
11997
11993.4
11990.5
11988.7
11958.9
11870.7
11786.9
11706.6
11629.7
11555.7
11484.1
11414.5
11346.3
11279.2
11212.9
11147.2
11081.8
11016.6
10951.5
10886.4
10821.2
10755.7
10689.8
10623.2
10589.2
10586.7
10582.3
10576.3
10569.4
10562
10554.8
10548.4
10543.6
10541
11979.3
11978
11975.5
11971.9
11967.3
11962.2
11956.8
11951.8
11947.7
11945.2
11912.5
11819.1
11731.5
11648.6
11570
11495
11422.6
11352.4
11283.7
11216.1
11149.4
11083.1
11017.3
10951.8
10886.4
10821.2
10755.9
10690.5
10624.5
10557.5
10522.8
10519.5
10513.6
10505.8
10496.7
10487.3
10478.3
10470.4
10464.4
10461.3
11944.5
11942.9
11939.8
11935.2
11929.3
11922.5
11915.2
11908.1
11902.1
11898.4
11862.3
11762.5
11671
11586.2
11506.8
11431.4
11359
11288.8
11220
11152.3
11085.2
11018.7
10952.6
10886.7
10821.2
10755.9
10690.8
10625.7
10560.2
10493.3
10458.2
10453.6
10445.5
10435
10423.1
10410.8
10399.3
10389.3
10381.9
10378
11910.4
11908.4
11904.5
11898.7
11891.2
11882.3
11872.4
11862.3
11853.2
11847.3
11806.1
11698.2
11603.5
11518.2
11439.3
11364.8
11293.3
11223.6
11155.3
11087.7
11020.7
10954
10887.6
10821.5
10755.7
10690.5
10625.7
10561.5
10497.2
10431.6
10396.5
10389.9
10378.6
10364.2
10348.3
10332.3
10317.4
10304.7
10295.3
10290.3
11877.1
11874.8
11870
11862.9
11853.6
11842.1
11828.7
11814.3
11800.1
11789.6
11738.7
11621.3
11526.3
11443.4
11367.4
11295.3
11225.6
11157.3
11089.8
11022.6
10955.7
10888.9
10822.3
10755.8
10689.8
10624.5
10560.2
10497.2
10435.3
10373.4
10339.9
10329.8
10313.5
10293.7
10272.3
10251.2
10231.9
10215.5
10203.6
10197.2
11845.3
11842.5
11836.8
11828.4
11817
11802.6
11785.2
11764.9
11742.2
11721
11641.7
11522.9
11436.7
11361.7
11291.5
11223.5
11156.7
11090.3
11023.9
10957.5
10890.8
10823.9
10756.8
10689.8
10623.2
10557.5
10493.3
10431.6
10373.4
10319.2
10291.7
10274.8
10250.8
10223.3
10194.8
10167.1
10142
10120.9
10105.6
10097.5
11815.2
11812
11805.5
11795.7
11782.4
11765.2
11743.7
11716.8
11681.9
11631.2
11536
11457.2
11385.9
11318.1
11252
11186.8
11121.7
11056.5
10990.9
10924.8
10858.2
10791.2
10723.9
10656.4
10589.2
10522.8
10458.2
10396.5
10339.9
10291.7
10259
10225.8
10190.1
10152.8
10115.2
10079.2
10046.7
10019.6
9999.89
9989.48
11787.3
11783.7
11776.5
11765.5
11750.5
11731.1
11706.6
11675.7
11636.2
11584.3
11515.9
11446.9
11379.7
11314
11249.1
11184.5
11119.9
11054.9
10989.5
10923.4
10856.9
10789.7
10722.2
10654.4
10586.7
10519.5
10453.6
10389.9
10329.8
10274.8
10225.8
10178.1
10129.9
10081.2
10032.8
9986.7
9944.97
9910.15
9884.79
9871.34
11761.9
11758
11750.2
11738.3
11722.1
11701.1
11674.7
11642.1
11602
11552.9
11495
11433.5
11370.9
11307.9
11244.7
11181.2
11117.2
11052.7
10987.4
10921.5
10854.8
10787.4
10719.4
10651
10582.2
10513.6
10445.5
10378.6
10313.5
10250.8
10190.1
10129.9
10069.2
10008
9947.32
9889.07
9835.94
9791.25
9758.47
9740.99
11739.4
11735.3
11727
11714.5
11697.4
11675.4
11648.2
11615.1
11575.5
11529.2
11476.7
11420.2
11361.4
11301
11239.6
11177.2
11114
11049.9
10984.9
10919
10852.1
10784.4
10715.8
10646.4
10576.3
10505.8
10435
10364.2
10293.7
10223.3
10152.8
10081.2
10008
9933.5
9858.91
9786.39
9719.24
9661.85
9619.23
9596.33
11719.9
11715.6
11707.1
11694.1
11676.5
11654
11626.4
11593.5
11554.8
11510.6
11461.4
11408.2
11352.2
11294
11234.2
11173
11110.5
11046.9
10982.1
10916.1
10849.1
10780.8
10711.5
10641
10569.4
10496.7
10423
10348.3
10272.3
10194.8
10115.2
10032.8
9947.32
9858.91
9768.88
9679.68
9595.36
9521.74
9466.07
9435.78
11703.6
11699.2
11690.4
11677.2
11659.3
11636.6
11609
11576.4
11538.7
11496
11448.9
11398
11344
11287.5
11229
11168.7
11106.9
11043.7
10979
10913
10845.6
10776.9
10706.7
10635.1
10562
10487.3
10410.8
10332.3
10251.2
10167.1
10079.2
9986.7
9889.07
9786.39
9679.68
9571.48
9466.58
9372.57
9299.77
9259.46
11690.4
11686
11677.1
11663.6
11645.6
11622.9
11595.4
11563.1
11526.2
11484.6
11438.9
11389.5
11337
11281.7
11224.2
11164.7
11103.3
11040.3
10975.7
10909.5
10841.9
10772.6
10701.8
10629.2
10554.8
10478.2
10399.3
10317.4
10231.9
10142
10046.7
9944.97
9835.94
9719.24
9595.35
9466.58
9338.17
9219.55
9124.97
9071.32
11680.2
11675.7
11666.8
11653.3
11635.2
11612.5
11585.1
11553.2
11516.7
11475.9
11431.1
11382.7
11331.1
11276.7
11219.8
11160.8
11099.7
11036.9
10972.3
10906.1
10838.2
10768.6
10697.2
10623.9
10548.4
10470.4
10389.3
10304.7
10215.5
10120.9
10019.6
9910.15
9791.25
9661.85
9521.73
9372.57
9219.55
9073.62
8953.27
8882.93
11672.9
11668.4
11659.4
11645.8
11627.7
11605
11577.8
11546
11509.9
11469.6
11425.3
11377.5
11326.5
11272.6
11216.1
11157.4
11096.7
11034
10969.5
10903.3
10835.3
10765.5
10693.8
10619.9
10543.6
10464.4
10381.9
10295.3
10203.6
10105.6
9999.89
9884.79
9758.47
9619.23
9466.07
9299.77
9124.97
8953.27
8806.86
8718.38
11668.8
11664.3
11655.2
11641.7
11623.6
11600.9
11573.7
11542.1
11506.2
11466.1
11422.1
11374.6
11323.9
11270.3
11214.1
11155.6
11095
11032.4
10968
10901.8
10833.8
10763.8
10691.9
10617.7
10541
10461.3
10378
10290.3
10197.2
10097.5
9989.47
9871.34
9740.99
9596.32
9435.78
9259.45
9071.31
8882.93
8718.38
8616.23
12708.8
12691.5
12665.6
12636.7
12607.6
12579.1
12551.3
12524.3
12497.7
12471.4
12445.1
12418.6
12391.8
12364.4
12336.3
12307.5
12277.9
12247.5
12216.3
12184.2
12151.3
12117.8
12083.7
12049.1
12014.2
11979.2
11944.5
11910.3
11877.1
11845.2
11815.1
11787.1
11761.8
11739.2
11719.7
11703.3
11690.2
11680.2
11673.2
11669.2
12691.5
12677.3
12654.7
12628.5
12601.3
12574.2
12547.5
12521.2
12495.3
12469.5
12443.6
12417.4
12390.8
12363.6
12335.7
12307
12277.5
12247.1
12215.9
12183.8
12150.9
12117.3
12083
12048.2
12013.1
11977.9
11942.9
11908.3
11874.7
11842.4
11811.9
11783.6
11757.9
11735.1
11715.4
11699
11685.7
11675.7
11668.7
11664.7
12665.6
12654.7
12636.4
12614
12589.9
12565.1
12540.1
12515.3
12490.5
12465.6
12440.5
12414.9
12388.8
12362
12334.4
12306
12276.6
12246.3
12215.1
12183
12150
12116.3
12081.8
12046.7
12011.2
11975.4
11939.7
11904.4
11869.9
11836.7
11805.4
11776.4
11750.1
11726.9
11706.9
11690.2
11676.8
11666.7
11659.7
11655.7
12636.7
12628.5
12614
12595.5
12574.7
12552.6
12530
12507
12483.8
12460.2
12436.1
12411.5
12386.1
12359.8
12332.7
12304.5
12275.4
12245.2
12214.1
12181.9
12148.8
12114.8
12080
12044.5
12008.3
11971.8
11935.1
11898.6
11862.8
11828.3
11795.6
11765.4
11738.2
11714.3
11693.8
11676.9
11663.4
11653.2
11646.2
11642.2
12607.6
12601.3
12589.9
12574.7
12557
12537.8
12517.6
12496.8
12475.4
12453.4
12430.7
12407.2
12382.7
12357.2
12330.6
12302.8
12273.9
12243.9
12212.8
12180.6
12147.4
12113.1
12077.9
12041.8
12004.8
11967.2
11929.2
11891.1
11853.5
11816.9
11782.2
11750.4
11721.9
11697.2
11676.2
11659
11645.4
11635.1
11628.1
11624.1
12579.1
12574.2
12565.1
12552.6
12537.8
12521.3
12503.6
12485.1
12465.8
12445.7
12424.6
12402.4
12379
12354.3
12328.3
12300.9
12272.3
12242.5
12211.4
12179.2
12145.8
12111.2
12075.5
12038.8
12000.9
11962.1
11922.4
11882.2
11841.9
11802.5
11765.1
11731
11700.9
11675.2
11653.8
11636.3
11622.7
11612.4
11605.4
11601.4
12551.3
12547.5
12540.1
12530
12517.6
12503.6
12488.4
12472.2
12455.2
12437.2
12418.1
12397.4
12375.2
12351.4
12326
12299.1
12270.8
12241.1
12210.1
12177.8
12144.2
12109.4
12073.2
12035.7
11996.9
11956.7
11915.1
11872.3
11828.6
11785.1
11743.5
11706.4
11674.6
11648
11626.2
11608.8
11595.2
11585.1
11578.2
11574.2
12524.3
12521.2
12515.3
12507
12496.8
12485.1
12472.2
12458.5
12444
12428.4
12411.5
12392.6
12371.7
12348.7
12323.9
12297.4
12269.4
12239.9
12208.9
12176.6
12142.9
12107.7
12071.1
12033
11993.2
11951.6
11907.9
11862.1
11814.1
11764.7
11716.6
11675.5
11641.9
11614.9
11593.2
11576.1
11562.9
11553.1
11546.4
11542.6
12497.7
12495.3
12490.5
12483.8
12475.4
12465.8
12455.2
12444
12432.1
12419.6
12405.5
12388.6
12368.8
12346.6
12322.3
12296.1
12268.3
12238.9
12208
12175.6
12141.8
12106.4
12069.5
12030.9
11990.3
11947.5
11901.9
11853
11799.9
11742
11681.6
11636
11601.7
11575.3
11554.6
11538.4
11525.9
11516.7
11510.3
11506.6
12471.4
12469.5
12465.6
12460.2
12453.4
12445.7
12437.2
12428.4
12419.6
12410.7
12401.2
12386
12367.1
12345.3
12321.3
12295.3
12267.6
12238.2
12207.3
12174.9
12141
12105.6
12068.5
12029.5
11988.5
11945
11898.2
11847
11789.3
11720.7
11630.9
11584.1
11552.7
11529
11510.4
11495.7
11484.4
11475.9
11470
11466.5
12445.1
12443.6
12440.5
12436.1
12430.7
12424.6
12418.1
12411.5
12405.5
12401.2
12398.2
12380.3
12359.6
12336.3
12310.9
12283.5
12254.3
12223.5
12191.2
12157.3
12121.8
12084.7
12045.8
12005
11961.8
11915.8
11866
11810.3
11743.6
11646
11535.8
11515.6
11494.8
11476.5
11461.1
11448.6
11438.7
11431.2
11425.8
11422.6
12418.6
12417.4
12414.9
12411.5
12407.2
12402.4
12397.4
12392.6
12388.6
12386
12380.3
12350.9
12322.2
12292.6
12261.8
12229.6
12196.1
12161.3
12125.1
12087.4
12048.2
12007.4
11964.6
11919.5
11871.7
11820.3
11763.8
11699.8
11623.3
11524.8
11457
11446.6
11433.3
11420
11407.9
11397.7
11389.3
11382.8
11378
11375.1
12391.8
12390.8
12388.8
12386.1
12382.7
12379
12375.2
12371.7
12368.8
12367.1
12359.6
12322.2
12286.6
12251.1
12215.1
12178.4
12140.6
12101.9
12062
12020.7
11978.1
11933.7
11887.5
11838.8
11787.3
11731.9
11671.5
11604.1
11526.9
11436.9
11385.6
11379.4
11370.6
11361
11351.9
11343.7
11336.7
11331.2
11327
11324.3
12364.4
12363.6
12362
12359.8
12357.2
12354.3
12351.4
12348.7
12346.6
12345.3
12336.3
12292.6
12251.1
12210.3
12169.4
12128.2
12086.4
12043.8
12000.3
11955.7
11909.7
11862.3
11812.9
11761.3
11706.8
11648.9
11586.4
11518.4
11443.6
11361.7
11317.8
11313.7
11307.6
11300.7
11293.7
11287.2
11281.5
11276.8
11273.2
11270.7
12336.3
12335.7
12334.4
12332.7
12330.6
12328.3
12326
12323.9
12322.3
12321.3
12310.9
12261.8
12215.1
12169.4
12124
12078.6
12032.8
11986.6
11939.7
11891.9
11842.9
11792.6
11740.5
11686.4
11629.8
11570.1
11506.9
11439.4
11367.4
11291.3
11251.7
11248.8
11244.4
11239.2
11233.8
11228.6
11224
11220
11216.8
11214.5
12307.5
12307
12306
12304.5
12302.8
12300.9
12299.1
12297.4
12296.1
12295.3
12283.5
12229.6
12178.4
12128.2
12078.6
12029.2
11979.8
11930.1
11880
11829.2
11777.5
11724.5
11670.2
11614
11555.8
11495
11431.4
11364.9
11295.3
11223.4
11186.5
11184.2
11180.9
11176.8
11172.6
11168.4
11164.5
11161
11158.1
11156
12277.9
12277.5
12276.6
12275.4
12273.9
12272.3
12270.8
12269.4
12268.3
12267.6
12254.3
12196.1
12140.6
12086.4
12032.8
11979.8
11926.9
11874.1
11821
11767.4
11713.2
11658
11601.6
11543.7
11484.2
11422.7
11359
11293.3
11225.6
11156.5
11121.4
11119.5
11116.8
11113.6
11110.1
11106.5
11103.1
11100.1
11097.4
11095.4
12247.5
12247.1
12246.3
12245.2
12243.9
12242.5
12241.1
12239.9
12238.9
12238.2
12223.5
12161.3
12101.9
12043.8
11986.6
11930.1
11874.1
11818.2
11762.4
11706.3
11649.8
11592.6
11534.4
11475.1
11414.5
11352.4
11288.8
11223.6
11157.2
11090.1
11056.1
11054.5
11052.2
11049.5
11046.4
11043.2
11040.2
11037.3
11034.7
11032.8
12216.3
12215.9
12215.1
12214.1
12212.8
12211.4
12210.1
12208.9
12208
12207.3
12191.2
12125.1
12062
12000.3
11939.7
11880
11821
11762.4
11704
11645.7
11587.1
11528.1
11468.4
11407.8
11346.3
11283.7
11220
11155.2
11089.7
11023.7
10990.5
10989
10987
10984.4
10981.6
10978.6
10975.6
10972.9
10970.2
10968.4
12184.2
12183.8
12183
12181.9
12180.6
12179.2
12177.8
12176.6
12175.6
12174.9
12157.3
12087.4
12020.7
11955.7
11891.9
11829.2
11767.4
11706.3
11645.7
11585.3
11524.8
11464.2
11403.2
11341.6
11279.2
11216.1
11152.3
11087.7
11022.6
10957.3
10924.4
10923
10921
10918.5
10915.6
10912.6
10909.6
10906.8
10904
10902.2
12151.3
12150.9
12150
12148.8
12147.4
12145.8
12144.2
12142.9
12141.8
12141
12121.8
12048.2
11978.1
11909.7
11842.9
11777.5
11713.2
11649.8
11587.1
11524.8
11462.8
11400.8
11338.5
11276
11212.9
11149.4
11085.2
11020.6
10955.6
10890.6
10857.8
10856.4
10854.3
10851.6
10848.5
10845.3
10842.1
10839
10836
10834.1
12117.8
12117.3
12116.3
12114.8
12113.1
12111.2
12109.4
12107.7
12106.4
12105.6
12084.7
12007.4
11933.7
11862.3
11792.6
11724.5
11658
11592.5
11528.1
11464.2
11400.8
11337.5
11274.3
11210.9
11147.2
11083.1
11018.7
10953.9
10888.9
10823.7
10790.8
10789.2
10786.9
10783.8
10780.3
10776.6
10773
10769.6
10766.2
10764.2
12083.7
12083
12081.8
12080
12077.9
12075.5
12073.2
12071.1
12069.5
12068.5
12045.8
11964.6
11887.5
11812.9
11740.5
11670.2
11601.6
11534.4
11468.4
11403.2
11338.5
11274.3
11210.1
11146
11081.8
11017.3
10952.6
10887.5
10822.2
10756.6
10723.5
10721.7
10718.9
10715.2
10711
10706.6
10702.3
10698.3
10694.4
10692.3
12049.1
12048.2
12046.7
12044.5
12041.8
12038.8
12035.7
12033
12030.9
12029.5
12005
11919.5
11838.8
11761.3
11686.4
11614
11543.7
11475.1
11407.8
11341.6
11276
11210.9
11146
11081.3
11016.6
10951.8
10886.7
10821.4
10755.8
10689.7
10656.1
10653.9
10650.4
10645.9
10640.6
10635.2
10629.9
10625.1
10620.6
10618.1
12014.2
12013.1
12011.2
12008.3
12004.8
12000.9
11996.9
11993.2
11990.3
11988.5
11961.8
11871.7
11787.3
11706.8
11629.8
11555.7
11484.2
11414.5
11346.3
11279.2
11212.9
11147.2
11081.8
11016.6
10951.5
10886.4
10821.2
10755.7
10689.8
10623.1
10589
10586.3
10581.8
10575.9
10569.2
10562.3
10555.7
10549.7
10544.3
10541.4
11979.2
11977.9
11975.4
11971.8
11967.2
11962.1
11956.7
11951.6
11947.5
11945
11915.8
11820.3
11731.9
11648.9
11570.1
11495
11422.7
11352.4
11283.7
11216.1
11149.4
11083.1
11017.3
10951.8
10886.4
10821.2
10755.9
10690.5
10624.5
10557.5
10522.9
10519.3
10513.3
10505.5
10496.7
10487.8
10479.3
10471.7
10465.2
10461.7
11944.5
11942.9
11939.7
11935.1
11929.2
11922.4
11915.1
11907.9
11901.9
11898.2
11866
11763.8
11671.5
11586.4
11506.9
11431.4
11359
11288.8
11220
11152.2
11085.2
11018.7
10952.6
10886.7
10821.2
10755.9
10690.8
10625.8
10560.2
10493.4
10458.4
10453.7
10445.5
10435
10423.3
10411.5
10400.5
10390.7
10382.6
10378.4
11910.3
11908.3
11904.4
11898.6
11891.1
11882.2
11872.3
11862.1
11853
11847
11810.3
11699.8
11604.1
11518.4
11439.4
11364.8
11293.3
11223.6
11155.2
11087.7
11020.6
10953.9
10887.5
10821.4
10755.7
10690.5
10625.8
10561.5
10497.3
10431.8
10397
10390.3
10378.9
10364.5
10348.8
10333.1
10318.7
10306.1
10296
10290.7
11877.1
11874.7
11869.9
11862.8
11853.5
11841.9
11828.6
11814.1
11799.9
11789.3
11743.6
11623.3
11526.9
11443.6
11367.4
11295.3
11225.6
11157.2
11089.7
11022.6
10955.6
10888.9
10822.2
10755.8
10689.8
10624.5
10560.2
10497.3
10435.5
10373.8
10340.6
10330.5
10314.1
10294.2
10273
10252.2
10233.3
10216.9
10204.3
10197.6
11845.2
11842.4
11836.7
11828.3
11816.9
11802.5
11785.1
11764.7
11742
11720.7
11646
11524.8
11436.9
11361.7
11291.3
11223.3
11156.5
11090.1
11023.7
10957.3
10890.6
10823.7
10756.6
10689.7
10623.1
10557.5
10493.4
10431.8
10373.8
10319.9
10292.7
10275.8
10251.6
10224.1
10195.7
10168.2
10143.4
10122.2
10106.2
10097.6
11815.1
11811.9
11805.4
11795.6
11782.2
11765.1
11743.5
11716.6
11681.6
11630.9
11535.8
11457
11385.6
11317.8
11251.7
11186.5
11121.4
11056.1
10990.5
10924.4
10857.8
10790.8
10723.5
10656.1
10589
10522.8
10458.4
10397
10340.6
10292.7
10260.2
10227
10191.3
10153.8
10116.2
10080.3
10047.9
10020.7
10000.1
9989.21
11787.1
11783.6
11776.4
11765.4
11750.4
11731
11706.4
11675.5
11636
11584.1
11515.6
11446.6
11379.4
11313.7
11248.8
11184.2
11119.5
11054.5
10989
10923
10856.4
10789.2
10721.7
10653.9
10586.3
10519.3
10453.7
10390.3
10330.5
10275.8
10227
10179.4
10131.2
10082.3
10033.8
9987.59
9945.79
9910.58
9884.26
9870.14
11761.8
11757.9
11750.1
11738.2
11721.9
11700.9
11674.6
11641.9
11601.7
11552.7
11494.8
11433.3
11370.6
11307.6
11244.4
11180.9
11116.8
11052.2
10987
10921
10854.3
10786.9
10718.9
10650.4
10581.8
10513.3
10445.5
10378.9
10314.1
10251.6
10191.3
10131.2
10070.4
10009
9948.1
9889.47
9835.85
9790.33
9756.25
9737.85
11739.2
11735.1
11726.9
11714.3
11697.2
11675.2
11648
11614.9
11575.3
11529
11476.5
11419.9
11361
11300.7
11239.2
11176.8
11113.6
11049.5
10984.4
10918.5
10851.6
10783.8
10715.2
10645.9
10575.9
10505.5
10435
10364.5
10294.2
10224.1
10153.8
10082.3
10009
9934.2
9859.04
9785.67
9717.32
9658.27
9613.62
9589.33
11719.7
11715.4
11706.9
11693.8
11676.2
11653.8
11626.2
11593.2
11554.6
11510.4
11461.1
11407.9
11351.9
11293.7
11233.8
11172.6
11110.1
11046.4
10981.6
10915.6
10848.5
10780.3
10711
10640.6
10569.2
10496.7
10423.3
10348.8
10273
10195.7
10116.2
10033.8
9948.1
9859.04
9767.83
9676.89
9590.12
9513.24
9453.99
9421.31
11703.3
11699
11690.2
11676.9
11659
11636.3
11608.8
11576.1
11538.4
11495.7
11448.6
11397.7
11343.7
11287.2
11228.6
11168.4
11106.5
11043.2
10978.6
10912.6
10845.2
10776.6
10706.6
10635.2
10562.3
10487.8
10411.5
10333.1
10252.2
10168.2
10080.3
9987.59
9889.47
9785.67
9676.89
9565.42
9455.81
9355.54
9275.95
9230.99
11690.2
11685.7
11676.8
11663.4
11645.4
11622.7
11595.2
11562.9
11525.9
11484.4
11438.7
11389.3
11336.7
11281.5
11224
11164.4
11103.1
11040.2
10975.6
10909.6
10842.1
10773
10702.3
10629.9
10555.7
10479.3
10400.5
10318.7
10233.3
10143.4
10047.9
9945.79
9835.85
9717.32
9590.12
9455.81
9318.93
9188.71
9081.06
9017.95
11680.2
11675.7
11666.7
11653.2
11635.1
11612.4
11585.1
11553.1
11516.7
11475.9
11431.2
11382.8
11331.2
11276.8
11220
11161
11100.1
11037.3
10972.9
10906.8
10839
10769.6
10698.3
10625.1
10549.7
10471.7
10390.7
10306.1
10216.9
10122.2
10020.7
9910.58
9790.33
9658.27
9513.24
9355.54
9188.71
9022.65
8878.12
8788.79
11673.2
11668.7
11659.7
11646.2
11628.1
11605.4
11578.2
11546.4
11510.3
11470
11425.8
11378
11327
11273.2
11216.8
11158.1
11097.4
11034.7
10970.2
10904
10836
10766.2
10694.4
10620.6
10544.3
10465.2
10382.6
10296
10204.3
10106.2
10000.1
9884.25
9756.25
9613.62
9453.99
9275.95
9081.06
8878.12
8691.07
8567.54
11669.2
11664.7
11655.7
11642.2
11624
11601.4
11574.2
11542.6
11506.6
11466.5
11422.6
11375.1
11324.3
11270.7
11214.5
11156
11095.4
11032.8
10968.4
10902.2
10834.1
10764.2
10692.3
10618.1
10541.4
10461.7
10378.4
10290.7
10197.6
10097.6
9989.2
9870.13
9737.85
9589.32
9421.31
9230.99
9017.95
8788.79
8567.54
8411.95
12760.2
12725.6
12685.3
12647.8
12613.8
12582.6
12553.4
12525.6
12498.5
12471.9
12445.5
12418.9
12391.9
12364.5
12336.4
12307.6
12277.9
12247.5
12216.2
12184.2
12151.3
12117.8
12083.6
12049
12014.1
11979.2
11944.4
11910.2
11877
11845.1
11815
11787
11761.6
11739
11719.5
11703.2
11690.1
11680.2
11673.5
11669.7
12725.6
12702.1
12670.3
12637.8
12606.7
12577.4
12549.4
12522.4
12496
12469.9
12443.9
12417.6
12390.9
12363.7
12335.7
12307
12277.5
12247.1
12215.9
12183.8
12150.9
12117.2
12083
12048.2
12013.1
11977.9
11942.8
11908.3
11874.6
11842.3
11811.7
11783.4
11757.7
11734.9
11715.2
11698.8
11685.6
11675.7
11669
11665.2
12685.3
12670.3
12647.1
12620.8
12594.1
12567.6
12541.8
12516.3
12491.2
12466
12440.8
12415.1
12388.9
12362.1
12334.5
12306
12276.6
12246.3
12215.1
12183
12150
12116.2
12081.7
12046.6
12011.1
11975.3
11939.6
11904.3
11869.8
11836.6
11805.3
11776.2
11749.9
11726.7
11706.7
11690
11676.7
11666.8
11660
11656.2
12647.8
12637.8
12620.8
12600.1
12577.7
12554.6
12531.2
12507.8
12484.3
12460.5
12436.4
12411.6
12386.2
12359.9
12332.7
12304.5
12275.4
12245.2
12214
12181.9
12148.8
12114.8
12080
12044.4
12008.3
11971.7
11935
11898.5
11862.7
11828.1
11795.4
11765.2
11738
11714.1
11693.6
11676.7
11663.3
11653.3
11646.4
11642.6
12613.8
12606.7
12594.1
12577.7
12559.1
12539.2
12518.6
12497.4
12475.8
12453.7
12430.9
12407.4
12382.8
12357.3
12330.6
12302.8
12273.9
12243.9
12212.8
12180.6
12147.3
12113
12077.8
12041.7
12004.7
11967.2
11929.1
11891
11853.3
11816.7
11782.1
11750.2
11721.8
11697
11676
11658.8
11645.2
11635.2
11628.3
11624.5
12582.6
12577.4
12567.6
12554.6
12539.2
12522.3
12504.3
12485.6
12466.1
12445.9
12424.8
12402.5
12379.1
12354.3
12328.3
12300.9
12272.3
12242.5
12211.4
12179.1
12145.7
12111.2
12075.5
12038.7
12000.8
11962
11922.3
11882.1
11841.8
11802.4
11764.9
11730.8
11700.7
11675
11653.6
11636.1
11622.5
11612.5
11605.7
11601.9
12553.4
12549.4
12541.8
12531.2
12518.6
12504.3
12488.9
12472.6
12455.5
12437.4
12418.2
12397.5
12375.2
12351.4
12326
12299.1
12270.7
12241.1
12210
12177.7
12144.2
12109.3
12073.1
12035.6
11996.8
11956.6
11914.9
11872.1
11828.5
11784.9
11743.4
11706.2
11674.4
11647.8
11626
11608.5
11595
11585.1
11578.4
11574.7
12525.6
12522.4
12516.3
12507.8
12497.4
12485.6
12472.6
12458.8
12444.1
12428.6
12411.6
12392.7
12371.7
12348.7
12323.9
12297.4
12269.3
12239.8
12208.8
12176.5
12142.8
12107.6
12071
12032.9
11993.1
11951.4
11907.8
11861.9
11813.9
11764.5
11716.4
11675.3
11641.7
11614.7
11593
11575.9
11562.8
11553.2
11546.7
11543.1
12498.5
12496
12491.2
12484.3
12475.8
12466.1
12455.5
12444.1
12432.3
12419.6
12405.6
12388.6
12368.8
12346.6
12322.3
12296.1
12268.2
12238.8
12207.9
12175.5
12141.6
12106.3
12069.4
12030.7
11990.1
11947.3
11901.7
11852.8
11799.7
11741.8
11681.4
11635.8
11601.5
11575.1
11554.4
11538.2
11525.8
11516.7
11510.6
11507.1
12471.9
12469.9
12466
12460.5
12453.7
12445.9
12437.4
12428.6
12419.6
12410.7
12401.2
12386
12367.1
12345.3
12321.3
12295.3
12267.5
12238.1
12207.2
12174.8
12140.9
12105.4
12068.3
12029.4
11988.3
11944.8
11898
11846.8
11789.1
11720.4
11630.6
11583.8
11552.4
11528.7
11510.1
11495.5
11484.2
11476
11470.3
11467
12445.5
12443.9
12440.8
12436.4
12430.9
12424.8
12418.2
12411.6
12405.6
12401.2
12398.4
12380.7
12360.1
12336.9
12311.5
12284.2
12255.1
12224.4
12192.2
12158.4
12123.1
12086.1
12047.4
12006.7
11963.8
11918
11868.4
11813.1
11746.6
11648.3
11535.5
11515.3
11494.5
11476.2
11460.9
11448.4
11438.5
11431.2
11426.1
11423.1
12418.9
12417.6
12415.1
12411.6
12407.4
12402.5
12397.5
12392.7
12388.6
12386
12380.7
12351.2
12322.5
12293
12262.2
12230.1
12196.7
12161.9
12125.8
12088.2
12049.1
12008.3
11965.6
11920.6
11872.9
11821.7
11765.4
11701.7
11625.4
11526.6
11456.8
11446.3
11433
11419.7
11407.7
11397.4
11389.1
11382.8
11378.4
11375.6
12391.9
12390.9
12388.9
12386.2
12382.8
12379.1
12375.2
12371.7
12368.8
12367.1
12360.1
12322.5
12286.9
12251.4
12215.4
12178.6
12140.9
12102.2
12062.3
12021.1
11978.4
11934.2
11887.9
11839.3
11787.8
11732.6
11672.2
11604.8
11527.6
11437.3
11385.4
11379.1
11370.3
11360.8
11351.6
11343.4
11336.6
11331.3
11327.4
11324.8
12364.5
12363.7
12362.1
12359.9
12357.3
12354.3
12351.4
12348.7
12346.6
12345.3
12336.9
12293
12251.4
12210.5
12169.6
12128.3
12086.5
12044
12000.5
11955.9
11909.9
11862.5
11813.1
11761.5
11707.1
11649.2
11586.8
11518.7
11443.8
11361.6
11317.6
11313.4
11307.3
11300.4
11293.4
11286.9
11281.4
11276.9
11273.6
11271.2
12336.4
12335.7
12334.5
12332.7
12330.6
12328.3
12326
12323.9
12322.3
12321.3
12311.5
12262.2
12215.4
12169.6
12124.1
12078.6
12032.9
11986.7
11939.8
11892
11843
11792.7
11740.6
11686.5
11629.9
11570.3
11507
11439.5
11367.5
11291.2
11251.5
11248.5
11244.1
11238.9
11233.5
11228.4
11223.9
11220.2
11217.2
11215
12307.6
12307
12306
12304.5
12302.8
12300.9
12299.1
12297.4
12296.1
12295.3
12284.2
12230.1
12178.6
12128.3
12078.6
12029.2
11979.8
11930.2
11880.1
11829.3
11777.5
11724.6
11670.2
11614.1
11555.8
11495.1
11431.5
11364.9
11295.2
11223.2
11186.2
11183.9
11180.5
11176.5
11172.2
11168.1
11164.4
11161.2
11158.6
11156.5
12277.9
12277.5
12276.6
12275.4
12273.9
12272.3
12270.7
12269.3
12268.2
12267.5
12255.1
12196.7
12140.9
12086.5
12032.9
11979.8
11927
11874.1
11821
11767.4
11713.2
11658
11601.6
11543.8
11484.2
11422.7
11359
11293.2
11225.5
11156.3
11121.1
11119.2
11116.5
11113.2
11109.7
11106.3
11103.1
11100.3
11097.9
11095.9
12247.5
12247.1
12246.3
12245.2
12243.9
12242.5
12241.1
12239.8
12238.8
12238.2
12224.4
12161.9
12102.2
12044
11986.7
11930.2
11874.1
11818.3
11762.4
11706.3
11649.8
11592.6
11534.4
11475.1
11414.5
11352.4
11288.8
11223.6
11157.1
11089.8
11055.8
11054.2
11051.9
11049.1
11046.1
11043
11040.2
11037.6
11035.3
11033.3
12216.2
12215.9
12215.1
12214
12212.8
12211.4
12210
12208.8
12207.9
12207.2
12192.2
12125.8
12062.3
12000.5
11939.8
11880.1
11821
11762.4
11704
11645.7
11587.1
11528.1
11468.4
11407.9
11346.3
11283.7
11220
11155.2
11089.6
11023.5
10990.2
10988.7
10986.6
10984
10981.2
10978.4
10975.7
10973.2
10970.9
10968.9
12184.2
12183.8
12183
12181.9
12180.6
12179.1
12177.7
12176.5
12175.5
12174.8
12158.4
12088.2
12021.1
11955.9
11892
11829.3
11767.4
11706.3
11645.7
11585.3
11524.8
11464.2
11403.2
11341.6
11279.2
11216.1
11152.2
11087.6
11022.4
10957
10924.1
10922.6
10920.6
10918.1
10915.3
10912.4
10909.7
10907.1
10904.7
10902.7
12151.3
12150.9
12150
12148.8
12147.3
12145.7
12144.2
12142.8
12141.6
12140.9
12123.1
12049.1
11978.4
11909.9
11843
11777.5
11713.2
11649.8
11587.1
11524.8
11462.8
11400.8
11338.5
11276
11212.9
11149.3
11085.2
11020.5
10955.5
10890.3
10857.5
10856
10853.9
10851.2
10848.2
10845.1
10842.2
10839.4
10836.8
10834.7
12117.8
12117.2
12116.2
12114.8
12113
12111.2
12109.3
12107.6
12106.3
12105.4
12086.1
12008.3
11934.2
11862.5
11792.7
11724.6
11658
11592.6
11528.1
11464.2
11400.8
11337.5
11274.3
11210.9
11147.2
11083.1
11018.7
10953.9
10888.7
10823.5
10790.5
10788.9
10786.5
10783.5
10780.1
10776.6
10773.2
10770.1
10767
10764.8
12083.6
12083
12081.7
12080
12077.8
12075.5
12073.1
12071
12069.4
12068.3
12047.4
11965.6
11887.9
11813.1
11740.6
11670.2
11601.6
11534.4
11468.4
11403.2
11338.5
11274.3
11210.1
11146
11081.8
11017.3
10952.5
10887.5
10822.1
10756.5
10723.2
10721.4
10718.5
10714.9
10710.8
10706.6
10702.6
10698.9
10695.3
10692.9
12049
12048.2
12046.6
12044.4
12041.7
12038.7
12035.6
12032.9
12030.7
12029.4
12006.7
11920.6
11839.3
11761.5
11686.5
11614.1
11543.8
11475.1
11407.8
11341.6
11276
11210.9
11146
11081.3
11016.6
10951.7
10886.7
10821.4
10755.7
10689.6
10655.9
10653.7
10650.2
10645.7
10640.5
10635.3
10630.3
10625.7
10621.5
10618.8
12014.1
12013.1
12011.1
12008.3
12004.7
12000.8
11996.8
11993.1
11990.1
11988.3
11963.8
11872.9
11787.8
11707.1
11629.9
11555.8
11484.2
11414.5
11346.3
11279.2
11212.9
11147.2
11081.8
11016.6
10951.5
10886.4
10821.2
10755.7
10689.7
10623.1
10588.9
10586.2
10581.7
10575.8
10569.2
10562.5
10556.1
10550.4
10545.2
10542.1
11979.2
11977.9
11975.3
11971.7
11967.2
11962
11956.6
11951.4
11947.3
11944.8
11918
11821.7
11732.6
11649.2
11570.3
11495.1
11422.7
11352.4
11283.7
11216.1
11149.3
11083.1
11017.3
10951.7
10886.4
10821.2
10755.9
10690.5
10624.5
10557.5
10522.9
10519.3
10513.3
10505.6
10496.9
10488
10479.8
10472.5
10466.2
10462.4
11944.4
11942.8
11939.6
11935
11929.1
11922.3
11914.9
11907.8
11901.7
11898
11868.4
11765.4
11672.2
11586.8
11507
11431.5
11359
11288.7
11220
11152.2
11085.2
11018.7
10952.5
10886.7
10821.2
10755.9
10690.9
10625.8
10560.3
10493.5
10458.5
10453.8
10445.6
10435.1
10423.5
10411.8
10401
10391.5
10383.7
10379.1
11910.2
11908.3
11904.3
11898.5
11891
11882.1
11872.1
11861.9
11852.8
11846.8
11813.1
11701.7
11604.8
11518.7
11439.5
11364.9
11293.2
11223.6
11155.2
11087.6
11020.5
10953.9
10887.5
10821.4
10755.7
10690.5
10625.8
10561.6
10497.4
10432
10397.2
10390.5
10379
10364.7
10349
10333.4
10319.1
10306.9
10297.1
10291.4
11877
11874.6
11869.8
11862.7
11853.3
11841.8
11828.4
11813.9
11799.7
11789.1
11746.5
11625.4
11527.6
11443.8
11367.4
11295.2
11225.5
11157.1
11089.6
11022.4
10955.5
10888.7
10822.1
10755.7
10689.7
10624.5
10560.3
10497.4
10435.7
10374
10340.9
10330.7
10314.3
10294.4
10273.2
10252.5
10233.6
10217.7
10205.3
10198.1
11845.1
11842.3
11836.6
11828.1
11816.7
11802.4
11784.9
11764.5
11741.8
11720.4
11648.3
11526.6
11437.2
11361.6
11291.2
11223.2
11156.3
11089.8
11023.5
10957
10890.3
10823.4
10756.5
10689.5
10623.1
10557.5
10493.5
10432
10374
10320.2
10293
10276
10251.8
10224.3
10195.8
10168.3
10143.5
10122.7
10106.9
10097.9
11815
11811.7
11805.3
11795.4
11782.1
11764.9
11743.4
11716.4
11681.4
11630.6
11535.5
11456.8
11385.4
11317.6
11251.5
11186.2
11121.1
11055.8
10990.2
10924.1
10857.5
10790.5
10723.2
10655.9
10588.9
10522.9
10458.5
10397.2
10340.9
10293
10260.4
10227.2
10191.4
10153.8
10116.1
10080
10047.6
10020.5
10000.2
9988.77
11787
11783.4
11776.2
11765.2
11750.2
11730.8
11706.2
11675.3
11635.8
11583.8
11515.3
11446.3
11379.1
11313.4
11248.5
11183.9
11119.2
11054.2
10988.7
10922.6
10856
10788.9
10721.4
10653.7
10586.2
10519.3
10453.8
10390.5
10330.7
10276
10227.2
10179.6
10131.2
10082.1
10033.3
9986.68
9944.48
9909.21
9882.97
9868.2
11761.6
11757.7
11749.9
11738
11721.8
11700.7
11674.4
11641.7
11601.5
11552.4
11494.5
11433
11370.3
11307.3
11244.1
11180.5
11116.5
11051.9
10986.6
10920.6
10853.9
10786.5
10718.5
10650.2
10581.7
10513.3
10445.6
10379
10314.3
10251.8
10191.4
10131.2
10070.2
10008.5
9946.86
9887.36
9832.77
9786.54
9752.08
9732.77
11739
11734.9
11726.7
11714.1
11697
11675
11647.8
11614.7
11575.1
11528.7
11476.2
11419.7
11360.8
11300.4
11238.9
11176.5
11113.2
11049.1
10984
10918.1
10851.2
10783.5
10714.9
10645.6
10575.8
10505.6
10435.1
10364.7
10294.4
10224.3
10153.8
10082.1
10008.5
9932.92
9856.56
9781.47
9711.01
9649.93
9603.72
9577.8
11719.5
11715.2
11706.7
11693.6
11676
11653.6
11626
11593
11554.4
11510.1
11460.9
11407.7
11351.6
11293.4
11233.5
11172.2
11109.7
11046
10981.2
10915.3
10848.2
10780.1
10710.8
10640.5
10569.2
10496.9
10423.5
10349
10273.2
10195.8
10116.1
10033.3
9946.86
9856.56
9763.29
9669.19
9578.19
9496.58
9432.97
9396.79
11703.2
11698.8
11690
11676.7
11658.8
11636.1
11608.5
11575.9
11538.2
11495.5
11448.4
11397.4
11343.4
11286.9
11228.4
11168.1
11106.3
11043
10978.4
10912.4
10845.1
10776.5
10706.6
10635.3
10562.5
10488
10411.8
10333.4
10252.5
10168.3
10080
9986.67
9887.36
9781.47
9669.19
9552.17
9434.52
9324.12
9233.89
9180.77
11690.1
11685.6
11676.7
11663.3
11645.2
11622.5
11595
11562.8
11525.8
11484.2
11438.5
11389.1
11336.6
11281.4
11223.9
11164.4
11103.1
11040.2
10975.7
10909.7
10842.2
10773.2
10702.6
10630.3
10556.1
10479.8
10401
10319.1
10233.6
10143.5
10047.6
9944.48
9832.77
9711.01
9578.19
9434.52
9283.02
9132.31
9000.62
8918.14
11680.2
11675.7
11666.8
11653.3
11635.2
11612.5
11585.1
11553.2
11516.7
11476
11431.2
11382.8
11331.3
11276.9
11220.1
11161.2
11100.3
11037.6
10973.2
10907.1
10839.4
10770
10698.9
10625.7
10550.4
10472.5
10391.5
10306.9
10217.7
10122.7
10020.5
9909.21
9786.54
9649.93
9496.58
9324.12
9132.31
8927.56
8732.33
8598.05
11673.5
11669
11660
11646.4
11628.3
11605.7
11578.4
11546.7
11510.6
11470.3
11426.1
11378.4
11327.4
11273.6
11217.2
11158.6
11097.9
11035.3
10970.9
10904.7
10836.8
10767
10695.3
10621.5
10545.2
10466.2
10383.7
10297.1
10205.3
10106.9
10000.2
9882.97
9752.08
9603.72
9432.97
9233.89
9000.61
8732.33
8449.12
8228.15
11669.7
11665.2
11656.2
11642.6
11624.5
11601.9
11574.7
11543.1
11507.1
11467
11423.1
11375.6
11324.8
11271.2
11215
11156.5
11095.9
11033.3
10968.9
10902.7
10834.7
10764.8
10692.9
10618.7
10542.1
10462.4
10379.1
10291.4
10198.1
10097.9
9988.76
9868.2
9732.77
9577.8
9396.79
9180.77
8918.14
8598.05
8228.15
7896.87
12879.8
12786.6
12713.6
12661.3
12620.7
12586.3
12555.5
12526.8
12499.3
12472.4
12445.8
12419.1
12392.1
12364.6
12336.4
12307.6
12278
12247.5
12216.2
12184.2
12151.3
12117.8
12083.6
12049
12014.1
11979.1
11944.4
11910.2
11876.9
11845
11814.9
11786.9
11761.5
11738.9
11719.4
11703.1
11690
11680.3
11673.6
11670
12786.6
12739.8
12690.6
12648.5
12612.6
12580.6
12551.3
12523.5
12496.7
12470.4
12444.2
12417.8
12391
12363.7
12335.8
12307
12277.5
12247.1
12215.8
12183.8
12150.9
12117.2
12082.9
12048.2
12013
11977.8
11942.8
11908.2
11874.5
11842.2
11811.7
11783.3
11757.6
11734.8
11715.1
11698.7
11685.6
11675.8
11669.2
11665.5
12713.6
12690.6
12659.7
12628.4
12598.5
12570.3
12543.3
12517.3
12491.8
12466.5
12441
12415.3
12389.1
12362.2
12334.5
12306
12276.6
12246.3
12215.1
12183
12150
12116.2
12081.7
12046.6
12011.1
11975.3
11939.6
11904.3
11869.8
11836.6
11805.2
11776.1
11749.8
11726.6
11706.5
11689.9
11676.7
11666.8
11660.1
11656.5
12661.3
12648.5
12628.4
12605.1
12580.8
12556.6
12532.5
12508.6
12484.8
12460.9
12436.6
12411.8
12386.3
12360
12332.7
12304.6
12275.4
12245.2
12214
12181.9
12148.7
12114.7
12079.9
12044.4
12008.2
11971.6
11935
11898.5
11862.6
11828.1
11795.3
11765.1
11737.9
11714
11693.5
11676.6
11663.2
11653.3
11646.6
11642.9
12620.7
12612.6
12598.5
12580.8
12561.2
12540.6
12519.5
12498.1
12476.3
12454
12431.1
12407.5
12382.9
12357.3
12330.6
12302.8
12273.9
12243.9
12212.7
12180.5
12147.3
12113
12077.8
12041.6
12004.7
11967.1
11929.1
11890.9
11853.2
11816.6
11782
11750.1
11721.6
11696.9
11675.9
11658.7
11645.2
11635.2
11628.5
11624.8
12586.3
12580.6
12570.3
12556.6
12540.6
12523.3
12505
12486
12466.4
12446.1
12424.9
12402.6
12379.1
12354.4
12328.3
12300.9
12272.3
12242.4
12211.4
12179.1
12145.7
12111.1
12075.4
12038.6
12000.7
11961.9
11922.2
11882
11841.7
11802.2
11764.8
11730.7
11700.6
11674.9
11653.4
11636
11622.5
11612.5
11605.8
11602.2
12555.5
12551.3
12543.3
12532.5
12519.5
12505
12489.4
12473
12455.7
12437.6
12418.3
12397.6
12375.3
12351.4
12326
12299.1
12270.7
12241
12210
12177.7
12144.1
12109.2
12073.1
12035.6
11996.7
11956.5
11914.8
11872
11828.3
11784.8
11743.2
11706.1
11674.2
11647.6
11625.9
11608.4
11595
11585.1
11578.6
11575
12526.8
12523.5
12517.3
12508.6
12498.1
12486
12473
12459
12444.3
12428.7
12411.7
12392.7
12371.7
12348.7
12323.9
12297.4
12269.3
12239.8
12208.8
12176.4
12142.7
12107.5
12070.9
12032.8
11993
11951.3
11907.7
11861.8
11813.8
11764.4
11716.3
11675.1
11641.6
11614.5
11592.9
11575.8
11562.7
11553.2
11546.9
11543.4
12499.3
12496.7
12491.8
12484.8
12476.3
12466.4
12455.7
12444.3
12432.4
12419.7
12405.6
12388.6
12368.8
12346.6
12322.2
12296.1
12268.2
12238.8
12207.8
12175.4
12141.6
12106.2
12069.3
12030.6
11990
11947.2
11901.6
11852.7
11799.5
11741.6
11681.3
11635.6
11601.3
11574.9
11554.2
11538
11525.7
11516.7
11510.8
11507.4
12472.4
12470.4
12466.5
12460.9
12454
12446.1
12437.6
12428.7
12419.7
12410.8
12401.2
12386
12367.1
12345.3
12321.3
12295.2
12267.5
12238.1
12207.2
12174.8
12140.8
12105.3
12068.2
12029.3
11988.2
11944.6
11897.8
11846.7
11789
11720.3
11630.4
11583.6
11552.2
11528.5
11510
11495.4
11484.2
11476
11470.5
11467.4
12445.8
12444.2
12441
12436.6
12431.1
12424.9
12418.3
12411.7
12405.6
12401.2
12398.6
12380.9
12360.4
12337.2
12311.9
12284.6
12255.6
12225
12192.8
12159.1
12123.8
12086.9
12048.3
12007.7
11964.9
11919.2
11869.7
11814.6
11748.1
11649.3
11535.4
11515.2
11494.3
11476
11460.7
11448.2
11438.5
11431.2
11426.3
11423.4
12419.1
12417.8
12415.3
12411.8
12407.5
12402.6
12397.6
12392.7
12388.6
12386
12380.9
12351.5
12322.8
12293.3
12262.5
12230.5
12197.1
12162.4
12126.3
12088.8
12049.7
12009
11966.3
11921.5
11873.9
11822.7
11766.6
11703.1
11627
11527.9
11456.7
11446.2
11432.8
11419.5
11407.5
11397.3
11389.1
11382.9
11378.6
11375.9
12392.1
12391
12389.1
12386.3
12382.9
12379.1
12375.3
12371.7
12368.8
12367.1
12360.4
12322.8
12287.1
12251.6
12215.6
12178.8
12141.1
12102.4
12062.5
12021.4
11978.8
11934.5
11888.3
11839.8
11788.3
11733.1
11672.8
11605.5
11528.1
11437.5
11385.2
11379
11370.1
11360.6
11351.4
11343.3
11336.6
11331.3
11327.6
11325.2
12364.6
12363.7
12362.2
12360
12357.3
12354.4
12351.4
12348.7
12346.6
12345.3
12337.2
12293.3
12251.6
12210.6
12169.7
12128.5
12086.7
12044.1
12000.6
11956
11910.1
11862.7
11813.3
11761.8
11707.4
11649.5
11587.1
11519
11444
11361.6
11317.4
11313.2
11307.1
11300.2
11293.2
11286.8
11281.3
11277
11273.8
11271.6
12336.4
12335.8
12334.5
12332.8
12330.6
12328.3
12326
12323.9
12322.2
12321.3
12311.9
12262.5
12215.6
12169.7
12124.2
12078.7
12033
11986.8
11939.9
11892.1
11843.1
11792.8
11740.8
11686.7
11630.1
11570.4
11507.2
11439.6
11367.5
11291.1
11251.3
11248.3
11243.9
11238.7
11233.3
11228.3
11223.8
11220.2
11217.4
11215.4
12307.6
12307
12306
12304.6
12302.8
12300.9
12299.1
12297.4
12296.1
12295.3
12284.6
12230.5
12178.8
12128.5
12078.7
12029.3
11979.9
11930.2
11880.1
11829.3
11777.6
11724.7
11670.3
11614.2
11555.9
11495.1
11431.6
11364.9
11295.2
11223
11186
11183.6
11180.3
11176.3
11172.1
11168
11164.3
11161.3
11158.8
11156.9
12278
12277.5
12276.6
12275.4
12273.9
12272.3
12270.7
12269.3
12268.2
12267.5
12255.6
12197.1
12141.1
12086.7
12033
11979.9
11927
11874.1
11821
11767.5
11713.2
11658
11601.6
11543.8
11484.2
11422.7
11359.1
11293.2
11225.4
11156.1
11120.9
11118.9
11116.2
11113
11109.6
11106.2
11103.1
11100.4
11098.2
11096.3
12247.5
12247.1
12246.3
12245.2
12243.9
12242.4
12241
12239.8
12238.8
12238.1
12225
12162.4
12102.4
12044.1
11986.8
11930.2
11874.1
11818.3
11762.4
11706.4
11649.8
11592.6
11534.4
11475.2
11414.5
11352.4
11288.7
11223.5
11157
11089.7
11055.6
11053.9
11051.6
11048.9
11045.9
11042.9
11040.2
11037.7
11035.6
11033.7
12216.2
12215.8
12215.1
12214
12212.7
12211.4
12210
12208.8
12207.8
12207.2
12192.8
12126.3
12062.5
12000.6
11939.9
11880.1
11821
11762.4
11704.1
11645.7
11587.1
11528.1
11468.4
11407.9
11346.3
11283.7
11219.9
11155.1
11089.5
11023.3
10989.9
10988.4
10986.3
10983.8
10981
10978.3
10975.7
10973.4
10971.2
10969.3
12184.2
12183.8
12183
12181.9
12180.5
12179.1
12177.7
12176.4
12175.4
12174.8
12159.1
12088.8
12021.4
11956
11892.1
11829.3
11767.5
11706.4
11645.7
11585.3
11524.9
11464.2
11403.2
11341.6
11279.2
11216.1
11152.2
11087.5
11022.3
10956.9
10923.8
10922.4
10920.3
10917.8
10915.1
10912.3
10909.7
10907.3
10905.1
10903.2
12151.3
12150.9
12150
12148.7
12147.3
12145.7
12144.1
12142.7
12141.6
12140.8
12123.8
12049.7
11978.8
11910.1
11843.1
11777.6
11713.2
11649.8
11587.1
11524.9
11462.8
11400.8
11338.5
11276
11212.9
11149.3
11085.2
11020.5
10955.4
10890.2
10857.3
10855.8
10853.6
10851
10848.1
10845.1
10842.3
10839.7
10837.3
10835.2
12117.8
12117.2
12116.2
12114.7
12113
12111.1
12109.2
12107.5
12106.2
12105.3
12086.9
12009
11934.5
11862.7
11792.8
11724.7
11658
11592.6
11528.1
11464.2
11400.8
11337.5
11274.3
11210.8
11147.2
11083.1
11018.7
10953.8
10888.7
10823.3
10790.3
10788.7
10786.3
10783.3
10780
10776.5
10773.3
10770.3
10767.6
10765.3
12083.6
12082.9
12081.7
12079.9
12077.8
12075.4
12073.1
12070.9
12069.3
12068.2
12048.3
11966.3
11888.3
11813.3
11740.8
11670.3
11601.6
11534.4
11468.4
11403.2
11338.5
11274.3
11210.1
11146
11081.8
11017.3
10952.5
10887.4
10822
10756.3
10723.1
10721.2
10718.4
10714.8
10710.8
10706.6
10702.7
10699.1
10695.9
10693.4
12049
12048.2
12046.6
12044.4
12041.6
12038.6
12035.6
12032.8
12030.6
12029.3
12007.7
11921.5
11839.8
11761.8
11686.7
11614.2
11543.8
11475.2
11407.9
11341.6
11276
11210.8
11146
11081.3
11016.6
10951.7
10886.7
10821.4
10755.7
10689.5
10655.8
10653.6
10650.1
10645.6
10640.5
10635.3
10630.4
10626
10622.2
10619.3
12014.1
12013
12011.1
12008.2
12004.7
12000.7
11996.7
11993
11990
11988.2
11964.9
11873.9
11788.3
11707.4
11630.1
11555.9
11484.2
11414.5
11346.3
11279.2
11212.9
11147.2
11081.8
11016.6
10951.5
10886.4
10821.2
10755.7
10689.7
10623
10588.9
10586.1
10581.6
10575.8
10569.2
10562.6
10556.3
10550.7
10546
10542.6
11979.1
11977.8
11975.3
11971.6
11967.1
11961.9
11956.5
11951.3
11947.2
11944.6
11919.2
11822.7
11733.1
11649.5
11570.4
11495.1
11422.7
11352.4
11283.7
11216.1
11149.3
11083.1
11017.3
10951.7
10886.4
10821.2
10755.9
10690.5
10624.5
10557.5
10522.9
10519.3
10513.3
10505.6
10496.9
10488.2
10480
10472.8
10466.9
10463
11944.4
11942.8
11939.6
11935
11929.1
11922.2
11914.8
11907.7
11901.6
11897.8
11869.7
11766.6
11672.8
11587.1
11507.2
11431.6
11359.1
11288.7
11219.9
11152.2
11085.2
11018.7
10952.5
10886.7
10821.2
10755.9
10690.9
10625.8
10560.3
10493.5
10458.6
10453.8
10445.6
10435.2
10423.6
10411.9
10401.1
10391.9
10384.4
10379.7
11910.2
11908.2
11904.3
11898.5
11890.9
11882
11872
11861.8
11852.7
11846.7
11814.6
11703.1
11605.5
11519
11439.6
11364.9
11293.2
11223.5
11155.1
11087.5
11020.5
10953.8
10887.4
10821.4
10755.7
10690.5
10625.8
10561.6
10497.4
10432.1
10397.3
10390.5
10379.1
10364.7
10349.1
10333.5
10319.3
10307.2
10297.8
10292
11876.9
11874.5
11869.8
11862.6
11853.2
11841.7
11828.3
11813.8
11799.5
11789
11748.1
11627
11528.1
11444
11367.5
11295.2
11225.4
11157
11089.5
11022.3
10955.4
10888.6
10822
10755.6
10689.7
10624.5
10560.3
10497.4
10435.8
10374.1
10341
10330.7
10314.3
10294.4
10273.2
10252.5
10233.6
10217.9
10205.8
10198.6
11845
11842.2
11836.6
11828.1
11816.6
11802.2
11784.8
11764.4
11741.6
11720.3
11649.3
11527.9
11437.5
11361.6
11291.1
11223
11156.1
11089.7
11023.3
10956.8
10890.2
10823.3
10756.3
10689.5
10623
10557.5
10493.5
10432.1
10374.1
10320.2
10293
10276
10251.8
10224.2
10195.6
10168
10143.2
10122.6
10107.1
10098
11814.9
11811.7
11805.2
11795.3
11782
11764.8
11743.2
11716.3
11681.3
11630.4
11535.4
11456.7
11385.2
11317.4
11251.3
11186
11120.8
11055.6
10989.9
10923.8
10857.3
10790.3
10723.1
10655.8
10588.9
10522.9
10458.6
10397.3
10341
10293
10260.4
10227.1
10191.2
10153.5
10115.6
10079.4
10046.7
10019.7
9999.67
9988.17
11786.9
11783.3
11776.1
11765.1
11750.1
11730.7
11706.1
11675.1
11635.6
11583.6
11515.2
11446.2
11379
11313.2
11248.3
11183.6
11118.9
11053.9
10988.4
10922.4
10855.8
10788.7
10721.2
10653.6
10586.1
10519.3
10453.8
10390.5
10330.7
10276
10227.1
10179.4
10130.8
10081.5
10032.4
9985.28
9942.6
9907
9880.79
9865.99
11761.5
11757.6
11749.8
11737.9
11721.6
11700.6
11674.2
11641.6
11601.3
11552.2
11494.3
11432.8
11370.1
11307.1
11243.9
11180.3
11116.2
11051.6
10986.3
10920.3
10853.6
10786.3
10718.4
10650.1
10581.6
10513.3
10445.6
10379.1
10314.3
10251.8
10191.2
10130.8
10069.5
10007.3
9945.03
9884.62
9828.96
9781.71
9746.69
9727.13
11738.9
11734.8
11726.5
11714
11696.9
11674.9
11647.6
11614.5
11574.9
11528.5
11476
11419.5
11360.6
11300.2
11238.7
11176.3
11113
11048.8
10983.8
10917.8
10851
10783.3
10714.8
10645.6
10575.8
10505.6
10435.2
10364.7
10294.4
10224.2
10153.5
10081.5
10007.3
9930.94
9853.31
9776.41
9703.65
9640.08
9591.88
9564.97
11719.4
11715.1
11706.5
11693.5
11675.9
11653.4
11625.9
11592.8
11554.2
11510
11460.7
11407.5
11351.4
11293.2
11233.3
11172.1
11109.5
11045.9
10981
10915.1
10848.1
10779.9
10710.8
10640.5
10569.2
10496.9
10423.6
10349.1
10273.2
10195.6
10115.6
10032.4
9945.03
9853.31
9757.77
9660.24
9564.51
9477.23
9408.23
9368.86
11703.1
11698.7
11689.9
11676.6
11658.7
11636
11608.4
11575.8
11538
11495.4
11448.2
11397.3
11343.3
11286.8
11228.3
11168
11106.2
11042.9
10978.3
10912.3
10845.1
10776.5
10706.6
10635.3
10562.6
10488.2
10411.9
10333.5
10252.5
10168
10079.4
9985.27
9884.62
9776.41
9660.24
9536.97
9409.96
9287.08
9183.33
9120.78
11690
11685.6
11676.7
11663.2
11645.2
11622.5
11595
11562.7
11525.7
11484.2
11438.5
11389.1
11336.6
11281.3
11223.8
11164.3
11103.1
11040.2
10975.7
10909.7
10842.3
10773.3
10702.7
10630.4
10556.3
10480
10401.1
10319.3
10233.6
10143.2
10046.7
9942.6
9828.96
9703.65
9564.51
9409.96
9240.67
9063.44
8898.69
8788.89
11680.2
11675.8
11666.8
11653.3
11635.2
11612.5
11585.1
11553.2
11516.7
11476
11431.2
11382.9
11331.3
11277
11220.2
11161.3
11100.4
11037.7
10973.4
10907.3
10839.7
10770.3
10699.1
10626
10550.7
10472.8
10391.9
10307.2
10217.9
10122.6
10019.7
9907
9781.71
9640.08
9477.23
9287.08
9063.44
8804.95
8531.05
8317.22
11673.6
11669.1
11660.1
11646.6
11628.5
11605.8
11578.6
11546.9
11510.8
11470.5
11426.3
11378.6
11327.6
11273.8
11217.4
11158.8
11098.2
11035.6
10971.2
10905.1
10837.3
10767.6
10695.9
10622.2
10545.9
10466.9
10384.4
10297.8
10205.8
10107.1
9999.66
9880.79
9746.68
9591.88
9408.23
9183.33
8898.69
8531.05
8072.56
7623.37
11670
11665.5
11656.5
11642.9
11624.8
11602.2
11575
11543.4
11507.4
11467.4
11423.4
11375.9
11325.2
11271.6
11215.4
11156.9
11096.3
11033.7
10969.3
10903.1
10835.2
10765.3
10693.4
10619.3
10542.6
10463
10379.7
10292
10198.6
10098
9988.17
9865.98
9727.13
9564.97
9368.86
9120.78
8788.89
8317.22
7623.37
6716.31
13185.9
12873.9
12742.1
12672
12625.5
12588.8
12556.9
12527.6
12499.8
12472.7
12446
12419.2
12392.1
12364.6
12336.5
12307.6
12278
12247.5
12216.3
12184.2
12151.3
12117.7
12083.6
12049
12014.1
11979.1
11944.3
11910.2
11876.9
11845
11814.8
11786.9
11761.5
11738.9
11719.3
11703
11690
11680.3
11673.7
11670.2
12873.9
12780.9
12708.3
12656.5
12616.5
12582.8
12552.5
12524.3
12497.2
12470.7
12444.4
12417.9
12391.1
12363.8
12335.8
12307.1
12277.5
12247.1
12215.8
12183.7
12150.8
12117.2
12082.9
12048.1
12013
11977.8
11942.7
11908.2
11874.5
11842.2
11811.6
11783.3
11757.6
11734.8
11715.1
11698.7
11685.6
11675.8
11669.2
11665.7
12742.1
12708.3
12669.4
12633.6
12601.4
12572
12544.4
12517.9
12492.2
12466.7
12441.2
12415.4
12389.1
12362.2
12334.5
12306
12276.6
12246.3
12215.1
12183
12150
12116.2
12081.7
12046.6
12011
11975.3
11939.5
11904.2
11869.7
11836.5
11805.1
11776.1
11749.8
11726.5
11706.5
11689.9
11676.6
11666.8
11660.2
11656.6
12672
12656.5
12633.6
12608.3
12582.9
12557.8
12533.3
12509.1
12485.2
12461.1
12436.8
12411.9
12386.4
12360
12332.8
12304.6
12275.4
12245.2
12214
12181.8
12148.7
12114.7
12079.9
12044.3
12008.2
11971.6
11934.9
11898.4
11862.6
11828
11795.3
11765.1
11737.8
11713.9
11693.5
11676.6
11663.2
11653.3
11646.7
11643.1
12625.5
12616.5
12601.4
12582.9
12562.6
12541.5
12520.1
12498.5
12476.5
12454.2
12431.3
12407.6
12383
12357.3
12330.6
12302.8
12273.9
12243.9
12212.7
12180.5
12147.3
12113
12077.7
12041.6
12004.6
11967
11929
11890.9
11853.2
11816.6
11781.9
11750
11721.6
11696.8
11675.8
11658.7
11645.2
11635.2
11628.6
11625
12588.8
12582.8
12572
12557.8
12541.5
12523.9
12505.4
12486.3
12466.6
12446.3
12425
12402.7
12379.2
12354.4
12328.3
12300.9
12272.3
12242.4
12211.3
12179.1
12145.7
12111.1
12075.4
12038.6
12000.7
11961.8
11922.2
11881.9
11841.7
11802.2
11764.7
11730.6
11700.5
11674.8
11653.4
11636
11622.4
11612.5
11605.9
11602.3
12556.9
12552.5
12544.4
12533.3
12520.1
12505.4
12489.7
12473.2
12455.9
12437.7
12418.4
12397.6
12375.3
12351.4
12326
12299.1
12270.7
12241
12210
12177.7
12144.1
12109.2
12073
12035.5
11996.7
11956.4
11914.8
11871.9
11828.3
11784.7
11743.2
11706
11674.2
11647.6
11625.8
11608.4
11594.9
11585.2
11578.7
11575.2
12527.6
12524.3
12517.9
12509.1
12498.5
12486.3
12473.2
12459.2
12444.4
12428.8
12411.7
12392.8
12371.7
12348.7
12323.9
12297.4
12269.3
12239.7
12208.8
12176.4
12142.7
12107.5
12070.9
12032.7
11992.9
11951.3
11907.6
11861.7
11813.7
11764.3
11716.2
11675.1
11641.5
11614.4
11592.8
11575.7
11562.7
11553.2
11546.9
11543.5
12499.8
12497.2
12492.2
12485.2
12476.5
12466.6
12455.9
12444.4
12432.5
12419.8
12405.7
12388.6
12368.8
12346.6
12322.2
12296
12268.2
12238.7
12207.8
12175.4
12141.5
12106.2
12069.2
12030.6
11990
11947.1
11901.5
11852.6
11799.5
11741.6
11681.2
11635.5
11601.3
11574.8
11554.1
11538
11525.7
11516.8
11510.8
11507.6
12472.7
12470.7
12466.7
12461.1
12454.2
12446.3
12437.7
12428.8
12419.8
12410.8
12401.3
12386
12367.1
12345.3
12321.3
12295.2
12267.5
12238.1
12207.1
12174.7
12140.8
12105.3
12068.2
12029.2
11988.1
11944.6
11897.8
11846.6
11788.9
11720.2
11630.4
11583.6
11552.1
11528.5
11509.9
11495.3
11484.1
11476
11470.6
11467.5
12446
12444.4
12441.2
12436.8
12431.3
12425
12418.4
12411.7
12405.7
12401.3
12398.7
12381.1
12360.6
12337.5
12312.1
12284.9
12255.9
12225.3
12193.1
12159.5
12124.2
12087.4
12048.8
12008.3
11965.5
11919.8
11870.5
11815.4
11748.9
11649.8
11535.3
11515.1
11494.2
11475.9
11460.6
11448.2
11438.4
11431.3
11426.4
11423.6
12419.2
12417.9
12415.4
12411.9
12407.6
12402.7
12397.6
12392.8
12388.6
12386
12381.1
12351.7
12323
12293.5
12262.7
12230.7
12197.4
12162.7
12126.6
12089.1
12050.1
12009.4
11966.8
11921.9
11874.4
11823.3
11767.3
11703.9
11627.9
11528.7
11456.6
11446.1
11432.7
11419.4
11407.4
11397.2
11389.1
11382.9
11378.6
11376.1
12392.1
12391.1
12389.1
12386.4
12383
12379.2
12375.3
12371.7
12368.8
12367.1
12360.6
12323
12287.2
12251.7
12215.7
12178.9
12141.3
12102.6
12062.7
12021.5
11979
11934.7
11888.5
11840
11788.6
11733.4
11673.2
11605.8
11528.5
11437.7
11385.2
11378.9
11370
11360.5
11351.3
11343.2
11336.5
11331.4
11327.7
11325.4
12364.6
12363.8
12362.2
12360
12357.3
12354.4
12351.4
12348.7
12346.6
12345.3
12337.5
12293.5
12251.7
12210.7
12169.8
12128.5
12086.7
12044.2
12000.7
11956.1
11910.2
11862.8
11813.5
11761.9
11707.5
11649.6
11587.2
11519.2
11444.2
11361.7
11317.3
11313.1
11307
11300.1
11293.1
11286.7
11281.3
11277
11273.9
11271.8
12336.5
12335.8
12334.5
12332.8
12330.6
12328.3
12326
12323.9
12322.2
12321.3
12312.1
12262.7
12215.7
12169.8
12124.3
12078.8
12033.1
11986.8
11939.9
11892.1
11843.2
11792.9
11740.8
11686.8
11630.2
11570.5
11507.2
11439.7
11367.5
11291.1
11251.2
11248.2
11243.8
11238.6
11233.2
11228.2
11223.8
11220.3
11217.5
11215.6
12307.6
12307.1
12306
12304.6
12302.8
12300.9
12299.1
12297.4
12296
12295.2
12284.9
12230.7
12178.9
12128.5
12078.8
12029.3
11979.9
11930.3
11880.1
11829.3
11777.6
11724.7
11670.3
11614.2
11555.9
11495.2
11431.6
11364.9
11295.2
11223
11185.9
11183.5
11180.2
11176.2
11172
11167.9
11164.3
11161.3
11158.9
11157.1
12278
12277.5
12276.6
12275.4
12273.9
12272.3
12270.7
12269.3
12268.2
12267.5
12255.9
12197.4
12141.3
12086.7
12033.1
11979.9
11927
11874.2
11821.1
11767.5
11713.2
11658
11601.7
11543.8
11484.3
11422.7
11359.1
11293.2
11225.4
11156
11120.7
11118.8
11116.1
11112.9
11109.5
11106.1
11103.1
11100.5
11098.3
11096.5
12247.5
12247.1
12246.3
12245.2
12243.9
12242.4
12241
12239.7
12238.7
12238.1
12225.3
12162.7
12102.6
12044.2
11986.8
11930.3
11874.2
11818.3
11762.4
11706.4
11649.8
11592.6
11534.5
11475.2
11414.5
11352.4
11288.7
11223.5
11157
11089.6
11055.5
11053.8
11051.5
11048.7
11045.8
11042.9
11040.2
11037.8
11035.7
11034
12216.3
12215.9
12215.1
12214
12212.7
12211.3
12210
12208.8
12207.8
12207.1
12193.1
12126.6
12062.7
12000.7
11939.9
11880.1
11821.1
11762.4
11704.1
11645.7
11587.1
11528.1
11468.4
11407.9
11346.3
11283.7
11219.9
11155.1
11089.4
11023.2
10989.8
10988.3
10986.2
10983.7
10981
10978.2
10975.7
10973.4
10971.4
10969.6
12184.2
12183.7
12183
12181.8
12180.5
12179.1
12177.7
12176.4
12175.4
12174.7
12159.5
12089.1
12021.5
11956.1
11892.1
11829.3
11767.5
11706.4
11645.7
11585.3
11524.9
11464.2
11403.2
11341.6
11279.2
11216.1
11152.2
11087.5
11022.3
10956.8
10923.7
10922.3
10920.2
10917.7
10915
10912.3
10909.7
10907.4
10905.3
10903.4
12151.3
12150.8
12150
12148.7
12147.3
12145.7
12144.1
12142.7
12141.5
12140.8
12124.2
12050.1
11979
11910.2
11843.2
11777.6
11713.2
11649.8
11587.1
11524.9
11462.8
11400.8
11338.5
11276
11212.9
11149.3
11085.2
11020.5
10955.4
10890.1
10857.2
10855.7
10853.5
10850.9
10848
10845.1
10842.3
10839.8
10837.5
10835.4
12117.7
12117.2
12116.2
12114.7
12113
12111.1
12109.2
12107.5
12106.2
12105.3
12087.4
12009.4
11934.7
11862.8
11792.9
11724.7
11658
11592.6
11528.1
11464.2
11400.8
11337.5
11274.3
11210.8
11147.2
11083.1
11018.6
10953.8
10888.6
10823.2
10790.2
10788.6
10786.2
10783.2
10779.9
10776.5
10773.3
10770.4
10767.8
10765.6
12083.6
12082.9
12081.7
12079.9
12077.7
12075.4
12073
12070.9
12069.2
12068.2
12048.8
11966.8
11888.5
11813.5
11740.8
11670.3
11601.7
11534.4
11468.4
11403.2
11338.5
11274.3
11210.1
11146
11081.7
11017.3
10952.5
10887.4
10822
10756.3
10723
10721.1
10718.3
10714.7
10710.7
10706.6
10702.8
10699.3
10696.2
10693.7
12049
12048.1
12046.6
12044.3
12041.6
12038.6
12035.5
12032.7
12030.6
12029.2
12008.3
11921.9
11840
11761.9
11686.8
11614.2
11543.8
11475.2
11407.9
11341.6
11276
11210.8
11146
11081.3
11016.6
10951.7
10886.7
10821.4
10755.6
10689.4
10655.7
10653.5
10650
10645.5
10640.5
10635.4
10630.5
10626.2
10622.5
10619.6
12014.1
12013
12011
12008.2
12004.6
12000.7
11996.7
11992.9
11990
11988.1
11965.5
11874.4
11788.6
11707.5
11630.2
11555.9
11484.3
11414.5
11346.3
11279.2
11212.9
11147.2
11081.7
11016.6
10951.5
10886.4
10821.2
10755.7
10689.7
10623
10588.8
10586.1
10581.6
10575.8
10569.2
10562.6
10556.3
10550.8
10546.3
10543
11979.1
11977.8
11975.3
11971.6
11967
11961.8
11956.4
11951.3
11947.1
11944.6
11919.8
11823.3
11733.4
11649.6
11570.5
11495.2
11422.7
11352.4
11283.7
11216.1
11149.3
11083.1
11017.3
10951.7
10886.4
10821.2
10755.9
10690.5
10624.5
10557.5
10522.8
10519.3
10513.3
10505.6
10496.9
10488.2
10480
10473
10467.3
10463.4
11944.3
11942.7
11939.5
11934.9
11929
11922.2
11914.8
11907.6
11901.5
11897.8
11870.5
11767.3
11673.2
11587.2
11507.2
11431.6
11359.1
11288.7
11219.9
11152.2
11085.2
11018.6
10952.5
10886.7
10821.2
10755.9
10690.9
10625.8
10560.3
10493.6
10458.6
10453.8
10445.6
10435.2
10423.6
10411.9
10401.2
10392
10384.8
10380.1
11910.2
11908.2
11904.2
11898.4
11890.9
11881.9
11871.9
11861.7
11852.6
11846.6
11815.4
11703.9
11605.8
11519.2
11439.7
11364.9
11293.2
11223.5
11155.1
11087.5
11020.5
10953.8
10887.4
10821.4
10755.7
10690.5
10625.8
10561.6
10497.5
10432.1
10397.3
10390.5
10379.1
10364.7
10349.1
10333.5
10319.3
10307.3
10298.1
10292.3
11876.9
11874.5
11869.7
11862.6
11853.2
11841.7
11828.3
11813.7
11799.5
11788.9
11748.9
11627.9
11528.5
11444.2
11367.5
11295.2
11225.4
11157
11089.4
11022.3
10955.4
10888.6
10822
10755.6
10689.7
10624.5
10560.3
10497.5
10435.8
10374.1
10341
10330.7
10314.3
10294.4
10273.2
10252.4
10233.5
10217.8
10206
10198.9
11845
11842.2
11836.5
11828
11816.6
11802.2
11784.7
11764.3
11741.6
11720.2
11649.8
11528.7
11437.7
11361.7
11291.1
11223
11156
11089.6
11023.2
10956.8
10890.1
10823.2
10756.3
10689.4
10623
10557.5
10493.5
10432.1
10374.1
10320.2
10293
10275.9
10251.7
10224.1
10195.5
10167.8
10142.9
10122.3
10107
10098.1
11814.8
11811.6
11805.1
11795.3
11781.9
11764.7
11743.2
11716.2
11681.2
11630.4
11535.3
11456.6
11385.2
11317.3
11251.2
11185.9
11120.7
11055.5
10989.8
10923.7
10857.2
10790.2
10723
10655.7
10588.8
10522.8
10458.6
10397.3
10341
10293
10260.3
10227
10191
10153.3
10115.3
10078.9
10046.1
10019
9999.1
9987.74
11786.9
11783.3
11776.1
11765.1
11750
11730.6
11706
11675.1
11635.5
11583.6
11515.1
11446.1
11378.9
11313.1
11248.2
11183.5
11118.8
11053.8
10988.3
10922.2
10855.7
10788.6
10721.1
10653.5
10586.1
10519.3
10453.8
10390.5
10330.7
10275.9
10227
10179.1
10130.5
10081
10031.7
9984.3
9941.31
9905.43
9879.18
9864.49
11761.5
11757.6
11749.8
11737.8
11721.6
11700.5
11674.2
11641.5
11601.3
11552.1
11494.2
11432.7
11370
11307
11243.8
11180.2
11116.1
11051.5
10986.2
10920.2
10853.5
10786.2
10718.3
10650
10581.6
10513.3
10445.6
10379.1
10314.3
10251.7
10191
10130.5
10069
10006.5
9943.76
9882.78
9826.41
9778.45
9742.96
9723.35
11738.9
11734.8
11726.5
11713.9
11696.8
11674.8
11647.6
11614.4
11574.8
11528.5
11475.9
11419.4
11360.5
11300.1
11238.6
11176.2
11112.9
11048.7
10983.7
10917.7
10850.9
10783.2
10714.7
10645.5
10575.8
10505.6
10435.2
10364.7
10294.4
10224.1
10153.3
10081
10006.5
9929.57
9851.13
9773.07
9698.79
9633.51
9583.84
9556.28
11719.3
11715.1
11706.5
11693.5
11675.8
11653.4
11625.8
11592.8
11554.1
11509.9
11460.6
11407.4
11351.3
11293.1
11233.2
11172
11109.5
11045.8
10981
10915
10848
10779.9
10710.7
10640.5
10569.2
10496.9
10423.6
10349.1
10273.2
10195.5
10115.3
10031.7
9943.76
9851.13
9754.12
9654.34
9555.45
9464.19
9391.19
9349.38
11703
11698.6
11689.9
11676.6
11658.7
11636
11608.4
11575.7
11538
11495.3
11448.2
11397.2
11343.2
11286.7
11228.2
11167.9
11106.1
11042.8
10978.2
10912.3
10845.1
10776.5
10706.6
10635.3
10562.6
10488.2
10411.9
10333.5
10252.4
10167.8
10078.9
9984.3
9882.78
9773.07
9654.34
9526.89
9393.39
9261.38
9146.93
9076.25
11690
11685.6
11676.6
11663.2
11645.2
11622.4
11594.9
11562.7
11525.7
11484.1
11438.4
11389.1
11336.5
11281.3
11223.8
11164.3
11103.1
11040.1
10975.7
10909.7
10842.3
10773.3
10702.7
10630.5
10556.3
10480
10401.2
10319.3
10233.5
10142.9
10046.1
9941.31
9826.41
9698.79
9555.45
9393.39
9211.14
9013.01
8819.04
8681.29
11680.3
11675.8
11666.8
11653.3
11635.2
11612.5
11585.2
11553.2
11516.8
11476
11431.3
11382.9
11331.4
11277
11220.3
11161.3
11100.5
11037.8
10973.4
10907.4
10839.8
10770.4
10699.3
10626.2
10550.8
10473
10392
10307.3
10217.8
10122.3
10019
9905.43
9778.45
9633.5
9464.19
9261.38
9013.01
8707.43
8351.4
8031.66
11673.7
11669.2
11660.2
11646.7
11628.6
11605.9
11578.7
11546.9
11510.8
11470.6
11426.4
11378.6
11327.7
11273.9
11217.5
11158.9
11098.3
11035.7
10971.4
10905.3
10837.5
10767.8
10696.2
10622.5
10546.3
10467.3
10384.8
10298.1
10206
10107
9999.1
9879.18
9742.96
9583.84
9391.19
9146.93
8819.04
8351.4
7662.01
6761.29
11670.2
11665.7
11656.6
11643.1
11625
11602.3
11575.2
11543.5
11507.6
11467.5
11423.6
11376.1
11325.4
11271.8
11215.6
11157.1
11096.5
11034
10969.6
10903.4
10835.4
10765.6
10693.7
10619.6
10543
10463.3
10380.1
10292.3
10198.8
10098.1
9987.74
9864.49
9723.35
9556.28
9349.38
9076.25
8681.29
8031.66
6761.29
3694.6
)
;

boundaryField
{
    left
    {
        type            zeroGradient;
    }
    right
    {
        type            zeroGradient;
    }
    up
    {
        type            zeroGradient;
    }
    down
    {
        type            zeroGradient;
    }
    front
    {
        type            zeroGradient;
    }
    back
    {
        type            zeroGradient;
    }
}


// ************************************************************************* //
