/*--------------------------------*- C++ -*----------------------------------*\
| =========                 |                                                 |
| \\      /  F ield         | OpenFOAM: The Open Source CFD Toolbox           |
|  \\    /   O peration     | Version:  2.1.0                                 |
|   \\  /    A nd           | Web:      www.OpenFOAM.org                      |
|    \\/     M anipulation  |                                                 |
\*---------------------------------------------------------------------------*/
FoamFile
{
    version     2.0;
    format      ascii;
    class       volScalarField;
    location    "32120";
    object      sw;
}
// * * * * * * * * * * * * * * * * * * * * * * * * * * * * * * * * * * * * * //

dimensions      [0 0 0 0 0 0 0];

internalField   nonuniform List<scalar> 
8000
(
0.726587
0.713788
0.697845
0.680768
0.663693
0.647187
0.631514
0.616776
0.602988
0.590117
0.578107
0.56691
0.55648
0.546762
0.537697
0.529224
0.521284
0.513823
0.506786
0.500117
0.493764
0.487679
0.481813
0.476119
0.470548
0.465047
0.459555
0.454
0.448294
0.442325
0.435941
0.428925
0.420952
0.411481
0.399531
0.383167
0.358402
0.31804
0.258216
0.210324
0.713789
0.702178
0.687688
0.67201
0.656145
0.64063
0.625745
0.611623
0.598308
0.585795
0.574059
0.563078
0.552819
0.543241
0.534293
0.525917
0.518061
0.510677
0.503708
0.497103
0.490814
0.484794
0.479
0.473387
0.467912
0.462522
0.457162
0.451761
0.446231
0.440455
0.434275
0.427468
0.419698
0.410416
0.398628
0.382374
0.357617
0.317106
0.257293
0.210042
0.697846
0.687688
0.674915
0.66089
0.646466
0.632146
0.61822
0.60485
0.592112
0.580036
0.568638
0.557927
0.547888
0.538494
0.529701
0.521462
0.513731
0.50646
0.499598
0.493097
0.486913
0.481005
0.475336
0.469866
0.464555
0.459359
0.454223
0.449077
0.44383
0.438358
0.432489
0.425985
0.418498
0.409466
0.397884
0.381775
0.357059
0.316442
0.256637
0.209842
0.680769
0.67201
0.66089
0.648477
0.635484
0.622372
0.609428
0.596831
0.584682
0.573056
0.562012
0.551586
0.541787
0.532598
0.523984
0.515906
0.508325
0.501193
0.494462
0.488091
0.482041
0.476277
0.470769
0.465485
0.460393
0.455457
0.450627
0.445836
0.440985
0.435937
0.4305
0.42441
0.417297
0.408584
0.397256
0.381323
0.35667
0.315967
0.256149
0.20969
0.663693
0.656145
0.646467
0.635484
0.62379
0.611789
0.599752
0.58786
0.576245
0.565027
0.554303
0.544142
0.534571
0.525583
0.517153
0.509249
0.501828
0.494845
0.488255
0.482023
0.476116
0.470507
0.465175
0.460099
0.455261
0.450634
0.446181
0.441839
0.437506
0.433026
0.428171
0.422633
0.416007
0.407696
0.396677
0.380949
0.356367
0.315571
0.255708
0.209544
0.647188
0.640631
0.632146
0.622372
0.611789
0.600742
0.589472
0.578163
0.566976
0.556067
0.545576
0.535613
0.526225
0.517415
0.50916
0.501423
0.494156
0.487314
0.480856
0.474751
0.468973
0.463506
0.458337
0.453462
0.44888
0.444585
0.44056
0.43676
0.433083
0.429351
0.425282
0.420486
0.414498
0.406696
0.39605
0.380553
0.356034
0.315109
0.255165
0.209356
0.631515
0.625746
0.61822
0.609428
0.599752
0.589473
0.578801
0.567918
0.556998
0.546225
0.535802
0.525915
0.516634
0.507957
0.499849
0.492253
0.485114
0.478384
0.472025
0.466008
0.460315
0.454938
0.449879
0.445152
0.44078
0.436791
0.433209
0.430025
0.427163
0.424428
0.421453
0.417686
0.412562
0.405423
0.395237
0.380001
0.355523
0.314404
0.254347
0.209074
0.616776
0.611623
0.60485
0.596831
0.58786
0.578163
0.567918
0.557278
0.546393
0.535458
0.524781
0.514763
0.505475
0.496869
0.488855
0.481349
0.474284
0.467607
0.461278
0.455269
0.449568
0.444174
0.439104
0.434393
0.430098
0.426298
0.423084
0.420538
0.418665
0.417296
0.415952
0.413723
0.409855
0.403633
0.394047
0.379121
0.354652
0.313247
0.253064
0.208649
0.602989
0.598309
0.592113
0.584682
0.576246
0.566976
0.556998
0.546393
0.535213
0.523556
0.511854
0.501362
0.491917
0.483278
0.475268
0.467762
0.460669
0.453926
0.447486
0.441321
0.435418
0.429781
0.424439
0.419446
0.414901
0.410951
0.407805
0.405731
0.40498
0.405595
0.407028
0.407506
0.405749
0.400954
0.392226
0.377705
0.353218
0.31142
0.251138
0.208047
0.590118
0.585796
0.580036
0.573056
0.565027
0.556067
0.546225
0.535458
0.523556
0.509995
0.494152
0.482682
0.472869
0.464019
0.455817
0.448079
0.440685
0.433549
0.426608
0.419819
0.413151
0.406599
0.400185
0.393976
0.388103
0.382804
0.378482
0.375808
0.375817
0.379755
0.387903
0.395788
0.398902
0.396807
0.389474
0.375541
0.351024
0.30872
0.248432
0.207261
0.578108
0.57406
0.568638
0.562012
0.554304
0.545576
0.535802
0.524782
0.511854
0.494152
0.237573
0.229372
0.232514
0.234088
0.234584
0.23439
0.23372
0.232716
0.231477
0.230088
0.228618
0.227137
0.225721
0.224456
0.223458
0.222911
0.223154
0.224943
0.230435
0.247008
0.382578
0.38984
0.393316
0.392354
0.386027
0.372599
0.347957
0.305012
0.244895
0.206324
0.566911
0.563078
0.557927
0.551587
0.544142
0.535613
0.525915
0.514763
0.501362
0.482682
0.229372
0.202299
0.201583
0.201797
0.201921
0.20196
0.201939
0.201875
0.201782
0.201673
0.201556
0.201441
0.201335
0.201248
0.201188
0.201168
0.20122
0.201407
0.201916
0.203272
0.376828
0.384711
0.388281
0.387833
0.382105
0.368958
0.343998
0.300234
0.240585
0.2053
0.556481
0.55282
0.547889
0.541788
0.534571
0.526226
0.516634
0.505476
0.491917
0.472869
0.232515
0.201583
0.200089
0.200057
0.200064
0.200068
0.200067
0.200066
0.200063
0.200059
0.200055
0.20005
0.200046
0.200042
0.200041
0.20004
0.200042
0.20005
0.200069
0.200108
0.370979
0.37971
0.383407
0.383234
0.37782
0.364704
0.339171
0.294397
0.235674
0.204271
0.546762
0.543242
0.538495
0.532598
0.525583
0.517415
0.507957
0.496869
0.483278
0.464019
0.234088
0.201797
0.200057
0.200002
0.200002
0.200002
0.200002
0.200002
0.200002
0.200002
0.200002
0.200001
0.200001
0.200001
0.200001
0.200001
0.200001
0.200001
0.200001
0.200003
0.365024
0.374653
0.378523
0.378518
0.373216
0.359892
0.333509
0.287556
0.230416
0.203312
0.537697
0.534293
0.529702
0.523984
0.517153
0.50916
0.49985
0.488855
0.475269
0.455817
0.234584
0.201921
0.200064
0.200002
0.2
0.2
0.2
0.2
0.2
0.2
0.2
0.2
0.2
0.2
0.2
0.2
0.2
0.2
0.2
0.2
0.358958
0.369476
0.373546
0.373644
0.368299
0.354542
0.327023
0.279813
0.225116
0.20248
0.529224
0.525918
0.521462
0.515906
0.509249
0.501423
0.492254
0.48135
0.467762
0.448079
0.23439
0.20196
0.200068
0.200002
0.2
0.2
0.2
0.2
0.2
0.2
0.2
0.2
0.2
0.2
0.2
0.2
0.2
0.2
0.2
0.2
0.352762
0.36414
0.368423
0.368571
0.363047
0.348639
0.319715
0.271331
0.220081
0.201799
0.521284
0.518062
0.513731
0.508325
0.501829
0.494157
0.485114
0.474285
0.460669
0.440685
0.23372
0.201939
0.200067
0.200002
0.2
0.2
0.2
0.2
0.2
0.2
0.2
0.2
0.2
0.2
0.2
0.2
0.2
0.2
0.2
0.2
0.346404
0.358607
0.363105
0.363248
0.357414
0.342141
0.311585
0.262362
0.215567
0.201271
0.513824
0.510677
0.50646
0.501193
0.494845
0.487314
0.478384
0.467608
0.453926
0.433549
0.232716
0.201875
0.200066
0.200002
0.2
0.2
0.2
0.2
0.2
0.2
0.2
0.2
0.2
0.2
0.2
0.2
0.2
0.2
0.2
0.2
0.339831
0.352827
0.357533
0.357609
0.351333
0.334985
0.302674
0.253256
0.211737
0.20088
0.506787
0.503708
0.499598
0.494463
0.488256
0.480857
0.472025
0.461278
0.447486
0.426609
0.231477
0.201782
0.200063
0.200002
0.2
0.2
0.2
0.2
0.2
0.2
0.2
0.2
0.2
0.2
0.2
0.2
0.2
0.2
0.2
0.2
0.332967
0.346727
0.351628
0.351571
0.344719
0.327103
0.293114
0.244439
0.208654
0.2006
0.500118
0.497104
0.493097
0.488092
0.482024
0.474751
0.466008
0.45527
0.441322
0.419819
0.230088
0.201673
0.200059
0.200002
0.2
0.2
0.2
0.2
0.2
0.2
0.2
0.2
0.2
0.2
0.2
0.2
0.2
0.2
0.2
0.2
0.325713
0.340212
0.345289
0.345028
0.337473
0.318449
0.28318
0.236322
0.206286
0.200407
0.493765
0.490814
0.486913
0.482042
0.476116
0.468974
0.460315
0.449568
0.435418
0.413152
0.228618
0.201555
0.200055
0.200002
0.2
0.2
0.2
0.2
0.2
0.2
0.2
0.2
0.2
0.2
0.2
0.2
0.2
0.2
0.2
0.2
0.317947
0.333157
0.338391
0.337858
0.329495
0.309051
0.273159
0.229216
0.204542
0.200277
0.487679
0.484794
0.481006
0.476278
0.470508
0.463506
0.454938
0.444174
0.429782
0.4066
0.227137
0.201441
0.20005
0.200001
0.2
0.2
0.2
0.2
0.2
0.2
0.2
0.2
0.2
0.2
0.2
0.2
0.2
0.2
0.2
0.2
0.309533
0.325412
0.330783
0.329926
0.320715
0.299071
0.263436
0.223276
0.2033
0.200191
0.481813
0.479
0.475336
0.470769
0.465175
0.458337
0.449879
0.439104
0.424439
0.400186
0.225721
0.201335
0.200046
0.200001
0.2
0.2
0.2
0.2
0.2
0.2
0.2
0.2
0.2
0.2
0.2
0.2
0.2
0.2
0.2
0.2
0.300351
0.316811
0.322305
0.321118
0.311145
0.288873
0.254456
0.21851
0.20244
0.200135
0.47612
0.473388
0.469866
0.465485
0.4601
0.453463
0.445152
0.434393
0.419447
0.393976
0.224456
0.201248
0.200042
0.200001
0.2
0.2
0.2
0.2
0.2
0.2
0.2
0.2
0.2
0.2
0.2
0.2
0.2
0.2
0.2
0.2
0.290359
0.307216
0.312826
0.311383
0.300946
0.279013
0.246578
0.21483
0.201862
0.2001
0.470549
0.467912
0.464555
0.460394
0.455261
0.44888
0.44078
0.430099
0.414901
0.388104
0.223458
0.201188
0.200041
0.200001
0.2
0.2
0.2
0.2
0.2
0.2
0.2
0.2
0.2
0.2
0.2
0.2
0.2
0.2
0.2
0.2
0.279689
0.296588
0.302315
0.30082
0.2905
0.269889
0.23998
0.212104
0.201487
0.200079
0.465047
0.462523
0.459359
0.455458
0.450635
0.444585
0.436792
0.426298
0.410951
0.382804
0.222911
0.201168
0.20004
0.200001
0.2
0.2
0.2
0.2
0.2
0.2
0.2
0.2
0.2
0.2
0.2
0.2
0.2
0.2
0.2
0.2
0.268738
0.285108
0.290954
0.289761
0.28039
0.261712
0.234664
0.210186
0.20126
0.200067
0.459555
0.457163
0.454223
0.450628
0.446182
0.440561
0.433209
0.423085
0.407806
0.378482
0.223154
0.20122
0.200042
0.200001
0.2
0.2
0.2
0.2
0.2
0.2
0.2
0.2
0.2
0.2
0.2
0.2
0.2
0.2
0.2
0.2
0.257889
0.273235
0.27921
0.278781
0.271024
0.254579
0.230509
0.208931
0.201144
0.200063
0.454
0.451762
0.449078
0.445836
0.44184
0.43676
0.430025
0.420538
0.405731
0.375808
0.224943
0.201407
0.20005
0.200001
0.2
0.2
0.2
0.2
0.2
0.2
0.2
0.2
0.2
0.2
0.2
0.2
0.2
0.2
0.2
0.2
0.247253
0.261169
0.267481
0.268191
0.262333
0.248409
0.227318
0.208195
0.201117
0.200065
0.448295
0.446231
0.443831
0.440985
0.437507
0.433083
0.427163
0.418665
0.404981
0.375817
0.230435
0.201916
0.200069
0.200001
0.2
0.2
0.2
0.2
0.2
0.2
0.2
0.2
0.2
0.2
0.2
0.2
0.2
0.2
0.2
0.2
0.236799
0.248796
0.255601
0.257774
0.254097
0.242935
0.224822
0.207832
0.20116
0.200074
0.442326
0.440455
0.438358
0.435937
0.433026
0.429352
0.424429
0.417296
0.405595
0.379755
0.247009
0.203272
0.200108
0.200003
0.2
0.2
0.2
0.2
0.2
0.2
0.2
0.2
0.2
0.2
0.2
0.2
0.2
0.2
0.2
0.2
0.226052
0.235757
0.243203
0.24713
0.245897
0.237705
0.222644
0.207659
0.201252
0.200088
0.435941
0.434275
0.432489
0.4305
0.428171
0.425282
0.421453
0.415952
0.407028
0.387903
0.382579
0.376829
0.37098
0.365024
0.358958
0.352762
0.346405
0.339831
0.332967
0.325714
0.317947
0.309533
0.300351
0.290359
0.279689
0.268738
0.25789
0.247253
0.236799
0.226052
0.218925
0.223074
0.230273
0.235857
0.237177
0.232109
0.22027
0.207412
0.201341
0.200107
0.428926
0.427468
0.425986
0.424411
0.422634
0.420486
0.417686
0.413723
0.407506
0.395788
0.38984
0.384711
0.37971
0.374654
0.369476
0.36414
0.358608
0.352827
0.346727
0.340212
0.333158
0.325412
0.316812
0.307216
0.296588
0.285108
0.273235
0.261169
0.248796
0.235757
0.223074
0.218
0.220216
0.224982
0.227879
0.225651
0.217116
0.206714
0.201389
0.20013
0.420952
0.419698
0.418499
0.417297
0.416007
0.414498
0.412563
0.409855
0.405749
0.398902
0.393317
0.388282
0.383407
0.378523
0.373546
0.368423
0.363106
0.357533
0.351628
0.34529
0.338391
0.330783
0.322306
0.312826
0.302316
0.290954
0.279211
0.267481
0.255601
0.243203
0.230273
0.220216
0.216034
0.216883
0.219065
0.218463
0.212843
0.205584
0.201375
0.200155
0.411481
0.410416
0.409466
0.408584
0.407696
0.406696
0.405423
0.403633
0.400954
0.396808
0.392355
0.387833
0.383234
0.378518
0.373644
0.368571
0.363248
0.357609
0.351571
0.345028
0.337858
0.329926
0.321118
0.311383
0.30082
0.289761
0.278781
0.268191
0.257774
0.24713
0.235857
0.224981
0.216883
0.21308
0.212402
0.211923
0.208909
0.2044
0.201296
0.200178
0.399532
0.398628
0.397885
0.397257
0.396678
0.39605
0.395237
0.394047
0.392226
0.389474
0.386027
0.382105
0.37782
0.373216
0.368299
0.363047
0.357414
0.351333
0.344719
0.337473
0.329495
0.320716
0.311145
0.300946
0.2905
0.28039
0.271024
0.262333
0.254097
0.245897
0.237177
0.227879
0.219065
0.212402
0.209068
0.207668
0.205897
0.203301
0.201165
0.200198
0.383167
0.382374
0.381775
0.381324
0.380949
0.380553
0.380002
0.379121
0.377705
0.375541
0.372599
0.368959
0.364704
0.359893
0.354542
0.348639
0.342141
0.334985
0.327103
0.31845
0.309051
0.299071
0.288873
0.279013
0.269889
0.261712
0.254579
0.248409
0.242935
0.237705
0.232109
0.225651
0.218463
0.211923
0.207668
0.205441
0.203976
0.202424
0.201012
0.200213
0.358403
0.357617
0.357059
0.35667
0.356367
0.356034
0.355523
0.354653
0.353218
0.351025
0.347958
0.343998
0.339172
0.333509
0.327023
0.319715
0.311585
0.302674
0.293114
0.28318
0.273159
0.263437
0.254457
0.246579
0.23998
0.234664
0.230509
0.227318
0.224822
0.222644
0.22027
0.217116
0.212843
0.208909
0.205897
0.203976
0.202771
0.201774
0.200856
0.200223
0.31804
0.317106
0.316442
0.315967
0.315571
0.315109
0.314404
0.313247
0.31142
0.30872
0.305012
0.300234
0.294397
0.287556
0.279813
0.271331
0.262361
0.253256
0.244439
0.236322
0.229216
0.223276
0.21851
0.21483
0.212104
0.210186
0.208931
0.208195
0.207832
0.207659
0.207412
0.206714
0.205584
0.2044
0.203301
0.202424
0.201774
0.201224
0.200681
0.200221
0.258216
0.257293
0.256637
0.256149
0.255708
0.255165
0.254347
0.253064
0.251138
0.248432
0.244895
0.240585
0.235674
0.230416
0.225116
0.220081
0.215566
0.211737
0.208654
0.206286
0.204542
0.2033
0.20244
0.201862
0.201487
0.20126
0.201144
0.201117
0.20116
0.201252
0.201341
0.201389
0.201375
0.201296
0.201165
0.201012
0.200856
0.200681
0.200454
0.200187
0.210324
0.210042
0.209842
0.20969
0.209543
0.209356
0.209074
0.208649
0.208047
0.207261
0.206324
0.2053
0.204271
0.203312
0.20248
0.201799
0.201271
0.20088
0.2006
0.200407
0.200277
0.200191
0.200135
0.2001
0.200079
0.200067
0.200063
0.200065
0.200074
0.200088
0.200107
0.20013
0.200155
0.200178
0.200198
0.200213
0.200223
0.200221
0.200187
0.200105
0.777608
0.764407
0.745536
0.724251
0.702897
0.682587
0.663724
0.646395
0.630549
0.616083
0.602873
0.590781
0.579673
0.569439
0.559984
0.551219
0.543062
0.535432
0.528269
0.52151
0.515102
0.50899
0.503126
0.497462
0.491948
0.486532
0.481158
0.475759
0.470258
0.464558
0.458536
0.452028
0.444812
0.436567
0.426817
0.414775
0.398746
0.373346
0.32238
0.23905
0.76441
0.750976
0.733116
0.713459
0.693718
0.674767
0.656983
0.640488
0.625283
0.611309
0.598473
0.586664
0.575775
0.565716
0.556405
0.547762
0.539708
0.532171
0.525092
0.518415
0.512086
0.506057
0.500283
0.494719
0.489318
0.484034
0.478812
0.473587
0.468279
0.46279
0.456988
0.450703
0.443703
0.43566
0.426089
0.414199
0.398296
0.372986
0.321973
0.238702
0.745537
0.733116
0.717166
0.699678
0.681934
0.664653
0.6482
0.632745
0.618341
0.60498
0.592611
0.581158
0.570553
0.560729
0.551616
0.543144
0.535239
0.527839
0.520889
0.514338
0.508137
0.502243
0.496616
0.491216
0.486003
0.480934
0.475956
0.471004
0.465996
0.460822
0.455339
0.449362
0.442645
0.434849
0.425484
0.413755
0.397979
0.372765
0.321741
0.238495
0.724252
0.713459
0.699678
0.684419
0.668689
0.653106
0.638027
0.623656
0.610093
0.597376
0.585495
0.574425
0.564133
0.554574
0.545692
0.537421
0.529696
0.522465
0.515676
0.509283
0.503244
0.497522
0.492084
0.486898
0.481932
0.477148
0.472497
0.467916
0.463315
0.458571
0.453519
0.447948
0.441592
0.434099
0.424969
0.413413
0.39776
0.372639
0.321614
0.238361
0.702897
0.693719
0.681935
0.66869
0.65479
0.640771
0.626974
0.613621
0.600843
0.588716
0.577284
0.566576
0.556593
0.547305
0.538664
0.530605
0.523078
0.516032
0.509421
0.503202
0.497342
0.491812
0.486586
0.481644
0.476964
0.472519
0.46827
0.464155
0.460079
0.455897
0.451413
0.446372
0.440475
0.43335
0.424494
0.413123
0.39759
0.372548
0.321499
0.238215
0.682588
0.674768
0.664653
0.653106
0.640771
0.628103
0.61542
0.602938
0.590808
0.579147
0.568068
0.557657
0.547944
0.538908
0.530494
0.522648
0.515321
0.508461
0.502026
0.495981
0.490298
0.484956
0.479943
0.47525
0.470871
0.466796
0.463005
0.459447
0.456025
0.452573
0.44884
0.444495
0.439187
0.432519
0.423986
0.412819
0.397402
0.372412
0.321281
0.237955
0.663725
0.656984
0.648201
0.638028
0.626975
0.61542
0.603638
0.591824
0.580135
0.568744
0.557845
0.547612
0.538096
0.529262
0.52105
0.513402
0.506259
0.49957
0.493294
0.487401
0.48187
0.476689
0.471857
0.467382
0.463281
0.459571
0.456263
0.453337
0.450715
0.448211
0.445495
0.442093
0.437563
0.431478
0.42334
0.412408
0.397107
0.372136
0.320827
0.237462
0.646395
0.640489
0.632745
0.623656
0.613621
0.602938
0.591824
0.580433
0.568919
0.557484
0.546442
0.536184
0.526749
0.518054
0.510009
0.502528
0.495541
0.48899
0.482836
0.477049
0.471615
0.466531
0.461807
0.45747
0.453563
0.450144
0.447278
0.445014
0.443339
0.442085
0.440825
0.438777
0.43534
0.430043
0.422415
0.411771
0.396602
0.371613
0.319989
0.236617
0.630549
0.625284
0.618341
0.610093
0.600843
0.590808
0.580135
0.568919
0.55723
0.545184
0.533229
0.522612
0.513116
0.504498
0.496574
0.489216
0.482335
0.475866
0.469763
0.463998
0.458559
0.453447
0.448685
0.444314
0.440407
0.437071
0.434455
0.432742
0.432102
0.432537
0.433585
0.433771
0.43207
0.427944
0.421028
0.410772
0.395773
0.370729
0.318618
0.235313
0.616084
0.611309
0.60498
0.597376
0.588716
0.579147
0.568744
0.557484
0.545184
0.53135
0.515425
0.50403
0.494382
0.485785
0.477922
0.470608
0.463729
0.457206
0.450985
0.445031
0.439327
0.433874
0.428695
0.423842
0.419408
0.415549
0.41252
0.410734
0.410841
0.413667
0.419478
0.425029
0.426917
0.424817
0.418987
0.409284
0.394526
0.369389
0.316581
0.233478
0.602874
0.598474
0.592611
0.585495
0.577284
0.568068
0.557845
0.546442
0.53323
0.515426
0.246486
0.23806
0.242829
0.245725
0.247311
0.248063
0.248242
0.248009
0.247483
0.24676
0.245923
0.245059
0.244263
0.243657
0.243407
0.243785
0.245298
0.249103
0.258546
0.284483
0.414783
0.42044
0.422699
0.421483
0.416469
0.407311
0.392824
0.367534
0.313781
0.231099
0.590782
0.586665
0.581159
0.574425
0.566576
0.557657
0.547612
0.536184
0.522612
0.50403
0.23806
0.203702
0.202657
0.20312
0.20346
0.203671
0.203784
0.203821
0.203803
0.203746
0.203667
0.20358
0.203503
0.203453
0.203458
0.203558
0.203836
0.204477
0.206002
0.209887
0.409565
0.416472
0.418919
0.41813
0.413652
0.404938
0.390704
0.365158
0.31016
0.228226
0.579674
0.575776
0.570554
0.564133
0.556593
0.547945
0.538096
0.526749
0.513117
0.494382
0.242829
0.202657
0.200175
0.200118
0.200138
0.200153
0.200163
0.200168
0.200169
0.200167
0.200165
0.200161
0.200157
0.200154
0.200155
0.200161
0.200176
0.200209
0.200283
0.200431
0.404542
0.412692
0.415317
0.414771
0.410641
0.402263
0.388234
0.362293
0.305693
0.224975
0.56944
0.565717
0.560729
0.554575
0.547306
0.538908
0.529262
0.518054
0.504498
0.485786
0.245725
0.20312
0.200118
0.200007
0.200004
0.200005
0.200006
0.200006
0.200006
0.200006
0.200005
0.200005
0.200005
0.200005
0.200005
0.200006
0.200006
0.200007
0.200009
0.200012
0.399663
0.408981
0.411783
0.411395
0.407495
0.399368
0.385493
0.358977
0.300371
0.221504
0.559984
0.556406
0.551616
0.545692
0.538664
0.530494
0.52105
0.510009
0.496574
0.477922
0.247311
0.20346
0.200138
0.200004
0.2
0.2
0.2
0.2
0.2
0.2
0.2
0.2
0.2
0.2
0.2
0.2
0.2
0.2
0.2
0.2
0.394898
0.405298
0.408268
0.407992
0.404252
0.396322
0.382554
0.355243
0.294185
0.217995
0.551219
0.547762
0.543144
0.537421
0.530606
0.522649
0.513402
0.502529
0.489217
0.470609
0.248063
0.203671
0.200153
0.200005
0.2
0.2
0.2
0.2
0.2
0.2
0.2
0.2
0.2
0.2
0.2
0.2
0.2
0.2
0.2
0.2
0.390231
0.401621
0.404749
0.404557
0.400938
0.39318
0.379476
0.351108
0.287139
0.214625
0.543062
0.539709
0.535239
0.529696
0.523079
0.515321
0.506259
0.495541
0.482335
0.46373
0.248242
0.203784
0.200163
0.200006
0.2
0.2
0.2
0.2
0.2
0.2
0.2
0.2
0.2
0.2
0.2
0.2
0.2
0.2
0.2
0.2
0.385645
0.397937
0.401208
0.401087
0.397576
0.38999
0.376301
0.346563
0.279272
0.211548
0.535433
0.532171
0.527839
0.522465
0.516033
0.508461
0.49957
0.48899
0.475866
0.457207
0.248009
0.203821
0.200168
0.200006
0.2
0.2
0.2
0.2
0.2
0.2
0.2
0.2
0.2
0.2
0.2
0.2
0.2
0.2
0.2
0.2
0.381124
0.394234
0.397638
0.397584
0.39419
0.386798
0.373044
0.341573
0.270702
0.208874
0.528269
0.525092
0.520889
0.515677
0.509421
0.502027
0.493295
0.482836
0.469763
0.450985
0.247483
0.203803
0.200169
0.200006
0.2
0.2
0.2
0.2
0.2
0.2
0.2
0.2
0.2
0.2
0.2
0.2
0.2
0.2
0.2
0.2
0.376656
0.390502
0.394034
0.394057
0.390809
0.38365
0.369676
0.336075
0.261678
0.206661
0.521511
0.518415
0.514338
0.509284
0.503203
0.495982
0.487402
0.47705
0.463999
0.445031
0.246759
0.203746
0.200167
0.200006
0.2
0.2
0.2
0.2
0.2
0.2
0.2
0.2
0.2
0.2
0.2
0.2
0.2
0.2
0.2
0.2
0.372232
0.386737
0.390401
0.390524
0.387472
0.380585
0.366108
0.329984
0.252593
0.204916
0.515102
0.512087
0.508138
0.503245
0.497343
0.490298
0.48187
0.471616
0.458559
0.439328
0.245923
0.203667
0.200165
0.200005
0.2
0.2
0.2
0.2
0.2
0.2
0.2
0.2
0.2
0.2
0.2
0.2
0.2
0.2
0.2
0.2
0.367853
0.382939
0.386753
0.387016
0.384225
0.377632
0.362326
0.323225
0.243938
0.203601
0.508991
0.506058
0.502244
0.497523
0.491812
0.484957
0.476689
0.466531
0.453448
0.433875
0.245059
0.20358
0.200161
0.200005
0.2
0.2
0.2
0.2
0.2
0.2
0.2
0.2
0.2
0.2
0.2
0.2
0.2
0.2
0.2
0.2
0.363532
0.379122
0.383117
0.383576
0.38112
0.374786
0.358337
0.315769
0.236184
0.202651
0.503127
0.500284
0.496617
0.492085
0.486587
0.479943
0.471857
0.461807
0.448685
0.428696
0.244263
0.203503
0.200157
0.200005
0.2
0.2
0.2
0.2
0.2
0.2
0.2
0.2
0.2
0.2
0.2
0.2
0.2
0.2
0.2
0.2
0.359285
0.375305
0.37953
0.380256
0.378198
0.371977
0.354134
0.307707
0.22966
0.20199
0.497463
0.494719
0.491217
0.486899
0.481645
0.47525
0.467383
0.457471
0.444315
0.423843
0.243657
0.203453
0.200154
0.200005
0.2
0.2
0.2
0.2
0.2
0.2
0.2
0.2
0.2
0.2
0.2
0.2
0.2
0.2
0.2
0.2
0.355115
0.371494
0.376028
0.377096
0.375455
0.369017
0.34972
0.299323
0.224506
0.201548
0.491948
0.489319
0.486004
0.481933
0.476965
0.470871
0.463281
0.453564
0.440408
0.419408
0.243407
0.203458
0.200155
0.200005
0.2
0.2
0.2
0.2
0.2
0.2
0.2
0.2
0.2
0.2
0.2
0.2
0.2
0.2
0.2
0.2
0.350954
0.367647
0.3726
0.374084
0.372798
0.36584
0.345142
0.291131
0.22071
0.20127
0.486532
0.484035
0.480935
0.477148
0.47252
0.466797
0.459572
0.450145
0.437072
0.415549
0.243785
0.203558
0.200161
0.200006
0.2
0.2
0.2
0.2
0.2
0.2
0.2
0.2
0.2
0.2
0.2
0.2
0.2
0.2
0.2
0.2
0.346566
0.363569
0.369102
0.371066
0.369945
0.362481
0.340512
0.283815
0.21818
0.201118
0.481158
0.478813
0.475957
0.472498
0.468271
0.463006
0.456263
0.447278
0.434455
0.41252
0.245298
0.203836
0.200176
0.200006
0.2
0.2
0.2
0.2
0.2
0.2
0.2
0.2
0.2
0.2
0.2
0.2
0.2
0.2
0.2
0.2
0.341607
0.35877
0.365101
0.367604
0.366608
0.358952
0.33601
0.278039
0.216808
0.201072
0.475759
0.473587
0.471005
0.467917
0.464156
0.459448
0.453338
0.445015
0.432742
0.410735
0.249103
0.204477
0.200209
0.200007
0.2
0.2
0.2
0.2
0.2
0.2
0.2
0.2
0.2
0.2
0.2
0.2
0.2
0.2
0.2
0.2
0.335707
0.352638
0.359913
0.363193
0.362667
0.355229
0.331858
0.274249
0.216509
0.201127
0.470258
0.46828
0.465996
0.463316
0.460079
0.456026
0.450716
0.443339
0.432102
0.410841
0.258546
0.206002
0.200283
0.200009
0.2
0.2
0.2
0.2
0.2
0.2
0.2
0.2
0.2
0.2
0.2
0.2
0.2
0.2
0.2
0.2
0.327977
0.344229
0.352787
0.357345
0.357831
0.351187
0.328214
0.27255
0.217234
0.201296
0.464558
0.46279
0.460822
0.458571
0.455898
0.452574
0.448212
0.442085
0.432538
0.413667
0.284482
0.209887
0.200431
0.200012
0.2
0.2
0.2
0.2
0.2
0.2
0.2
0.2
0.2
0.2
0.2
0.2
0.2
0.2
0.2
0.2
0.31581
0.331208
0.342026
0.348946
0.351407
0.346438
0.324995
0.272667
0.218933
0.201604
0.458536
0.456988
0.455339
0.453519
0.451414
0.44884
0.445496
0.440825
0.433586
0.419478
0.414783
0.409565
0.404542
0.399663
0.394898
0.390231
0.385645
0.381124
0.376656
0.372231
0.367853
0.363532
0.359285
0.355115
0.350954
0.346566
0.341607
0.335707
0.327977
0.31581
0.304518
0.312334
0.325215
0.335965
0.341976
0.340096
0.321698
0.273904
0.221438
0.202086
0.452029
0.450704
0.449362
0.447949
0.446373
0.444496
0.442093
0.438778
0.433772
0.425029
0.42044
0.416472
0.412692
0.408981
0.405298
0.401621
0.397938
0.394234
0.390503
0.386737
0.382939
0.379123
0.375305
0.371495
0.367647
0.363569
0.35877
0.352638
0.344229
0.331208
0.312334
0.303345
0.308138
0.319005
0.328485
0.330899
0.317264
0.275491
0.224601
0.202788
0.444812
0.443704
0.442645
0.441593
0.440476
0.439187
0.437563
0.43534
0.43207
0.426917
0.4227
0.41892
0.415317
0.411783
0.408269
0.404749
0.401208
0.397638
0.394035
0.390401
0.386753
0.383117
0.37953
0.376028
0.3726
0.369102
0.365101
0.359913
0.352787
0.342026
0.325215
0.308138
0.300049
0.30339
0.312285
0.318208
0.310323
0.275736
0.227821
0.203707
0.436568
0.435661
0.43485
0.434099
0.433351
0.43252
0.431479
0.430043
0.427944
0.424817
0.421484
0.41813
0.414771
0.411395
0.407992
0.404557
0.401087
0.397584
0.394057
0.390524
0.387016
0.383576
0.380256
0.377096
0.374084
0.371066
0.367604
0.363193
0.357345
0.348946
0.335965
0.319004
0.30339
0.295788
0.297846
0.303152
0.299562
0.272831
0.230086
0.204747
0.426818
0.42609
0.425484
0.42497
0.424495
0.423987
0.423341
0.422415
0.421028
0.418987
0.416469
0.413652
0.410641
0.407495
0.404253
0.400939
0.397576
0.39419
0.390809
0.387472
0.384225
0.38112
0.378198
0.375455
0.372798
0.369945
0.366608
0.362667
0.357831
0.351407
0.341976
0.328484
0.312285
0.297846
0.29005
0.289131
0.28606
0.266136
0.230437
0.205713
0.414776
0.4142
0.413756
0.413413
0.413124
0.41282
0.412408
0.411771
0.410772
0.409284
0.407311
0.404938
0.402263
0.399368
0.396322
0.39318
0.38999
0.386798
0.38365
0.380585
0.377632
0.374786
0.371977
0.369017
0.36584
0.362481
0.358952
0.355229
0.351187
0.346438
0.340096
0.330899
0.318208
0.303152
0.289131
0.279884
0.272809
0.256732
0.228565
0.206378
0.398746
0.398296
0.397979
0.39776
0.39759
0.397402
0.397107
0.396602
0.395773
0.394526
0.392824
0.390704
0.388234
0.385493
0.382554
0.379476
0.376301
0.373044
0.369676
0.366108
0.362326
0.358337
0.354134
0.34972
0.345142
0.340512
0.33601
0.331858
0.328214
0.324995
0.321698
0.317264
0.310323
0.299563
0.28606
0.272809
0.261225
0.246378
0.224859
0.206546
0.373347
0.372986
0.372765
0.37264
0.372548
0.372412
0.372137
0.371613
0.370729
0.369389
0.367534
0.365158
0.362293
0.358977
0.355243
0.351108
0.346563
0.341573
0.336075
0.329984
0.323225
0.31577
0.307707
0.299323
0.291131
0.283815
0.278039
0.274249
0.27255
0.272667
0.273905
0.275491
0.275736
0.272832
0.266137
0.256732
0.246378
0.234365
0.219379
0.205974
0.32238
0.321974
0.321742
0.321614
0.321499
0.321282
0.320827
0.319989
0.318618
0.316581
0.313781
0.31016
0.305693
0.300371
0.294185
0.287139
0.279272
0.270702
0.261678
0.252593
0.243938
0.236184
0.22966
0.224506
0.22071
0.21818
0.216808
0.216509
0.217234
0.218933
0.221438
0.224602
0.227821
0.230087
0.230438
0.228565
0.224859
0.21938
0.211955
0.204397
0.23905
0.238702
0.238495
0.238361
0.238215
0.237955
0.237462
0.236617
0.235313
0.233478
0.231099
0.228226
0.224975
0.221504
0.217995
0.214625
0.211548
0.208873
0.206661
0.204916
0.203601
0.202651
0.20199
0.201548
0.20127
0.201118
0.201072
0.201127
0.201296
0.201604
0.202086
0.202788
0.203707
0.204747
0.205713
0.206378
0.206546
0.205974
0.204397
0.202046
0.797784
0.791673
0.776359
0.754124
0.730017
0.706795
0.685391
0.665984
0.648481
0.632713
0.618488
0.605619
0.593927
0.583245
0.573436
0.564389
0.556007
0.548204
0.540902
0.534035
0.527544
0.521374
0.515473
0.509792
0.504282
0.498892
0.493565
0.488241
0.482846
0.477292
0.471472
0.465247
0.458433
0.450772
0.441859
0.430928
0.416131
0.392305
0.345549
0.257525
0.791676
0.7815
0.763865
0.742136
0.719605
0.697964
0.677863
0.659468
0.642738
0.627558
0.613783
0.60126
0.589832
0.579355
0.569714
0.560808
0.552548
0.544853
0.53765
0.530879
0.524483
0.518411
0.512616
0.507051
0.501671
0.496429
0.49127
0.486133
0.480944
0.475612
0.47002
0.464024
0.457431
0.449976
0.441249
0.430482
0.415824
0.392093
0.345333
0.257268
0.776363
0.763866
0.746345
0.726461
0.706169
0.686542
0.668073
0.650947
0.63519
0.620753
0.607548
0.595464
0.584376
0.574173
0.564761
0.556054
0.547969
0.540432
0.53338
0.526755
0.520508
0.514591
0.508963
0.503583
0.498409
0.493399
0.488499
0.483649
0.478768
0.473757
0.468488
0.462799
0.456486
0.449275
0.440755
0.430157
0.415637
0.392003
0.345256
0.257154
0.754126
0.742136
0.726461
0.70902
0.691131
0.673582
0.656802
0.641003
0.626273
0.612627
0.60003
0.588415
0.5777
0.567808
0.558664
0.550192
0.542318
0.534976
0.528111
0.52167
0.515609
0.509889
0.504475
0.499331
0.494425
0.489719
0.485163
0.480695
0.476228
0.471648
0.466805
0.461515
0.455553
0.448634
0.440345
0.429924
0.415538
0.391995
0.345261
0.25711
0.730016
0.719604
0.706169
0.691131
0.675481
0.659857
0.644653
0.630105
0.616345
0.603441
0.591413
0.580241
0.569894
0.560321
0.551461
0.543243
0.5356
0.528475
0.521818
0.515582
0.509731
0.504231
0.499058
0.494186
0.489591
0.485245
0.481106
0.477114
0.473175
0.469153
0.464866
0.460089
0.454566
0.447999
0.439972
0.429739
0.415482
0.392014
0.345268
0.257045
0.706794
0.697964
0.686542
0.673583
0.659857
0.645898
0.632067
0.618603
0.605669
0.593376
0.581802
0.571001
0.560983
0.551712
0.54313
0.535166
0.527761
0.52086
0.514416
0.50839
0.502751
0.497476
0.492549
0.487958
0.483693
0.479741
0.476078
0.472651
0.469364
0.466059
0.4625
0.45839
0.453427
0.44729
0.43957
0.42954
0.415407
0.391987
0.34518
0.25685
0.685391
0.677864
0.668074
0.656803
0.644653
0.632068
0.619359
0.606754
0.594423
0.582515
0.571203
0.560647
0.550886
0.541879
0.533551
0.525832
0.518656
0.511971
0.50573
0.499899
0.494455
0.489384
0.484679
0.480345
0.476393
0.472834
0.469673
0.466885
0.464389
0.462006
0.459425
0.456212
0.451982
0.446392
0.439044
0.429244
0.415232
0.391826
0.344882
0.256401
0.665984
0.659469
0.650948
0.641004
0.630105
0.618604
0.606755
0.59474
0.582705
0.570839
0.559452
0.548939
0.53933
0.530528
0.522424
0.514928
0.507963
0.501469
0.495403
0.489733
0.484441
0.479519
0.474975
0.47083
0.467118
0.463888
0.461194
0.459074
0.457506
0.456324
0.455128
0.453194
0.449989
0.445134
0.438265
0.428746
0.414864
0.391432
0.344248
0.255569
0.648482
0.64274
0.635191
0.626274
0.616346
0.605669
0.594423
0.582705
0.570579
0.558166
0.545932
0.535141
0.525558
0.516905
0.508993
0.50169
0.494901
0.488558
0.482613
0.477036
0.471811
0.466938
0.462431
0.458328
0.454688
0.451605
0.449207
0.447653
0.44709
0.447509
0.448473
0.448624
0.447036
0.443271
0.437071
0.427925
0.414201
0.390703
0.343155
0.254232
0.632714
0.627559
0.620754
0.612628
0.603442
0.593377
0.582516
0.570839
0.558166
0.544022
0.527891
0.516444
0.506817
0.498287
0.490535
0.483375
0.476689
0.470399
0.464453
0.458815
0.453468
0.448411
0.443663
0.439267
0.435299
0.43189
0.429251
0.427734
0.427898
0.430476
0.435717
0.440719
0.442395
0.440486
0.435294
0.426673
0.413157
0.389554
0.341496
0.252302
0.618488
0.613784
0.60755
0.600031
0.591413
0.581802
0.571204
0.559453
0.545932
0.52789
0.249912
0.241658
0.24717
0.250668
0.252757
0.253954
0.254544
0.2547
0.254545
0.254182
0.253698
0.253184
0.252743
0.252503
0.252648
0.253475
0.255547
0.260182
0.271296
0.301369
0.431123
0.436506
0.43859
0.437518
0.433101
0.424997
0.4117
0.387937
0.339203
0.249738
0.60562
0.601261
0.595465
0.588416
0.580242
0.571002
0.560648
0.548939
0.535141
0.516444
0.241657
0.204415
0.203226
0.203834
0.204307
0.20463
0.204838
0.204956
0.205008
0.205012
0.204988
0.204952
0.204927
0.204937
0.205018
0.20523
0.205686
0.206651
0.20888
0.214573
0.425854
0.432836
0.435185
0.434547
0.430657
0.422979
0.409859
0.385852
0.336249
0.246556
0.593927
0.589833
0.584377
0.577701
0.569895
0.560983
0.550887
0.53933
0.525558
0.506817
0.24717
0.203226
0.200228
0.200157
0.200186
0.20021
0.200228
0.200239
0.200245
0.200248
0.200249
0.200249
0.200249
0.20025
0.200256
0.200271
0.200299
0.200357
0.200477
0.200726
0.420893
0.429366
0.43196
0.431592
0.428065
0.420708
0.407689
0.383332
0.332642
0.242832
0.583245
0.579357
0.574175
0.567809
0.560322
0.551713
0.54188
0.530529
0.516905
0.498288
0.250668
0.203834
0.200157
0.200009
0.200006
0.200007
0.200008
0.200008
0.200009
0.200009
0.200009
0.200009
0.200009
0.20001
0.20001
0.20001
0.200011
0.200013
0.200017
0.200024
0.416162
0.425994
0.428824
0.42865
0.425383
0.418258
0.405255
0.380425
0.328405
0.238685
0.573436
0.569715
0.564763
0.558665
0.551461
0.543131
0.533552
0.522425
0.508994
0.490535
0.252757
0.204307
0.200186
0.200006
0.2
0.2
0.2
0.2
0.2
0.2
0.2
0.2
0.2
0.2
0.2
0.2
0.2
0.2
0.2
0.2
0.411606
0.422683
0.425737
0.425719
0.422647
0.415683
0.402608
0.377184
0.323563
0.234267
0.564389
0.560809
0.556055
0.550193
0.543244
0.535167
0.525832
0.514928
0.501691
0.483375
0.253954
0.20463
0.20021
0.200007
0.2
0.2
0.2
0.2
0.2
0.2
0.2
0.2
0.2
0.2
0.2
0.2
0.2
0.2
0.2
0.2
0.407193
0.419413
0.42268
0.422798
0.419883
0.413024
0.399792
0.373654
0.318132
0.229751
0.556007
0.552549
0.54797
0.542319
0.535601
0.527762
0.518657
0.507963
0.494901
0.476689
0.254544
0.204838
0.200228
0.200008
0.2
0.2
0.2
0.2
0.2
0.2
0.2
0.2
0.2
0.2
0.2
0.2
0.2
0.2
0.2
0.2
0.402899
0.416172
0.419644
0.419889
0.417106
0.410306
0.396837
0.369871
0.312114
0.225314
0.548205
0.544854
0.540434
0.534978
0.528476
0.52086
0.511971
0.501469
0.488558
0.4704
0.2547
0.204956
0.200239
0.200008
0.2
0.2
0.2
0.2
0.2
0.2
0.2
0.2
0.2
0.2
0.2
0.2
0.2
0.2
0.2
0.2
0.398703
0.412947
0.416622
0.416992
0.414328
0.407549
0.393767
0.365865
0.30551
0.221123
0.540902
0.537651
0.533381
0.528112
0.521818
0.514416
0.50573
0.495404
0.482613
0.464453
0.254545
0.205008
0.200245
0.200009
0.2
0.2
0.2
0.2
0.2
0.2
0.2
0.2
0.2
0.2
0.2
0.2
0.2
0.2
0.2
0.2
0.394589
0.409729
0.41361
0.414109
0.411557
0.404763
0.390598
0.361655
0.298332
0.217316
0.534036
0.53088
0.526757
0.521671
0.515583
0.50839
0.4999
0.489734
0.477037
0.458815
0.254182
0.205012
0.200248
0.200009
0.2
0.2
0.2
0.2
0.2
0.2
0.2
0.2
0.2
0.2
0.2
0.2
0.2
0.2
0.2
0.2
0.390542
0.406503
0.410603
0.41124
0.408794
0.401954
0.387354
0.357259
0.290642
0.213993
0.527545
0.524484
0.520509
0.51561
0.509731
0.502751
0.494456
0.484441
0.471812
0.453468
0.253698
0.204988
0.200249
0.200009
0.2
0.2
0.2
0.2
0.2
0.2
0.2
0.2
0.2
0.2
0.2
0.2
0.2
0.2
0.2
0.2
0.386548
0.403257
0.407593
0.408381
0.40604
0.399122
0.384059
0.352694
0.282595
0.211208
0.521375
0.518412
0.514592
0.50989
0.504232
0.497477
0.489384
0.47952
0.466938
0.448411
0.253184
0.204952
0.200249
0.200009
0.2
0.2
0.2
0.2
0.2
0.2
0.2
0.2
0.2
0.2
0.2
0.2
0.2
0.2
0.2
0.2
0.382592
0.399968
0.404568
0.405523
0.403284
0.396266
0.380741
0.347985
0.27448
0.208973
0.515474
0.512617
0.508964
0.504475
0.499059
0.49255
0.48468
0.474976
0.462432
0.443663
0.252743
0.204928
0.200249
0.200009
0.2
0.2
0.2
0.2
0.2
0.2
0.2
0.2
0.2
0.2
0.2
0.2
0.2
0.2
0.2
0.2
0.378651
0.396602
0.401502
0.402645
0.400507
0.393382
0.377437
0.343182
0.266721
0.207266
0.509793
0.507052
0.503583
0.499332
0.494186
0.487958
0.480346
0.47083
0.458328
0.439267
0.252503
0.204937
0.20025
0.20001
0.2
0.2
0.2
0.2
0.2
0.2
0.2
0.2
0.2
0.2
0.2
0.2
0.2
0.2
0.2
0.2
0.374691
0.393103
0.398348
0.399706
0.397682
0.39049
0.374196
0.338376
0.259814
0.206039
0.504283
0.501672
0.49841
0.494426
0.489592
0.483693
0.476394
0.467119
0.454688
0.435299
0.252648
0.205018
0.200256
0.20001
0.2
0.2
0.2
0.2
0.2
0.2
0.2
0.2
0.2
0.2
0.2
0.2
0.2
0.2
0.2
0.2
0.370653
0.389376
0.395024
0.396639
0.394766
0.387616
0.371085
0.333727
0.25421
0.205236
0.498892
0.496429
0.493399
0.489719
0.485245
0.479742
0.472835
0.463889
0.451605
0.43189
0.253475
0.20523
0.200271
0.20001
0.2
0.2
0.2
0.2
0.2
0.2
0.2
0.2
0.2
0.2
0.2
0.2
0.2
0.2
0.2
0.2
0.366448
0.385272
0.391397
0.393346
0.391729
0.384781
0.36819
0.329484
0.25024
0.204813
0.493566
0.49127
0.4885
0.485164
0.481107
0.476078
0.469674
0.461194
0.449207
0.429252
0.255547
0.205686
0.200299
0.200011
0.2
0.2
0.2
0.2
0.2
0.2
0.2
0.2
0.2
0.2
0.2
0.2
0.2
0.2
0.2
0.2
0.361964
0.380578
0.387278
0.389711
0.38853
0.382
0.365607
0.325986
0.248094
0.204747
0.488241
0.486134
0.483649
0.480696
0.477115
0.472651
0.466886
0.459075
0.447654
0.427734
0.260182
0.206651
0.200357
0.200013
0.2
0.2
0.2
0.2
0.2
0.2
0.2
0.2
0.2
0.2
0.2
0.2
0.2
0.2
0.2
0.2
0.357032
0.374984
0.382401
0.385559
0.385074
0.379249
0.363419
0.323608
0.247882
0.20506
0.482846
0.480945
0.478769
0.476229
0.473175
0.469365
0.46439
0.457506
0.447091
0.427898
0.271296
0.20888
0.200477
0.200017
0.2
0.2
0.2
0.2
0.2
0.2
0.2
0.2
0.2
0.2
0.2
0.2
0.2
0.2
0.2
0.2
0.351275
0.367902
0.37626
0.380541
0.381144
0.376425
0.361653
0.322656
0.249672
0.205827
0.477293
0.475612
0.473758
0.471649
0.469154
0.466059
0.462006
0.456325
0.447509
0.430476
0.301369
0.214573
0.200726
0.200024
0.2
0.2
0.2
0.2
0.2
0.2
0.2
0.2
0.2
0.2
0.2
0.2
0.2
0.2
0.2
0.2
0.343546
0.358011
0.367789
0.373919
0.376276
0.373264
0.360227
0.323244
0.253487
0.207192
0.471472
0.470021
0.468488
0.466806
0.464867
0.462501
0.459425
0.455128
0.448473
0.435718
0.431124
0.425854
0.420893
0.416162
0.411606
0.407193
0.402899
0.398703
0.394589
0.390542
0.386548
0.382592
0.378651
0.374691
0.370653
0.366448
0.361964
0.357032
0.351275
0.343546
0.337519
0.345073
0.355675
0.364422
0.369511
0.369089
0.358689
0.325183
0.259317
0.20938
0.465247
0.464025
0.462799
0.461515
0.460089
0.458391
0.456212
0.453194
0.448624
0.44072
0.436506
0.432837
0.429367
0.425995
0.422683
0.419413
0.416172
0.412948
0.409729
0.406504
0.403257
0.399968
0.396602
0.393103
0.389376
0.385272
0.380578
0.374984
0.367902
0.35801
0.345073
0.340179
0.344569
0.352869
0.3602
0.362955
0.356153
0.32746
0.266643
0.212649
0.458433
0.457432
0.456486
0.455553
0.454567
0.453427
0.451983
0.44999
0.447037
0.442396
0.43859
0.435185
0.431961
0.428825
0.425737
0.42268
0.419644
0.416623
0.413611
0.410603
0.407593
0.404568
0.401502
0.398348
0.395024
0.391397
0.387278
0.382401
0.37626
0.367789
0.355675
0.344569
0.340177
0.343098
0.349565
0.354507
0.351642
0.32883
0.274455
0.21715
0.450772
0.449976
0.449276
0.448635
0.447999
0.44729
0.446392
0.445134
0.443271
0.440486
0.437519
0.434547
0.431592
0.428651
0.42572
0.422799
0.419889
0.416992
0.414109
0.41124
0.408381
0.405523
0.402645
0.399706
0.396639
0.393346
0.389711
0.385559
0.380541
0.373919
0.364422
0.352869
0.343098
0.338885
0.340622
0.344797
0.344656
0.327889
0.281244
0.222709
0.441859
0.441249
0.440755
0.440345
0.439973
0.439571
0.439044
0.438265
0.437071
0.435294
0.433101
0.430658
0.428065
0.425383
0.422648
0.419883
0.417107
0.414329
0.411557
0.408795
0.40604
0.403284
0.400508
0.397682
0.394766
0.391729
0.38853
0.385074
0.381144
0.376276
0.369511
0.3602
0.349565
0.340622
0.336158
0.336128
0.335781
0.32363
0.285229
0.228575
0.430928
0.430482
0.430158
0.429925
0.42974
0.42954
0.429244
0.428746
0.427926
0.426674
0.424998
0.42298
0.420709
0.418258
0.415684
0.413024
0.410306
0.407549
0.404763
0.401954
0.399123
0.396266
0.393383
0.390491
0.387616
0.384782
0.382
0.379249
0.376425
0.373264
0.36909
0.362955
0.354507
0.344797
0.336128
0.330497
0.326602
0.316023
0.284936
0.233397
0.416131
0.415824
0.415638
0.415539
0.415483
0.415407
0.415232
0.414864
0.414201
0.413158
0.411701
0.409859
0.40769
0.405255
0.402608
0.399792
0.396837
0.393767
0.390598
0.387354
0.384059
0.380741
0.377437
0.374196
0.371085
0.368191
0.365607
0.363419
0.361653
0.360227
0.358689
0.356154
0.351643
0.344656
0.335781
0.326602
0.317968
0.30584
0.279829
0.235652
0.392305
0.392094
0.392004
0.391996
0.392014
0.391987
0.391826
0.391432
0.390703
0.389554
0.387938
0.385852
0.383332
0.380426
0.377185
0.373654
0.369872
0.365865
0.361655
0.357259
0.352694
0.347985
0.343183
0.338376
0.333727
0.329484
0.325986
0.323608
0.322656
0.323244
0.325184
0.327461
0.328831
0.327889
0.32363
0.316024
0.30584
0.292221
0.269823
0.23422
0.34555
0.345333
0.345257
0.345261
0.345269
0.345181
0.344882
0.344248
0.343155
0.341496
0.339203
0.336249
0.332642
0.328405
0.323563
0.318132
0.312114
0.30551
0.298332
0.290642
0.282595
0.27448
0.266721
0.259814
0.254211
0.25024
0.248095
0.247882
0.249672
0.253488
0.259318
0.266644
0.274455
0.281245
0.28523
0.284936
0.279829
0.269823
0.253349
0.228223
0.257525
0.257269
0.257154
0.25711
0.257045
0.25685
0.256401
0.255569
0.254232
0.252302
0.249738
0.246556
0.242832
0.238685
0.234267
0.229751
0.225314
0.221123
0.217316
0.213993
0.211208
0.208973
0.207266
0.206039
0.205236
0.204813
0.204747
0.20506
0.205827
0.207192
0.20938
0.212649
0.217151
0.222709
0.228576
0.233397
0.235653
0.23422
0.228223
0.216761
0.799995
0.799518
0.793244
0.775083
0.750318
0.725047
0.7016
0.680482
0.661616
0.644775
0.629709
0.616183
0.60398
0.592907
0.582791
0.573494
0.564904
0.556927
0.54948
0.542489
0.535892
0.529631
0.523653
0.517906
0.512341
0.506906
0.501547
0.496199
0.490793
0.485243
0.479443
0.473259
0.466512
0.458942
0.450131
0.439282
0.424606
0.401462
0.357123
0.268831
0.799519
0.796327
0.78419
0.763275
0.739154
0.715429
0.693428
0.673462
0.655476
0.639302
0.624746
0.611611
0.599713
0.588876
0.578948
0.569808
0.561353
0.553497
0.54616
0.539276
0.532785
0.526632
0.52077
0.51515
0.509725
0.504449
0.499266
0.494115
0.488923
0.4836
0.478035
0.472085
0.465562
0.4582
0.449576
0.438891
0.424351
0.401301
0.356976
0.268633
0.793248
0.784192
0.767658
0.746645
0.724466
0.702934
0.6828
0.664295
0.647425
0.6321
0.618194
0.605562
0.594056
0.583529
0.573857
0.564935
0.556674
0.548994
0.541822
0.535098
0.528769
0.522784
0.517102
0.511678
0.506472
0.501438
0.496525
0.491669
0.486792
0.481796
0.476556
0.470914
0.464672
0.457556
0.449139
0.438623
0.424215
0.401255
0.356953
0.26857
0.775087
0.763276
0.746645
0.727602
0.707972
0.688802
0.670617
0.653645
0.637956
0.623536
0.610328
0.598241
0.587164
0.576985
0.567608
0.558946
0.550918
0.543452
0.536484
0.52996
0.523833
0.518061
0.512607
0.507434
0.502509
0.497791
0.493231
0.488765
0.484309
0.479747
0.474935
0.469692
0.4638
0.456974
0.448786
0.438446
0.424165
0.401285
0.357
0.268571
0.750319
0.739153
0.724466
0.707972
0.690874
0.673926
0.657566
0.642037
0.627466
0.613905
0.60136
0.589793
0.579134
0.569311
0.560246
0.551864
0.544092
0.536863
0.530123
0.523822
0.517922
0.512388
0.50719
0.502304
0.497704
0.493359
0.489227
0.485245
0.481322
0.477322
0.473065
0.468333
0.462876
0.456399
0.448472
0.438316
0.424157
0.401339
0.357047
0.268548
0.725045
0.715428
0.702933
0.688802
0.673926
0.658906
0.644134
0.629861
0.616251
0.603413
0.591414
0.580281
0.569995
0.560509
0.551754
0.543656
0.536145
0.529161
0.522655
0.516584
0.510915
0.505623
0.500689
0.4961
0.491844
0.487907
0.484261
0.480853
0.477588
0.474305
0.470775
0.466706
0.461803
0.455751
0.448128
0.438172
0.424127
0.401348
0.357002
0.268393
0.701599
0.693427
0.682798
0.670617
0.657566
0.644134
0.630663
0.617396
0.604512
0.592163
0.580498
0.56966
0.559672
0.550484
0.542018
0.534192
0.526935
0.520191
0.513909
0.508054
0.5026
0.49753
0.492837
0.488522
0.484594
0.481063
0.477931
0.475171
0.4727
0.470339
0.467782
0.464603
0.460427
0.454916
0.447661
0.437931
0.423999
0.401226
0.356761
0.267985
0.68048
0.67346
0.664294
0.653645
0.642037
0.629861
0.617396
0.604846
0.592365
0.580132
0.568444
0.557689
0.547892
0.538949
0.53074
0.523166
0.516146
0.509618
0.503535
0.497863
0.492581
0.487682
0.483168
0.47906
0.475389
0.4722
0.469546
0.467461
0.46592
0.464759
0.463577
0.461667
0.458507
0.453724
0.446943
0.437488
0.423677
0.400877
0.356208
0.267196
0.661615
0.655474
0.647424
0.637956
0.627466
0.616251
0.604512
0.592365
0.579868
0.567131
0.554625
0.543631
0.533902
0.525148
0.517166
0.509816
0.503002
0.496653
0.490719
0.485168
0.479982
0.475157
0.470708
0.466668
0.463092
0.46007
0.457726
0.456214
0.455674
0.456095
0.457048
0.457198
0.455636
0.451932
0.445814
0.436725
0.423061
0.400204
0.355232
0.265908
0.644775
0.639302
0.6321
0.623537
0.613906
0.603413
0.592163
0.580132
0.567131
0.552679
0.536265
0.524663
0.514943
0.506359
0.49858
0.491417
0.484751
0.478503
0.472618
0.46706
0.461812
0.45687
0.452249
0.447989
0.444159
0.440879
0.43835
0.436903
0.437076
0.439578
0.44466
0.449514
0.451131
0.449242
0.444113
0.435534
0.422065
0.399126
0.353738
0.264029
0.629709
0.624745
0.618193
0.610328
0.601361
0.591414
0.580499
0.568444
0.554625
0.536264
0.252051
0.243852
0.24979
0.253636
0.256009
0.25746
0.258281
0.258656
0.258715
0.25856
0.258282
0.257976
0.257745
0.257722
0.258098
0.259181
0.26156
0.266638
0.278664
0.310927
0.440063
0.445394
0.447434
0.446373
0.442003
0.433923
0.420659
0.397598
0.351671
0.261512
0.616182
0.611611
0.605562
0.598241
0.589793
0.580281
0.56966
0.55769
0.543632
0.524663
0.243853
0.204887
0.203605
0.204311
0.204874
0.205274
0.205549
0.205726
0.20583
0.205882
0.205902
0.20591
0.20593
0.205991
0.206135
0.206432
0.207017
0.20821
0.21093
0.21788
0.434666
0.441784
0.444124
0.4435
0.439648
0.431971
0.41887
0.395624
0.349016
0.258364
0.60398
0.599713
0.594056
0.587164
0.579134
0.569996
0.559672
0.547892
0.533903
0.514943
0.24979
0.203605
0.200266
0.200185
0.200221
0.200252
0.200275
0.200293
0.200303
0.20031
0.200315
0.200317
0.200321
0.200328
0.200338
0.20036
0.2004
0.200478
0.200638
0.200967
0.429633
0.438379
0.440997
0.440647
0.437146
0.429765
0.416755
0.393242
0.345795
0.254641
0.592907
0.588876
0.58353
0.576985
0.569311
0.56051
0.550485
0.538949
0.525149
0.506359
0.253636
0.204311
0.200185
0.200012
0.200007
0.200009
0.200011
0.200011
0.200012
0.200012
0.200012
0.200013
0.200013
0.200013
0.200014
0.200015
0.200017
0.200019
0.200025
0.200033
0.424879
0.435086
0.437964
0.437812
0.434556
0.427377
0.414377
0.390506
0.342048
0.250437
0.582791
0.578949
0.573857
0.567608
0.560247
0.551754
0.542019
0.53074
0.517166
0.49858
0.256009
0.204874
0.200221
0.200007
0.2
0.2
0.2
0.2
0.2
0.2
0.2
0.2
0.2
0.2
0.2
0.2
0.2
0.2
0.200001
0.200001
0.420332
0.431866
0.434989
0.434994
0.431913
0.424859
0.411792
0.387473
0.337819
0.245875
0.573495
0.569808
0.564935
0.558946
0.551865
0.543656
0.534192
0.523166
0.509817
0.491417
0.25746
0.205274
0.200252
0.200009
0.2
0.2
0.2
0.2
0.2
0.2
0.2
0.2
0.2
0.2
0.2
0.2
0.2
0.2
0.2
0.2
0.415953
0.428702
0.432053
0.432189
0.429238
0.42225
0.409046
0.384195
0.333145
0.241099
0.564905
0.561354
0.556674
0.550918
0.544093
0.536145
0.526936
0.516146
0.503003
0.484751
0.258281
0.205549
0.200275
0.200011
0.2
0.2
0.2
0.2
0.2
0.2
0.2
0.2
0.2
0.2
0.2
0.2
0.2
0.2
0.2
0.2
0.411714
0.425578
0.429145
0.429397
0.426544
0.419575
0.406177
0.38072
0.328053
0.236265
0.556928
0.553497
0.548994
0.543452
0.536864
0.529162
0.520191
0.509618
0.496653
0.478503
0.258656
0.205726
0.200293
0.200011
0.2
0.2
0.2
0.2
0.2
0.2
0.2
0.2
0.2
0.2
0.2
0.2
0.2
0.2
0.2
0.2
0.407591
0.422479
0.426256
0.426614
0.423838
0.416854
0.403214
0.377089
0.322558
0.231534
0.549481
0.546161
0.541823
0.536484
0.530123
0.522655
0.51391
0.503535
0.49072
0.472618
0.258715
0.20583
0.200303
0.200012
0.2
0.2
0.2
0.2
0.2
0.2
0.2
0.2
0.2
0.2
0.2
0.2
0.2
0.2
0.2
0.2
0.403561
0.419391
0.423375
0.423837
0.421124
0.4141
0.400187
0.373337
0.316675
0.227061
0.54249
0.539277
0.535099
0.529961
0.523823
0.516584
0.508055
0.497863
0.485169
0.46706
0.25856
0.205882
0.20031
0.200012
0.2
0.2
0.2
0.2
0.2
0.2
0.2
0.2
0.2
0.2
0.2
0.2
0.2
0.2
0.2
0.2
0.399602
0.416295
0.420491
0.421058
0.418401
0.411324
0.397121
0.369503
0.310429
0.222978
0.535893
0.532785
0.528769
0.523834
0.517922
0.510916
0.502601
0.492582
0.479982
0.461812
0.258282
0.205902
0.200315
0.200012
0.2
0.2
0.2
0.2
0.2
0.2
0.2
0.2
0.2
0.2
0.2
0.2
0.2
0.2
0.2
0.2
0.395695
0.413169
0.417591
0.418268
0.415669
0.408537
0.394048
0.365626
0.303885
0.219387
0.529631
0.526633
0.522785
0.518062
0.512388
0.505624
0.497531
0.487682
0.475158
0.45687
0.257976
0.20591
0.200317
0.200013
0.2
0.2
0.2
0.2
0.2
0.2
0.2
0.2
0.2
0.2
0.2
0.2
0.2
0.2
0.2
0.2
0.391817
0.409985
0.414651
0.415453
0.412923
0.405749
0.391002
0.361753
0.297175
0.216353
0.523653
0.52077
0.517102
0.512607
0.507191
0.50069
0.492837
0.483169
0.470709
0.452249
0.257745
0.20593
0.200321
0.200013
0.2
0.2
0.2
0.2
0.2
0.2
0.2
0.2
0.2
0.2
0.2
0.2
0.2
0.2
0.2
0.2
0.387946
0.406702
0.411644
0.412594
0.410156
0.402977
0.388025
0.357948
0.290537
0.21391
0.517907
0.51515
0.511679
0.507435
0.502305
0.496101
0.488523
0.47906
0.466668
0.447989
0.257722
0.205991
0.200328
0.200013
0.2
0.2
0.2
0.2
0.2
0.2
0.2
0.2
0.2
0.2
0.2
0.2
0.2
0.2
0.2
0.2
0.384049
0.403263
0.408525
0.409662
0.40736
0.400243
0.385171
0.354298
0.284324
0.212066
0.512342
0.509726
0.506473
0.50251
0.497704
0.491845
0.484595
0.475389
0.463093
0.444159
0.258098
0.206135
0.200338
0.200014
0.2
0.2
0.2
0.2
0.2
0.2
0.2
0.2
0.2
0.2
0.2
0.2
0.2
0.2
0.2
0.2
0.380083
0.399585
0.40523
0.406616
0.404523
0.397571
0.382503
0.350928
0.278982
0.210816
0.506907
0.504449
0.501439
0.497791
0.493359
0.487907
0.481064
0.472201
0.460071
0.44088
0.259181
0.206432
0.20036
0.200015
0.2
0.2
0.2
0.2
0.2
0.2
0.2
0.2
0.2
0.2
0.2
0.2
0.2
0.2
0.2
0.2
0.375992
0.395552
0.401661
0.403397
0.401626
0.394985
0.380098
0.348005
0.274978
0.210158
0.501547
0.499266
0.496525
0.493232
0.489227
0.484262
0.477931
0.469547
0.457727
0.438351
0.26156
0.207017
0.2004
0.200017
0.2
0.2
0.2
0.2
0.2
0.2
0.2
0.2
0.2
0.2
0.2
0.2
0.2
0.2
0.2
0.2
0.371695
0.390988
0.397672
0.399914
0.398632
0.392497
0.378033
0.345742
0.272722
0.210111
0.4962
0.494115
0.49167
0.488766
0.485246
0.480854
0.475171
0.467462
0.456215
0.436904
0.266638
0.20821
0.200478
0.200019
0.2
0.2
0.2
0.2
0.2
0.2
0.2
0.2
0.2
0.2
0.2
0.2
0.2
0.2
0.2
0.2
0.367066
0.385612
0.393016
0.396004
0.395453
0.390086
0.376365
0.344369
0.272503
0.210744
0.490794
0.488923
0.486793
0.48431
0.481323
0.477588
0.4727
0.465921
0.455674
0.437077
0.278664
0.21093
0.200638
0.200025
0.200001
0.2
0.2
0.2
0.2
0.2
0.2
0.2
0.2
0.2
0.2
0.2
0.2
0.2
0.2
0.2
0.361846
0.378919
0.387246
0.391356
0.3919
0.38766
0.375103
0.34408
0.274477
0.212191
0.485243
0.483601
0.481797
0.479748
0.477322
0.474306
0.47034
0.464759
0.456096
0.439579
0.310927
0.21788
0.200967
0.200033
0.200001
0.2
0.2
0.2
0.2
0.2
0.2
0.2
0.2
0.2
0.2
0.2
0.2
0.2
0.2
0.2
0.355314
0.369873
0.379463
0.385323
0.387544
0.384947
0.374101
0.344936
0.278659
0.21468
0.479443
0.478035
0.476556
0.474936
0.473066
0.470776
0.467783
0.463578
0.457049
0.44466
0.440064
0.434666
0.429634
0.424879
0.420332
0.415953
0.411714
0.407591
0.403561
0.399602
0.395695
0.391818
0.387946
0.384049
0.380083
0.375992
0.371695
0.367066
0.361846
0.355314
0.350757
0.35854
0.368698
0.376871
0.381578
0.381385
0.372992
0.346694
0.284857
0.218515
0.47326
0.472085
0.470915
0.469693
0.468334
0.466707
0.464604
0.461668
0.457198
0.449515
0.445394
0.441784
0.438379
0.435086
0.431867
0.428702
0.425578
0.422479
0.419391
0.416295
0.413169
0.409985
0.406702
0.403263
0.399585
0.395552
0.390988
0.385612
0.378919
0.369873
0.35854
0.354867
0.359311
0.366952
0.373602
0.376258
0.371121
0.348812
0.292544
0.224002
0.466513
0.465562
0.464673
0.4638
0.462877
0.461804
0.460428
0.458507
0.455637
0.451132
0.447434
0.444125
0.440997
0.437965
0.43499
0.432054
0.429146
0.426256
0.423375
0.420491
0.41759
0.414651
0.411644
0.408525
0.405229
0.401661
0.397672
0.393016
0.387246
0.379463
0.368697
0.359311
0.356022
0.358969
0.364834
0.369408
0.367774
0.35043
0.300921
0.231326
0.458943
0.458201
0.457557
0.456974
0.456399
0.455752
0.454917
0.453724
0.451933
0.449243
0.446373
0.4435
0.440647
0.437813
0.434994
0.432189
0.429397
0.426614
0.423837
0.421058
0.418268
0.415453
0.412594
0.409662
0.406616
0.403397
0.399913
0.396004
0.391356
0.385323
0.376871
0.366952
0.358969
0.355913
0.357864
0.361883
0.362714
0.350582
0.308862
0.240315
0.450131
0.449577
0.449139
0.448787
0.448472
0.448129
0.447662
0.446944
0.445815
0.444114
0.442004
0.439648
0.437146
0.434556
0.431913
0.429238
0.426544
0.423838
0.421124
0.418402
0.415669
0.412923
0.410156
0.407361
0.404523
0.401626
0.398632
0.395453
0.3919
0.387544
0.381578
0.373602
0.364834
0.357864
0.354865
0.355658
0.356595
0.348582
0.314992
0.250208
0.439282
0.438892
0.438623
0.438446
0.438316
0.438172
0.437931
0.437488
0.436725
0.435534
0.433923
0.431971
0.429765
0.427377
0.42486
0.42225
0.419575
0.416854
0.4141
0.411324
0.408537
0.405749
0.402977
0.400243
0.397571
0.394985
0.392497
0.390086
0.38766
0.384947
0.381385
0.376258
0.369408
0.361883
0.355658
0.352275
0.350732
0.344355
0.317901
0.259518
0.424606
0.424352
0.424215
0.424166
0.424157
0.424128
0.423999
0.423677
0.423061
0.422066
0.42066
0.41887
0.416755
0.414377
0.411792
0.409047
0.406177
0.403215
0.400187
0.397122
0.394049
0.391002
0.388025
0.385171
0.382504
0.380099
0.378033
0.376365
0.375103
0.374101
0.372992
0.371121
0.367774
0.362714
0.356595
0.350732
0.345745
0.338232
0.316506
0.266219
0.401463
0.401301
0.401255
0.401285
0.401339
0.401348
0.401226
0.400877
0.400204
0.399126
0.397598
0.395624
0.393242
0.390506
0.387473
0.384195
0.38072
0.377089
0.373338
0.369504
0.365626
0.361753
0.357948
0.354298
0.350928
0.348005
0.345742
0.344369
0.34408
0.344936
0.346694
0.348812
0.35043
0.350582
0.348582
0.344355
0.338232
0.329024
0.309817
0.268213
0.357123
0.356977
0.356953
0.357
0.357047
0.357002
0.356761
0.356209
0.355232
0.353739
0.351671
0.349016
0.345795
0.342048
0.337819
0.333145
0.328053
0.322558
0.316675
0.310429
0.303885
0.297176
0.290537
0.284324
0.278982
0.274979
0.272722
0.272503
0.274477
0.278659
0.284857
0.292544
0.300921
0.308862
0.314992
0.317901
0.316506
0.309817
0.294599
0.263091
0.268832
0.268634
0.26857
0.268571
0.268548
0.268393
0.267985
0.267197
0.265908
0.264029
0.261512
0.258364
0.254641
0.250437
0.245875
0.241099
0.236265
0.231534
0.227061
0.222978
0.219387
0.216353
0.21391
0.212066
0.210816
0.210158
0.210111
0.210744
0.212191
0.21468
0.218515
0.224003
0.231326
0.240315
0.250208
0.259518
0.266219
0.268213
0.263091
0.246522
0.8
0.799994
0.798529
0.786828
0.763738
0.737589
0.712822
0.690525
0.670708
0.653118
0.637464
0.623474
0.610908
0.599552
0.589218
0.579745
0.57101
0.562909
0.555356
0.548273
0.541596
0.535264
0.529223
0.523421
0.517807
0.512329
0.506931
0.50155
0.496116
0.490542
0.484724
0.478528
0.471774
0.4642
0.455385
0.444552
0.430006
0.407457
0.364896
0.277144
0.799997
0.799607
0.793929
0.776658
0.752499
0.727535
0.704225
0.68315
0.664278
0.647406
0.632301
0.618735
0.606499
0.595403
0.585273
0.57597
0.56738
0.559409
0.551974
0.545006
0.538442
0.532227
0.526309
0.520642
0.515176
0.509863
0.504648
0.499471
0.494256
0.488915
0.483337
0.477377
0.470849
0.463485
0.454858
0.444188
0.429776
0.407323
0.364788
0.276988
0.798532
0.793932
0.780864
0.76034
0.737158
0.714325
0.693005
0.673519
0.655861
0.639912
0.625511
0.612491
0.600684
0.589927
0.580073
0.571003
0.562619
0.554835
0.547576
0.540779
0.534386
0.528348
0.522619
0.517156
0.511916
0.506853
0.501915
0.497038
0.492144
0.487134
0.481884
0.476236
0.46999
0.462871
0.454451
0.443947
0.429664
0.407298
0.364793
0.276959
0.786838
0.776664
0.760341
0.740495
0.719688
0.699361
0.680168
0.66236
0.645992
0.631028
0.617387
0.604962
0.593626
0.583247
0.57371
0.564916
0.556779
0.549223
0.54218
0.535594
0.529414
0.523598
0.518107
0.512904
0.507953
0.503214
0.498637
0.494156
0.489687
0.485116
0.480295
0.475047
0.469151
0.462322
0.45413
0.443798
0.429637
0.407347
0.364863
0.276991
0.763748
0.752503
0.73716
0.719689
0.701559
0.683656
0.666467
0.650242
0.635097
0.621072
0.608158
0.596306
0.58543
0.575434
0.566231
0.557734
0.549868
0.542563
0.53576
0.529409
0.523467
0.517899
0.512676
0.507769
0.503152
0.498794
0.494652
0.490662
0.486731
0.482724
0.478462
0.473724
0.468263
0.461781
0.453848
0.443697
0.429651
0.407418
0.36493
0.276996
0.737597
0.727539
0.714327
0.699362
0.683656
0.667873
0.652429
0.637582
0.623493
0.610267
0.597964
0.586597
0.576128
0.566495
0.55762
0.549425
0.541836
0.534791
0.528235
0.522125
0.516426
0.511112
0.506162
0.501562
0.497299
0.493358
0.489709
0.486299
0.483031
0.479745
0.47621
0.472136
0.467228
0.46117
0.453538
0.443581
0.429644
0.407444
0.36491
0.276869
0.712827
0.704227
0.693007
0.680169
0.666467
0.652429
0.638416
0.624678
0.611399
0.598731
0.58682
0.575787
0.565643
0.556331
0.547764
0.539859
0.532542
0.525749
0.519431
0.513551
0.508078
0.502997
0.498299
0.493983
0.490058
0.486532
0.483405
0.480649
0.478181
0.47582
0.47326
0.470076
0.465893
0.460373
0.453106
0.44337
0.429538
0.407343
0.364702
0.276492
0.690528
0.683152
0.67352
0.662361
0.650242
0.637582
0.624679
0.611743
0.59894
0.586448
0.574551
0.563632
0.553703
0.544656
0.536368
0.528733
0.521668
0.515107
0.509002
0.503318
0.498031
0.493133
0.488627
0.484529
0.480872
0.477698
0.475058
0.472984
0.47145
0.470289
0.469103
0.467185
0.464016
0.459221
0.452424
0.442958
0.429241
0.407022
0.364199
0.275741
0.670711
0.664279
0.655863
0.645993
0.635097
0.623494
0.611399
0.59894
0.58618
0.573219
0.560524
0.549388
0.539551
0.530718
0.522677
0.515287
0.508445
0.502081
0.496143
0.490597
0.485423
0.480619
0.476194
0.472182
0.468636
0.465644
0.463324
0.46183
0.461297
0.461712
0.462648
0.462777
0.461197
0.457474
0.451333
0.442226
0.428653
0.406386
0.363295
0.274499
0.65312
0.647408
0.639913
0.631029
0.621072
0.610267
0.598731
0.586448
0.573219
0.558551
0.541935
0.530217
0.52042
0.511788
0.503979
0.496804
0.490142
0.48391
0.478054
0.472537
0.467341
0.46246
0.457908
0.453722
0.449969
0.446762
0.444295
0.442888
0.443063
0.445514
0.45049
0.455234
0.456778
0.454842
0.449675
0.441069
0.427689
0.405357
0.361906
0.272677
0.637466
0.632302
0.625511
0.617388
0.608159
0.597964
0.58682
0.574552
0.560524
0.541935
0.253804
0.24563
0.251883
0.255992
0.258582
0.260225
0.261224
0.261769
0.261991
0.261997
0.26188
0.261735
0.261668
0.261815
0.26237
0.263647
0.266255
0.271645
0.284267
0.317786
0.445903
0.451171
0.453144
0.452028
0.447609
0.439492
0.426318
0.403895
0.35998
0.270225
0.623475
0.618736
0.612491
0.604962
0.596307
0.586597
0.575787
0.563632
0.549388
0.530218
0.24563
0.205279
0.203918
0.204704
0.205341
0.205806
0.206137
0.206364
0.206514
0.206608
0.206668
0.206716
0.206777
0.206884
0.207085
0.207456
0.208152
0.209533
0.212645
0.22055
0.440418
0.447594
0.449887
0.449206
0.445296
0.437575
0.42457
0.402005
0.35751
0.267146
0.610909
0.6065
0.600684
0.593626
0.58543
0.576128
0.565644
0.553703
0.539552
0.52042
0.251883
0.203918
0.200298
0.200209
0.200251
0.200288
0.200316
0.200338
0.200353
0.200364
0.200372
0.200379
0.200386
0.200395
0.200412
0.20044
0.200491
0.200587
0.200781
0.201179
0.43533
0.444224
0.446811
0.446404
0.442836
0.435405
0.422503
0.399726
0.354525
0.263486
0.599553
0.595403
0.589927
0.583247
0.575435
0.566495
0.556331
0.544656
0.530718
0.511788
0.255992
0.204704
0.200209
0.200013
0.200009
0.200011
0.200012
0.200013
0.200015
0.200015
0.200016
0.200016
0.200017
0.200017
0.200018
0.200019
0.200021
0.200024
0.200031
0.200042
0.43055
0.440972
0.443832
0.443619
0.440288
0.433052
0.42018
0.397114
0.35107
0.259325
0.589219
0.585274
0.580073
0.57371
0.566231
0.55762
0.547765
0.536368
0.522677
0.50398
0.258583
0.205341
0.200251
0.200009
0.2
0.2
0.2
0.2
0.2
0.2
0.2
0.2
0.2
0.2
0.2
0.2
0.2
0.200001
0.200001
0.200001
0.425999
0.437803
0.440914
0.440852
0.437686
0.430572
0.417659
0.394227
0.347198
0.254769
0.579746
0.575971
0.571004
0.564916
0.557735
0.549425
0.53986
0.528733
0.515287
0.496805
0.260225
0.205806
0.200288
0.200011
0.2
0.2
0.2
0.2
0.2
0.2
0.2
0.2
0.2
0.2
0.2
0.2
0.2
0.2
0.2
0.2
0.421633
0.434697
0.438039
0.438099
0.435051
0.428002
0.414988
0.391121
0.342956
0.249939
0.571011
0.56738
0.56262
0.55678
0.549869
0.541837
0.532542
0.521668
0.508445
0.490142
0.261224
0.206137
0.200316
0.200012
0.2
0.2
0.2
0.2
0.2
0.2
0.2
0.2
0.2
0.2
0.2
0.2
0.2
0.2
0.2
0.2
0.417421
0.431636
0.435194
0.435359
0.432397
0.425371
0.412207
0.387845
0.338383
0.244973
0.56291
0.559409
0.554835
0.549224
0.542564
0.534791
0.525749
0.515107
0.502081
0.48391
0.261769
0.206364
0.200338
0.200013
0.2
0.2
0.2
0.2
0.2
0.2
0.2
0.2
0.2
0.2
0.2
0.2
0.2
0.2
0.2
0.2
0.413335
0.428606
0.432369
0.432629
0.429732
0.422698
0.409347
0.384444
0.333509
0.240019
0.555356
0.551975
0.547577
0.542181
0.535761
0.528235
0.519432
0.509002
0.496143
0.478054
0.261991
0.206514
0.200353
0.200015
0.2
0.2
0.2
0.2
0.2
0.2
0.2
0.2
0.2
0.2
0.2
0.2
0.2
0.2
0.2
0.2
0.409351
0.425589
0.429554
0.429903
0.427059
0.42
0.406438
0.380958
0.328357
0.235228
0.548274
0.545007
0.540779
0.535594
0.529409
0.522125
0.513551
0.503318
0.490597
0.472537
0.261997
0.206608
0.200364
0.200015
0.2
0.2
0.2
0.2
0.2
0.2
0.2
0.2
0.2
0.2
0.2
0.2
0.2
0.2
0.2
0.2
0.405445
0.422566
0.426735
0.427175
0.424381
0.417289
0.403509
0.377431
0.322958
0.230748
0.541597
0.538443
0.534387
0.529415
0.523468
0.516427
0.508079
0.498032
0.485424
0.467341
0.26188
0.206668
0.200372
0.200016
0.2
0.2
0.2
0.2
0.2
0.2
0.2
0.2
0.2
0.2
0.2
0.2
0.2
0.2
0.2
0.2
0.401595
0.419515
0.423899
0.424435
0.421697
0.414578
0.40059
0.373907
0.31736
0.226707
0.535265
0.532228
0.528348
0.523599
0.5179
0.511112
0.502998
0.493134
0.480619
0.46246
0.261735
0.206716
0.200379
0.200016
0.2
0.2
0.2
0.2
0.2
0.2
0.2
0.2
0.2
0.2
0.2
0.2
0.2
0.2
0.2
0.2
0.397777
0.416403
0.421023
0.421673
0.419006
0.411883
0.397718
0.370441
0.311655
0.223207
0.529224
0.52631
0.522619
0.518107
0.512676
0.506162
0.498299
0.488627
0.476195
0.457908
0.261668
0.206777
0.200386
0.200017
0.2
0.2
0.2
0.2
0.2
0.2
0.2
0.2
0.2
0.2
0.2
0.2
0.2
0.2
0.2
0.2
0.393967
0.413192
0.418081
0.418871
0.416307
0.40922
0.394935
0.367101
0.306002
0.220318
0.523422
0.520642
0.517157
0.512904
0.507769
0.501562
0.493984
0.48453
0.472182
0.453722
0.261815
0.206884
0.200395
0.200017
0.2
0.2
0.2
0.2
0.2
0.2
0.2
0.2
0.2
0.2
0.2
0.2
0.2
0.2
0.2
0.2
0.390136
0.409826
0.415031
0.416007
0.413594
0.406612
0.392294
0.363973
0.300653
0.218089
0.517808
0.515177
0.511917
0.507954
0.503153
0.4973
0.490059
0.480872
0.468637
0.449969
0.26237
0.207085
0.200412
0.200018
0.2
0.2
0.2
0.2
0.2
0.2
0.2
0.2
0.2
0.2
0.2
0.2
0.2
0.2
0.2
0.2
0.386246
0.406229
0.411818
0.413046
0.410861
0.404082
0.389858
0.36117
0.295957
0.216554
0.51233
0.509864
0.506854
0.503214
0.498795
0.493358
0.486533
0.477699
0.465644
0.446762
0.263647
0.207456
0.20044
0.200019
0.2
0.2
0.2
0.2
0.2
0.2
0.2
0.2
0.2
0.2
0.2
0.2
0.2
0.2
0.2
0.2
0.382251
0.40229
0.408352
0.409938
0.408091
0.401654
0.387696
0.358831
0.292336
0.215753
0.506931
0.504649
0.501916
0.498637
0.494652
0.489709
0.483406
0.475058
0.463325
0.444295
0.266255
0.208152
0.200491
0.200021
0.2
0.2
0.2
0.2
0.2
0.2
0.2
0.2
0.2
0.2
0.2
0.2
0.2
0.2
0.2
0.2
0.378082
0.39784
0.404492
0.406596
0.405251
0.39934
0.385876
0.357124
0.29022
0.215746
0.501551
0.499471
0.497039
0.494157
0.490663
0.4863
0.48065
0.472985
0.46183
0.442888
0.271645
0.209533
0.200587
0.200024
0.200001
0.2
0.2
0.2
0.2
0.2
0.2
0.2
0.2
0.2
0.2
0.2
0.2
0.2
0.2
0.2
0.373629
0.392609
0.400001
0.402865
0.402256
0.397122
0.384447
0.356221
0.289972
0.216642
0.496116
0.494257
0.492145
0.489688
0.486732
0.483032
0.478181
0.47145
0.461297
0.443063
0.284267
0.212645
0.200781
0.200031
0.200001
0.2
0.2
0.2
0.2
0.2
0.2
0.2
0.2
0.2
0.2
0.2
0.2
0.2
0.2
0.2
0.368685
0.386121
0.394448
0.398443
0.398923
0.394902
0.383398
0.356255
0.291822
0.218618
0.490543
0.488916
0.487135
0.485116
0.482725
0.479746
0.475821
0.470289
0.461713
0.445514
0.317786
0.22055
0.201179
0.200042
0.200001
0.2
0.2
0.2
0.2
0.2
0.2
0.2
0.2
0.2
0.2
0.2
0.2
0.2
0.2
0.2
0.362698
0.377447
0.386999
0.392726
0.394856
0.392439
0.382602
0.357242
0.295823
0.221936
0.484725
0.483337
0.481884
0.480296
0.478462
0.476211
0.473261
0.469104
0.462648
0.45049
0.445904
0.440418
0.43533
0.43055
0.425999
0.421633
0.417421
0.413335
0.409351
0.405445
0.401595
0.397778
0.393967
0.390136
0.386246
0.382251
0.378082
0.373629
0.368685
0.362698
0.358793
0.366786
0.376838
0.384791
0.389321
0.389218
0.381731
0.359017
0.301773
0.226903
0.478529
0.477378
0.476236
0.475047
0.473725
0.472137
0.470076
0.467186
0.462778
0.455234
0.451171
0.447594
0.444224
0.440973
0.437804
0.434697
0.431636
0.428606
0.425589
0.422567
0.419515
0.416403
0.413192
0.409826
0.406229
0.40229
0.39784
0.392609
0.386121
0.377447
0.366786
0.363669
0.368222
0.375646
0.382016
0.384618
0.380209
0.361143
0.309274
0.233835
0.471775
0.47085
0.46999
0.469151
0.468264
0.467229
0.465894
0.464016
0.461197
0.456778
0.453144
0.449888
0.446811
0.443832
0.440914
0.438039
0.435194
0.432369
0.429554
0.426736
0.423899
0.421023
0.418081
0.415032
0.411818
0.408351
0.404492
0.400001
0.394447
0.386999
0.376837
0.368222
0.365474
0.36851
0.37416
0.378573
0.377456
0.36294
0.31768
0.242937
0.464201
0.463485
0.462872
0.462322
0.461782
0.461171
0.460374
0.459222
0.457474
0.454842
0.452028
0.449207
0.446404
0.44362
0.440852
0.4381
0.43536
0.432629
0.429903
0.427175
0.424436
0.421673
0.418871
0.416007
0.413047
0.409939
0.406596
0.402865
0.398443
0.392726
0.384791
0.375646
0.36851
0.36604
0.368159
0.37214
0.373378
0.363689
0.326127
0.254156
0.455386
0.454859
0.454451
0.45413
0.453848
0.453538
0.453106
0.452424
0.451333
0.449675
0.447609
0.445296
0.442837
0.440288
0.437686
0.435051
0.432398
0.429732
0.42706
0.424381
0.421697
0.419006
0.416307
0.413594
0.410861
0.408092
0.405251
0.402256
0.398923
0.394856
0.389321
0.382016
0.37416
0.368159
0.365911
0.367162
0.368722
0.362997
0.333611
0.267019
0.444552
0.444188
0.443947
0.443798
0.443697
0.443582
0.44337
0.442958
0.442226
0.441069
0.439493
0.437575
0.435405
0.433053
0.430573
0.428003
0.425371
0.422698
0.42
0.417289
0.414578
0.411883
0.409221
0.406612
0.404082
0.401654
0.39934
0.397122
0.394902
0.392439
0.389218
0.384618
0.378573
0.37214
0.367162
0.365001
0.364797
0.361049
0.339124
0.280462
0.430006
0.429777
0.429664
0.429637
0.429651
0.429644
0.429539
0.429241
0.428653
0.427689
0.426319
0.424571
0.422503
0.42018
0.417659
0.414988
0.412207
0.409347
0.406439
0.403509
0.40059
0.397718
0.394935
0.392294
0.389858
0.387696
0.385876
0.384447
0.383398
0.382602
0.381731
0.380209
0.377456
0.373378
0.368722
0.364797
0.362239
0.358298
0.341747
0.292624
0.407458
0.407323
0.407298
0.407347
0.407418
0.407444
0.407343
0.407022
0.406386
0.405358
0.403895
0.402005
0.399726
0.397114
0.394227
0.391121
0.387845
0.384444
0.380958
0.377431
0.373907
0.370441
0.367101
0.363973
0.36117
0.358831
0.357124
0.356221
0.356255
0.357242
0.359017
0.361143
0.36294
0.363689
0.362998
0.361049
0.358298
0.353721
0.340204
0.300719
0.364896
0.364788
0.364793
0.364863
0.36493
0.36491
0.364702
0.364199
0.363296
0.361906
0.35998
0.357511
0.354525
0.35107
0.347198
0.342956
0.338383
0.333509
0.328357
0.322958
0.31736
0.311655
0.306002
0.300653
0.295958
0.292336
0.29022
0.289972
0.291822
0.295824
0.301774
0.309274
0.31768
0.326127
0.333612
0.339124
0.341747
0.340204
0.330263
0.300526
0.277144
0.276988
0.276959
0.276991
0.276996
0.276869
0.276493
0.275741
0.274499
0.272677
0.270225
0.267146
0.263486
0.259325
0.254769
0.249939
0.244973
0.240018
0.235228
0.230748
0.226707
0.223207
0.220319
0.218089
0.216555
0.215753
0.215746
0.216642
0.218618
0.221936
0.226903
0.233835
0.242937
0.254156
0.267019
0.280462
0.292624
0.300719
0.300526
0.284673
)
;

boundaryField
{
    left
    {
        type            fixedValue;
        value           uniform 0;
    }
    right
    {
        type            fixedValue;
        value           uniform 0;
    }
    up
    {
        type            fixedValue;
        value           uniform 0;
    }
    down
    {
        type            fixedValue;
        value           uniform 0;
    }
    front
    {
        type            fixedValue;
        value           uniform 0;
    }
    back
    {
        type            fixedValue;
        value           uniform 0;
    }
}


// ************************************************************************* //
