/*--------------------------------*- C++ -*----------------------------------*\
| =========                 |                                                 |
| \\      /  F ield         | OpenFOAM: The Open Source CFD Toolbox           |
|  \\    /   O peration     | Version:  2.1.0                                 |
|   \\  /    A nd           | Web:      www.OpenFOAM.org                      |
|    \\/     M anipulation  |                                                 |
\*---------------------------------------------------------------------------*/
FoamFile
{
    version     2.0;
    format      ascii;
    class       volScalarField;
    location    "40150";
    object      kr_w;
}
// * * * * * * * * * * * * * * * * * * * * * * * * * * * * * * * * * * * * * //

dimensions      [0 0 0 0 0 0 0];

internalField   nonuniform List<scalar> 
8000
(
0.457197
0.437598
0.41315
0.387322
0.362094
0.338367
0.316482
0.296508
0.278378
0.261966
0.247118
0.233665
0.221456
0.210359
0.200255
0.19103
0.182581
0.174814
0.167648
0.161007
0.154822
0.14903
0.143575
0.138402
0.133463
0.128706
0.124083
0.119539
0.115016
0.110447
0.105753
0.100835
0.0955668
0.0897659
0.0831453
0.0751909
0.0648808
0.0502152
0.0287358
0.00685075
0.437599
0.419885
0.397877
0.374454
0.351305
0.329274
0.308732
0.289806
0.272491
0.256714
0.242359
0.229295
0.217401
0.206567
0.196686
0.187655
0.179377
0.171763
0.164739
0.15823
0.152172
0.146504
0.141174
0.136131
0.131328
0.126718
0.122253
0.117879
0.113535
0.109153
0.104648
0.0999158
0.0948236
0.0891849
0.0827091
0.0748796
0.0646704
0.050072
0.02862
0.00679631
0.413152
0.397877
0.37882
0.35826
0.337595
0.317606
0.298699
0.281062
0.264756
0.249766
0.236024
0.223451
0.211964
0.201476
0.191894
0.183127
0.175086
0.167689
0.160867
0.154551
0.148678
0.143195
0.138053
0.133206
0.128612
0.124226
0.120001
0.115883
0.111807
0.107697
0.103458
0.0989748
0.0941065
0.0886609
0.082346
0.0746454
0.0645327
0.049992
0.0285543
0.0067635
0.387324
0.374455
0.35826
0.340485
0.322284
0.304366
0.287147
0.270857
0.255614
0.241454
0.22837
0.216336
0.205307
0.195218
0.18599
0.177539
0.169785
0.162657
0.156084
0.150005
0.144364
0.139112
0.134207
0.12961
0.125282
0.121185
0.117273
0.113492
0.109771
0.106022
0.102132
0.0979713
0.0933821
0.0881666
0.0820322
0.0744663
0.064446
0.0499524
0.0285159
0.00674052
0.362095
0.351305
0.337595
0.322284
0.306314
0.29031
0.274674
0.25966
0.245423
0.232052
0.219604
0.208109
0.197553
0.187889
0.179046
0.170947
0.163519
0.156693
0.150404
0.144595
0.139217
0.134227
0.129592
0.125278
0.121258
0.117499
0.113963
0.110595
0.10732
0.104032
0.100595
0.0968437
0.0926019
0.0876622
0.0817335
0.0743109
0.0643793
0.0499215
0.0284742
0.00671265
0.338368
0.329274
0.317606
0.304366
0.29031
0.275973
0.261727
0.24783
0.234459
0.221761
0.209868
0.198864
0.188765
0.179528
0.171085
0.16336
0.156283
0.149783
0.143799
0.138278
0.133177
0.128464
0.124111
0.120097
0.116405
0.113015
0.1099
0.107015
0.104282
0.101577
0.0987212
0.095498
0.0916941
0.0870905
0.0814015
0.0741353
0.0642905
0.0498571
0.0283905
0.00666209
0.316483
0.308732
0.298699
0.287147
0.274673
0.261728
0.248635
0.235632
0.222922
0.210712
0.199214
0.188604
0.178913
0.170091
0.162053
0.154719
0.148006
0.141843
0.136172
0.130944
0.126123
0.121682
0.117604
0.113879
0.110507
0.107486
0.104813
0.102464
0.100372
0.0984003
0.0963126
0.0937865
0.0905499
0.0863687
0.0809687
0.0738813
0.0641261
0.0497085
0.0282194
0.00656898
0.296508
0.289806
0.281062
0.270857
0.25966
0.24783
0.235632
0.223276
0.210964
0.198937
0.187536
0.177154
0.167805
0.15938
0.151755
0.14482
0.13848
0.13266
0.127301
0.12236
0.117804
0.113613
0.109779
0.106304
0.103205
0.100509
0.0982487
0.0964472
0.0950852
0.0940406
0.0930113
0.0914569
0.0889977
0.0853762
0.0803448
0.0734755
0.0638231
0.0494183
0.0279125
0.00641345
0.278378
0.272491
0.264756
0.255613
0.245423
0.234459
0.222922
0.210964
0.198706
0.186321
0.174312
0.163912
0.154849
0.146826
0.139632
0.133112
0.127156
0.121683
0.116634
0.111965
0.107648
0.103667
0.100019
0.0967171
0.0937941
0.091305
0.0893337
0.0879896
0.0873778
0.0875009
0.0880532
0.0880231
0.0867535
0.0839429
0.0794172
0.0728354
0.0633146
0.0489293
0.0274241
0.00617903
0.261967
0.256714
0.249765
0.241454
0.232051
0.221761
0.210712
0.198937
0.186321
0.172488
0.157106
0.146501
0.137801
0.130276
0.123589
0.117542
0.112009
0.106906
0.10217
0.0977578
0.0936418
0.0898062
0.0862491
0.0829854
0.0800528
0.0775228
0.075522
0.0742704
0.0741373
0.0756395
0.0790339
0.0823082
0.0833287
0.0818547
0.0780731
0.0718878
0.0625451
0.0481954
0.0267194
0.00585667
0.247118
0.24236
0.236024
0.22837
0.219603
0.209867
0.199214
0.187536
0.174312
0.157106
0.00696995
0.00537883
0.00618161
0.00669392
0.00697847
0.00711201
0.00713958
0.00709193
0.00699131
0.00685671
0.00670396
0.00654888
0.00640876
0.00630397
0.00626321
0.00633447
0.0066133
0.00733858
0.00930407
0.0158221
0.0757736
0.079248
0.0805255
0.0796471
0.0764359
0.0706415
0.0614969
0.0471953
0.0257832
0.00544793
0.233666
0.229295
0.22345
0.216336
0.208108
0.198864
0.188603
0.177153
0.163912
0.1465
0.00537889
0.00045415
0.000323393
0.000379588
0.000421026
0.000446376
0.000459544
0.000463469
0.00046061
0.000453311
0.000443327
0.000432716
0.000423395
0.000417905
0.00041928
0.000432643
0.000468894
0.000552813
0.000758554
0.00131497
0.0722034
0.0765887
0.0780185
0.0774466
0.0746261
0.0691563
0.0601934
0.0459375
0.0246227
0.00496579
0.221456
0.217401
0.211963
0.205307
0.197553
0.188764
0.178913
0.167805
0.154848
0.1378
0.00618181
0.000323401
2.223e-05
1.49977e-05
1.74935e-05
1.94312e-05
2.04423e-05
2.10977e-05
2.12524e-05
2.10782e-05
2.07435e-05
2.02289e-05
1.98239e-05
1.95484e-05
1.98506e-05
2.06578e-05
2.27482e-05
2.74148e-05
3.76638e-05
5.90206e-05
0.0688848
0.0740812
0.0756497
0.0752683
0.0727178
0.067497
0.0586785
0.0444518
0.0232639
0.00443208
0.21036
0.206567
0.201475
0.195218
0.187888
0.179527
0.17009
0.159379
0.146826
0.130276
0.00669395
0.000379591
1.49979e-05
8.12379e-07
6.11265e-07
6.82395e-07
7.32089e-07
7.73895e-07
7.99191e-07
8.1219e-07
8.18561e-07
7.09909e-07
7.05188e-07
7.04456e-07
7.25479e-07
7.57185e-07
8.2801e-07
9.75756e-07
1.26473e-06
1.94582e-06
0.0657657
0.0716568
0.0733552
0.0731108
0.0707536
0.0657167
0.0569994
0.0427776
0.0217425
0.00387322
0.200255
0.196686
0.191894
0.185989
0.179045
0.171084
0.162053
0.151754
0.139631
0.123588
0.00697849
0.000421029
1.74937e-05
6.11272e-07
2.51107e-08
1.50602e-08
1.67474e-08
1.84891e-08
1.99142e-08
2.10658e-08
2.20438e-08
1.74691e-08
1.77707e-08
1.81736e-08
1.90309e-08
1.99589e-08
2.15543e-08
2.44694e-08
2.94702e-08
4.6481e-08
0.0628092
0.0692909
0.0711085
0.0709723
0.0687592
0.063855
0.0551983
0.0409548
0.0200944
0.00331597
0.19103
0.187654
0.183127
0.177539
0.170946
0.163359
0.154718
0.144819
0.133112
0.117541
0.00711203
0.000446379
1.94314e-05
6.82402e-07
1.50605e-08
4.33253e-10
2.6034e-10
2.9985e-10
3.38663e-10
3.74355e-10
4.07776e-10
3.07671e-10
3.21453e-10
3.37151e-10
3.58804e-10
3.78328e-10
4.03712e-10
4.42073e-10
4.98303e-10
8.09292e-10
0.0599927
0.0669713
0.0688969
0.0688518
0.0667505
0.061941
0.05331
0.0390193
0.0183569
0.00278419
0.18258
0.179376
0.175085
0.169785
0.163518
0.156282
0.148005
0.138479
0.127156
0.112009
0.0071396
0.000459546
2.04425e-05
7.32096e-07
1.67476e-08
2.60346e-10
5.83594e-12
3.59834e-12
4.23158e-12
4.88334e-12
5.52874e-12
4.07489e-12
4.36959e-12
4.69207e-12
5.06562e-12
5.36784e-12
5.67108e-12
6.02642e-12
6.44056e-12
1.07313e-11
0.0572978
0.0646891
0.0667129
0.0667483
0.0647377
0.0599955
0.051362
0.0370017
0.0165682
0.00229671
0.174813
0.171762
0.167689
0.162656
0.156692
0.149782
0.141843
0.132659
0.121683
0.106905
0.00709195
0.000463471
2.10978e-05
7.73903e-07
1.84894e-08
2.99856e-10
3.5984e-12
6.71515e-14
4.209e-14
5.01073e-14
5.87278e-14
4.29885e-14
4.71798e-14
5.17806e-14
5.6537e-14
6.02583e-14
6.30841e-14
6.54592e-14
6.71769e-14
1.14128e-13
0.0547078
0.0624357
0.0645503
0.0646602
0.0627269
0.0580334
0.0493764
0.0349273
0.0147678
0.00186621
0.167647
0.164738
0.160866
0.156083
0.150403
0.143798
0.136171
0.127301
0.116633
0.102169
0.00699133
0.000460612
2.12525e-05
7.99198e-07
1.99145e-08
3.3867e-10
4.2316e-12
4.209e-14
1.20656e-16
1.20656e-16
1.20656e-16
1.0478e-16
1.20656e-16
1.20656e-16
1.20656e-16
1.20656e-16
1.20656e-16
1.20656e-16
1.20656e-16
1.20656e-16
0.0522068
0.0602026
0.0624031
0.062585
0.060722
0.0560656
0.0473708
0.0328178
0.0129992
0.00149923
0.161007
0.158229
0.15455
0.150004
0.144594
0.138277
0.130943
0.122359
0.111964
0.0977572
0.00685673
0.000453313
2.10783e-05
8.12196e-07
2.10661e-08
3.74362e-10
4.8836e-12
5.01073e-14
1.20656e-16
0
0
0
0
0
0
0
0
0
0
0
0.0497799
0.0579795
0.060265
0.0605195
0.0587249
0.0541008
0.0453611
0.0306933
0.0113099
0.00119684
0.154822
0.152171
0.148677
0.144363
0.139216
0.133177
0.126122
0.117803
0.107647
0.0936413
0.00670397
0.00044322
2.07382e-05
8.18433e-07
2.20419e-08
4.07758e-10
5.52868e-12
5.87278e-14
1.20656e-16
0
0
0
0
0
0
0
0
0
0
0
0.0474123
0.0557543
0.0581274
0.0584587
0.0567357
0.0521467
0.0433624
0.0285758
0.00974951
0.00095587
0.14903
0.146503
0.143194
0.139112
0.134227
0.128463
0.121681
0.113612
0.103666
0.0898057
0.00654889
0.000432715
2.02288e-05
7.0991e-07
1.74692e-08
3.07675e-10
4.07492e-12
4.29885e-14
1.0478e-16
0
0
0
0
0
0
0
0
0
0
0
0.0450889
0.0535122
0.0559794
0.0563954
0.0547535
0.0502108
0.0413919
0.0264934
0.00836423
0.000770378
0.143575
0.141173
0.138052
0.134207
0.129591
0.12411
0.117603
0.109778
0.100018
0.0862486
0.00640878
0.000423396
1.9824e-05
7.05194e-07
1.77708e-08
3.21458e-10
4.3696e-12
4.71798e-14
1.20656e-16
0
0
0
0
0
0
0
0
0
0
0
0.0427932
0.0512335
0.0538055
0.0543196
0.0527757
0.0483019
0.0394703
0.0244846
0.00718994
0.00063312
0.138402
0.13613
0.133205
0.129609
0.125278
0.120097
0.113879
0.106304
0.0967165
0.0829851
0.00630398
0.000417906
1.95485e-05
7.0446e-07
1.81737e-08
3.37156e-10
4.69223e-12
5.17806e-14
1.20656e-16
0
0
0
0
0
0
0
0
0
0
0
0.040506
0.0488926
0.0515845
0.0522171
0.0507985
0.0464301
0.037624
0.0226027
0.00624767
0.000536944
0.133462
0.131327
0.128611
0.125281
0.121257
0.116404
0.110506
0.103205
0.0937935
0.0800525
0.00626322
0.000419282
1.98507e-05
7.25483e-07
1.90311e-08
3.58809e-10
5.06568e-12
5.6537e-14
1.20656e-16
0
0
0
0
0
0
0
0
0
0
0
0.0382028
0.0464531
0.0492851
0.050067
0.0488149
0.0446069
0.0358865
0.0209157
0.00554393
0.000475962
0.128706
0.126717
0.124225
0.121184
0.117499
0.113014
0.107485
0.100509
0.0913044
0.0775225
0.00633449
0.000432644
2.06579e-05
7.57189e-07
1.99591e-08
3.78332e-10
5.36798e-12
6.02583e-14
1.20656e-16
0
0
0
0
0
0
0
0
0
0
0
0.0358498
0.0438629
0.0468604
0.0478372
0.0468117
0.0428427
0.0342978
0.0195008
0.00507569
0.000446472
0.124083
0.122252
0.12
0.117272
0.113962
0.109899
0.104812
0.0982479
0.0893331
0.0755217
0.00661331
0.000468895
2.27483e-05
8.28013e-07
2.15545e-08
4.03716e-10
5.67111e-12
6.30841e-14
1.20656e-16
0
0
0
0
0
0
0
0
0
0
0
0.0333956
0.0410422
0.0442367
0.0454765
0.0447636
0.0411418
0.0328999
0.0184337
0.00483738
0.000447683
0.119539
0.117877
0.115882
0.113491
0.110594
0.107014
0.102463
0.0964464
0.087989
0.0742702
0.00733858
0.000552814
2.74149e-05
9.7576e-07
2.44695e-08
4.42077e-10
6.0265e-12
6.54592e-14
1.20656e-16
0
0
0
0
0
0
0
0
0
0
0
0.0307537
0.037861
0.0412929
0.042897
0.0426191
0.0394907
0.0317257
0.0177735
0.00482648
0.000482296
0.115016
0.113534
0.111806
0.10977
0.107319
0.104281
0.100372
0.0950844
0.0873771
0.074137
0.00930407
0.000758554
3.76639e-05
1.26473e-06
2.94704e-08
4.98307e-10
6.44056e-12
6.71769e-14
1.20656e-16
0
0
0
0
0
0
0
0
0
0
0
0.0277573
0.0340904
0.0378183
0.0399414
0.0402747
0.0378359
0.0307777
0.0175487
0.00504505
0.000556798
0.110446
0.109152
0.107696
0.106021
0.104032
0.101576
0.0983995
0.0940398
0.0875003
0.0756391
0.0158223
0.00131498
5.90212e-05
1.94584e-06
4.64814e-08
8.09299e-10
1.07314e-11
1.14128e-13
1.20656e-16
0
0
0
0
0
0
0
0
0
0
0
0.0240104
0.0292912
0.0334285
0.0363176
0.0375257
0.0360454
0.0299948
0.0177408
0.00550421
0.000680895
0.105752
0.104647
0.103457
0.102132
0.100594
0.0987204
0.0963118
0.0930105
0.0880525
0.0790335
0.0757732
0.072203
0.0688845
0.0657655
0.0628089
0.0599925
0.0572976
0.0547076
0.0522067
0.0497799
0.0474123
0.045089
0.0427933
0.0405062
0.038203
0.0358499
0.0333958
0.0307539
0.0277576
0.0240107
0.0212503
0.0237516
0.0278701
0.0316497
0.0340338
0.0338619
0.0292086
0.0182619
0.00625557
0.000879459
0.100835
0.0999149
0.0989739
0.0979705
0.0968429
0.0954973
0.0937857
0.0914561
0.0880224
0.0823077
0.0792475
0.0765882
0.0740807
0.0716563
0.0692904
0.0669709
0.0646887
0.0624354
0.0602022
0.0579792
0.0557541
0.053512
0.0512334
0.0488925
0.0464531
0.043863
0.0410423
0.0378611
0.0340906
0.0292914
0.0237518
0.0217108
0.023294
0.0266001
0.0297541
0.031009
0.0281362
0.0189299
0.00729607
0.00118778
0.0955664
0.0948227
0.0941056
0.0933812
0.0926011
0.0916933
0.0905492
0.0889969
0.0867528
0.0833281
0.0805249
0.0780179
0.0756491
0.0733547
0.071108
0.0688964
0.0667124
0.0645498
0.0624028
0.0602646
0.0581271
0.0559791
0.0538053
0.0515844
0.049285
0.0468603
0.0442367
0.041293
0.0378184
0.0334287
0.0278704
0.0232942
0.0216135
0.0227813
0.0254201
0.0275405
0.0265114
0.019473
0.0085763
0.00164444
0.0897656
0.089184
0.0886601
0.0881658
0.0876614
0.0870897
0.0863679
0.0853755
0.0839421
0.0818541
0.0796465
0.077446
0.0752677
0.0731102
0.0709717
0.0688513
0.0667478
0.0646598
0.0625846
0.0605192
0.0584584
0.0563951
0.0543194
0.052217
0.0500668
0.0478371
0.0454765
0.0428971
0.0399415
0.0363178
0.0316499
0.0266003
0.0227814
0.0213535
0.0222265
0.0240665
0.0243353
0.0196189
0.00997951
0.00228871
0.0831449
0.0827083
0.0823452
0.0820314
0.0817328
0.0814007
0.080968
0.0803441
0.0794165
0.0780725
0.0764352
0.0746255
0.0727172
0.070753
0.0687586
0.06675
0.0647372
0.0627265
0.0607216
0.0587245
0.0567354
0.0547532
0.0527755
0.0507983
0.0488147
0.0468116
0.0447635
0.0426191
0.0402747
0.0375257
0.034034
0.0297543
0.0254203
0.0222267
0.0209935
0.0214989
0.0220305
0.0192617
0.0113405
0.00315133
0.0751905
0.0748788
0.0746447
0.0744656
0.0743103
0.0741347
0.0738806
0.0734749
0.0728348
0.0718872
0.0706409
0.0691557
0.0674964
0.0657161
0.0638545
0.0619405
0.0599951
0.058033
0.0560653
0.0541005
0.0521464
0.0502106
0.0483017
0.04643
0.0446067
0.0428426
0.0411417
0.0394907
0.0378359
0.0360455
0.0338619
0.0310091
0.0275407
0.0240667
0.021499
0.0204142
0.0202555
0.0185885
0.0125194
0.0042486
0.0648806
0.0646697
0.0645321
0.0644454
0.0643788
0.0642899
0.0641256
0.0638225
0.0633141
0.0625446
0.0614964
0.060193
0.058678
0.0569989
0.0551979
0.0533096
0.0513617
0.0493761
0.0473706
0.0453609
0.0433623
0.0413918
0.0394702
0.037624
0.0358865
0.0342978
0.0328999
0.0317257
0.0307777
0.0299949
0.0292086
0.0281363
0.0265116
0.0243354
0.0220306
0.0202556
0.0192734
0.0179232
0.0134643
0.00558158
0.050215
0.0500715
0.0499915
0.049952
0.049921
0.0498567
0.0497081
0.0494179
0.0489289
0.048195
0.0471949
0.0459371
0.0444515
0.0427773
0.0409545
0.0390191
0.0370015
0.0349272
0.0328177
0.0306932
0.0285757
0.0264933
0.0244846
0.0226027
0.0209157
0.0195008
0.0184337
0.0177735
0.0175487
0.0177408
0.018262
0.0189299
0.0194731
0.019619
0.0192618
0.0185886
0.0179232
0.0170037
0.0140131
0.0070868
0.0287357
0.0286198
0.0285541
0.0285157
0.028474
0.0283902
0.0282192
0.0279123
0.0274239
0.0267192
0.025783
0.0246225
0.0232637
0.0217423
0.0200943
0.0183569
0.0165681
0.0147677
0.0129991
0.0113099
0.00974949
0.00836421
0.00718992
0.00624765
0.00554391
0.00507567
0.00483736
0.00482647
0.00504504
0.00550421
0.00625557
0.00729608
0.00857632
0.00997955
0.0113406
0.0125195
0.0134644
0.0140131
0.0131009
0.00828871
0.00685071
0.00679626
0.00676344
0.00674046
0.00671257
0.006662
0.00656889
0.00641337
0.00617897
0.00585662
0.00544789
0.00496577
0.00443206
0.00387321
0.00331596
0.00278419
0.00229671
0.00186621
0.00149923
0.00119684
0.00095587
0.000770377
0.000633118
0.000536942
0.00047596
0.000446471
0.000447682
0.000482294
0.000556796
0.000680892
0.000879456
0.00118777
0.00164444
0.00228871
0.00315134
0.00424861
0.0055816
0.00708683
0.00828872
0.00720889
0.535607
0.516665
0.487564
0.453827
0.420268
0.389116
0.361035
0.336028
0.313855
0.29421
0.276788
0.261296
0.247467
0.235058
0.223864
0.213721
0.204486
0.196038
0.188267
0.181083
0.174408
0.168171
0.162307
0.156759
0.15147
0.146387
0.141454
0.136616
0.13181
0.126966
0.122003
0.116824
0.111303
0.105274
0.098496
0.090601
0.0809665
0.0682731
0.048811
0.0177259
0.516668
0.496303
0.468178
0.437057
0.406322
0.377587
0.351415
0.327875
0.306821
0.288036
0.271279
0.256307
0.242887
0.230805
0.219882
0.209969
0.200934
0.192663
0.185053
0.17802
0.171488
0.165392
0.15967
0.154269
0.149134
0.144215
0.13946
0.134812
0.130206
0.12557
0.120818
0.115844
0.110517
0.104666
0.0980454
0.0902842
0.0807583
0.0681486
0.0487472
0.0176914
0.487567
0.468177
0.44301
0.415673
0.388519
0.362772
0.338962
0.317247
0.297597
0.279894
0.263978
0.249668
0.236775
0.225123
0.214565
0.204967
0.196211
0.188189
0.180809
0.173992
0.167671
0.161782
0.156271
0.151089
0.146186
0.141515
0.137026
0.132659
0.128347
0.124009
0.119546
0.114843
0.10976
0.104117
0.0976681
0.0900422
0.0806165
0.0680771
0.0487232
0.0176827
0.453828
0.437057
0.415673
0.392344
0.368819
0.346109
0.324735
0.304933
0.286772
0.27023
0.255225
0.241639
0.229334
0.218177
0.208046
0.198825
0.190406
0.182688
0.175591
0.169044
0.162983
0.157354
0.152108
0.147202
0.142594
0.138241
0.134094
0.130095
0.126169
0.122222
0.118137
0.113781
0.108996
0.103599
0.0973413
0.0898543
0.0805217
0.0680394
0.0487192
0.0176834
0.420269
0.406322
0.38852
0.36882
0.34858
0.328659
0.309561
0.291573
0.274838
0.259415
0.245295
0.232424
0.220719
0.210087
0.200421
0.191617
0.183573
0.1762
0.169425
0.163183
0.157417
0.152082
0.147136
0.142545
0.138277
0.134295
0.130558
0.127007
0.123562
0.120111
0.116511
0.112592
0.108178
0.103073
0.0970306
0.0896898
0.0804453
0.0680085
0.0487088
0.0176726
0.389117
0.377587
0.362772
0.346109
0.328659
0.311144
0.29404
0.27765
0.262169
0.24772
0.234369
0.222145
0.211018
0.200912
0.191729
0.183363
0.175719
0.168717
0.162287
0.156371
0.150919
0.145894
0.141265
0.137007
0.1331
0.129523
0.126245
0.123216
0.120353
0.117523
0.114542
0.111183
0.107232
0.102481
0.0966876
0.0895058
0.0803484
0.0679487
0.0486586
0.0176247
0.361035
0.351416
0.338963
0.324736
0.309561
0.29404
0.278593
0.263518
0.24903
0.235305
0.222521
0.210824
0.200219
0.190623
0.181923
0.174005
0.166778
0.160162
0.154089
0.148506
0.143372
0.138656
0.134337
0.130405
0.126855
0.123685
0.120887
0.118434
0.116255
0.114202
0.112031
0.109405
0.106049
0.101739
0.0962448
0.0892453
0.0801814
0.0678166
0.0485295
0.0175108
0.336028
0.327875
0.317247
0.304933
0.291573
0.27765
0.263518
0.249431
0.235586
0.22221
0.209645
0.19829
0.188132
0.179023
0.170804
0.163347
0.15655
0.150328
0.144617
0.139367
0.134542
0.130118
0.126084
0.122442
0.119206
0.116399
0.114053
0.112188
0.110779
0.109697
0.108626
0.107009
0.104459
0.100727
0.0956124
0.0888367
0.0798858
0.0675635
0.0482798
0.0173012
0.313854
0.306821
0.297597
0.286772
0.274838
0.262169
0.24903
0.235586
0.221953
0.208312
0.195197
0.183919
0.174145
0.165522
0.157809
0.150841
0.144496
0.138686
0.133346
0.128428
0.123899
0.119741
0.115949
0.112532
0.109522
0.106969
0.104955
0.103584
0.102956
0.103069
0.103607
0.103537
0.102193
0.099283
0.0946811
0.0882005
0.0794008
0.0671416
0.0478702
0.0169693
0.29421
0.288036
0.279893
0.270229
0.259414
0.247719
0.235305
0.222209
0.208312
0.193218
0.176598
0.165221
0.155934
0.147926
0.140835
0.134452
0.12864
0.123306
0.118383
0.113824
0.109598
0.105686
0.102085
0.0988063
0.0958833
0.0933814
0.0914175
0.0901966
0.0900669
0.0915224
0.094814
0.0979461
0.0988239
0.0972172
0.093348
0.0872691
0.0786773
0.066514
0.0472713
0.0164967
0.276787
0.271278
0.263977
0.255224
0.245294
0.234369
0.22252
0.209644
0.195197
0.176598
0.00865464
0.00692866
0.00810885
0.00893969
0.00948324
0.00983482
0.0100507
0.0101676
0.0102138
0.0102127
0.0101853
0.0101535
0.0101418
0.0101818
0.0103179
0.0106258
0.0112562
0.0125916
0.0159105
0.0261391
0.0914199
0.0948916
0.0960515
0.0950357
0.0917315
0.0860538
0.0777029
0.0656665
0.0464705
0.0158767
0.261296
0.256306
0.249667
0.241638
0.232423
0.222144
0.210823
0.19829
0.183919
0.16522
0.00692873
0.000681163
0.000499929
0.000601751
0.000685673
0.000747309
0.000791352
0.00082143
0.000841021
0.000853071
0.000860698
0.000866936
0.000875616
0.000891209
0.000920732
0.000975543
0.00107886
0.00128553
0.00175901
0.00299378
0.0873554
0.0921814
0.0935608
0.0928614
0.0899502
0.0846154
0.0765045
0.0646122
0.0454747
0.015116
0.247467
0.242886
0.236774
0.229333
0.220718
0.211017
0.200218
0.188131
0.174145
0.155934
0.00810889
0.000499934
3.92618e-05
2.75045e-05
3.30939e-05
3.79854e-05
4.18411e-05
4.46862e-05
4.66968e-05
4.80605e-05
4.92086e-05
5.00611e-05
5.1001e-05
5.2359e-05
5.4812e-05
5.90509e-05
6.66345e-05
8.09709e-05
0.000110697
0.000170828
0.0836359
0.0896314
0.0912113
0.0907143
0.0880795
0.0830203
0.0751278
0.0633828
0.0443042
0.0142324
0.235057
0.230805
0.225123
0.218176
0.210086
0.200911
0.190622
0.179022
0.165522
0.147926
0.00893973
0.000601755
2.75048e-05
1.90514e-06
1.23051e-06
1.5045e-06
1.77857e-06
1.92063e-06
2.03462e-06
2.12651e-06
2.10668e-06
2.17488e-06
2.24654e-06
2.32998e-06
2.45298e-06
2.7411e-06
3.04276e-06
3.65585e-06
4.80252e-06
6.60618e-06
0.0802108
0.0871878
0.0889476
0.0885969
0.0861642
0.0813233
0.0736212
0.0620181
0.0429875
0.0132507
0.223864
0.219882
0.214564
0.208045
0.20042
0.191728
0.181922
0.170802
0.157808
0.140835
0.00948328
0.000685678
3.30942e-05
1.23053e-06
5.10427e-08
3.48589e-08
4.40485e-08
4.94136e-08
5.42296e-08
5.86008e-08
5.77578e-08
6.1236e-08
6.47941e-08
6.84833e-08
7.28988e-08
8.42476e-08
9.19145e-08
1.08423e-07
1.36312e-07
1.71378e-07
0.0770167
0.0848282
0.0867467
0.0865107
0.0842322
0.0795658
0.0720277
0.0605578
0.04156
0.0121991
0.21372
0.209968
0.204966
0.198824
0.191616
0.183362
0.174004
0.163346
0.15084
0.134452
0.00983485
0.000747313
3.79857e-05
1.50451e-06
3.48595e-08
1.02781e-09
7.1124e-10
8.31085e-10
9.52564e-10
1.07086e-09
1.06962e-09
1.16902e-09
1.27035e-09
1.37111e-09
1.47813e-09
1.75043e-09
1.88382e-09
2.18128e-09
2.6401e-09
3.10938e-09
0.0740163
0.0825403
0.0845983
0.0844567
0.0823013
0.0777777
0.0703827
0.059038
0.0400543
0.011107
0.204485
0.200933
0.196209
0.190404
0.183572
0.175718
0.166777
0.156549
0.144495
0.12864
0.0100507
0.000791356
4.18414e-05
1.77859e-06
4.40491e-08
7.11255e-10
1.63127e-11
1.01764e-11
1.21124e-11
1.41736e-11
1.44607e-11
1.62878e-11
1.81612e-11
1.99963e-11
2.18184e-11
2.6291e-11
2.79971e-11
3.19021e-11
3.74792e-11
4.21467e-11
0.0711826
0.0803143
0.0824956
0.0824355
0.080383
0.0759808
0.0687142
0.0574896
0.0384979
0.010004
0.196037
0.192662
0.188188
0.182686
0.176199
0.168716
0.160161
0.150327
0.138685
0.123305
0.0101677
0.000821434
4.46865e-05
1.92064e-06
4.94142e-08
8.31102e-10
1.01768e-11
1.91396e-13
1.20663e-13
1.45877e-13
1.5236e-13
1.76514e-13
2.01397e-13
2.25697e-13
2.48968e-13
3.03895e-13
3.21057e-13
3.6108e-13
4.15143e-13
4.51934e-13
0.0684929
0.0781401
0.080433
0.0804462
0.0784843
0.0741907
0.067045
0.0559391
0.0369139
0.00891931
0.188266
0.185051
0.180807
0.17559
0.169424
0.162286
0.154088
0.144616
0.133345
0.118382
0.0102138
0.000841025
4.66971e-05
2.03463e-06
5.42302e-08
9.52582e-10
1.21128e-11
1.20663e-13
1.35579e-15
4.50873e-16
5.68354e-16
8.85871e-16
1.19386e-15
1.51138e-15
1.77809e-15
2.41947e-15
2.57506e-15
2.97195e-15
3.44188e-15
3.71812e-15
0.0659273
0.0760071
0.0784044
0.0784869
0.0766097
0.0724193
0.0653935
0.054409
0.0353216
0.00788223
0.181082
0.178018
0.173991
0.169043
0.163182
0.15637
0.148505
0.139366
0.128427
0.113824
0.0102125
0.000853065
4.80605e-05
2.12652e-06
5.86015e-08
1.07088e-09
1.41739e-11
1.45877e-13
4.50873e-16
0
0
0
0
0
0
0
0
0
0
0
0.0634684
0.0739031
0.0764026
0.0765546
0.0747617
0.0706761
0.0637761
0.0529197
0.0337378
0.00692077
0.174407
0.171487
0.167669
0.162982
0.157416
0.150918
0.14337
0.13454
0.123898
0.109597
0.0101853
0.000860701
4.92088e-05
2.10669e-06
5.77584e-08
1.06964e-09
1.4461e-11
1.5236e-13
5.68354e-16
0
0
0
0
0
0
0
0
0
0
0
0.0611004
0.0718143
0.0744189
0.0746446
0.0729414
0.0689692
0.0622081
0.0514904
0.0321793
0.00605997
0.16817
0.16539
0.16178
0.157352
0.15208
0.145893
0.138654
0.130117
0.11974
0.105686
0.0101535
0.000866939
5.00614e-05
2.1749e-06
6.12367e-08
1.16904e-09
1.62882e-11
1.76514e-13
8.85871e-16
0
0
0
0
0
0
0
0
0
0
0
0.0588085
0.0697237
0.0724421
0.0727509
0.0711489
0.0673067
0.0607053
0.0501408
0.0306654
0.00531993
0.162306
0.159669
0.15627
0.152107
0.147135
0.141263
0.134336
0.126083
0.115948
0.102085
0.0101419
0.000875619
5.10012e-05
2.24655e-06
6.47947e-08
1.27037e-09
1.81615e-11
2.01397e-13
1.19386e-15
0
0
0
0
0
0
0
0
0
0
0
0.0565779
0.0676101
0.0704572
0.0708651
0.0693836
0.0656965
0.0592841
0.0488922
0.0292227
0.00471451
0.156758
0.154267
0.151087
0.1472
0.142544
0.137006
0.130404
0.122441
0.112531
0.0988058
0.0101818
0.000891212
5.23592e-05
2.33e-06
6.84838e-08
1.37113e-09
1.99966e-11
2.25697e-13
1.51138e-15
0
0
0
0
0
0
0
0
0
0
0
0.0543926
0.0654456
0.0684438
0.0689756
0.0676433
0.0641466
0.0579621
0.0477682
0.0278894
0.00425188
0.151469
0.149132
0.146185
0.142592
0.138275
0.133099
0.126854
0.119204
0.109521
0.0958828
0.0103179
0.000920735
5.48122e-05
2.453e-06
7.28994e-08
1.47815e-09
2.18189e-11
2.49057e-13
1.77809e-15
0
0
0
0
0
0
0
0
0
0
0
0.0522348
0.0631931
0.0663725
0.0670652
0.065923
0.0626643
0.0567571
0.0467955
0.0267196
0.00393688
0.146385
0.144214
0.141514
0.138239
0.134294
0.129522
0.123683
0.116398
0.106968
0.0933809
0.0106258
0.000975545
5.90511e-05
2.74111e-06
8.42481e-08
1.75045e-09
2.62915e-11
3.03895e-13
2.41947e-15
0
0
0
0
0
0
0
0
0
0
0
0.0500826
0.0608008
0.0641993
0.0651075
0.0642119
0.0612531
0.0556843
0.0460021
0.0257851
0.00377496
0.141453
0.139459
0.137024
0.134093
0.130557
0.126244
0.120886
0.114052
0.104954
0.091417
0.0112562
0.00107886
6.66347e-05
3.04277e-06
9.19151e-08
1.88384e-09
2.79974e-11
3.21057e-13
2.57506e-15
0
0
0
0
0
0
0
0
0
0
0
0.0479074
0.0581935
0.0618562
0.0630581
0.0624873
0.0599073
0.0547524
0.0454147
0.0251704
0.00377653
0.136615
0.13481
0.132657
0.130094
0.127006
0.123215
0.118433
0.112187
0.103583
0.0901962
0.0125916
0.00128554
8.09711e-05
3.65586e-06
1.08424e-07
2.1813e-09
3.19025e-11
3.6108e-13
2.97195e-15
0
0
0
0
0
0
0
0
0
0
0
0.0456694
0.0552559
0.0592318
0.06084
0.0607027
0.0586028
0.0539551
0.0450521
0.0249679
0.00396097
0.131808
0.130205
0.128346
0.126168
0.123561
0.120351
0.116254
0.110778
0.102955
0.0900664
0.0159105
0.00175901
0.000110698
4.80254e-06
1.36312e-07
2.64012e-09
3.74795e-11
4.15143e-13
3.44188e-15
0
0
0
0
0
0
0
0
0
0
0
0.0433082
0.0518036
0.0561384
0.0583131
0.0587652
0.0572804
0.0532579
0.0449126
0.0252587
0.00435944
0.126964
0.125569
0.124007
0.12222
0.12011
0.117522
0.114201
0.109696
0.103068
0.0915218
0.0261389
0.00299376
0.000170827
6.60618e-06
1.71378e-07
3.1094e-09
4.21471e-11
4.52051e-13
3.71812e-15
0
0
0
0
0
0
0
0
0
0
0
0.0407214
0.0475498
0.0522663
0.0552267
0.0564953
0.0558162
0.0525782
0.044956
0.02607
0.00502711
0.122002
0.120816
0.119545
0.118136
0.11651
0.114541
0.112029
0.108625
0.103606
0.0948133
0.0914192
0.0873547
0.0836353
0.0802102
0.0770161
0.0740158
0.0711821
0.0684924
0.0659269
0.0634681
0.0611001
0.0588082
0.0565776
0.0543924
0.0522346
0.0500824
0.0479073
0.0456693
0.0433081
0.0407214
0.0392545
0.0428455
0.0474653
0.0512798
0.0536073
0.0539875
0.051756
0.0450782
0.0273106
0.00600786
0.116822
0.115842
0.114842
0.113779
0.112591
0.111182
0.109404
0.107008
0.103536
0.0979452
0.0948907
0.0921805
0.0896306
0.0871869
0.0848274
0.0825395
0.0803135
0.0781394
0.0760064
0.0739025
0.0718137
0.0697231
0.0676095
0.0654451
0.0631927
0.0608004
0.0581932
0.0552557
0.0518035
0.0475498
0.0428456
0.0417049
0.0437931
0.0471251
0.0500883
0.0515664
0.0505501
0.0450872
0.0288384
0.00732941
0.111302
0.110516
0.109758
0.108995
0.108177
0.107231
0.106048
0.104458
0.102192
0.0988229
0.0960506
0.0935599
0.0912104
0.0889467
0.0867459
0.0845974
0.0824948
0.0804323
0.0784037
0.0764019
0.0744183
0.0724415
0.0704567
0.0684434
0.0663721
0.064199
0.0618559
0.0592316
0.0561383
0.0522663
0.0474654
0.0437931
0.0427875
0.0441395
0.046566
0.0485975
0.0487372
0.0447065
0.0304005
0.008977
0.105273
0.104664
0.104115
0.103598
0.103072
0.102479
0.101737
0.100726
0.0992819
0.0972162
0.0950347
0.0928604
0.0907133
0.088596
0.0865098
0.0844558
0.0824346
0.0804454
0.0784862
0.0765539
0.0746439
0.0727503
0.0708645
0.068975
0.0670647
0.0651071
0.0630578
0.0608397
0.0583129
0.0552266
0.0512798
0.0471251
0.0441395
0.0431591
0.0439701
0.0455444
0.0462948
0.0436492
0.0316345
0.0108489
0.098495
0.0980441
0.0976668
0.09734
0.0970293
0.0966864
0.0962437
0.0956113
0.09468
0.093347
0.0917305
0.0899493
0.0880786
0.0861633
0.0842313
0.0823004
0.0803821
0.0784835
0.076609
0.074761
0.0729407
0.0711483
0.069383
0.0676428
0.0659225
0.0642115
0.062487
0.0607024
0.0587649
0.0564952
0.0536073
0.0500883
0.046566
0.0439701
0.0428661
0.043069
0.0435081
0.0417616
0.0321291
0.0127245
0.0906002
0.0902832
0.0900411
0.0898533
0.0896887
0.0895048
0.0892443
0.0888357
0.0881996
0.0872682
0.0860529
0.0846145
0.0830194
0.0813225
0.0795649
0.0777769
0.0759799
0.0741899
0.0724185
0.0706753
0.0689685
0.067306
0.0656959
0.0641461
0.0626639
0.0612526
0.0599069
0.0586025
0.0572801
0.055816
0.0539873
0.0515663
0.0485975
0.0455444
0.043069
0.0415971
0.0408601
0.0391618
0.0315759
0.0142837
0.0809659
0.0807575
0.0806156
0.0805208
0.0804444
0.0803475
0.0801805
0.079885
0.0794
0.0786765
0.0777021
0.0765037
0.075127
0.0736204
0.0720269
0.0703819
0.0687135
0.0670443
0.0653928
0.0637754
0.0622075
0.0607047
0.0592836
0.0579617
0.0567566
0.0556839
0.0547521
0.0539548
0.0532576
0.052578
0.0517558
0.05055
0.0487371
0.0462947
0.0435081
0.0408601
0.0386591
0.0362084
0.0299616
0.0152334
0.0682726
0.068148
0.0680764
0.0680387
0.0680078
0.067948
0.0678159
0.0675628
0.0671409
0.0665133
0.0656659
0.0646116
0.0633822
0.0620174
0.0605572
0.0590374
0.0574891
0.0559385
0.0544085
0.0529192
0.05149
0.0501404
0.0488917
0.0477679
0.0467951
0.0460017
0.0454144
0.0450519
0.0449124
0.0449557
0.045078
0.045087
0.0447064
0.0436491
0.0417616
0.0391618
0.0362084
0.0329568
0.0274938
0.0154726
0.0488107
0.0487468
0.0487227
0.0487187
0.0487083
0.0486582
0.0485291
0.0482794
0.0478698
0.0472709
0.0464701
0.0454743
0.0443038
0.0429871
0.0415596
0.0400539
0.0384975
0.0369136
0.0353213
0.0337375
0.032179
0.0306652
0.0292226
0.0278892
0.0267195
0.025785
0.0251703
0.0249678
0.0252586
0.0260699
0.0273104
0.0288383
0.0304003
0.0316343
0.032129
0.0315758
0.0299616
0.0274938
0.0235222
0.0148132
0.0177257
0.0176913
0.0176826
0.0176833
0.0176725
0.0176246
0.0175106
0.017301
0.0169692
0.0164966
0.0158766
0.0151159
0.0142323
0.0132506
0.012199
0.011107
0.0100039
0.00891927
0.00788221
0.00692075
0.00605995
0.0053199
0.00471449
0.00425185
0.00393685
0.00377493
0.00377651
0.00396094
0.00435941
0.00502708
0.00600782
0.00732936
0.00897694
0.0108489
0.0127244
0.0142837
0.0152334
0.0154726
0.0148132
0.0113862
0.560883
0.554743
0.534744
0.500858
0.462402
0.425615
0.392566
0.363513
0.338129
0.31595
0.296523
0.279439
0.264343
0.250926
0.238919
0.2281
0.218292
0.20935
0.201151
0.19359
0.186579
0.18004
0.173903
0.168106
0.16259
0.157297
0.152171
0.147153
0.142179
0.13718
0.132074
0.126766
0.121138
0.115036
0.108246
0.100438
0.0909853
0.078336
0.0581172
0.0236553
0.554745
0.542225
0.516528
0.48221
0.446168
0.412155
0.381446
0.354205
0.330194
0.309056
0.290426
0.273962
0.259355
0.246327
0.234634
0.224076
0.214493
0.20575
0.197731
0.190336
0.183484
0.177101
0.171121
0.165486
0.160139
0.155027
0.150094
0.145281
0.140523
0.135747
0.130864
0.125774
0.12035
0.114433
0.107807
0.100137
0.0907995
0.0782409
0.0580844
0.0236409
0.534751
0.516529
0.489125
0.45732
0.425172
0.394806
0.367053
0.342091
0.319811
0.299992
0.282378
0.26671
0.252735
0.240216
0.228942
0.218741
0.20947
0.201006
0.193242
0.186087
0.179466
0.173311
0.167562
0.162166
0.157071
0.152226
0.147577
0.143065
0.138618
0.134155
0.129577
0.124768
0.119596
0.113894
0.107443
0.099912
0.0906791
0.078198
0.0580907
0.023652
0.500861
0.482209
0.45732
0.429733
0.401957
0.375393
0.350705
0.328131
0.307689
0.289288
0.272781
0.25799
0.244721
0.23278
0.221994
0.212218
0.203324
0.1952
0.187748
0.180889
0.174554
0.168682
0.163222
0.158125
0.153348
0.148843
0.14456
0.140437
0.136396
0.132342
0.128156
0.123706
0.118841
0.11339
0.107132
0.0997414
0.0906054
0.0781883
0.0581161
0.0236715
0.462402
0.446166
0.425171
0.401956
0.378287
0.35524
0.33341
0.313094
0.294414
0.277385
0.261961
0.248043
0.23549
0.224155
0.213897
0.204589
0.196115
0.188372
0.181275
0.174752
0.168741
0.163191
0.158057
0.153302
0.14889
0.144782
0.140933
0.137282
0.133745
0.130206
0.126521
0.122522
0.118035
0.11288
0.106839
0.0995949
0.0905498
0.0781845
0.058133
0.0236767
0.425613
0.412154
0.394806
0.375393
0.35524
0.335221
0.315884
0.297556
0.280429
0.264611
0.250146
0.237018
0.225144
0.214412
0.204698
0.195883
0.187856
0.180523
0.173807
0.167642
0.161976
0.156766
0.151977
0.147583
0.14356
0.139884
0.136521
0.133418
0.130486
0.127592
0.124545
0.121119
0.117104
0.112307
0.106516
0.0994299
0.0904742
0.0781511
0.0581068
0.0236396
0.392565
0.381446
0.367053
0.350705
0.33341
0.315884
0.298613
0.281925
0.26605
0.251166
0.237428
0.224941
0.213677
0.203528
0.194361
0.186051
0.178487
0.171581
0.165259
0.159463
0.154147
0.149277
0.14483
0.14079
0.137152
0.133911
0.131055
0.128555
0.126334
0.124241
0.122024
0.119347
0.115937
0.111585
0.106094
0.0991899
0.09033
0.078045
0.0579968
0.0235288
0.363512
0.354205
0.342091
0.328131
0.313094
0.297556
0.281925
0.266492
0.251477
0.237104
0.223694
0.211639
0.200902
0.191311
0.182693
0.174897
0.167811
0.161344
0.155425
0.149999
0.145026
0.140481
0.136349
0.132629
0.129333
0.126483
0.124107
0.122221
0.120797
0.119699
0.118607
0.116957
0.114364
0.110596
0.105484
0.0988042
0.0900602
0.0778181
0.0577596
0.0233117
0.338128
0.330194
0.319811
0.307689
0.294414
0.280429
0.26605
0.251477
0.236834
0.222283
0.208373
0.196468
0.186193
0.177167
0.169121
0.161871
0.15529
0.149283
0.143778
0.138723
0.134084
0.129838
0.125979
0.122516
0.119475
0.116907
0.114889
0.113523
0.112906
0.113029
0.11357
0.113487
0.112113
0.109173
0.104577
0.0981946
0.0896054
0.0774229
0.0573543
0.0229593
0.31595
0.309056
0.299992
0.289288
0.277385
0.264611
0.251166
0.237104
0.222283
0.206286
0.18878
0.176856
0.167164
0.15884
0.15149
0.144892
0.138902
0.133422
0.128381
0.12373
0.119435
0.115476
0.111848
0.108561
0.105646
0.103166
0.101236
0.100054
0.0999647
0.101455
0.104769
0.107907
0.108765
0.107133
0.103272
0.0972953
0.0889183
0.0768226
0.05675
0.0224511
0.296523
0.290426
0.282378
0.272781
0.261961
0.250146
0.237428
0.223694
0.208373
0.18878
0.00932844
0.00759554
0.00896097
0.0099499
0.0106252
0.011091
0.0114094
0.0116204
0.011754
0.0118359
0.0118892
0.011938
0.01201
0.0121407
0.012382
0.0128216
0.013637
0.0152877
0.0193431
0.0316839
0.101247
0.104833
0.106004
0.104976
0.101687
0.0961187
0.0879877
0.076003
0.0559337
0.0217799
0.279439
0.273962
0.26671
0.25799
0.248042
0.237018
0.224941
0.211639
0.196467
0.176855
0.00759542
0.00079282
0.000589997
0.000717202
0.000825685
0.000909079
0.000972586
0.00102026
0.00105599
0.00108309
0.00110519
0.00112578
0.00114966
0.00118262
0.00123357
0.00131785
0.00146583
0.00175155
0.00240082
0.00411191
0.0968238
0.102075
0.103521
0.102827
0.0999422
0.0947269
0.0868412
0.0749767
0.0549126
0.0209529
0.264342
0.259355
0.252735
0.244721
0.23549
0.225144
0.213677
0.200901
0.186193
0.167163
0.00896101
0.000590002
4.90747e-05
3.49291e-05
4.24857e-05
4.94205e-05
5.51888e-05
5.97014e-05
6.32438e-05
6.61214e-05
6.85767e-05
7.08638e-05
7.33212e-05
7.63576e-05
8.08732e-05
8.81247e-05
0.000100117
0.000122149
0.000166813
0.000259174
0.0928117
0.0994849
0.101184
0.10071
0.098114
0.093187
0.0855247
0.0737744
0.053711
0.019989
0.250925
0.246326
0.240216
0.23278
0.224154
0.214411
0.203528
0.191311
0.177166
0.15884
0.00994994
0.000717207
3.49294e-05
2.46141e-06
1.6944e-06
2.04247e-06
2.3947e-06
2.61057e-06
2.90273e-06
3.07255e-06
3.22554e-06
3.37257e-06
3.52466e-06
3.79985e-06
4.03043e-06
4.36074e-06
4.95888e-06
5.99688e-06
7.8781e-06
1.0993e-05
0.0891648
0.0970186
0.0989416
0.0986306
0.0962488
0.0915544
0.0840861
0.0724347
0.0523623
0.0189144
0.238918
0.234633
0.228942
0.221994
0.213896
0.204697
0.194361
0.182692
0.16912
0.151489
0.0106253
0.000825689
4.2486e-05
1.69442e-06
7.25658e-08
4.80917e-08
5.94776e-08
6.71903e-08
7.90338e-08
8.63082e-08
9.31745e-08
9.98944e-08
1.06657e-07
1.19323e-07
1.27768e-07
1.37881e-07
1.56522e-07
1.86313e-07
2.34916e-07
3.02085e-07
0.0857955
0.0946534
0.0967727
0.09659
0.0943753
0.0898705
0.0825677
0.0709958
0.0509027
0.0177582
0.228098
0.224076
0.218741
0.212218
0.204588
0.195882
0.186051
0.174897
0.16187
0.144891
0.0110911
0.000909084
4.94208e-05
2.04249e-06
4.80924e-08
1.42696e-09
9.60329e-10
1.12789e-09
1.40187e-09
1.59042e-09
1.7757e-09
1.96082e-09
2.14646e-09
2.47965e-09
2.68756e-09
2.90186e-09
3.28354e-09
3.84333e-09
4.67656e-09
5.66843e-09
0.0826543
0.0923751
0.0946662
0.0945901
0.0925116
0.0881655
0.0810042
0.0694923
0.0493669
0.016549
0.21829
0.214492
0.20947
0.203323
0.196114
0.187855
0.178486
0.167811
0.15529
0.138901
0.0114095
0.00097259
5.51891e-05
2.39472e-06
5.94785e-08
9.6035e-10
2.20015e-11
1.3783e-11
1.79174e-11
2.1139e-11
2.44228e-11
2.77782e-11
3.11651e-11
3.69881e-11
4.05652e-11
4.38667e-11
4.94555e-11
5.70319e-11
6.74826e-11
7.8448e-11
0.0797067
0.0901716
0.092615
0.0926314
0.0906695
0.086461
0.0794227
0.0679542
0.0477865
0.0153141
0.209348
0.205749
0.201006
0.195199
0.188371
0.180522
0.17158
0.161343
0.149282
0.133421
0.0116205
0.00102026
5.97017e-05
2.61059e-06
6.71912e-08
1.12792e-09
1.37835e-11
2.58557e-13
1.78882e-13
2.17781e-13
2.59868e-13
3.03822e-13
3.48585e-13
4.23148e-13
4.69032e-13
5.08106e-13
5.7112e-13
6.5095e-13
7.54657e-13
8.52366e-13
0.0769251
0.0880309
0.0906125
0.0907132
0.0888564
0.0847728
0.077845
0.066407
0.0461896
0.0140792
0.20115
0.19773
0.193241
0.187747
0.181274
0.173806
0.165258
0.155424
0.143777
0.12838
0.011754
0.00105599
6.32441e-05
2.90276e-06
7.90347e-08
1.40189e-09
1.7918e-11
1.78882e-13
2.4798e-15
1.21926e-15
1.72094e-15
2.24167e-15
2.76239e-15
3.57523e-15
4.08961e-15
4.50556e-15
5.11519e-15
5.8677e-15
6.77897e-15
7.58547e-15
0.0742862
0.0859402
0.0886521
0.0888334
0.087077
0.0831126
0.0762888
0.0648733
0.0446012
0.0128694
0.193589
0.190335
0.186086
0.180888
0.174751
0.167641
0.159462
0.149998
0.138722
0.123729
0.011836
0.00108309
6.61217e-05
3.07257e-06
8.63092e-08
1.59045e-09
2.11394e-11
2.17794e-13
1.21926e-15
0
0
0
0
0
0
0
0
0
0
0
0.0717697
0.0838857
0.0867261
0.0869893
0.0853341
0.0814898
0.0747696
0.0633743
0.0430446
0.0117103
0.186578
0.183483
0.179465
0.174553
0.16874
0.161975
0.154146
0.145025
0.134083
0.119434
0.0118892
0.00110519
6.8577e-05
3.22556e-06
9.31755e-08
1.77573e-09
2.44234e-11
2.59868e-13
1.72094e-15
0
0
0
0
0
0
0
0
0
0
0
0.0693577
0.0818516
0.0848254
0.0851767
0.0836292
0.0799124
0.073302
0.0619313
0.0415431
0.0106287
0.180039
0.1771
0.17331
0.168681
0.163189
0.156764
0.149276
0.14048
0.129837
0.115476
0.011938
0.00112579
7.08641e-05
3.37259e-06
9.98953e-08
1.96085e-09
2.77787e-11
3.03822e-13
2.24167e-15
0
0
0
0
0
0
0
0
0
0
0
0.0670335
0.0798192
0.0829386
0.0833899
0.081963
0.0783883
0.0719014
0.0605676
0.0401222
0.00965302
0.173902
0.17112
0.167561
0.163221
0.158056
0.151976
0.144828
0.136348
0.125978
0.111848
0.01201
0.00114978
7.33278e-05
3.52484e-06
1.06661e-07
2.14653e-09
3.11659e-11
3.48589e-13
2.76239e-15
0
0
0
0
0
0
0
0
0
0
0
0.0647811
0.077765
0.0810504
0.0816213
0.0803349
0.0769247
0.0705843
0.0593098
0.0388119
0.00881245
0.168105
0.165485
0.162165
0.158124
0.153301
0.147582
0.140789
0.132628
0.122515
0.10856
0.0121407
0.00118263
7.6358e-05
3.79987e-06
1.19324e-07
2.47969e-09
3.69886e-11
4.23186e-13
3.57523e-15
0
0
0
0
0
0
0
0
0
0
0
0.0625846
0.0756586
0.0791399
0.0798597
0.0787426
0.0755291
0.0693693
0.058189
0.0376498
0.00813567
0.162589
0.160138
0.15707
0.153347
0.148889
0.143559
0.137151
0.129332
0.119474
0.105645
0.012382
0.00123357
8.08734e-05
4.03045e-06
1.27769e-07
2.68759e-09
4.05659e-11
4.69032e-13
4.08961e-15
0
0
0
0
0
0
0
0
0
0
0
0.0604271
0.0734593
0.0771764
0.0780878
0.0771805
0.0742076
0.0682762
0.0572411
0.0366829
0.00764991
0.157296
0.155025
0.152224
0.148842
0.144781
0.139883
0.133909
0.126482
0.116906
0.103166
0.0128216
0.00131785
8.8125e-05
4.36076e-06
1.37882e-07
2.90189e-09
4.38674e-11
5.08106e-13
4.50556e-15
0
0
0
0
0
0
0
0
0
0
0
0.0582895
0.07111
0.0751129
0.0762778
0.0756364
0.072962
0.0673239
0.0565056
0.0359695
0.00738134
0.15217
0.150092
0.147576
0.144559
0.140932
0.13652
0.131054
0.124106
0.114888
0.101235
0.013637
0.00146583
0.000100117
4.9589e-06
1.56522e-07
3.28357e-09
4.94563e-11
5.7112e-13
5.11519e-15
0
0
0
0
0
0
0
0
0
0
0
0.056148
0.0685272
0.0728742
0.0743816
0.0740845
0.0717854
0.0665257
0.0560213
0.0355808
0.00735713
0.147152
0.145279
0.143063
0.140435
0.137281
0.133416
0.128554
0.12222
0.113522
0.100053
0.0152877
0.00175156
0.00012215
5.9969e-06
1.86314e-07
3.84336e-09
5.70327e-11
6.5095e-13
5.8677e-15
0
0
0
0
0
0
0
0
0
0
0
0.0539714
0.0655815
0.0703333
0.072312
0.0724727
0.0706513
0.0658803
0.0558178
0.0355834
0.00760878
0.142178
0.140522
0.138617
0.136395
0.133743
0.130485
0.126333
0.120796
0.112905
0.0999638
0.0193431
0.00240082
0.000166813
7.87812e-06
2.34917e-07
4.6766e-09
6.74834e-11
7.54657e-13
6.77897e-15
0
0
0
0
0
0
0
0
0
0
0
0.0517147
0.0620626
0.0672705
0.0699064
0.0706954
0.069495
0.0653564
0.0559025
0.0360337
0.00817958
0.137178
0.135745
0.134153
0.13234
0.130205
0.12759
0.124239
0.119698
0.113028
0.101454
0.0316838
0.00411191
0.000259174
1.0993e-05
3.02086e-07
5.66847e-09
7.84487e-11
8.52395e-13
7.58547e-15
0
0
0
0
0
0
0
0
0
0
0
0.0493105
0.0576415
0.0633142
0.0668653
0.0685454
0.0681798
0.0648682
0.0562393
0.0369643
0.00910567
0.132072
0.130863
0.129575
0.128155
0.12652
0.124543
0.122023
0.118606
0.113569
0.104768
0.101246
0.0968228
0.0928109
0.089164
0.0857948
0.0826537
0.0797061
0.0769246
0.0742857
0.0717693
0.0693573
0.0670331
0.0647808
0.0625843
0.0604268
0.0582893
0.0561479
0.0539713
0.0517147
0.0493105
0.0481018
0.0526409
0.058238
0.0628063
0.0656795
0.0664512
0.0642385
0.0567195
0.0383574
0.0104317
0.126764
0.125772
0.124767
0.123704
0.12252
0.121117
0.119345
0.116956
0.113486
0.107905
0.104832
0.102073
0.0994839
0.0970176
0.0946524
0.0923741
0.0901707
0.08803
0.0859394
0.083885
0.081851
0.0798186
0.0777644
0.0756581
0.0734589
0.0711097
0.0685269
0.0655813
0.0620625
0.0576415
0.0526409
0.0516878
0.0543873
0.0584452
0.0620581
0.0640414
0.0631912
0.0571287
0.0401128
0.0121908
0.121136
0.120348
0.119594
0.118839
0.118034
0.117102
0.115936
0.114362
0.112112
0.108764
0.106003
0.10352
0.101183
0.0989405
0.0967716
0.0946652
0.092614
0.0906116
0.0886513
0.0867253
0.0848247
0.0829379
0.0810498
0.0791394
0.0771759
0.0751126
0.0728739
0.0703331
0.0672703
0.0633141
0.058238
0.0543873
0.0535441
0.0553644
0.0583927
0.0609979
0.0614689
0.0571477
0.0420095
0.0143824
0.115034
0.114432
0.113892
0.113388
0.112879
0.112305
0.111584
0.110594
0.109172
0.107131
0.104974
0.102826
0.100709
0.0986294
0.0965889
0.0945891
0.0926304
0.0907122
0.0888326
0.0869885
0.085176
0.0833893
0.0816208
0.0798591
0.0780873
0.0762774
0.0743813
0.0723117
0.0699061
0.0668651
0.0628063
0.0584452
0.0553644
0.0545463
0.055765
0.0578654
0.059054
0.0564344
0.0436767
0.0169308
0.108245
0.107806
0.107442
0.107131
0.106838
0.106514
0.106093
0.105483
0.104576
0.103271
0.101686
0.0999409
0.0981128
0.0962476
0.0943741
0.0925105
0.0906684
0.0888554
0.087076
0.0853332
0.0836285
0.0819624
0.0803343
0.0787421
0.0771801
0.075636
0.0740842
0.0724724
0.0706952
0.0685452
0.0656794
0.0620581
0.0583927
0.055765
0.0548425
0.0554197
0.0562862
0.0547863
0.0446171
0.0196211
0.100436
0.100136
0.0999106
0.09974
0.0995936
0.0994286
0.0991886
0.098803
0.0981934
0.097294
0.0961175
0.0947257
0.0931858
0.0915532
0.0898694
0.0881645
0.0864601
0.0847719
0.0831118
0.081489
0.0799118
0.0783877
0.0769242
0.0755286
0.0742071
0.0729616
0.0717851
0.070651
0.0694947
0.0681796
0.066451
0.0640413
0.0609979
0.0578654
0.0554197
0.0541403
0.053702
0.0522788
0.0443359
0.0220409
0.0909842
0.0907981
0.0906779
0.0906042
0.0905487
0.0904731
0.090329
0.0900591
0.0896044
0.0889172
0.0879867
0.0868401
0.0855236
0.0840851
0.0825668
0.0810033
0.0794219
0.0778443
0.0762881
0.074769
0.0733015
0.0719009
0.0705839
0.0693689
0.0682758
0.0673235
0.0665253
0.0658799
0.065356
0.0648679
0.0642383
0.063191
0.0614688
0.059054
0.0562862
0.0537019
0.051597
0.0492182
0.0425799
0.0236366
0.078335
0.0782399
0.078197
0.0781875
0.0781837
0.0781503
0.0780442
0.0778173
0.0774221
0.0768217
0.0760022
0.0749758
0.0737736
0.0724338
0.070995
0.0694916
0.0679535
0.0664064
0.0648727
0.0633738
0.0619309
0.0605673
0.0593095
0.0581887
0.0572409
0.0565054
0.056021
0.0558176
0.0559022
0.0562391
0.0567193
0.0571285
0.0571475
0.0564343
0.0547862
0.0522788
0.0492182
0.0456329
0.0394179
0.0239654
0.0581167
0.0580838
0.0580902
0.0581156
0.0581325
0.0581063
0.0579963
0.0577591
0.0573538
0.0567495
0.0559332
0.0549121
0.0537104
0.0523618
0.0509022
0.0493664
0.0477861
0.0461892
0.0446009
0.0430443
0.0415429
0.040122
0.0388117
0.0376496
0.0366827
0.0359694
0.0355806
0.0355833
0.0360335
0.0369642
0.0383572
0.0401127
0.0420094
0.0436766
0.044617
0.0443358
0.0425798
0.0394178
0.0341905
0.0226406
0.0236551
0.0236408
0.0236519
0.0236714
0.0236766
0.0236395
0.0235287
0.0233116
0.0229592
0.022451
0.0217798
0.0209528
0.0199889
0.0189143
0.0177581
0.0165489
0.015314
0.0140792
0.0128694
0.0117103
0.0106287
0.009653
0.00881244
0.00813566
0.00764991
0.00738133
0.00735712
0.00760876
0.00817955
0.00910563
0.0104317
0.0121908
0.0143824
0.0169308
0.019621
0.0220408
0.0236366
0.0239654
0.0226406
0.0174303
0.562499
0.562278
0.556512
0.532436
0.494161
0.453773
0.416813
0.384449
0.356432
0.33219
0.311142
0.292775
0.276654
0.262414
0.249744
0.238384
0.22812
0.218786
0.210245
0.202382
0.1951
0.188316
0.181955
0.175953
0.170245
0.164774
0.159479
0.154301
0.149175
0.144028
0.138779
0.133332
0.127568
0.121335
0.114414
0.106455
0.096779
0.083755
0.0630333
0.0271251
0.562276
0.559872
0.545822
0.515157
0.476811
0.438891
0.404491
0.374198
0.347759
0.324708
0.304566
0.286899
0.27133
0.257529
0.245214
0.234145
0.224128
0.215011
0.206664
0.198982
0.191872
0.185256
0.179065
0.173235
0.167709
0.16243
0.15734
0.152379
0.14748
0.142567
0.137552
0.13233
0.126778
0.120736
0.113983
0.106167
0.0966087
0.0836762
0.0630139
0.0271204
0.556519
0.545826
0.522198
0.489156
0.453567
0.419505
0.388497
0.360857
0.336427
0.314893
0.295912
0.279149
0.264294
0.25107
0.239226
0.22855
0.218874
0.210058
0.201988
0.194563
0.187701
0.181329
0.175384
0.169808
0.164548
0.159551
0.15476
0.150114
0.145539
0.140951
0.136251
0.131321
0.126027
0.120205
0.113632
0.105958
0.0965065
0.0836508
0.0630335
0.0271404
0.532444
0.515161
0.489156
0.458704
0.427561
0.397824
0.370395
0.345546
0.323251
0.30335
0.285633
0.269867
0.255815
0.243245
0.231943
0.221731
0.212462
0.204014
0.19628
0.189172
0.182615
0.176545
0.170906
0.165648
0.160723
0.156083
0.151675
0.147434
0.14328
0.139115
0.134819
0.130257
0.125279
0.119712
0.113336
0.105805
0.0964525
0.0836596
0.0630721
0.0271681
0.494165
0.476811
0.453567
0.427561
0.401067
0.375434
0.351358
0.329147
0.308894
0.290573
0.274096
0.259327
0.246092
0.234201
0.223478
0.213775
0.20496
0.196923
0.189569
0.182819
0.176607
0.170878
0.165585
0.160688
0.156147
0.151923
0.147968
0.144218
0.140586
0.136953
0.133172
0.129072
0.12448
0.119216
0.11306
0.105678
0.0964171
0.0836741
0.0631013
0.02718
0.453773
0.43889
0.419504
0.397823
0.375433
0.353356
0.332199
0.312304
0.293853
0.276932
0.261563
0.247705
0.23524
0.224016
0.213886
0.204715
0.196383
0.188785
0.181837
0.175469
0.169624
0.164255
0.159327
0.15481
0.150679
0.146907
0.143457
0.140276
0.13727
0.134302
0.131177
0.127665
0.123556
0.118656
0.112753
0.105532
0.0963613
0.0836578
0.0630857
0.0271473
0.416811
0.404489
0.388495
0.370394
0.351357
0.332199
0.313453
0.295469
0.278478
0.262655
0.248147
0.235035
0.223253
0.212669
0.203132
0.194506
0.18667
0.179528
0.173001
0.167025
0.161551
0.156543
0.151975
0.147832
0.144105
0.140787
0.137867
0.13531
0.133039
0.130896
0.128625
0.125881
0.122391
0.117945
0.112347
0.10531
0.0962354
0.0835663
0.0629834
0.0270373
0.384446
0.374195
0.360855
0.345545
0.329147
0.312304
0.295469
0.278953
0.262992
0.247815
0.233737
0.221132
0.209936
0.199961
0.191018
0.182946
0.175622
0.168948
0.162848
0.157264
0.152155
0.147491
0.143257
0.139451
0.136083
0.133176
0.130754
0.128835
0.127387
0.126269
0.125153
0.123463
0.120809
0.116959
0.111748
0.104939
0.0959807
0.0833498
0.0627498
0.0268162
0.35643
0.347756
0.336425
0.32325
0.308893
0.293853
0.278477
0.262992
0.247535
0.232266
0.21773
0.205325
0.194645
0.185283
0.176956
0.169469
0.162682
0.156495
0.150834
0.145645
0.140889
0.136544
0.132601
0.129067
0.125971
0.123361
0.121316
0.119937
0.119322
0.11946
0.120019
0.119936
0.118532
0.115531
0.110846
0.10434
0.0955365
0.0829593
0.0623427
0.0264539
0.332188
0.324705
0.314892
0.30335
0.290573
0.276931
0.262655
0.247815
0.232266
0.215555
0.197334
0.184954
0.174912
0.166306
0.158723
0.151925
0.145764
0.140136
0.134968
0.130208
0.125821
0.121785
0.118094
0.114758
0.111807
0.109304
0.107362
0.106185
0.106119
0.107658
0.111048
0.114257
0.115135
0.11347
0.109538
0.103445
0.0948539
0.0823563
0.0617307
0.0259294
0.31114
0.304564
0.29591
0.285632
0.274096
0.261562
0.248146
0.233737
0.217729
0.197333
0.00976049
0.00801222
0.00948963
0.0105752
0.0113297
0.0118646
0.0122442
0.0125114
0.012698
0.0128305
0.012933
0.0130316
0.013155
0.0133413
0.0136462
0.0141643
0.0150882
0.016925
0.0214293
0.0350466
0.107415
0.111124
0.112333
0.11129
0.107944
0.102268
0.0939214
0.0815263
0.0609007
0.0252353
0.292773
0.286897
0.279147
0.269865
0.259327
0.247705
0.235034
0.221131
0.205324
0.184953
0.00801247
0.000865972
0.000649127
0.000793138
0.00091787
0.0010158
0.00109244
0.00115216
0.00119905
0.00123683
0.00126925
0.00130043
0.00133547
0.0013811
0.0014475
0.00155225
0.00173062
0.00206969
0.00283907
0.00487971
0.102726
0.108293
0.109811
0.109119
0.106188
0.100871
0.0927671
0.0804817
0.0598608
0.0243792
0.276653
0.271328
0.264293
0.255813
0.246091
0.235239
0.223253
0.209936
0.194644
0.174911
0.00948968
0.000649132
5.5901e-05
4.01089e-05
4.90945e-05
5.75196e-05
6.4555e-05
7.05337e-05
7.52171e-05
7.92311e-05
8.28312e-05
8.60921e-05
8.97912e-05
9.44075e-05
0.00010051
0.000110016
0.000125474
0.000153278
0.000209519
0.000326325
0.0984867
0.105637
0.107441
0.106982
0.104349
0.0993243
0.0914377
0.0792543
0.0586366
0.0233811
0.262412
0.257527
0.251069
0.243243
0.2342
0.224015
0.212668
0.199961
0.185283
0.166305
0.0105752
0.000793143
4.01092e-05
3.02611e-06
1.98539e-06
2.48947e-06
3.00438e-06
3.28807e-06
3.6348e-06
3.86135e-06
4.07383e-06
4.37799e-06
4.60012e-06
4.85583e-06
5.26879e-06
5.81921e-06
6.68916e-06
7.98103e-06
1.04977e-05
1.4417e-05
0.0946613
0.103115
0.105171
0.104886
0.102474
0.0976838
0.089982
0.0778835
0.0572631
0.0222685
0.249742
0.245212
0.239224
0.231941
0.223477
0.213886
0.203131
0.191017
0.176956
0.158722
0.0113297
0.000917875
4.90949e-05
1.98541e-06
8.51573e-08
5.9767e-08
7.71264e-08
8.7343e-08
1.01404e-07
1.10967e-07
1.20216e-07
1.34443e-07
1.4418e-07
1.54463e-07
1.714e-07
1.91302e-07
2.20791e-07
2.5654e-07
4.26742e-07
5.1293e-07
0.0911451
0.100704
0.102981
0.102832
0.100593
0.0959917
0.0884431
0.076409
0.055778
0.0210714
0.238382
0.234143
0.228548
0.221729
0.213773
0.204714
0.194505
0.182945
0.169468
0.151925
0.0118646
0.0010158
5.752e-05
2.48949e-06
5.97679e-08
1.79184e-09
1.26588e-09
1.4904e-09
1.8209e-09
2.0686e-09
2.31591e-09
2.69106e-09
2.95771e-09
3.22755e-09
3.65396e-09
4.11484e-09
4.7514e-09
5.39292e-09
1.19299e-08
1.29869e-08
0.0878796
0.09839
0.100858
0.100824
0.0987247
0.0942787
0.0868562
0.0748667
0.0542184
0.0198195
0.228119
0.224127
0.218872
0.212461
0.204959
0.196382
0.186669
0.175621
0.162681
0.145764
0.0122442
0.00109244
6.45554e-05
3.0044e-06
7.71275e-08
1.26591e-09
2.92934e-11
1.83883e-11
2.34374e-11
2.76771e-11
3.20493e-11
3.85692e-11
4.34369e-11
4.82712e-11
5.5576e-11
6.30244e-11
7.26822e-11
8.0932e-11
2.30216e-10
2.34378e-10
0.0848248
0.0961578
0.0987965
0.098861
0.0968805
0.0925667
0.0852493
0.0732878
0.0526177
0.0185404
0.218785
0.215009
0.210057
0.204012
0.196922
0.188784
0.179527
0.168946
0.156494
0.140135
0.0125114
0.00115216
7.05341e-05
3.2881e-06
8.73442e-08
1.49043e-09
1.83889e-11
3.46804e-13
2.34727e-13
2.86085e-13
3.41975e-13
4.2457e-13
4.89216e-13
5.52761e-13
6.45466e-13
7.35987e-13
8.47607e-13
9.30101e-13
3.27118e-12
3.18491e-12
0.0819498
0.0939942
0.0967879
0.096942
0.0950681
0.0908717
0.0836446
0.0716996
0.0510061
0.0172593
0.210244
0.206663
0.201986
0.196279
0.189568
0.181836
0.173
0.162846
0.150833
0.134967
0.012698
0.00119906
7.52175e-05
3.63483e-06
1.01405e-07
1.82093e-09
2.34379e-11
2.34727e-13
3.48633e-15
1.89557e-15
2.55601e-15
3.4641e-15
4.17216e-15
4.90563e-15
5.86135e-15
6.81073e-15
7.91251e-15
8.62374e-15
3.66954e-14
3.47109e-14
0.0792286
0.0918854
0.0948254
0.0950655
0.0932923
0.0892057
0.0820607
0.070126
0.0494109
0.016
0.202381
0.19898
0.194562
0.18917
0.182818
0.175468
0.167024
0.157263
0.145644
0.130207
0.0128305
0.00123684
7.92315e-05
3.86138e-06
1.10968e-07
2.06863e-09
2.76777e-11
2.86085e-13
1.89557e-15
0
0
0
0
0
0
0
0
0
0
0
0.0766394
0.0898163
0.0929011
0.0932282
0.091556
0.0875782
0.0805139
0.0685899
0.0478577
0.014786
0.195099
0.19187
0.187699
0.182613
0.176606
0.169622
0.16155
0.152153
0.140888
0.12582
0.0129331
0.00126926
8.28315e-05
4.07385e-06
1.20217e-07
2.31595e-09
3.205e-11
3.41975e-13
2.55601e-15
0
0
0
0
0
0
0
0
0
0
0
0.0741628
0.08777
0.0910053
0.0914262
0.0898607
0.0859978
0.07902
0.0671141
0.0463721
0.013642
0.188315
0.185254
0.181327
0.176543
0.170877
0.164254
0.156542
0.147489
0.136543
0.121784
0.0130316
0.00130044
8.60925e-05
4.37801e-06
1.34445e-07
2.6911e-09
3.857e-11
4.2457e-13
3.4641e-15
0
0
0
0
0
0
0
0
0
0
0
0.0717811
0.0857264
0.0891261
0.0896536
0.0882072
0.0844726
0.0775956
0.0657238
0.0449816
0.012595
0.181954
0.179063
0.175382
0.170904
0.165584
0.159326
0.151974
0.143256
0.1326
0.118093
0.013155
0.00133548
8.97916e-05
4.60014e-06
1.44182e-07
2.95775e-09
4.34378e-11
4.89216e-13
4.17216e-15
0
0
0
0
0
0
0
0
0
0
0
0.0694776
0.0836605
0.0872477
0.0879025
0.0865949
0.0830109
0.0762591
0.0644473
0.0437178
0.0116754
0.175951
0.173233
0.169806
0.165646
0.160686
0.154809
0.147831
0.13945
0.129066
0.114757
0.0133413
0.0013811
9.44078e-05
4.85585e-06
1.54464e-07
3.22758e-09
4.82721e-11
5.52812e-13
4.90563e-15
0
0
0
0
0
0
0
0
0
0
0
0.0672359
0.0815399
0.0853479
0.0861613
0.0850219
0.0816214
0.0750315
0.0633181
0.0426183
0.0109164
0.170244
0.167707
0.164546
0.160721
0.156145
0.150678
0.144103
0.136082
0.12597
0.111806
0.0136463
0.0014475
0.00010051
5.26882e-06
1.71401e-07
3.654e-09
5.55769e-11
6.45485e-13
5.86135e-15
0
0
0
0
0
0
0
0
0
0
0
0.0650384
0.0793209
0.0833941
0.0844121
0.0834829
0.0803119
0.0739356
0.0623741
0.0417293
0.0103536
0.164772
0.162427
0.159549
0.156082
0.151921
0.146905
0.140786
0.133174
0.12336
0.109303
0.0141643
0.00155225
0.000110016
5.81923e-06
1.91303e-07
4.11488e-09
6.30254e-11
7.35997e-13
6.81073e-15
0
0
0
0
0
0
0
0
0
0
0
0.0628657
0.0769419
0.0813358
0.0826254
0.0819659
0.0790869
0.0729942
0.0616575
0.0411065
0.0100248
0.159478
0.157338
0.154758
0.151673
0.147966
0.143456
0.137865
0.130753
0.121315
0.107361
0.0150882
0.00173063
0.000125474
6.68918e-06
2.20793e-07
4.75144e-09
7.26832e-11
8.47607e-13
7.91251e-15
0
0
0
0
0
0
0
0
0
0
0
0.0606941
0.0743121
0.0790911
0.0807498
0.0804451
0.0779422
0.0722257
0.0612101
0.040811
0.00996963
0.1543
0.152377
0.150112
0.147432
0.144216
0.140274
0.135309
0.128834
0.119936
0.106184
0.016925
0.00206969
0.000153278
7.98106e-06
2.56541e-07
5.39296e-09
8.0933e-11
9.3011e-13
8.62374e-15
0
0
0
0
0
0
0
0
0
0
0
0.0584926
0.0712898
0.076521
0.0786907
0.0788664
0.0768542
0.0716349
0.0610673
0.0409094
0.0102317
0.149173
0.147478
0.145537
0.143279
0.140584
0.137269
0.133037
0.127385
0.119321
0.106118
0.0214293
0.00283907
0.000209519
1.04977e-05
4.26744e-07
1.193e-08
2.30218e-10
3.2712e-12
3.66954e-14
0
0
0
0
0
0
0
0
0
0
0
0.0562174
0.0676431
0.0733825
0.0762703
0.0771181
0.0757594
0.0711969
0.0612442
0.0414633
0.0108556
0.144026
0.142565
0.14095
0.139113
0.136951
0.1343
0.130894
0.126268
0.119458
0.107658
0.0350466
0.00487971
0.000326326
1.44171e-05
5.12931e-07
1.29869e-08
2.3438e-10
3.18496e-12
3.48315e-14
0
0
0
0
0
0
0
0
0
0
0
0.0538074
0.0630095
0.0692633
0.073158
0.0749756
0.0745163
0.0708313
0.0617171
0.0425152
0.0118931
0.138778
0.13755
0.136249
0.134818
0.13317
0.131175
0.128623
0.125152
0.120018
0.111047
0.107414
0.102725
0.0984859
0.0946606
0.0911445
0.0878791
0.0848244
0.0819494
0.0792283
0.0766391
0.0741625
0.0717808
0.0694774
0.0672357
0.0650382
0.0628655
0.0606939
0.0584925
0.0562174
0.0538075
0.0526563
0.0577187
0.0639013
0.0689265
0.0720622
0.0728534
0.0703608
0.0623931
0.0440686
0.0133995
0.13333
0.132328
0.131319
0.130255
0.129071
0.127664
0.12588
0.123461
0.119935
0.114256
0.111122
0.108292
0.105636
0.103114
0.100703
0.0983891
0.0961569
0.0939934
0.0918846
0.0898155
0.0877692
0.0857256
0.0836598
0.0815393
0.0793203
0.0769414
0.0743116
0.0712895
0.0676429
0.0630095
0.0577187
0.0568087
0.0598517
0.06435
0.0683303
0.0704824
0.0695022
0.0630765
0.0460589
0.0154282
0.127567
0.126776
0.126026
0.125277
0.124479
0.123554
0.122389
0.120807
0.118531
0.115133
0.112332
0.10981
0.107439
0.10517
0.10298
0.100857
0.0987956
0.096787
0.0948246
0.0929003
0.0910045
0.0891254
0.0872471
0.0853474
0.0833936
0.0813353
0.0790907
0.0765206
0.0733822
0.0692632
0.0639013
0.0598517
0.059062
0.0611607
0.0645587
0.0674608
0.0679943
0.0634667
0.0483162
0.0180157
0.121334
0.120734
0.120204
0.119711
0.119215
0.118655
0.117944
0.116958
0.115529
0.113469
0.111289
0.109118
0.106981
0.104885
0.102831
0.100823
0.09886
0.0969411
0.0950645
0.0932273
0.0914253
0.0896528
0.0879018
0.0861606
0.0844115
0.0826249
0.0807492
0.0786902
0.0762699
0.0731577
0.0689263
0.06435
0.0611607
0.0604383
0.0619395
0.0643964
0.065839
0.063242
0.0505317
0.0211483
0.114413
0.113982
0.11363
0.113334
0.113058
0.112752
0.112345
0.111747
0.110845
0.109536
0.107943
0.106187
0.104348
0.102473
0.100592
0.0987237
0.0968795
0.0950672
0.0932914
0.0915551
0.0898599
0.0882064
0.0865941
0.0850211
0.0834822
0.0819653
0.0804445
0.0788659
0.0771177
0.0749753
0.0720619
0.0683302
0.0645586
0.0619395
0.0612126
0.0621543
0.0634315
0.0622234
0.0522574
0.0246935
0.106454
0.106166
0.105956
0.105804
0.105676
0.10553
0.105308
0.104938
0.104339
0.103444
0.102266
0.10087
0.0993232
0.0976827
0.0959906
0.0942777
0.0925657
0.0908707
0.0892047
0.0875773
0.0859969
0.0844718
0.0830101
0.0816206
0.0803112
0.0790863
0.0779416
0.0768537
0.0757589
0.0745159
0.072853
0.0704821
0.0674607
0.0643963
0.0621543
0.0612684
0.0613715
0.0604995
0.0529823
0.0282915
0.0967779
0.0966076
0.0965053
0.0964513
0.0964159
0.0963601
0.0962341
0.0959795
0.0955353
0.0948527
0.0939203
0.092766
0.0914366
0.0899809
0.0884421
0.0868553
0.0852484
0.0836438
0.0820599
0.0805131
0.0790192
0.0775948
0.0762584
0.0750309
0.073935
0.0729936
0.0722253
0.0716345
0.0711965
0.0708309
0.0703605
0.069502
0.067994
0.0658389
0.0634314
0.0613715
0.0599576
0.0583336
0.0523003
0.0312822
0.0837542
0.0836752
0.0836498
0.0836586
0.083673
0.0836567
0.0835652
0.0833488
0.0829582
0.0823553
0.0815252
0.0804807
0.0792533
0.0778826
0.0764081
0.0748658
0.073287
0.0716988
0.0701253
0.0685892
0.0671135
0.0657231
0.0644468
0.0633176
0.0623737
0.061657
0.0612098
0.0610669
0.0612439
0.0617168
0.0623929
0.0630763
0.0634665
0.0632418
0.0622233
0.0604995
0.0583336
0.055617
0.049993
0.032851
0.0630327
0.0630133
0.0630329
0.0630714
0.0631006
0.0630849
0.0629826
0.0627491
0.062342
0.06173
0.0609
0.0598601
0.058636
0.0572625
0.0557775
0.0542179
0.0526172
0.0510057
0.0494105
0.0478574
0.0463718
0.0449813
0.0437175
0.0426181
0.041729
0.0411063
0.0408108
0.0409092
0.0414631
0.042515
0.0440684
0.0460587
0.048316
0.0505316
0.0522573
0.0529822
0.0523002
0.0499929
0.0450869
0.0321078
0.0271251
0.0271204
0.0271404
0.027168
0.0271798
0.0271471
0.0270371
0.026816
0.0264537
0.0259293
0.0252352
0.0243791
0.023381
0.0222684
0.0210713
0.0198195
0.0185404
0.0172593
0.016
0.0147859
0.0136419
0.012595
0.0116754
0.0109164
0.0103536
0.0100248
0.0099696
0.0102317
0.0108555
0.011893
0.0133995
0.0154281
0.0180156
0.0211483
0.0246934
0.0282914
0.0312821
0.0328509
0.0321077
0.0260582
0.562499
0.562499
0.561512
0.548204
0.514515
0.473089
0.433726
0.399105
0.369253
0.343565
0.321381
0.302113
0.285271
0.270447
0.257304
0.245559
0.234975
0.225367
0.216585
0.20851
0.201037
0.194079
0.187559
0.181408
0.175563
0.169961
0.164543
0.159247
0.154005
0.148746
0.143385
0.137825
0.131946
0.125591
0.118536
0.110419
0.100544
0.0872952
0.0664068
0.0297486
0.562498
0.562327
0.557245
0.534646
0.497447
0.457505
0.42064
0.388208
0.360055
0.335653
0.314447
0.295935
0.279687
0.265338
0.25258
0.24115
0.230831
0.221453
0.212878
0.204994
0.197702
0.190922
0.18458
0.178611
0.172956
0.167556
0.162352
0.157282
0.152277
0.14726
0.14214
0.136813
0.131151
0.124992
0.118109
0.110137
0.100381
0.0872243
0.0663945
0.0297503
0.561512
0.557248
0.540975
0.510257
0.473288
0.436832
0.403541
0.373997
0.348041
0.325296
0.305351
0.287816
0.272342
0.258616
0.246367
0.235359
0.225401
0.216343
0.208059
0.200446
0.193414
0.186889
0.180805
0.175102
0.169724
0.164617
0.159722
0.154977
0.150306
0.145623
0.140825
0.135797
0.130399
0.124465
0.117765
0.109937
0.100289
0.0872074
0.0664207
0.0297762
0.548215
0.534653
0.510259
0.478799
0.445536
0.413577
0.38419
0.357718
0.334107
0.313147
0.294577
0.278124
0.263517
0.2505
0.238836
0.228322
0.218796
0.210124
0.202194
0.194912
0.1882
0.18199
0.176225
0.170851
0.165821
0.161083
0.156583
0.152254
0.148015
0.143765
0.139382
0.134729
0.129653
0.123979
0.117479
0.109796
0.100247
0.0872256
0.0664659
0.0298092
0.51453
0.497454
0.473291
0.445537
0.417074
0.38959
0.363904
0.340342
0.318974
0.299743
0.282524
0.267153
0.253433
0.241151
0.230107
0.220131
0.211082
0.202842
0.195309
0.188401
0.182049
0.176194
0.170788
0.165789
0.161155
0.156847
0.152813
0.148989
0.145284
0.141579
0.137722
0.13354
0.128858
0.123491
0.117215
0.109682
0.100224
0.0872497
0.0665015
0.0298257
0.473101
0.457511
0.436835
0.413578
0.38959
0.366034
0.343576
0.322567
0.303179
0.28548
0.269472
0.255097
0.242216
0.230652
0.220237
0.210822
0.202278
0.194497
0.187388
0.180878
0.174907
0.169426
0.164399
0.159793
0.155583
0.151739
0.148226
0.144985
0.141922
0.138896
0.135709
0.132127
0.127936
0.12294
0.11692
0.109549
0.10018
0.0872428
0.0664918
0.0297962
0.433734
0.420643
0.403543
0.384191
0.363904
0.343575
0.32378
0.304875
0.287095
0.270608
0.255554
0.242002
0.229863
0.218979
0.209188
0.200344
0.19232
0.185014
0.178343
0.17224
0.166655
0.161548
0.156894
0.152675
0.148882
0.145506
0.142537
0.139937
0.137626
0.135444
0.133129
0.130331
0.12677
0.122235
0.116524
0.109339
0.100065
0.0871593
0.0663944
0.0296875
0.39911
0.38821
0.373999
0.357719
0.340342
0.322567
0.304876
0.287593
0.270961
0.255213
0.240664
0.227678
0.216168
0.205929
0.19676
0.188496
0.181005
0.174185
0.167958
0.162262
0.157055
0.152305
0.147997
0.144127
0.140705
0.137752
0.135295
0.133349
0.131881
0.130747
0.129611
0.127887
0.125178
0.121251
0.115933
0.108978
0.0998192
0.0869484
0.0661641
0.0294651
0.369257
0.360056
0.348042
0.334108
0.318974
0.303179
0.287095
0.270961
0.254923
0.239149
0.224179
0.21143
0.200471
0.190877
0.182353
0.174697
0.167764
0.16145
0.155678
0.150392
0.145551
0.141132
0.137126
0.13354
0.130399
0.127756
0.125687
0.124296
0.12368
0.123827
0.124398
0.124313
0.122878
0.119814
0.115032
0.108383
0.0993793
0.0865598
0.0657584
0.0290985
0.343568
0.335655
0.325297
0.313147
0.299742
0.285479
0.270608
0.255212
0.239148
0.221943
0.203226
0.190531
0.180246
0.171441
0.163691
0.156752
0.150469
0.144736
0.139476
0.134637
0.130182
0.126089
0.12235
0.118975
0.115994
0.113469
0.111515
0.110336
0.110282
0.111854
0.115299
0.118556
0.119441
0.117736
0.113717
0.107487
0.0986956
0.0859547
0.0651455
0.0285661
0.321382
0.314448
0.305351
0.294577
0.282524
0.269472
0.255553
0.240664
0.224178
0.203225
0.0101224
0.00835749
0.00992237
0.0110846
0.0119025
0.0124925
0.0129216
0.0132344
0.0134638
0.0136373
0.0137805
0.0139197
0.0140854
0.0143174
0.0146743
0.0152553
0.0162651
0.0182438
0.0230729
0.0375373
0.111596
0.115378
0.116605
0.115533
0.112111
0.106303
0.0977564
0.085118
0.0643126
0.0278606
0.302114
0.295936
0.287816
0.278123
0.267153
0.255097
0.242001
0.227678
0.21143
0.190531
0.00835756
0.000927052
0.000698072
0.000855831
0.000993982
0.00110411
0.00119175
0.00126167
0.00131822
0.0013652
0.0014067
0.00144717
0.00149204
0.00154879
0.00162878
0.00175117
0.00195558
0.00233905
0.0032054
0.00549799
0.106727
0.112493
0.11405
0.113339
0.110339
0.104894
0.0965901
0.0840628
0.0632682
0.0269898
0.285271
0.279687
0.272341
0.263516
0.253432
0.242215
0.229862
0.216168
0.200471
0.180246
0.00992242
0.000698077
6.16121e-05
4.44829e-05
5.46735e-05
6.43625e-05
7.25467e-05
7.95608e-05
8.53861e-05
9.04411e-05
9.49901e-05
9.94452e-05
0.000104191
0.000109849
0.000117702
0.000129173
0.000147698
0.00018051
0.000246443
0.000383195
0.102326
0.109786
0.11165
0.11118
0.108483
0.103331
0.0952444
0.0828215
0.0620382
0.0259741
0.270447
0.265338
0.258615
0.250499
0.241151
0.230651
0.218978
0.205929
0.190876
0.171441
0.0110846
0.000855837
4.44833e-05
3.33873e-06
2.35109e-06
2.90494e-06
3.36103e-06
3.79463e-06
4.30435e-06
4.58594e-06
4.95297e-06
5.21836e-06
5.59808e-06
5.91267e-06
6.41819e-06
7.06753e-06
8.08491e-06
9.69861e-06
1.26857e-05
1.74884e-05
0.0983716
0.10722
0.109353
0.109062
0.10659
0.101673
0.0937691
0.0814345
0.0606583
0.0248417
0.257304
0.252579
0.246366
0.238835
0.230106
0.220236
0.209188
0.196759
0.182352
0.16369
0.0119028
0.000993995
5.4674e-05
2.35111e-06
1.03831e-07
7.10471e-08
8.58247e-08
1.01739e-07
1.22474e-07
1.34324e-07
1.50766e-07
1.62548e-07
1.79892e-07
1.92804e-07
2.13095e-07
2.36308e-07
2.69968e-07
4.19535e-07
5.04577e-07
6.0775e-07
0.0947483
0.104772
0.10714
0.10699
0.104691
0.0999609
0.0922084
0.0799426
0.0591675
0.0236232
0.245558
0.241149
0.235357
0.228321
0.22013
0.210821
0.200343
0.188495
0.174696
0.156752
0.0124925
0.00110411
6.43629e-05
2.90497e-06
7.10481e-08
2.1481e-09
1.40477e-09
1.74362e-09
2.22116e-09
2.52846e-09
2.95304e-09
3.27642e-09
3.73934e-09
4.08317e-09
4.59169e-09
5.12726e-09
5.84097e-09
1.22598e-08
1.37321e-08
1.48787e-08
0.0913912
0.102426
0.104998
0.104964
0.102804
0.0982274
0.0905984
0.0783828
0.0576034
0.0223489
0.234975
0.23083
0.2254
0.218795
0.211082
0.202277
0.19232
0.181004
0.167763
0.150469
0.0129216
0.00119176
7.25471e-05
3.36105e-06
8.58259e-08
1.4048e-09
3.24122e-11
2.15547e-11
2.87524e-11
3.40202e-11
4.1271e-11
4.71424e-11
5.53436e-11
6.15579e-11
7.02735e-11
7.89204e-11
8.95994e-11
2.44181e-10
2.59904e-10
2.61556e-10
0.0882566
0.100166
0.102919
0.102986
0.100943
0.0964947
0.0889678
0.0767873
0.0560004
0.0210465
0.225366
0.221451
0.216342
0.210122
0.202841
0.194496
0.185014
0.174184
0.161449
0.144735
0.0132345
0.00126167
7.95613e-05
3.79466e-06
1.0174e-07
1.74365e-09
2.15552e-11
4.07177e-13
2.88914e-13
3.52723e-13
4.42926e-13
5.20054e-13
6.2625e-13
7.0835e-13
8.19033e-13
9.24268e-13
1.04619e-12
3.54702e-12
3.64404e-12
3.4875e-12
0.0853112
0.0979788
0.100895
0.101053
0.0991147
0.094779
0.0873398
0.0751841
0.0543897
0.0197414
0.216585
0.212877
0.208058
0.202193
0.195308
0.187387
0.178342
0.167957
0.155677
0.139476
0.0134638
0.00131822
8.53865e-05
4.30438e-06
1.22476e-07
2.2212e-09
2.87531e-11
2.88994e-13
4.41348e-15
2.57506e-15
3.50856e-15
4.38173e-15
5.55019e-15
6.44876e-15
7.58547e-15
8.69042e-15
9.85571e-15
4.0423e-14
4.05754e-14
3.754e-14
0.0825275
0.0958493
0.0989208
0.0991644
0.097324
0.0930929
0.0857334
0.073598
0.0527993
0.0184568
0.208509
0.204992
0.200445
0.194911
0.1884
0.180877
0.172239
0.162261
0.150391
0.134637
0.0136374
0.0013652
9.04415e-05
4.58597e-06
1.34325e-07
2.5285e-09
3.40209e-11
3.52723e-13
2.57506e-15
0
0
0
0
0
0
0
0
7.93791e-17
6.98536e-17
0
0.0798822
0.0937616
0.0969863
0.097317
0.095574
0.0914464
0.0841659
0.0720523
0.0512557
0.0172154
0.201036
0.197701
0.193413
0.188199
0.182048
0.174905
0.166654
0.157054
0.14555
0.130182
0.0137805
0.0014067
9.49905e-05
4.953e-06
1.50767e-07
2.95308e-09
4.1272e-11
4.42977e-13
3.50856e-15
0
0
0
0
0
0
0
0
0
0
0
0.077355
0.0916981
0.0950821
0.0955064
0.0938664
0.0898484
0.0826536
0.0705705
0.0497855
0.016041
0.194078
0.190921
0.186888
0.181989
0.176193
0.169425
0.161547
0.152304
0.141131
0.126088
0.0139197
0.00144718
9.94456e-05
5.21839e-06
1.6255e-07
3.27647e-09
4.71433e-11
5.20066e-13
4.38173e-15
0
0
0
0
0
0
0
0
0
0
0
0.0749274
0.0896377
0.0931957
0.0937268
0.0922021
0.0883077
0.0812138
0.0691779
0.0484172
0.0149594
0.187558
0.184579
0.180804
0.176224
0.170787
0.164397
0.156893
0.147996
0.137125
0.12235
0.0140854
0.00149205
0.000104191
5.59811e-06
1.79894e-07
3.73939e-09
5.53448e-11
6.2625e-13
5.55019e-15
0
0
0
0
0
0
0
0
0
0
0
0.0725823
0.0875542
0.0913106
0.0919701
0.090581
0.0868333
0.0798659
0.0679033
0.0471828
0.0140004
0.181407
0.17861
0.1751
0.17085
0.165787
0.159792
0.152674
0.144126
0.133539
0.118975
0.0143174
0.00154879
0.00010985
5.9127e-06
1.92806e-07
4.08322e-09
6.15589e-11
7.0835e-13
6.44876e-15
0
0
0
0
0
0
0
0
0
0
0
0.0703024
0.0854135
0.0894037
0.0902245
0.0890015
0.0854348
0.0786316
0.06678
0.0461203
0.0131983
0.175562
0.172955
0.169723
0.16582
0.161154
0.155581
0.148881
0.140704
0.130399
0.115993
0.0146743
0.00162878
0.000117702
6.41822e-06
2.13097e-07
4.59174e-09
7.02746e-11
8.19033e-13
7.58547e-15
0
0
0
0
0
0
0
0
0
0
0
0.0680701
0.0831698
0.0874412
0.0884721
0.0874591
0.0841211
0.0775346
0.0658462
0.0452751
0.0125922
0.16996
0.167555
0.164615
0.161082
0.156846
0.151738
0.145505
0.137751
0.127755
0.113469
0.0152553
0.00175117
0.000129173
7.06756e-06
2.36309e-07
5.12731e-09
7.89215e-11
9.24268e-13
8.69042e-15
0
0
0
0
0
0
0
0
0
0
0
0.0658651
0.0807581
0.0853703
0.0866824
0.0859422
0.082898
0.0765994
0.0651445
0.0447005
0.0122256
0.164543
0.162351
0.159721
0.156582
0.152812
0.148225
0.142536
0.135294
0.125686
0.111515
0.0162651
0.00195558
0.000147699
8.08494e-06
2.69969e-07
5.84102e-09
8.96007e-11
1.04626e-12
9.85571e-15
0
0
0
0
0
0
0
0
0
0
0
0.0636636
0.078083
0.0831051
0.0848025
0.0844256
0.0817633
0.0758461
0.0647181
0.0444576
0.0121459
0.159246
0.157281
0.154975
0.152253
0.148987
0.144983
0.139936
0.133348
0.124295
0.110335
0.0182438
0.00233905
0.00018051
9.69863e-06
4.19537e-07
1.22599e-08
2.44183e-10
3.54713e-12
4.0423e-14
7.93791e-17
0
0
0
0
0
0
0
0
0
0
0.0614342
0.0749947
0.0804993
0.0827345
0.0828552
0.0806951
0.0752818
0.0646044
0.0446118
0.012404
0.154004
0.152276
0.150304
0.148014
0.145283
0.141921
0.137625
0.13188
0.123679
0.110282
0.0230729
0.0032054
0.000246443
1.26857e-05
5.04578e-07
1.37322e-08
2.59907e-10
3.64419e-12
4.05754e-14
6.98536e-17
0
0
0
0
0
0
0
0
0
0
0.0591342
0.0712488
0.0772969
0.0802926
0.0811163
0.0796307
0.0748853
0.0648225
0.0452254
0.0130542
0.148745
0.147259
0.145621
0.143764
0.141578
0.138895
0.135443
0.130746
0.123826
0.111854
0.0375373
0.00549799
0.000383196
1.74885e-05
6.07752e-07
1.48788e-08
2.61558e-10
3.48751e-12
3.754e-14
0
0
0
0
0
0
0
0
0
0
0
0.0567092
0.0664656
0.0730632
0.0771288
0.0789756
0.0784273
0.0745795
0.0653552
0.0463459
0.0141567
0.143384
0.142139
0.140824
0.139381
0.137721
0.135708
0.133128
0.12961
0.124397
0.115298
0.111595
0.106726
0.102325
0.098371
0.0947477
0.0913906
0.0882561
0.0853107
0.082527
0.0798818
0.0773546
0.0749271
0.0725819
0.0703022
0.0680698
0.0658649
0.0636635
0.0614341
0.0591342
0.0567093
0.0555915
0.060984
0.0675185
0.0727914
0.076038
0.0768057
0.07419
0.0661195
0.0479881
0.0157773
0.137824
0.136812
0.135795
0.134728
0.133539
0.132126
0.130329
0.127886
0.124312
0.118555
0.115377
0.112493
0.109786
0.107219
0.104772
0.102425
0.100165
0.097978
0.0958485
0.0937609
0.0916975
0.0896371
0.0875536
0.085413
0.0831693
0.0807578
0.0780827
0.0749946
0.0712487
0.0664656
0.0609841
0.0600997
0.0633477
0.0680917
0.072253
0.0744688
0.0734348
0.0669337
0.0501093
0.0179866
0.131945
0.13115
0.130398
0.129651
0.128857
0.127935
0.126769
0.125177
0.122877
0.11944
0.116604
0.114049
0.111649
0.109352
0.107139
0.104997
0.102918
0.100895
0.09892
0.0969856
0.0950814
0.093195
0.0913099
0.0894031
0.0874407
0.0853699
0.0831048
0.080499
0.0772967
0.0730631
0.0675186
0.0633478
0.0625906
0.0648462
0.0684372
0.0714819
0.0720577
0.0675178
0.0525772
0.0208543
0.125591
0.124991
0.124464
0.123978
0.12349
0.122939
0.122234
0.12125
0.119813
0.117735
0.115533
0.113338
0.111179
0.109062
0.106989
0.104963
0.102985
0.101052
0.0991636
0.0973162
0.0955057
0.0937262
0.0919696
0.0902241
0.0884716
0.086682
0.0848021
0.0827342
0.0802924
0.0771287
0.0727914
0.0680918
0.0648462
0.0641833
0.0658417
0.0684893
0.0700832
0.067585
0.0551442
0.0244312
0.118536
0.118108
0.117764
0.117478
0.117213
0.116919
0.116523
0.115932
0.115031
0.113716
0.11211
0.110339
0.108482
0.106589
0.10469
0.102803
0.100942
0.0991138
0.0973232
0.0955732
0.0938657
0.0922015
0.0905804
0.089001
0.0874587
0.0859418
0.0844253
0.0828549
0.0811161
0.0789754
0.076038
0.072253
0.0684372
0.0658417
0.0652431
0.0664088
0.0679547
0.067014
0.0574568
0.0287037
0.110419
0.110136
0.109936
0.109795
0.109681
0.109548
0.109338
0.108977
0.108382
0.107486
0.106302
0.104893
0.103331
0.101672
0.09996
0.0982265
0.0964938
0.0947782
0.0930921
0.0914457
0.0898478
0.0883071
0.0868328
0.0854344
0.0841207
0.0828977
0.081763
0.0806948
0.0796305
0.0784271
0.0768056
0.0744687
0.0714819
0.0684893
0.0664088
0.0658141
0.0663373
0.0659751
0.059121
0.0334899
0.100543
0.10038
0.100288
0.100246
0.100223
0.100179
0.100064
0.0998182
0.0993783
0.0986947
0.0977555
0.0965892
0.0952435
0.0937682
0.0922076
0.0905976
0.0889671
0.0873391
0.0857328
0.0841653
0.082653
0.0812133
0.0798655
0.0786311
0.0775343
0.0765991
0.0758457
0.0752816
0.074885
0.0745793
0.0741898
0.0734347
0.0720576
0.0700832
0.0679547
0.0663373
0.0655759
0.0647997
0.0597934
0.0382576
0.0872946
0.0872235
0.0872066
0.0872247
0.0872488
0.0872418
0.0871583
0.0869475
0.0865589
0.0859538
0.0851172
0.084062
0.0828207
0.0814337
0.0799419
0.0783822
0.0767867
0.0751836
0.0735975
0.0720518
0.07057
0.0691775
0.0679029
0.0667796
0.0658459
0.0651441
0.0647178
0.0646041
0.0648222
0.0653549
0.0661193
0.0669335
0.0675176
0.0675849
0.067014
0.0659751
0.0647997
0.0633488
0.0591172
0.0419669
0.0664064
0.0663939
0.0664201
0.0664652
0.0665008
0.0664911
0.0663937
0.0661635
0.0657577
0.0651449
0.064312
0.0632676
0.0620377
0.0606578
0.0591671
0.057603
0.0560001
0.0543894
0.052799
0.0512555
0.0497853
0.048417
0.0471826
0.0461201
0.0452749
0.0447004
0.0444575
0.0446117
0.0452252
0.0463457
0.0479879
0.0501092
0.052577
0.0551441
0.0574567
0.0591209
0.0597934
0.0591171
0.0557249
0.042965
0.0297484
0.0297501
0.029776
0.029809
0.0298255
0.029796
0.0296873
0.029465
0.0290983
0.028566
0.0278605
0.0269897
0.0259741
0.0248416
0.0236232
0.0223489
0.0210465
0.0197414
0.0184568
0.0172154
0.016041
0.0149594
0.0140004
0.0131983
0.0125922
0.0122256
0.0121459
0.012404
0.0130542
0.0141566
0.0157773
0.0179866
0.0208542
0.0244311
0.0287037
0.0334898
0.0382576
0.0419668
0.042965
0.0371581
)
;

boundaryField
{
    left
    {
        type            fixedValue;
        value           uniform 0;
    }
    right
    {
        type            fixedValue;
        value           uniform 0;
    }
    up
    {
        type            fixedValue;
        value           uniform 0;
    }
    down
    {
        type            fixedValue;
        value           uniform 0;
    }
    front
    {
        type            fixedValue;
        value           uniform 0;
    }
    back
    {
        type            fixedValue;
        value           uniform 0;
    }
}


// ************************************************************************* //
