/*--------------------------------*- C++ -*----------------------------------*\
| =========                 |                                                 |
| \\      /  F ield         | OpenFOAM: The Open Source CFD Toolbox           |
|  \\    /   O peration     | Version:  2.1.0                                 |
|   \\  /    A nd           | Web:      www.OpenFOAM.org                      |
|    \\/     M anipulation  |                                                 |
\*---------------------------------------------------------------------------*/
FoamFile
{
    version     2.0;
    format      ascii;
    class       volScalarField;
    location    "40150";
    object      po;
}
// * * * * * * * * * * * * * * * * * * * * * * * * * * * * * * * * * * * * * //

dimensions      [1 -1 -2 0 0 0 0];

internalField   nonuniform List<scalar> 
8000
(
11272.4
11260.6
11240.9
11217.1
11191.8
11166.2
11141
11116.2
11091.8
11067.6
11043.4
11019.1
10994.6
10969.6
10944.1
10918
10891.3
10863.8
10835.7
10806.9
10777.5
10747.5
10717
10686.1
10655.1
10624
10593.1
10562.8
10533.3
10505.1
10478.4
10453.7
10431.2
10411.3
10394
10379.7
10368.2
10359.7
10353.9
10350.7
11260.6
11250.1
11232.2
11210.2
11186.3
11161.8
11137.5
11113.4
11089.5
11065.7
11041.9
11018
10993.6
10968.9
10943.5
10917.5
10890.9
10863.5
10835.4
10806.6
10777.1
10747
10716.4
10685.4
10654.2
10622.9
10591.7
10561.1
10531.3
10502.6
10475.6
10450.6
10427.9
10407.7
10390.4
10375.9
10364.4
10355.8
10350
10346.8
11240.9
11232.2
11217
11197.6
11176.1
11153.6
11130.8
11107.9
11085.1
11062.2
11039.1
11015.7
10991.8
10967.4
10942.4
10916.6
10890
10862.7
10834.7
10805.9
10776.3
10746.1
10715.3
10684.1
10652.4
10620.7
10589
10557.7
10527.1
10497.8
10470
10444.3
10421.1
10400.6
10383
10368.3
10356.7
10348.1
10342.2
10339
11217.1
11210.2
11197.6
11181.1
11162.3
11142.2
11121.4
11100.3
11078.8
11057.1
11035.1
11012.5
10989.3
10965.4
10940.7
10915.3
10888.9
10861.7
10833.7
10804.9
10775.2
10744.8
10713.8
10682.1
10650
10617.5
10585
10552.7
10521
10490.4
10461.5
10434.8
10410.8
10389.7
10371.7
10356.9
10345.1
10336.4
10330.6
10327.4
11191.8
11186.3
11176.1
11162.3
11146.2
11128.6
11110
11090.8
11071.1
11050.9
11030.1
11008.5
10986.2
10963
10938.8
10913.7
10887.6
10860.5
10832.6
10803.7
10773.9
10743.3
10711.9
10679.7
10646.9
10613.5
10579.9
10546.1
10512.8
10480.5
10449.9
10421.8
10396.8
10375
10356.5
10341.4
10329.6
10320.9
10315
10311.8
11166.2
11161.8
11153.6
11142.2
11128.6
11113.4
11097.1
11080
11062.2
11043.7
11024.4
11004.1
10982.8
10960.3
10936.7
10911.9
10886.1
10859.2
10831.3
10802.4
10772.5
10741.6
10709.8
10677.1
10643.5
10609
10573.9
10538.4
10502.8
10468.1
10435.1
10405
10378.6
10356
10337.1
10321.9
10310
10301.3
10295.5
10292.3
11141
11137.5
11130.8
11121.4
11110
11097.1
11083
11068.1
11052.4
11035.9
11018.3
10999.5
10979.2
10957.6
10934.5
10910.2
10884.7
10858
10830.1
10801.2
10771.1
10740
10707.8
10674.4
10640
10604.3
10567.5
10529.7
10491.2
10453
10416.4
10383.8
10355.8
10332.4
10313.3
10298.1
10286.3
10277.8
10272.1
10268.9
11116.2
11113.4
11107.9
11100.3
11090.8
11080
11068.1
11055.5
11042.1
11027.8
11012.3
10995
10975.9
10955.1
10932.6
10908.7
10883.4
10856.8
10829
10800
10769.9
10738.5
10705.9
10672
10636.7
10599.9
10561.3
10520.9
10478.6
10435.3
10393.1
10357
10327.6
10303.8
10284.9
10269.9
10258.5
10250.3
10244.8
10241.7
11091.8
11089.5
11085.1
11078.8
11071.1
11062.2
11052.4
11042.1
11031.2
11019.6
11006.8
10991.3
10973.3
10953.1
10931.1
10907.5
10882.4
10855.9
10828.1
10799.1
10768.9
10737.3
10704.4
10670.1
10634.1
10596.2
10556
10513
10466.3
10415.5
10362.7
10322.8
10292.8
10269.6
10251.5
10237.4
10226.7
10218.9
10213.7
10210.8
11067.6
11065.7
11062.2
11057.1
11050.9
11043.7
11035.9
11027.8
11019.6
11011.5
11002.7
10988.9
10971.7
10952
10930.2
10906.8
10881.7
10855.3
10827.6
10798.5
10768.2
10736.6
10703.5
10668.9
10632.5
10594
10552.8
10507.8
10457.1
10397
10318.7
10277.8
10250.3
10229.6
10213.4
10200.7
10191
10183.9
10179.1
10176.4
11043.4
11041.9
11039.1
11035.1
11030.1
11024.4
11018.3
11012.3
11006.8
11002.7
11000.1
10984.1
10965.4
10944.5
10921.6
10897
10870.9
10843.3
10814.5
10784.3
10752.8
10719.9
10685.5
10649.4
10611.4
10571
10527.3
10478.5
10420.1
10334.1
10236.1
10218.5
10200.3
10184.3
10170.9
10160.1
10151.7
10145.4
10141.2
10138.7
11019.1
11018
11015.7
11012.5
11008.5
11004.1
10999.5
10995
10991.3
10988.9
10984.1
10958.1
10932.6
10906.3
10878.9
10850.4
10820.6
10789.7
10757.7
10724.3
10689.7
10653.6
10615.9
10576.3
10534.3
10489.2
10439.7
10383.6
10316.4
10229
10168
10158.8
10147.1
10135.5
10125.1
10116.3
10109.2
10103.9
10100.2
10097.9
10994.6
10993.6
10991.8
10989.3
10986.2
10982.8
10979.2
10975.9
10973.3
10971.7
10965.4
10932.6
10901.3
10869.9
10838.1
10805.6
10772.3
10738
10702.8
10666.5
10628.9
10589.9
10549.2
10506.4
10461.2
10412.6
10359.5
10300.2
10232
10152.1
10106.3
10100.8
10093.1
10084.8
10076.8
10069.8
10064.1
10059.7
10056.5
10054.5
10969.6
10968.9
10967.4
10965.4
10963
10960.3
10957.6
10955.1
10953.1
10952
10944.5
10906.3
10869.9
10834
10798
10761.7
10724.9
10687.4
10649.1
10609.9
10569.5
10527.8
10484.4
10439.1
10391.3
10340.4
10285.5
10225.6
10159.5
10086.8
10047.7
10044.1
10038.8
10032.8
10026.8
10021.3
10016.7
10013.1
10010.3
10008.5
10944.1
10943.5
10942.4
10940.7
10938.8
10936.7
10934.5
10932.6
10931.1
10930.2
10921.6
10878.9
10838.1
10798
10758.1
10718.2
10678.1
10637.5
10596.3
10554.4
10511.4
10467.2
10421.6
10374.1
10324.4
10272
10216.4
10156.9
10093.3
10026
9990.84
9988.23
9984.41
9979.94
9975.36
9971.08
9967.39
9964.4
9962.08
9960.45
10918
10917.5
10916.6
10915.3
10913.7
10911.9
10910.2
10908.7
10907.5
10906.8
10897
10850.4
10805.6
10761.7
10718.2
10675
10631.7
10588.2
10544.3
10499.7
10454.4
10408.1
10360.4
10311.2
10260.1
10206.8
10150.9
10092.3
10030.9
9967.33
9934.69
9932.69
9929.8
9926.38
9922.81
9919.41
9916.42
9913.93
9911.9
9910.41
10891.3
10890.9
10890
10888.9
10887.6
10886.1
10884.7
10883.4
10882.4
10881.7
10870.9
10820.6
10772.3
10724.9
10678.1
10631.7
10585.5
10539.2
10492.8
10445.9
10398.5
10350.2
10300.8
10250.2
10198
10144.1
10088.2
10030.4
9970.73
9909.78
9878.79
9877.16
9874.86
9872.13
9869.24
9866.46
9863.96
9861.84
9860.01
9858.61
10863.8
10863.5
10862.7
10861.7
10860.5
10859.2
10858
10856.8
10855.9
10855.3
10843.3
10789.7
10738
10687.4
10637.5
10588.2
10539.2
10490.5
10441.7
10392.7
10343.3
10293.3
10242.5
10190.7
10137.6
10083.2
10027.4
9970.24
9911.87
9852.74
9822.84
9821.44
9819.5
9817.19
9814.73
9812.34
9810.16
9808.25
9806.53
9805.2
10835.7
10835.4
10834.7
10833.7
10832.6
10831.3
10830.1
10829
10828.1
10827.6
10814.5
10757.7
10702.8
10649.1
10596.3
10544.3
10492.8
10441.7
10390.8
10339.9
10288.8
10237.3
10185.2
10132.3
10078.6
10023.8
9968.06
9911.31
9853.79
9795.86
9766.66
9765.39
9763.64
9761.55
9759.32
9757.12
9755.09
9753.27
9751.56
9750.25
10806.9
10806.6
10805.9
10804.9
10803.7
10802.4
10801.2
10800
10799.1
10798.5
10784.3
10724.3
10666.5
10609.9
10554.4
10499.7
10445.9
10392.7
10339.9
10287.2
10234.6
10181.8
10128.6
10074.9
10020.5
9965.47
9909.66
9853.17
9796.18
9738.97
9710.18
9708.95
9707.25
9705.21
9703.02
9700.83
9698.79
9696.93
9695.14
9693.82
10777.5
10777.1
10776.3
10775.2
10773.9
10772.5
10771.1
10769.9
10768.9
10768.2
10752.8
10689.7
10628.9
10569.5
10511.4
10454.4
10398.5
10343.3
10288.8
10234.6
10180.6
10126.7
10072.5
10018.1
9963.22
9907.84
9851.94
9795.56
9738.83
9681.97
9653.37
9652.11
9650.34
9648.19
9645.84
9643.49
9641.28
9639.24
9637.27
9635.9
10747.5
10747
10746.1
10744.8
10743.3
10741.6
10740
10738.5
10737.3
10736.6
10719.9
10653.6
10589.9
10527.8
10467.2
10408.1
10350.2
10293.3
10237.3
10181.8
10126.7
10071.7
10016.8
9961.74
9906.41
9850.75
9794.72
9738.33
9681.67
9624.88
9596.28
9594.92
9592.94
9590.5
9587.8
9585.09
9582.52
9580.16
9577.92
9576.45
10717
10716.4
10715.3
10713.8
10711.9
10709.8
10707.8
10705.9
10704.4
10703.5
10685.5
10615.9
10549.2
10484.4
10421.6
10360.4
10300.8
10242.5
10185.2
10128.6
10072.6
10016.8
9961.22
9905.63
9849.93
9794.02
9737.86
9681.42
9624.69
9567.77
9539.02
9537.48
9535.13
9532.19
9528.92
9525.61
9522.47
9519.61
9516.98
9515.34
10686.1
10685.4
10684.1
10682.1
10679.7
10677.1
10674.4
10672
10670.1
10668.9
10649.4
10576.3
10506.4
10439.1
10374.1
10311.2
10250.2
10190.7
10132.3
10074.9
10018.1
9961.74
9905.63
9849.64
9793.65
9737.57
9681.32
9624.81
9567.98
9510.81
9481.81
9479.96
9477.05
9473.34
9469.2
9464.99
9461.03
9457.46
9454.29
9452.41
10655.1
10654.2
10652.4
10650
10646.9
10643.5
10640
10636.7
10634.1
10632.5
10611.4
10534.3
10461.2
10391.3
10324.4
10260.1
10198
10137.6
10078.6
10020.5
9963.22
9906.41
9849.93
9793.65
9737.48
9681.31
9625.05
9568.56
9511.68
9454.25
9424.93
9422.64
9418.88
9414.05
9408.65
9403.18
9398.05
9393.49
9389.62
9387.39
10624
10622.9
10620.7
10617.5
10613.5
10609
10604.3
10599.9
10596.2
10594
10571
10489.2
10412.6
10340.4
10272
10206.8
10144.1
10083.2
10023.8
9965.47
9907.84
9850.75
9794.03
9737.58
9681.31
9625.17
9569.03
9512.74
9456.02
9398.5
9368.86
9365.88
9360.88
9354.45
9347.28
9340.04
9333.31
9327.43
9322.62
9319.92
10593.1
10591.7
10589
10585
10579.9
10573.9
10567.5
10561.3
10556
10552.8
10527.3
10439.7
10359.5
10285.5
10216.4
10150.9
10088.2
10027.4
9968.06
9909.66
9851.94
9794.72
9737.87
9681.32
9625.05
9569.03
9513.21
9457.41
9401.25
9344.1
9314.28
9310.26
9303.44
9294.71
9285.07
9275.43
9266.53
9258.88
9252.84
9249.5
10562.8
10561.1
10557.7
10552.7
10546.1
10538.4
10529.7
10520.9
10513
10507.8
10478.5
10383.6
10300.2
10225.6
10156.9
10092.3
10030.4
9970.24
9911.31
9853.17
9795.57
9738.34
9681.42
9624.81
9568.56
9512.74
9457.41
9402.48
9347.6
9291.8
9262.23
9256.55
9246.99
9235.01
9221.98
9209.08
9197.31
9187.33
9179.67
9175.48
10533.3
10531.3
10527.1
10521
10512.8
10502.8
10491.2
10478.6
10466.3
10457.1
10420.1
10316.4
10232
10159.5
10093.3
10030.9
9970.73
9911.87
9853.8
9796.18
9738.84
9681.67
9624.7
9567.98
9511.69
9456.02
9401.26
9347.61
9295.02
9242.52
9214.4
9205.84
9192.08
9175.49
9157.86
9140.66
9125.11
9112.09
9102.32
9097.02
10505.1
10502.6
10497.8
10490.4
10480.5
10468.1
10453
10435.3
10415.5
10397
10334.1
10229
10152.1
10086.8
10026
9967.33
9909.79
9852.74
9795.87
9738.97
9681.98
9624.89
9567.78
9510.81
9454.26
9398.5
9344.1
9291.81
9242.52
9196.74
9173.72
9159.41
9139.13
9116.15
9092.46
9069.7
9049.27
9032.34
9019.83
9013.07
10478.4
10475.6
10470
10461.5
10449.9
10435.1
10416.4
10393.1
10362.7
10318.7
10236.1
10168
10106.3
10047.7
9990.85
9934.7
9878.8
9822.84
9766.67
9710.18
9653.37
9596.28
9539.03
9481.81
9424.94
9368.86
9314.28
9262.23
9214.4
9173.72
9146.05
9118.03
9088
9056.67
9025.36
8995.61
8969.01
8947.05
8930.99
8922.33
10453.7
10450.6
10444.3
10434.8
10421.8
10405
10383.8
10357
10322.8
10277.8
10218.5
10158.8
10100.8
10044.1
9988.24
9932.69
9877.17
9821.44
9765.4
9708.96
9652.12
9594.93
9537.49
9479.97
9422.64
9365.89
9310.26
9256.56
9205.84
9159.41
9118.03
9077.81
9037.25
8996.37
8956.05
8917.79
8883.48
8855.08
8834.42
8823.28
10431.2
10427.9
10421.1
10410.8
10396.8
10378.6
10355.8
10327.6
10292.8
10250.3
10200.3
10147.1
10093.1
10038.8
9984.41
9929.8
9874.86
9819.5
9763.64
9707.26
9650.34
9592.95
9535.14
9477.05
9418.88
9360.89
9303.44
9247
9192.09
9139.13
9088
9037.25
8986.15
8934.85
8884.21
8835.82
8791.96
8755.34
8728.62
8714.2
10411.3
10407.7
10400.6
10389.7
10375
10356
10332.4
10303.8
10269.6
10229.6
10184.3
10135.5
10084.8
10032.8
9979.94
9926.38
9872.13
9817.19
9761.56
9705.22
9648.19
9590.5
9532.19
9473.34
9414.05
9354.45
9294.72
9235.02
9175.49
9116.15
9056.67
8996.37
8934.85
8872.4
8810.08
8749.74
8694.15
8646.97
8612.21
8593.39
10394
10390.4
10383
10371.7
10356.5
10337.1
10313.3
10284.9
10251.5
10213.4
10170.9
10125.1
10076.8
10026.8
9975.36
9922.81
9869.24
9814.74
9759.32
9703.02
9645.84
9587.81
9528.92
9469.2
9408.65
9347.28
9285.08
9221.98
9157.86
9092.46
9025.36
8956.05
8884.21
8810.08
8734.78
8660.46
8590.56
8529.91
8484.42
8459.62
10379.7
10375.9
10368.3
10356.9
10341.4
10321.9
10298.1
10269.9
10237.4
10200.7
10160.1
10116.3
10069.8
10021.3
9971.09
9919.41
9866.46
9812.34
9757.12
9700.84
9643.49
9585.09
9525.61
9465
9403.18
9340.05
9275.43
9209.08
9140.66
9069.7
8995.61
8917.79
8835.82
8749.74
8660.46
8570.25
8483.21
8405.65
8345.99
8313.01
10368.2
10364.4
10356.7
10345.1
10329.6
10310
10286.3
10258.5
10226.7
10191
10151.7
10109.2
10064.1
10016.7
9967.39
9916.42
9863.97
9810.17
9755.1
9698.8
9641.28
9582.53
9522.48
9461.03
9398.05
9333.31
9266.53
9197.31
9125.11
9049.28
8969.01
8883.48
8791.96
8694.15
8590.56
8483.21
8376.6
8278.59
8200.81
8156.83
10359.7
10355.8
10348.1
10336.4
10320.9
10301.3
10277.8
10250.3
10218.9
10183.9
10145.4
10103.9
10059.7
10013.1
9964.41
9913.94
9861.84
9808.26
9753.28
9696.94
9639.24
9580.17
9519.62
9457.46
9393.5
9327.43
9258.88
9187.33
9112.1
9032.34
8947.05
8855.08
8755.34
8646.97
8529.91
8405.65
8278.59
8157.81
8058.51
8000.63
10353.9
10350
10342.3
10330.6
10315
10295.5
10272.1
10244.8
10213.7
10179.1
10141.2
10100.2
10056.5
10010.3
9962.08
9911.91
9860.01
9806.53
9751.56
9695.14
9637.28
9577.92
9516.98
9454.3
9389.62
9322.63
9252.84
9179.67
9102.33
9019.83
8931
8834.42
8728.62
8612.21
8484.42
8345.99
8200.81
8058.51
7937.33
7864.18
10350.7
10346.8
10339
10327.4
10311.8
10292.3
10268.9
10241.7
10210.8
10176.4
10138.7
10098
10054.5
10008.6
9960.46
9910.42
9858.62
9805.2
9750.25
9693.82
9635.91
9576.45
9515.35
9452.42
9387.4
9319.92
9249.5
9175.48
9097.02
9013.07
8922.33
8823.28
8714.2
8593.4
8459.62
8313.01
8156.83
8000.63
7864.18
7779.36
11292.6
11275.8
11250.7
11223
11195.3
11168.3
11142.2
11117
11092.2
11067.9
11043.6
11019.3
10994.7
10969.7
10944.1
10918
10891.3
10863.8
10835.7
10806.9
10777.5
10747.5
10717
10686.1
10655
10624
10593.1
10562.8
10533.3
10505
10478.3
10453.6
10431.1
10411.2
10394
10379.6
10368.1
10359.5
10353.8
10350.9
11275.8
11262
11240.3
11215.2
11189.3
11163.7
11138.6
11114.1
11089.9
11066
11042.1
11018.1
10993.7
10968.9
10943.5
10917.5
10890.9
10863.5
10835.4
10806.6
10777.1
10747
10716.4
10685.4
10654.2
10622.8
10591.7
10561.1
10531.2
10502.6
10475.6
10450.5
10427.8
10407.7
10390.3
10375.8
10364.3
10355.7
10349.9
10347
11250.7
11240.3
11222.7
11201.4
11178.5
11155.1
11131.7
11108.5
11085.5
11062.5
11039.3
11015.8
10991.9
10967.5
10942.4
10916.6
10890.1
10862.7
10834.7
10805.8
10776.3
10746.1
10715.3
10684
10652.4
10620.6
10589
10557.6
10527.1
10497.7
10470
10444.3
10421
10400.5
10382.9
10368.2
10356.6
10347.9
10342.2
10339.2
11223
11215.2
11201.4
11183.8
11164.1
11143.4
11122.2
11100.8
11079.2
11057.4
11035.2
11012.6
10989.4
10965.5
10940.8
10915.3
10888.9
10861.7
10833.7
10804.9
10775.2
10744.8
10713.8
10682.1
10649.9
10617.5
10584.9
10552.6
10520.9
10490.3
10461.4
10434.8
10410.7
10389.6
10371.6
10356.7
10345
10336.3
10330.5
10327.5
11195.3
11189.3
11178.5
11164.1
11147.5
11129.5
11110.6
11091.2
11071.4
11051.1
11030.2
11008.6
10986.3
10963
10938.8
10913.7
10887.6
10860.5
10832.6
10803.7
10773.9
10743.3
10711.9
10679.7
10646.9
10613.5
10579.8
10546.1
10512.8
10480.5
10449.9
10421.8
10396.7
10374.9
10356.4
10341.3
10329.4
10320.7
10314.9
10312
11168.3
11163.7
11155.1
11143.4
11129.5
11114
11097.5
11080.3
11062.4
11043.9
11024.5
11004.2
10982.8
10960.3
10936.7
10911.9
10886.1
10859.2
10831.3
10802.4
10772.5
10741.6
10709.8
10677
10643.4
10609
10573.9
10538.3
10502.8
10468
10435
10405
10378.5
10355.9
10337
10321.8
10309.9
10301.1
10295.4
10292.5
11142.2
11138.6
11131.7
11122.2
11110.6
11097.5
11083.4
11068.4
11052.6
11036
11018.4
10999.5
10979.3
10957.6
10934.5
10910.2
10884.7
10857.9
10830.1
10801.1
10771.1
10740
10707.7
10674.4
10639.9
10604.3
10567.5
10529.7
10491.2
10452.9
10416.3
10383.7
10355.7
10332.4
10313.2
10298
10286.2
10277.6
10272
10269.1
11117
11114.1
11108.5
11100.8
11091.2
11080.3
11068.4
11055.6
11042.2
11027.9
11012.4
10995.1
10976
10955.1
10932.6
10908.7
10883.4
10856.8
10829
10800
10769.8
10738.5
10705.9
10672
10636.7
10599.8
10561.2
10520.8
10478.6
10435.2
10393
10356.9
10327.5
10303.7
10284.8
10269.8
10258.4
10250.1
10244.7
10241.9
11092.2
11089.9
11085.5
11079.2
11071.4
11062.4
11052.6
11042.2
11031.2
11019.7
11006.8
10991.3
10973.3
10953.1
10931.1
10907.5
10882.4
10855.9
10828.1
10799.1
10768.8
10737.3
10704.4
10670
10634.1
10596.2
10556
10512.9
10466.2
10415.5
10362.6
10322.7
10292.7
10269.5
10251.4
10237.3
10226.5
10218.8
10213.7
10211
11067.9
11066
11062.4
11057.4
11051.1
11043.9
11036
11027.9
11019.7
11011.5
11002.8
10988.9
10971.7
10952
10930.2
10906.7
10881.7
10855.3
10827.5
10798.5
10768.2
10736.5
10703.4
10668.8
10632.5
10594
10552.7
10507.7
10457
10396.9
10318.6
10277.7
10250.2
10229.5
10213.3
10200.5
10190.8
10183.7
10179.1
10176.6
11043.6
11042.1
11039.3
11035.2
11030.2
11024.5
11018.4
11012.4
11006.8
11002.8
11000.4
10984.5
10965.9
10945
10922.2
10897.7
10871.6
10844.2
10815.4
10785.3
10753.9
10721.1
10686.8
10650.9
10613
10572.7
10529.1
10480.6
10422.1
10335.1
10236
10218.4
10200.2
10184.2
10170.8
10160
10151.5
10145.3
10141.1
10138.9
11019.3
11018.1
11015.8
11012.6
11008.6
11004.2
10999.5
10995.1
10991.3
10988.9
10984.4
10958.4
10932.9
10906.7
10879.3
10850.8
10821.1
10790.3
10758.3
10725
10690.4
10654.4
10616.8
10577.3
10535.4
10490.4
10441.2
10385.4
10318.6
10231.3
10167.9
10158.7
10147
10135.4
10125
10116.1
10109
10103.7
10100.2
10098.2
10994.7
10993.7
10991.9
10989.4
10986.3
10982.8
10979.3
10976
10973.3
10971.7
10965.9
10932.9
10901.4
10870.1
10838.3
10805.8
10772.5
10738.2
10703
10666.7
10629.1
10590.1
10549.4
10506.8
10461.5
10413
10360
10300.8
10232.6
10152.5
10106.2
10100.7
10093
10084.6
10076.7
10069.7
10063.9
10059.5
10056.5
10054.7
10969.7
10968.9
10967.5
10965.5
10963
10960.3
10957.6
10955.1
10953.1
10952
10945
10906.7
10870.1
10834.1
10798.1
10761.8
10725
10687.5
10649.2
10610
10569.6
10527.9
10484.6
10439.3
10391.5
10340.6
10285.7
10225.8
10159.7
10086.8
10047.7
10044
10038.7
10032.6
10026.6
10021.2
10016.5
10012.9
10010.4
10008.8
10944.1
10943.5
10942.4
10940.8
10938.8
10936.7
10934.5
10932.6
10931.1
10930.2
10922.2
10879.3
10838.3
10798.1
10758.2
10718.3
10678.1
10637.6
10596.4
10554.4
10511.4
10467.3
10421.6
10374.2
10324.5
10272.1
10216.5
10157
10093.4
10025.9
9990.74
9988.1
9984.27
9979.8
9975.21
9970.92
9967.21
9964.25
9962.1
9960.75
10918
10917.5
10916.6
10915.3
10913.7
10911.9
10910.2
10908.7
10907.5
10906.7
10897.7
10850.8
10805.8
10761.8
10718.3
10675
10631.7
10588.2
10544.3
10499.8
10454.5
10408.1
10360.5
10311.2
10260.2
10206.8
10151
10092.3
10030.9
9967.27
9934.57
9932.54
9929.64
9926.22
9922.64
9919.23
9916.23
9913.78
9911.95
9910.72
10891.3
10890.9
10890.1
10888.9
10887.6
10886.1
10884.7
10883.4
10882.4
10881.7
10871.6
10821.1
10772.5
10725
10678.1
10631.7
10585.5
10539.2
10492.8
10445.9
10398.5
10350.2
10300.8
10250.2
10198
10144.1
10088.2
10030.4
9970.7
9909.71
9878.66
9877
9874.69
9871.96
9869.07
9866.27
9863.76
9861.68
9860.07
9858.93
10863.8
10863.5
10862.7
10861.7
10860.5
10859.2
10857.9
10856.8
10855.9
10855.3
10844.2
10790.3
10738.2
10687.5
10637.6
10588.2
10539.2
10490.5
10441.7
10392.7
10343.3
10293.3
10242.5
10190.7
10137.6
10083.2
10027.4
9970.23
9911.83
9852.65
9822.69
9821.27
9819.32
9817.01
9814.55
9812.14
9809.95
9808.09
9806.62
9805.51
10835.7
10835.4
10834.7
10833.7
10832.6
10831.3
10830.1
10829
10828.1
10827.5
10815.4
10758.3
10703
10649.2
10596.4
10544.3
10492.8
10441.7
10390.8
10339.9
10288.8
10237.3
10185.2
10132.3
10078.6
10023.8
9968.05
9911.29
9853.75
9795.76
9766.5
9765.21
9763.45
9761.36
9759.12
9756.9
9754.87
9753.11
9751.67
9750.56
10806.9
10806.6
10805.8
10804.9
10803.7
10802.4
10801.1
10800
10799.1
10798.5
10785.3
10725
10666.7
10610
10554.4
10499.8
10445.9
10392.7
10339.9
10287.2
10234.6
10181.8
10128.6
10074.9
10020.5
9965.46
9909.65
9853.15
9796.13
9738.86
9710
9708.75
9707.05
9705.01
9702.8
9700.6
9698.55
9696.77
9695.29
9694.13
10777.5
10777.1
10776.3
10775.2
10773.9
10772.5
10771.1
10769.8
10768.8
10768.2
10753.9
10690.4
10629.1
10569.6
10511.4
10454.5
10398.5
10343.3
10288.8
10234.6
10180.7
10126.7
10072.6
10018.1
9963.22
9907.84
9851.93
9795.54
9738.78
9681.86
9653.18
9651.9
9650.12
9647.96
9645.61
9643.24
9641.02
9639.07
9637.46
9636.21
10747.5
10747
10746.1
10744.8
10743.3
10741.6
10740
10738.5
10737.3
10736.5
10721.1
10654.4
10590.1
10527.9
10467.3
10408.1
10350.2
10293.3
10237.3
10181.8
10126.7
10071.7
10016.8
9961.73
9906.4
9850.74
9794.7
9738.3
9681.61
9624.76
9596.07
9594.69
9592.71
9590.26
9587.55
9584.82
9582.25
9579.99
9578.15
9576.75
10717
10716.4
10715.3
10713.8
10711.9
10709.8
10707.7
10705.9
10704.4
10703.4
10686.8
10616.8
10549.4
10484.6
10421.6
10360.5
10300.8
10242.5
10185.2
10128.6
10072.6
10016.8
9961.22
9905.63
9849.92
9794.01
9737.85
9681.38
9624.63
9567.64
9538.8
9537.23
9534.88
9531.93
9528.65
9525.31
9522.18
9519.44
9517.25
9515.65
10686.1
10685.4
10684
10682.1
10679.7
10677
10674.4
10672
10670
10668.8
10650.9
10577.3
10506.8
10439.3
10374.2
10311.3
10250.2
10190.7
10132.3
10074.9
10018.1
9961.74
9905.63
9849.64
9793.65
9737.56
9681.3
9624.77
9567.91
9510.66
9481.56
9479.7
9476.77
9473.06
9468.9
9464.67
9460.71
9457.28
9454.59
9452.73
10655
10654.2
10652.4
10649.9
10646.9
10643.4
10639.9
10636.7
10634.1
10632.5
10613
10535.4
10461.5
10391.5
10324.5
10260.2
10198
10137.6
10078.6
10020.5
9963.22
9906.4
9849.92
9793.65
9737.47
9681.3
9625.02
9568.52
9511.6
9454.09
9424.66
9422.34
9418.57
9413.74
9408.32
9402.82
9397.69
9393.3
9389.94
9387.72
10624
10622.8
10620.6
10617.5
10613.5
10609
10604.3
10599.8
10596.2
10594
10572.7
10490.4
10413
10340.6
10272.1
10206.8
10144.1
10083.2
10023.8
9965.47
9907.84
9850.74
9794.02
9737.56
9681.3
9625.15
9569
9512.69
9455.93
9398.31
9368.56
9365.56
9360.55
9354.11
9346.92
9339.65
9332.92
9327.22
9322.95
9320.26
10593.1
10591.7
10589
10584.9
10579.8
10573.9
10567.5
10561.2
10556
10552.7
10529.1
10441.2
10360
10285.7
10216.5
10151
10088.2
10027.4
9968.06
9909.65
9851.93
9794.7
9737.85
9681.3
9625.03
9569
9513.17
9457.34
9401.14
9343.89
9313.94
9309.89
9303.06
9294.33
9284.66
9274.98
9266.08
9258.63
9253.16
9249.84
10562.8
10561.1
10557.6
10552.6
10546.1
10538.3
10529.7
10520.8
10512.9
10507.7
10480.6
10385.4
10300.8
10225.8
10157
10092.3
10030.4
9970.23
9911.3
9853.15
9795.54
9738.31
9681.38
9624.77
9568.52
9512.69
9457.34
9402.39
9347.47
9291.56
9261.84
9256.13
9246.56
9234.56
9221.5
9208.56
9196.77
9187.01
9179.93
9175.8
10533.3
10531.2
10527.1
10520.9
10512.8
10502.8
10491.2
10478.6
10466.2
10457
10422.1
10318.6
10232.6
10159.7
10093.4
10030.9
9970.71
9911.83
9853.75
9796.13
9738.78
9681.61
9624.63
9567.91
9511.6
9455.93
9401.15
9347.47
9294.83
9242.22
9213.94
9205.34
9191.57
9174.95
9157.28
9140.03
9124.45
9111.64
9102.45
9097.27
10505
10502.6
10497.7
10490.3
10480.5
10468
10452.9
10435.2
10415.5
10396.9
10335.1
10231.3
10152.5
10086.8
10025.9
9967.27
9909.71
9852.66
9795.77
9738.86
9681.86
9624.76
9567.64
9510.66
9454.09
9398.32
9343.89
9291.56
9242.22
9196.33
9173.17
9158.81
9138.5
9115.48
9091.74
9068.9
9048.42
9031.65
9019.7
9013.14
10478.3
10475.6
10470
10461.5
10449.9
10435
10416.3
10393
10362.6
10318.6
10236
10167.9
10106.2
10047.7
9990.74
9934.58
9878.66
9822.7
9766.51
9710.01
9653.18
9596.07
9538.8
9481.57
9424.67
9368.56
9313.94
9261.84
9213.94
9173.17
9145.43
9117.33
9087.23
9055.82
9024.42
8994.54
8967.82
8945.93
8930.38
8922
10453.6
10450.5
10444.3
10434.8
10421.8
10405
10383.7
10356.9
10322.7
10277.7
10218.4
10158.7
10100.7
10044
9988.11
9932.55
9877.01
9821.27
9765.21
9708.76
9651.91
9594.7
9537.24
9479.7
9422.35
9365.56
9309.9
9256.13
9205.34
9158.81
9117.33
9077.02
9036.34
8995.29
8954.78
8916.28
8881.72
8853.23
8832.9
8822.08
10431.1
10427.8
10421
10410.7
10396.7
10378.5
10355.7
10327.5
10292.7
10250.2
10200.2
10147
10093
10038.7
9984.27
9929.65
9874.7
9819.32
9763.45
9707.05
9650.13
9592.71
9534.88
9476.78
9418.58
9360.55
9303.06
9246.56
9191.57
9138.5
9087.23
9036.34
8985.05
8933.47
8882.46
8833.6
8789.22
8752.16
8725.44
8711.26
10411.2
10407.7
10400.5
10389.6
10374.9
10355.9
10332.4
10303.7
10269.6
10229.5
10184.2
10135.4
10084.6
10032.7
9979.8
9926.22
9871.96
9817.01
9761.36
9705.01
9647.97
9590.26
9531.93
9473.06
9413.74
9354.11
9294.33
9234.56
9174.95
9115.48
9055.83
8995.29
8933.47
8870.59
8807.61
8746.37
8689.7
8641.44
8605.99
8587.08
10394
10390.3
10382.9
10371.6
10356.4
10337
10313.2
10284.8
10251.4
10213.3
10170.8
10125
10076.7
10026.6
9975.21
9922.65
9869.07
9814.55
9759.12
9702.8
9645.61
9587.56
9528.65
9468.91
9408.33
9346.92
9284.66
9221.5
9157.28
9091.74
9024.42
8954.78
8882.46
8807.61
8731.21
8655.28
8583.25
8520.22
8472.67
8446.9
10379.6
10375.8
10368.2
10356.8
10341.3
10321.8
10298
10269.8
10237.3
10200.6
10160
10116.1
10069.7
10021.2
9970.92
9919.24
9866.27
9812.14
9756.91
9700.6
9643.25
9584.82
9525.32
9464.68
9402.83
9339.65
9274.98
9208.56
9140.03
9068.9
8994.54
8916.28
8833.6
8746.37
8655.28
8562.28
8471.28
8388.85
8324.4
8288.47
10368.1
10364.3
10356.6
10345
10329.4
10309.9
10286.2
10258.4
10226.5
10190.8
10151.5
10109.1
10063.9
10016.5
9967.21
9916.23
9863.77
9809.96
9754.87
9698.56
9641.03
9582.25
9522.18
9460.71
9397.69
9332.92
9266.08
9196.78
9124.46
9048.42
8967.82
8881.72
8789.22
8689.7
8583.25
8471.28
8357.69
8250.38
8162.53
8111.48
10359.5
10355.7
10347.9
10336.3
10320.7
10301.2
10277.6
10250.1
10218.8
10183.7
10145.3
10103.8
10059.5
10012.9
9964.25
9913.78
9861.68
9808.1
9753.11
9696.77
9639.08
9579.99
9519.44
9457.28
9393.3
9327.22
9258.64
9187.01
9111.64
9031.65
8945.94
8853.23
8752.16
8641.44
8520.22
8388.85
8250.38
8113.18
7994.44
7921.45
10353.8
10350
10342.2
10330.5
10314.9
10295.4
10272
10244.7
10213.7
10179.1
10141.1
10100.2
10056.5
10010.4
9962.11
9911.95
9860.08
9806.62
9751.68
9695.29
9637.47
9578.15
9517.25
9454.6
9389.95
9322.96
9253.16
9179.93
9102.46
9019.7
8930.38
8832.9
8725.44
8605.99
8472.67
8324.4
8162.53
7994.44
7839.95
7738.22
10350.9
10347
10339.2
10327.5
10312
10292.5
10269.1
10241.9
10211
10176.6
10138.9
10098.2
10054.7
10008.8
9960.75
9910.72
9858.93
9805.52
9750.57
9694.13
9636.21
9576.76
9515.66
9452.73
9387.72
9320.26
9249.84
9175.8
9097.28
9013.15
8922
8822.08
8711.27
8587.09
8446.9
8288.47
8111.48
7921.45
7738.22
7609.4
11344.2
11309.8
11270.1
11233.7
11201.2
11171.7
11144.2
11118.1
11093
11068.4
11043.9
11019.5
10994.8
10969.8
10944.2
10918.1
10891.3
10863.9
10835.7
10806.9
10777.5
10747.5
10717
10686.1
10655
10623.9
10593.1
10562.7
10533.2
10505
10478.3
10453.6
10431.1
10411.1
10393.9
10379.4
10368
10359.4
10353.8
10351
11309.8
11286.5
11255.5
11224.1
11194.5
11166.7
11140.4
11115.2
11090.6
11066.5
11042.4
11018.3
10993.9
10969
10943.6
10917.6
10890.9
10863.5
10835.4
10806.6
10777.1
10747
10716.4
10685.4
10654.1
10622.8
10591.7
10561
10531.2
10502.5
10475.5
10450.5
10427.7
10407.6
10390.2
10375.7
10364.1
10355.6
10349.9
10347.1
11270.1
11255.5
11233.1
11207.9
11182.5
11157.5
11133.2
11109.5
11086.1
11062.9
11039.6
11016
10992.1
10967.6
10942.4
10916.6
10890.1
10862.8
10834.7
10805.8
10776.3
10746.1
10715.3
10684
10652.4
10620.6
10588.9
10557.6
10527
10497.7
10469.9
10444.2
10421
10400.4
10382.8
10368.1
10356.4
10347.8
10342.2
10339.3
11233.7
11224.1
11207.9
11188.2
11167
11145.2
11123.4
11101.5
11079.7
11057.7
11035.5
11012.8
10989.5
10965.5
10940.8
10915.3
10888.9
10861.7
10833.7
10804.8
10775.2
10744.8
10713.7
10682
10649.9
10617.4
10584.9
10552.6
10520.9
10490.3
10461.4
10434.7
10410.7
10389.6
10371.5
10356.6
10344.9
10336.2
10330.5
10327.6
11201.2
11194.5
11182.5
11167
11149.5
11130.8
11111.5
11091.8
11071.8
11051.4
11030.4
11008.8
10986.4
10963.1
10938.8
10913.7
10887.6
10860.5
10832.5
10803.7
10773.9
10743.3
10711.8
10679.7
10646.8
10613.5
10579.8
10546
10512.7
10480.4
10449.8
10421.7
10396.6
10374.8
10356.3
10341.2
10329.3
10320.6
10314.9
10312.1
11171.7
11166.7
11157.5
11145.2
11130.8
11115
11098.2
11080.8
11062.7
11044.1
11024.7
11004.3
10982.9
10960.3
10936.7
10911.9
10886.1
10859.2
10831.3
10802.4
10772.5
10741.6
10709.8
10677
10643.4
10608.9
10573.8
10538.2
10502.7
10467.9
10434.9
10404.9
10378.4
10355.8
10336.9
10321.6
10309.7
10301
10295.4
10292.6
11144.2
11140.4
11133.2
11123.4
11111.5
11098.2
11083.9
11068.7
11052.8
11036.2
11018.5
10999.6
10979.3
10957.6
10934.6
10910.2
10884.7
10857.9
10830.1
10801.1
10771
10739.9
10707.7
10674.3
10639.8
10604.2
10567.4
10529.6
10491.1
10452.8
10416.3
10383.6
10355.6
10332.3
10313.1
10297.8
10286
10277.5
10272
10269.2
11118.1
11115.2
11109.5
11101.5
11091.8
11080.8
11068.7
11055.9
11042.4
11028
11012.4
10995.1
10976
10955.1
10932.6
10908.7
10883.4
10856.8
10829
10800
10769.8
10738.4
10705.8
10671.9
10636.6
10599.7
10561.1
10520.7
10478.5
10435.1
10392.9
10356.8
10327.4
10303.6
10284.6
10269.7
10258.3
10250
10244.7
10242
11093
11090.6
11086.1
11079.7
11071.8
11062.7
11052.8
11042.4
11031.4
11019.8
11006.9
10991.4
10973.3
10953.1
10931.1
10907.5
10882.3
10855.8
10828.1
10799
10768.8
10737.2
10704.3
10670
10634
10596.1
10555.9
10512.8
10466.1
10415.3
10362.5
10322.6
10292.6
10269.4
10251.3
10237.2
10226.4
10218.7
10213.7
10211.1
11068.4
11066.5
11062.9
11057.7
11051.4
11044.1
11036.2
11028
11019.8
11011.6
11002.8
10989
10971.7
10952
10930.2
10906.7
10881.7
10855.3
10827.5
10798.4
10768.1
10736.4
10703.4
10668.8
10632.4
10593.9
10552.6
10507.6
10456.9
10396.8
10318.4
10277.6
10250.1
10229.4
10213.1
10200.4
10190.7
10183.6
10179.1
10176.7
11043.9
11042.4
11039.6
11035.5
11030.4
11024.7
11018.5
11012.4
11006.9
11002.8
11000.6
10984.7
10966.2
10945.4
10922.6
10898.1
10872.2
10844.8
10816
10786
10754.6
10721.9
10687.7
10651.9
10614.1
10573.9
10530.5
10482
10423.5
10335.8
10235.9
10218.2
10200
10184
10170.7
10159.8
10151.4
10145.2
10141.1
10139.1
11019.5
11018.3
11016
11012.8
11008.8
11004.3
10999.6
10995.1
10991.4
10989
10984.7
10958.7
10933.2
10907
10879.7
10851.3
10821.6
10790.9
10758.9
10725.7
10691.2
10655.2
10617.7
10578.3
10536.5
10491.7
10442.7
10387.2
10320.7
10233.2
10167.8
10158.6
10146.9
10135.3
10124.8
10116
10108.9
10103.6
10100.2
10098.3
10994.8
10993.9
10992.1
10989.5
10986.4
10982.9
10979.3
10976
10973.3
10971.7
10966.2
10933.2
10901.6
10870.3
10838.4
10806
10772.7
10738.5
10703.3
10667
10629.4
10590.5
10549.9
10507.2
10462
10413.6
10360.7
10301.5
10233.4
10152.9
10106.1
10100.6
10092.8
10084.5
10076.5
10069.5
10063.8
10059.4
10056.5
10054.9
10969.8
10969
10967.6
10965.5
10963.1
10960.3
10957.6
10955.1
10953.1
10952
10945.4
10907
10870.3
10834.2
10798.2
10761.9
10725.1
10687.6
10649.4
10610.1
10569.8
10528.1
10484.8
10439.5
10391.7
10340.9
10286
10226.1
10159.9
10086.9
10047.6
10043.9
10038.5
10032.5
10026.5
10021
10016.4
10012.8
10010.4
10009
10944.2
10943.6
10942.4
10940.8
10938.8
10936.7
10934.6
10932.6
10931.1
10930.2
10922.6
10879.7
10838.4
10798.2
10758.3
10718.4
10678.2
10637.6
10596.5
10554.5
10511.5
10467.4
10421.7
10374.3
10324.6
10272.3
10216.6
10157.1
10093.5
10025.9
9990.62
9987.96
9984.11
9979.63
9975.04
9970.75
9967.06
9964.16
9962.14
9960.96
10918.1
10917.6
10916.6
10915.3
10913.7
10911.9
10910.2
10908.7
10907.5
10906.7
10898.1
10851.3
10806
10761.9
10718.4
10675.1
10631.8
10588.3
10544.3
10499.8
10454.5
10408.2
10360.5
10311.3
10260.2
10206.9
10151
10092.4
10030.9
9967.2
9934.44
9932.39
9929.47
9926.04
9922.46
9919.05
9916.07
9913.69
9911.99
9910.95
10891.3
10890.9
10890.1
10888.9
10887.6
10886.1
10884.7
10883.4
10882.3
10881.7
10872.2
10821.6
10772.7
10725.1
10678.2
10631.8
10585.5
10539.3
10492.8
10446
10398.5
10350.2
10300.9
10250.2
10198.1
10144.1
10088.2
10030.4
9970.68
9909.61
9878.51
9876.83
9874.51
9871.77
9868.87
9866.08
9863.6
9861.59
9860.13
9859.18
10863.9
10863.5
10862.8
10861.7
10860.5
10859.2
10857.9
10856.8
10855.8
10855.3
10844.8
10790.9
10738.5
10687.6
10637.6
10588.3
10539.3
10490.5
10441.7
10392.7
10343.3
10293.3
10242.5
10190.7
10137.6
10083.3
10027.4
9970.22
9911.78
9852.54
9822.53
9821.08
9819.12
9816.81
9814.34
9811.94
9809.78
9808.01
9806.69
9805.78
10835.7
10835.4
10834.7
10833.7
10832.5
10831.3
10830.1
10829
10828.1
10827.5
10816
10758.9
10703.3
10649.4
10596.5
10544.3
10492.8
10441.7
10390.8
10339.9
10288.8
10237.3
10185.2
10132.3
10078.6
10023.8
9968.04
9911.27
9853.69
9795.64
9766.32
9765.01
9763.24
9761.14
9758.9
9756.69
9754.69
9753.03
9751.76
9750.85
10806.9
10806.5
10805.8
10804.8
10803.7
10802.4
10801.1
10800
10799
10798.4
10786
10725.7
10667
10610.1
10554.5
10499.8
10446
10392.7
10339.9
10287.3
10234.6
10181.8
10128.6
10074.9
10020.5
9965.46
9909.63
9853.11
9796.06
9738.73
9709.81
9708.54
9706.82
9704.78
9702.57
9700.38
9698.37
9696.69
9695.38
9694.43
10777.5
10777.1
10776.3
10775.2
10773.9
10772.5
10771
10769.8
10768.8
10768.1
10754.6
10691.2
10629.4
10569.8
10511.5
10454.5
10398.5
10343.3
10288.8
10234.6
10180.7
10126.7
10072.6
10018.1
9963.21
9907.83
9851.91
9795.5
9738.7
9681.71
9652.97
9651.67
9649.88
9647.72
9645.36
9643
9640.83
9638.99
9637.57
9636.52
10747.5
10747
10746.1
10744.8
10743.3
10741.6
10739.9
10738.4
10737.2
10736.4
10721.9
10655.2
10590.5
10528.1
10467.4
10408.2
10350.2
10293.3
10237.3
10181.8
10126.7
10071.7
10016.8
9961.73
9906.39
9850.72
9794.68
9738.26
9681.52
9624.6
9595.84
9594.45
9592.45
9589.99
9587.29
9584.57
9582.05
9579.91
9578.26
9577.07
10717
10716.4
10715.3
10713.7
10711.8
10709.8
10707.7
10705.8
10704.3
10703.4
10687.7
10617.7
10549.9
10484.8
10421.7
10360.5
10300.9
10242.5
10185.2
10128.6
10072.6
10016.8
9961.22
9905.62
9849.91
9794
9737.82
9681.33
9624.53
9567.46
9538.56
9536.97
9534.6
9531.65
9528.36
9525.04
9521.96
9519.35
9517.36
9515.97
10686.1
10685.4
10684
10682
10679.7
10677
10674.3
10671.9
10670
10668.8
10651.9
10578.3
10507.2
10439.5
10374.3
10311.3
10250.2
10190.7
10132.3
10074.9
10018.1
9961.73
9905.62
9849.63
9793.63
9737.54
9681.26
9624.71
9567.8
9510.47
9481.3
9479.41
9476.47
9472.75
9468.59
9464.37
9460.47
9457.18
9454.71
9453.04
10655
10654.1
10652.4
10649.9
10646.8
10643.4
10639.8
10636.6
10634
10632.4
10614.1
10536.5
10462
10391.7
10324.6
10260.2
10198.1
10137.6
10078.6
10020.5
9963.22
9906.4
9849.91
9793.63
9737.45
9681.27
9624.99
9568.45
9511.49
9453.88
9424.37
9422.03
9418.24
9413.4
9407.98
9402.49
9397.43
9393.19
9390.04
9388.03
10623.9
10622.8
10620.6
10617.4
10613.5
10608.9
10604.2
10599.7
10596.1
10593.9
10573.9
10491.7
10413.6
10340.9
10272.3
10206.9
10144.1
10083.3
10023.8
9965.46
9907.83
9850.73
9794
9737.54
9681.27
9625.11
9568.95
9512.61
9455.8
9398.08
9368.24
9365.21
9360.18
9353.73
9346.53
9339.28
9332.61
9327.07
9323.03
9320.55
10593.1
10591.7
10588.9
10584.9
10579.8
10573.8
10567.4
10561.1
10555.9
10552.6
10530.5
10442.7
10360.7
10286
10216.6
10151
10088.2
10027.4
9968.05
9909.63
9851.91
9794.68
9737.82
9681.27
9624.99
9568.95
9513.1
9457.24
9400.99
9343.63
9313.58
9309.51
9302.65
9293.89
9284.22
9274.54
9265.71
9258.42
9253.17
9250.09
10562.7
10561
10557.6
10552.6
10546
10538.2
10529.6
10520.7
10512.8
10507.6
10482
10387.2
10301.5
10226.1
10157.1
10092.4
10030.4
9970.22
9911.27
9853.12
9795.5
9738.26
9681.33
9624.72
9568.45
9512.61
9457.24
9402.26
9347.28
9291.25
9261.43
9255.69
9246.08
9234.06
9220.97
9208.03
9196.3
9186.69
9179.83
9175.96
10533.2
10531.2
10527
10520.9
10512.7
10502.7
10491.1
10478.5
10466.1
10456.9
10423.5
10320.7
10233.4
10159.9
10093.5
10030.9
9970.68
9911.79
9853.69
9796.06
9738.7
9681.53
9624.54
9567.81
9511.49
9455.8
9400.99
9347.28
9294.57
9241.85
9213.46
9204.83
9191.01
9174.35
9156.64
9139.36
9123.81
9111.12
9102.15
9097.24
10505
10502.5
10497.7
10490.3
10480.4
10467.9
10452.8
10435.1
10415.3
10396.8
10335.8
10233.2
10152.9
10086.9
10025.9
9967.2
9909.62
9852.54
9795.64
9738.73
9681.71
9624.6
9567.47
9510.48
9453.89
9398.09
9343.63
9291.25
9241.85
9195.87
9172.62
9158.21
9137.84
9114.73
9090.9
9067.98
9047.47
9030.76
9019
9012.71
10478.3
10475.5
10469.9
10461.4
10449.8
10434.9
10416.3
10392.9
10362.5
10318.4
10235.9
10167.8
10106.1
10047.6
9990.62
9934.44
9878.51
9822.53
9766.33
9709.81
9652.97
9595.85
9538.56
9481.3
9424.38
9368.24
9313.58
9261.43
9213.47
9172.62
9144.82
9116.63
9086.41
9054.86
9023.29
8993.22
8966.34
8944.39
8928.91
8920.77
10453.6
10450.5
10444.2
10434.7
10421.7
10404.9
10383.6
10356.8
10322.6
10277.6
10218.2
10158.6
10100.6
10043.9
9987.96
9932.39
9876.84
9821.09
9765.01
9708.54
9651.68
9594.45
9536.97
9479.41
9422.03
9365.21
9309.51
9255.69
9204.83
9158.21
9116.63
9076.18
9035.32
8994.02
8953.17
8914.28
8879.29
8850.46
8829.98
8819.3
10431.1
10427.7
10421
10410.7
10396.6
10378.4
10355.6
10327.4
10292.6
10250.1
10200
10146.9
10092.8
10038.5
9984.11
9929.48
9874.52
9819.13
9763.24
9706.83
9649.89
9592.45
9534.61
9476.48
9418.25
9360.19
9302.65
9246.09
9191.01
9137.84
9086.41
9035.32
8983.74
8931.72
8880.09
8830.43
8785.12
8747.15
8719.76
8705.44
10411.1
10407.6
10400.4
10389.6
10374.8
10355.8
10332.3
10303.6
10269.4
10229.4
10184.1
10135.3
10084.5
10032.5
9979.63
9926.05
9871.77
9816.81
9761.15
9704.78
9647.72
9590
9531.65
9472.75
9413.4
9353.73
9293.9
9234.06
9174.35
9114.73
9054.87
8994.02
8931.72
8868.1
8804.02
8741.26
8682.68
8632.32
8595.07
8575.34
10393.9
10390.2
10382.8
10371.5
10356.3
10336.9
10313.1
10284.6
10251.3
10213.2
10170.7
10124.8
10076.5
10026.5
9975.04
9922.47
9868.88
9814.35
9758.9
9702.57
9645.37
9587.29
9528.37
9468.59
9407.98
9346.53
9284.22
9220.98
9156.64
9090.91
9023.29
8953.17
8880.09
8804.02
8725.72
8646.99
8571.19
8503.69
8451.88
8423.64
10379.4
10375.7
10368.1
10356.6
10341.2
10321.6
10297.8
10269.7
10237.2
10200.4
10159.8
10116
10069.5
10021
9970.75
9919.06
9866.08
9811.94
9756.7
9700.38
9643.01
9584.57
9525.04
9464.38
9402.5
9339.28
9274.55
9208.03
9139.36
9067.98
8993.22
8914.28
8830.43
8741.26
8646.99
8549.05
8450.91
8359.31
8285.29
8243.01
10368
10364.1
10356.4
10344.9
10329.3
10309.7
10286.1
10258.3
10226.4
10190.7
10151.4
10108.9
10063.8
10016.4
9967.06
9916.07
9863.61
9809.79
9754.7
9698.38
9640.84
9582.05
9521.96
9460.47
9397.43
9332.61
9265.72
9196.31
9123.81
9047.47
8966.34
8879.29
8785.12
8682.68
8571.19
8450.91
8324.43
8199.12
8090.56
8024
10359.4
10355.6
10347.8
10336.2
10320.6
10301
10277.5
10250
10218.7
10183.6
10145.2
10103.7
10059.4
10012.8
9964.16
9913.69
9861.6
9808.02
9753.03
9696.69
9639
9579.92
9519.36
9457.19
9393.19
9327.08
9258.43
9186.69
9111.12
9030.77
8944.39
8850.46
8747.15
8632.32
8503.69
8359.31
8199.12
8028.72
7867.36
7758
10353.8
10349.9
10342.2
10330.5
10314.9
10295.4
10272
10244.7
10213.7
10179.1
10141.1
10100.2
10056.5
10010.4
9962.14
9912
9860.14
9806.69
9751.76
9695.39
9637.57
9578.26
9517.37
9454.71
9390.05
9323.03
9253.18
9179.84
9102.16
9019
8928.91
8829.98
8719.76
8595.08
8451.88
8285.29
8090.56
7867.36
7633.05
7451.89
10351
10347.1
10339.3
10327.6
10312.1
10292.6
10269.2
10242
10211.1
10176.8
10139.1
10098.3
10054.9
10009
9960.96
9910.95
9859.18
9805.78
9750.85
9694.43
9636.52
9577.07
9515.97
9453.05
9388.03
9320.55
9250.09
9175.96
9097.24
9012.71
8920.77
8819.3
8705.44
8575.34
8423.64
8243.01
8024
7758
7451.89
7178.98
11464.2
11371.1
11298.3
11246.9
11207.8
11175.2
11146.2
11119.3
11093.7
11068.8
11044.2
11019.7
10995
10969.9
10944.3
10918.1
10891.3
10863.9
10835.7
10806.9
10777.5
10747.5
10717
10686.1
10655
10623.9
10593
10562.7
10533.2
10504.9
10478.3
10453.5
10431
10411
10393.8
10379.4
10367.9
10359.4
10353.8
10351
11371.1
11324.3
11275.6
11234.6
11200.1
11169.8
11142.2
11116.2
11091.3
11066.9
11042.7
11018.5
10994
10969.1
10943.7
10917.6
10890.9
10863.5
10835.4
10806.5
10777.1
10747
10716.4
10685.4
10654.1
10622.8
10591.6
10561
10531.1
10502.5
10475.5
10450.4
10427.7
10407.5
10390.1
10375.6
10364.1
10355.5
10349.9
10347.1
11298.3
11275.6
11245.4
11215.2
11186.7
11160
11134.7
11110.4
11086.7
11063.2
11039.8
11016.2
10992.2
10967.6
10942.5
10916.7
10890.1
10862.8
10834.7
10805.8
10776.3
10746.1
10715.3
10684
10652.4
10620.6
10588.9
10557.6
10527
10497.6
10469.9
10444.2
10420.9
10400.3
10382.7
10368
10356.4
10347.8
10342.1
10339.4
11246.9
11234.6
11215.2
11192.9
11170
11147.1
11124.6
11102.3
11080.2
11058.1
11035.7
11012.9
10989.6
10965.6
10940.9
10915.3
10889
10861.7
10833.7
10804.8
10775.2
10744.8
10713.7
10682
10649.9
10617.4
10584.9
10552.5
10520.8
10490.2
10461.3
10434.6
10410.6
10389.5
10371.4
10356.5
10344.8
10336.1
10330.5
10327.7
11207.8
11200.1
11186.7
11170
11151.5
11132.1
11112.4
11092.4
11072.2
11051.6
11030.6
11008.9
10986.4
10963.1
10938.9
10913.7
10887.6
10860.5
10832.5
10803.6
10773.9
10743.2
10711.8
10679.6
10646.8
10613.4
10579.7
10546
10512.7
10480.3
10449.8
10421.6
10396.5
10374.7
10356.2
10341.1
10329.2
10320.5
10314.9
10312.1
11175.2
11169.8
11160
11147.1
11132.1
11115.9
11098.9
11081.2
11063.1
11044.3
11024.8
11004.4
10982.9
10960.4
10936.7
10912
10886.1
10859.2
10831.3
10802.4
10772.4
10741.6
10709.7
10677
10643.3
10608.9
10573.8
10538.2
10502.7
10467.9
10434.9
10404.8
10378.4
10355.7
10336.8
10321.5
10309.6
10301
10295.4
10292.6
11146.2
11142.2
11134.7
11124.6
11112.4
11098.9
11084.3
11069
11053.1
11036.4
11018.7
10999.7
10979.4
10957.6
10934.6
10910.2
10884.7
10857.9
10830
10801.1
10771
10739.9
10707.6
10674.3
10639.8
10604.1
10567.3
10529.5
10491
10452.7
10416.2
10383.5
10355.5
10332.2
10313
10297.7
10286
10277.4
10272
10269.2
11119.3
11116.2
11110.4
11102.3
11092.4
11081.2
11069
11056.1
11042.5
11028.1
11012.5
10995.2
10976
10955.1
10932.6
10908.7
10883.3
10856.8
10828.9
10799.9
10769.7
10738.4
10705.8
10671.9
10636.5
10599.7
10561.1
10520.6
10478.4
10435
10392.8
10356.7
10327.3
10303.5
10284.6
10269.6
10258.2
10250
10244.7
10242.1
11093.7
11091.3
11086.7
11080.2
11072.2
11063.1
11053.1
11042.5
11031.5
11019.9
11006.9
10991.4
10973.4
10953.2
10931.1
10907.5
10882.3
10855.8
10828
10799
10768.7
10737.2
10704.3
10669.9
10633.9
10596
10555.8
10512.7
10466
10415.3
10362.4
10322.5
10292.5
10269.3
10251.2
10237.1
10226.3
10218.6
10213.6
10211.2
11068.8
11066.9
11063.2
11058.1
11051.6
11044.3
11036.4
11028.1
11019.9
11011.6
11002.9
10989
10971.8
10952
10930.2
10906.7
10881.7
10855.2
10827.5
10798.4
10768.1
10736.4
10703.3
10668.7
10632.3
10593.8
10552.5
10507.5
10456.8
10396.7
10318.4
10277.5
10250
10229.3
10213.1
10200.3
10190.6
10183.6
10179.1
10176.8
11044.2
11042.7
11039.8
11035.7
11030.6
11024.8
11018.7
11012.5
11006.9
11002.9
11000.7
10984.9
10966.4
10945.6
10922.9
10898.5
10872.5
10845.1
10816.4
10786.4
10755.1
10722.4
10688.3
10652.5
10614.7
10574.6
10531.3
10482.9
10424.4
10336.2
10235.8
10218.2
10199.9
10184
10170.6
10159.7
10151.3
10145.1
10141.1
10139.1
11019.7
11018.5
11016.2
11012.9
11008.9
11004.4
10999.7
10995.2
10991.4
10989
10984.9
10958.9
10933.4
10907.3
10880
10851.6
10822
10791.3
10759.4
10726.2
10691.8
10655.9
10618.4
10579
10537.4
10492.7
10443.8
10388.6
10322.3
10234.5
10167.8
10158.5
10146.8
10135.2
10124.7
10115.9
10108.8
10103.6
10100.2
10098.4
10995
10994
10992.2
10989.6
10986.4
10982.9
10979.4
10976
10973.4
10971.8
10966.4
10933.4
10901.8
10870.4
10838.6
10806.2
10772.9
10738.7
10703.5
10667.3
10629.7
10590.8
10550.2
10507.6
10462.5
10414.1
10361.2
10302.1
10234
10153.3
10106
10100.5
10092.7
10084.4
10076.4
10069.4
10063.7
10059.4
10056.5
10055
10969.9
10969.1
10967.6
10965.6
10963.1
10960.4
10957.6
10955.1
10953.2
10952
10945.6
10907.3
10870.4
10834.4
10798.3
10762
10725.2
10687.8
10649.5
10610.3
10570
10528.3
10485
10439.7
10392
10341.1
10286.3
10226.4
10160.2
10087
10047.5
10043.8
10038.4
10032.4
10026.4
10020.9
10016.3
10012.8
10010.4
10009.1
10944.3
10943.7
10942.5
10940.9
10938.9
10936.7
10934.6
10932.6
10931.1
10930.2
10922.9
10880
10838.6
10798.3
10758.4
10718.4
10678.3
10637.7
10596.5
10554.6
10511.6
10467.5
10421.8
10374.4
10324.8
10272.4
10216.8
10157.3
10093.6
10025.9
9990.53
9987.85
9983.99
9979.51
9974.92
9970.63
9966.97
9964.11
9962.16
9961.07
10918.1
10917.6
10916.7
10915.3
10913.7
10912
10910.2
10908.7
10907.5
10906.7
10898.5
10851.6
10806.2
10762
10718.4
10675.1
10631.8
10588.3
10544.4
10499.9
10454.6
10408.2
10360.6
10311.4
10260.3
10207
10151.1
10092.4
10030.9
9967.14
9934.34
9932.27
9929.35
9925.92
9922.33
9918.93
9915.98
9913.65
9912.02
9911.08
10891.3
10890.9
10890.1
10889
10887.6
10886.1
10884.7
10883.3
10882.3
10881.7
10872.5
10822
10772.9
10725.2
10678.3
10631.8
10585.5
10539.3
10492.8
10446
10398.5
10350.2
10300.9
10250.3
10198.1
10144.1
10088.3
10030.4
9970.65
9909.54
9878.39
9876.71
9874.38
9871.63
9868.74
9865.96
9863.51
9861.55
9860.17
9859.32
10863.9
10863.5
10862.8
10861.7
10860.5
10859.2
10857.9
10856.8
10855.8
10855.2
10845.1
10791.3
10738.7
10687.8
10637.7
10588.3
10539.3
10490.5
10441.7
10392.7
10343.4
10293.4
10242.5
10190.7
10137.7
10083.3
10027.4
9970.2
9911.74
9852.45
9822.4
9820.95
9818.98
9816.66
9814.2
9811.81
9809.69
9807.97
9806.73
9805.94
10835.7
10835.4
10834.7
10833.7
10832.5
10831.3
10830
10828.9
10828
10827.5
10816.4
10759.4
10703.5
10649.5
10596.5
10544.4
10492.8
10441.7
10390.8
10339.9
10288.8
10237.3
10185.2
10132.3
10078.6
10023.8
9968.04
9911.24
9853.64
9795.54
9766.19
9764.86
9763.08
9760.99
9758.75
9756.56
9754.59
9752.99
9751.81
9751.02
10806.9
10806.5
10805.8
10804.8
10803.6
10802.4
10801.1
10799.9
10799
10798.4
10786.4
10726.2
10667.3
10610.3
10554.6
10499.9
10446
10392.7
10339.9
10287.3
10234.6
10181.8
10128.6
10074.9
10020.5
9965.45
9909.62
9853.08
9796
9738.62
9709.66
9708.38
9706.66
9704.61
9702.41
9700.24
9698.27
9696.65
9695.44
9694.61
10777.5
10777.1
10776.3
10775.2
10773.9
10772.4
10771
10769.7
10768.7
10768.1
10755.1
10691.8
10629.7
10570
10511.6
10454.6
10398.5
10343.4
10288.8
10234.6
10180.7
10126.7
10072.6
10018.1
9963.21
9907.82
9851.89
9795.46
9738.63
9681.59
9652.81
9651.5
9649.71
9647.54
9645.19
9642.85
9640.72
9638.96
9637.63
9636.71
10747.5
10747
10746.1
10744.8
10743.2
10741.5
10739.9
10738.4
10737.2
10736.4
10722.4
10655.9
10590.8
10528.3
10467.5
10408.2
10350.2
10293.4
10237.3
10181.8
10126.7
10071.8
10016.8
9961.73
9906.39
9850.71
9794.65
9738.22
9681.45
9624.47
9595.68
9594.26
9592.26
9589.8
9587.11
9584.41
9581.93
9579.87
9578.32
9577.27
10717
10716.4
10715.3
10713.7
10711.8
10709.7
10707.6
10705.8
10704.3
10703.3
10688.3
10618.4
10550.2
10485
10421.8
10360.6
10300.9
10242.5
10185.2
10128.6
10072.6
10016.8
9961.21
9905.62
9849.9
9793.98
9737.79
9681.28
9624.45
9567.33
9538.37
9536.77
9534.4
9531.44
9528.16
9524.87
9521.83
9519.31
9517.42
9516.17
10686.1
10685.4
10684
10682
10679.6
10677
10674.3
10671.9
10669.9
10668.7
10652.5
10579
10507.6
10439.7
10374.4
10311.4
10250.3
10190.7
10132.3
10074.9
10018.1
9961.73
9905.62
9849.62
9793.62
9737.52
9681.23
9624.66
9567.71
9510.32
9481.1
9479.2
9476.25
9472.53
9468.37
9464.18
9460.33
9457.12
9454.75
9453.24
10655
10654.1
10652.4
10649.9
10646.8
10643.3
10639.8
10636.5
10633.9
10632.3
10614.7
10537.4
10462.5
10392
10324.8
10260.3
10198.1
10137.7
10078.6
10020.5
9963.21
9906.39
9849.9
9793.62
9737.44
9681.25
9624.95
9568.39
9511.39
9453.72
9424.16
9421.8
9418
9413.16
9407.74
9402.28
9397.27
9393.11
9390.07
9388.21
10623.9
10622.8
10620.6
10617.4
10613.4
10608.9
10604.1
10599.7
10596
10593.8
10574.6
10492.7
10414.1
10341.1
10272.4
10207
10144.1
10083.3
10023.8
9965.45
9907.82
9850.71
9793.98
9737.52
9681.25
9625.08
9568.91
9512.54
9455.68
9397.9
9368
9364.95
9359.92
9353.46
9346.26
9339.03
9332.42
9326.96
9323.02
9320.7
10593
10591.6
10588.9
10584.9
10579.7
10573.8
10567.3
10561.1
10555.8
10552.5
10531.3
10443.8
10361.2
10286.3
10216.8
10151.1
10088.3
10027.4
9968.04
9909.62
9851.89
9794.66
9737.79
9681.24
9624.95
9568.91
9513.04
9457.15
9400.85
9343.41
9313.31
9309.22
9302.34
9293.58
9283.9
9274.25
9265.46
9258.25
9253.1
9250.18
10562.7
10561
10557.6
10552.5
10546
10538.2
10529.5
10520.6
10512.7
10507.5
10482.9
10388.6
10302.1
10226.4
10157.3
10092.4
10030.4
9970.21
9911.25
9853.08
9795.46
9738.22
9681.29
9624.66
9568.39
9512.54
9457.15
9402.14
9347.11
9291.01
9261.12
9255.36
9245.73
9233.69
9220.59
9207.66
9195.96
9186.41
9179.65
9175.94
10533.2
10531.1
10527
10520.8
10512.7
10502.7
10491
10478.4
10466
10456.8
10424.4
10322.3
10234
10160.2
10093.6
10030.9
9970.66
9911.75
9853.64
9796
9738.64
9681.45
9624.46
9567.72
9511.39
9455.68
9400.86
9347.11
9294.36
9241.56
9213.11
9204.45
9190.6
9173.9
9156.15
9138.84
9123.3
9110.65
9101.75
9097
10504.9
10502.5
10497.6
10490.2
10480.3
10467.9
10452.7
10435
10415.3
10396.7
10336.2
10234.5
10153.3
10087
10025.9
9967.15
9909.54
9852.46
9795.55
9738.62
9681.6
9624.47
9567.33
9510.32
9453.72
9397.9
9343.42
9291.01
9241.56
9195.52
9172.22
9157.77
9137.33
9114.15
9090.24
9067.24
9046.67
9029.94
9018.2
9012.04
10478.3
10475.5
10469.9
10461.3
10449.8
10434.9
10416.2
10392.8
10362.5
10318.4
10235.8
10167.8
10106
10047.5
9990.54
9934.34
9878.4
9822.41
9766.19
9709.67
9652.82
9595.68
9538.38
9481.1
9424.16
9368.01
9313.31
9261.13
9213.12
9172.22
9144.36
9116.1
9085.78
9054.09
9022.35
8992.08
8965.01
8942.9
8927.33
8919.27
10453.5
10450.4
10444.2
10434.6
10421.6
10404.8
10383.5
10356.7
10322.5
10277.5
10218.2
10158.5
10100.5
10043.8
9987.85
9932.27
9876.71
9820.95
9764.86
9708.39
9651.51
9594.27
9536.78
9479.2
9421.8
9364.96
9309.22
9255.36
9204.45
9157.77
9116.1
9075.53
9034.49
8992.94
8951.76
8912.46
8877.02
8847.75
8826.92
8816.16
10431
10427.7
10420.9
10410.6
10396.5
10378.4
10355.5
10327.3
10292.5
10250
10199.9
10146.8
10092.7
10038.4
9984
9929.35
9874.38
9818.98
9763.09
9706.66
9649.71
9592.26
9534.4
9476.26
9418.01
9359.92
9302.35
9245.74
9190.6
9137.33
9085.78
9034.49
8982.62
8930.16
8877.91
8827.44
8781.14
8742.12
8713.84
8699.11
10411
10407.5
10400.4
10389.5
10374.7
10355.7
10332.2
10303.5
10269.3
10229.3
10184
10135.2
10084.4
10032.4
9979.51
9925.92
9871.64
9816.66
9760.99
9704.62
9647.55
9589.81
9531.45
9472.53
9413.16
9353.46
9293.58
9233.69
9173.9
9114.15
9054.09
8992.94
8930.16
8865.79
8800.59
8736.26
8675.64
8622.96
8583.56
8562.59
10393.8
10390.1
10382.7
10371.4
10356.2
10336.8
10313
10284.6
10251.2
10213.1
10170.6
10124.7
10076.4
10026.4
9974.92
9922.34
9868.74
9814.2
9758.75
9702.41
9645.2
9587.11
9528.17
9468.38
9407.75
9346.26
9283.91
9220.59
9156.15
9090.24
9022.35
8951.76
8877.91
8800.59
8720.31
8638.64
8558.75
8486.21
8429.33
8397.82
10379.4
10375.6
10368
10356.5
10341.1
10321.5
10297.7
10269.6
10237.1
10200.3
10159.7
10115.9
10069.4
10020.9
9970.64
9918.94
9865.96
9811.82
9756.56
9700.24
9642.86
9584.41
9524.87
9464.19
9402.28
9339.04
9274.25
9207.66
9138.85
9067.24
8992.09
8912.46
8827.44
8736.26
8638.64
8535.35
8429.21
8326.85
8240.85
8189.86
10367.9
10364.1
10356.4
10344.8
10329.2
10309.6
10286
10258.2
10226.3
10190.6
10151.3
10108.8
10063.7
10016.3
9966.97
9915.98
9863.51
9809.69
9754.6
9698.27
9640.73
9581.94
9521.84
9460.34
9397.27
9332.42
9265.47
9195.96
9123.3
9046.67
8965.02
8877.02
8781.14
8675.64
8558.75
8429.21
8287.64
8139.78
8002.81
7912.43
10359.4
10355.5
10347.8
10336.1
10320.5
10301
10277.4
10250
10218.6
10183.6
10145.1
10103.6
10059.4
10012.8
9964.12
9913.65
9861.56
9807.98
9753
9696.65
9638.96
9579.88
9519.31
9457.13
9393.11
9326.96
9258.25
9186.41
9110.65
9029.94
8942.9
8847.75
8742.12
8622.96
8486.21
8326.85
8139.78
7924.03
7696.14
7519.48
10353.8
10349.9
10342.1
10330.5
10314.9
10295.4
10272
10244.7
10213.6
10179.1
10141.1
10100.2
10056.5
10010.4
9962.17
9912.03
9860.17
9806.74
9751.82
9695.45
9637.63
9578.33
9517.42
9454.76
9390.07
9323.02
9253.1
9179.65
9101.76
9018.2
8927.34
8826.93
8713.84
8583.56
8429.33
8240.85
8002.81
7696.14
7315.05
6943.85
10351
10347.1
10339.4
10327.7
10312.1
10292.6
10269.2
10242.1
10211.2
10176.8
10139.1
10098.4
10055
10009.1
9961.07
9911.08
9859.32
9805.94
9751.02
9694.62
9636.72
9577.27
9516.18
9453.25
9388.22
9320.7
9250.19
9175.94
9097
9012.04
8919.27
8816.17
8699.11
8562.59
8397.82
8189.86
7912.43
7519.48
6943.85
6195.02
11770.5
11458.6
11327
11257.6
11212.4
11177.5
11147.4
11120
11094.1
11069.1
11044.4
11019.8
10995
10969.9
10944.3
10918.2
10891.4
10863.9
10835.7
10806.9
10777.5
10747.5
10716.9
10686.1
10655
10623.9
10593
10562.7
10533.2
10504.9
10478.2
10453.5
10431
10411
10393.7
10379.3
10367.8
10359.3
10353.8
10351
11458.6
11365.6
11293.3
11242.4
11203.9
11171.8
11143.3
11116.9
11091.7
11067.2
11042.9
11018.6
10994.1
10969.2
10943.7
10917.7
10890.9
10863.5
10835.4
10806.6
10777.1
10747
10716.4
10685.4
10654.1
10622.8
10591.6
10561
10531.1
10502.5
10475.4
10450.4
10427.6
10407.5
10390.1
10375.6
10364
10355.5
10349.9
10347.1
11327
11293.3
11255
11220.3
11189.5
11161.6
11135.7
11111
11087
11063.5
11040
11016.3
10992.2
10967.7
10942.5
10916.7
10890.1
10862.8
10834.7
10805.8
10776.3
10746.1
10715.3
10684
10652.3
10620.6
10588.9
10557.5
10527
10497.6
10469.8
10444.1
10420.9
10400.3
10382.6
10368
10356.3
10347.7
10342.1
10339.4
11257.6
11242.4
11220.3
11196.1
11171.9
11148.3
11125.3
11102.8
11080.5
11058.3
11035.8
11013
10989.7
10965.6
10940.9
10915.3
10889
10861.8
10833.7
10804.8
10775.2
10744.8
10713.7
10682
10649.9
10617.4
10584.8
10552.5
10520.8
10490.2
10461.3
10434.6
10410.6
10389.4
10371.4
10356.5
10344.7
10336.1
10330.5
10327.7
11212.4
11203.9
11189.5
11171.9
11152.8
11133
11113
11092.8
11072.4
11051.8
11030.7
11009
10986.5
10963.2
10938.9
10913.7
10887.6
10860.5
10832.5
10803.6
10773.9
10743.2
10711.8
10679.6
10646.8
10613.4
10579.7
10546
10512.6
10480.3
10449.7
10421.6
10396.5
10374.7
10356.2
10341.1
10329.2
10320.5
10314.9
10312.1
11177.5
11171.8
11161.6
11148.3
11133
11116.5
11099.3
11081.5
11063.2
11044.4
11024.9
11004.5
10983
10960.4
10936.7
10912
10886.1
10859.2
10831.3
10802.3
10772.4
10741.5
10709.7
10676.9
10643.3
10608.9
10573.7
10538.2
10502.6
10467.8
10434.8
10404.8
10378.3
10355.7
10336.8
10321.5
10309.6
10301
10295.4
10292.6
11147.4
11143.3
11135.7
11125.3
11113
11099.3
11084.6
11069.3
11053.2
11036.5
11018.7
10999.7
10979.4
10957.7
10934.6
10910.2
10884.7
10857.9
10830
10801.1
10771
10739.9
10707.6
10674.3
10639.8
10604.1
10567.3
10529.5
10491
10452.7
10416.2
10383.5
10355.5
10332.1
10313
10297.7
10285.9
10277.4
10271.9
10269.3
11120
11116.9
11111
11102.8
11092.8
11081.5
11069.2
11056.3
11042.6
11028.2
11012.6
10995.2
10976.1
10955.2
10932.6
10908.7
10883.3
10856.7
10828.9
10799.9
10769.7
10738.3
10705.7
10671.8
10636.5
10599.6
10561.1
10520.6
10478.4
10435
10392.8
10356.7
10327.2
10303.5
10284.5
10269.6
10258.1
10249.9
10244.7
10242.1
11094.1
11091.7
11087
11080.5
11072.4
11063.2
11053.2
11042.6
11031.6
11019.9
11007
10991.4
10973.4
10953.2
10931.1
10907.5
10882.3
10855.8
10828
10799
10768.7
10737.2
10704.3
10669.9
10633.9
10596
10555.8
10512.7
10466
10415.2
10362.4
10322.5
10292.4
10269.3
10251.2
10237
10226.3
10218.6
10213.6
10211.2
11069.1
11067.2
11063.5
11058.3
11051.8
11044.4
11036.5
11028.2
11019.9
11011.7
11002.9
10989
10971.8
10952
10930.2
10906.7
10881.7
10855.2
10827.5
10798.4
10768.1
10736.4
10703.3
10668.7
10632.3
10593.8
10552.5
10507.5
10456.8
10396.7
10318.3
10277.4
10250
10229.2
10213
10200.3
10190.5
10183.5
10179
10176.8
11044.4
11042.9
11040
11035.8
11030.7
11024.9
11018.7
11012.6
11007
11002.9
11000.8
10985.1
10966.6
10945.8
10923.1
10898.6
10872.7
10845.3
10816.7
10786.7
10755.4
10722.7
10688.6
10652.8
10615.1
10575
10531.7
10483.3
10424.8
10336.3
10235.8
10218.1
10199.9
10183.9
10170.5
10159.7
10151.2
10145.1
10141.1
10139.1
11019.8
11018.6
11016.3
11013
11009
11004.5
10999.7
10995.2
10991.4
10989
10985.1
10959.1
10933.6
10907.4
10880.2
10851.8
10822.3
10791.6
10759.7
10726.5
10692.1
10656.3
10618.8
10579.5
10537.9
10493.3
10444.5
10389.4
10323.2
10235.2
10167.7
10158.5
10146.7
10135.1
10124.7
10115.8
10108.8
10103.6
10100.2
10098.4
10995
10994.1
10992.2
10989.7
10986.5
10983
10979.4
10976.1
10973.4
10971.8
10966.6
10933.6
10901.9
10870.5
10838.7
10806.3
10773
10738.8
10703.7
10667.4
10629.9
10591
10550.4
10507.8
10462.7
10414.4
10361.6
10302.5
10234.3
10153.5
10106
10100.4
10092.7
10084.3
10076.4
10069.4
10063.6
10059.3
10056.5
10055
10969.9
10969.2
10967.7
10965.6
10963.2
10960.4
10957.7
10955.2
10953.2
10952
10945.8
10907.4
10870.5
10834.4
10798.4
10762.1
10725.3
10687.8
10649.6
10610.4
10570
10528.4
10485.1
10439.8
10392.1
10341.3
10286.5
10226.6
10160.3
10087
10047.4
10043.7
10038.4
10032.3
10026.3
10020.8
10016.2
10012.7
10010.4
10009.2
10944.3
10943.7
10942.5
10940.9
10938.9
10936.7
10934.6
10932.6
10931.1
10930.2
10923.1
10880.2
10838.7
10798.4
10758.4
10718.5
10678.3
10637.8
10596.6
10554.6
10511.7
10467.5
10421.9
10374.5
10324.8
10272.5
10216.8
10157.4
10093.6
10025.9
9990.49
9987.79
9983.93
9979.45
9974.86
9970.58
9966.92
9964.09
9962.17
9961.12
10918.2
10917.7
10916.7
10915.3
10913.7
10912
10910.2
10908.7
10907.5
10906.7
10898.6
10851.8
10806.3
10762.1
10718.5
10675.1
10631.8
10588.3
10544.4
10499.9
10454.6
10408.2
10360.6
10311.4
10260.3
10207
10151.1
10092.5
10031
9967.12
9934.29
9932.21
9929.28
9925.85
9922.27
9918.88
9915.93
9913.63
9912.04
9911.13
10891.4
10890.9
10890.1
10889
10887.6
10886.1
10884.7
10883.3
10882.3
10881.7
10872.7
10822.3
10773
10725.3
10678.3
10631.8
10585.6
10539.3
10492.9
10446
10398.6
10350.3
10300.9
10250.3
10198.1
10144.2
10088.3
10030.4
9970.64
9909.5
9878.34
9876.64
9874.31
9871.56
9868.67
9865.9
9863.46
9861.53
9860.19
9859.38
10863.9
10863.5
10862.8
10861.8
10860.5
10859.2
10857.9
10856.7
10855.8
10855.2
10845.3
10791.6
10738.8
10687.8
10637.8
10588.3
10539.3
10490.5
10441.7
10392.8
10343.4
10293.4
10242.5
10190.7
10137.7
10083.3
10027.4
9970.2
9911.72
9852.4
9822.34
9820.87
9818.9
9816.59
9814.13
9811.75
9809.64
9807.95
9806.75
9806.01
10835.7
10835.4
10834.7
10833.7
10832.5
10831.3
10830
10828.9
10828
10827.5
10816.7
10759.7
10703.7
10649.6
10596.6
10544.4
10492.9
10441.7
10390.8
10339.9
10288.8
10237.3
10185.2
10132.4
10078.6
10023.8
9968.03
9911.23
9853.61
9795.49
9766.12
9764.78
9763
9760.91
9758.67
9756.49
9754.55
9752.97
9751.83
9751.1
10806.9
10806.5
10805.8
10804.8
10803.6
10802.3
10801.1
10799.9
10799
10798.4
10786.7
10726.5
10667.4
10610.4
10554.6
10499.9
10446
10392.8
10339.9
10287.3
10234.6
10181.8
10128.6
10074.9
10020.5
9965.45
9909.61
9853.06
9795.96
9738.56
9709.59
9708.3
9706.57
9704.53
9702.33
9700.17
9698.22
9696.63
9695.47
9694.7
10777.5
10777.1
10776.3
10775.2
10773.9
10772.4
10771
10769.7
10768.7
10768.1
10755.4
10692.1
10629.9
10570
10511.7
10454.6
10398.6
10343.4
10288.8
10234.6
10180.7
10126.7
10072.6
10018.1
9963.21
9907.81
9851.88
9795.44
9738.59
9681.53
9652.73
9651.41
9649.61
9647.45
9645.11
9642.78
9640.67
9638.94
9637.65
9636.81
10747.5
10747
10746.1
10744.8
10743.2
10741.5
10739.9
10738.3
10737.2
10736.4
10722.7
10656.3
10591
10528.4
10467.5
10408.2
10350.3
10293.4
10237.3
10181.8
10126.7
10071.8
10016.8
9961.73
9906.38
9850.7
9794.64
9738.19
9681.41
9624.4
9595.59
9594.17
9592.16
9589.71
9587.02
9584.33
9581.88
9579.85
9578.35
9577.37
10716.9
10716.4
10715.3
10713.7
10711.8
10709.7
10707.6
10705.7
10704.3
10703.3
10688.6
10618.8
10550.4
10485.1
10421.9
10360.6
10300.9
10242.5
10185.2
10128.6
10072.6
10016.8
9961.21
9905.61
9849.9
9793.97
9737.78
9681.26
9624.41
9567.25
9538.28
9536.67
9534.29
9531.34
9528.07
9524.78
9521.77
9519.28
9517.44
9516.28
10686.1
10685.4
10684
10682
10679.6
10676.9
10674.3
10671.8
10669.9
10668.7
10652.8
10579.5
10507.8
10439.8
10374.5
10311.4
10250.3
10190.7
10132.4
10074.9
10018.1
9961.73
9905.61
9849.61
9793.61
9737.51
9681.22
9624.63
9567.66
9510.24
9481
9479.08
9476.14
9472.41
9468.27
9464.09
9460.26
9457.09
9454.77
9453.34
10655
10654.1
10652.3
10649.9
10646.8
10643.3
10639.8
10636.5
10633.9
10632.3
10615.1
10537.9
10462.7
10392.1
10324.8
10260.3
10198.1
10137.7
10078.6
10020.5
9963.21
9906.39
9849.9
9793.61
9737.43
9681.23
9624.93
9568.35
9511.33
9453.63
9424.04
9421.67
9417.88
9413.03
9407.62
9402.18
9397.19
9393.06
9390.07
9388.3
10623.9
10622.8
10620.6
10617.4
10613.4
10608.9
10604.1
10599.6
10596
10593.8
10575
10493.3
10414.4
10341.3
10272.5
10207
10144.2
10083.3
10023.8
9965.45
9907.81
9850.71
9793.98
9737.51
9681.24
9625.06
9568.88
9512.5
9455.62
9397.8
9367.87
9364.82
9359.77
9353.31
9346.12
9338.91
9332.32
9326.89
9323
9320.77
10593
10591.6
10588.9
10584.8
10579.7
10573.7
10567.3
10561.1
10555.8
10552.5
10531.7
10444.5
10361.6
10286.5
10216.8
10151.1
10088.3
10027.4
9968.03
9909.61
9851.88
9794.64
9737.78
9681.22
9624.93
9568.88
9513
9457.1
9400.78
9343.3
9313.17
9309.07
9302.18
9293.42
9283.74
9274.1
9265.33
9258.15
9253.04
9250.21
10562.7
10561
10557.5
10552.5
10546
10538.2
10529.5
10520.6
10512.7
10507.5
10483.3
10389.4
10302.5
10226.6
10157.4
10092.5
10030.4
9970.2
9911.23
9853.07
9795.44
9738.19
9681.26
9624.63
9568.36
9512.5
9457.1
9402.07
9347.01
9290.87
9260.96
9255.19
9245.55
9233.49
9220.39
9207.46
9195.77
9186.24
9179.51
9175.89
10533.2
10531.1
10527
10520.8
10512.6
10502.6
10491
10478.4
10466
10456.8
10424.8
10323.2
10234.3
10160.3
10093.6
10031
9970.65
9911.72
9853.61
9795.97
9738.6
9681.41
9624.41
9567.67
9511.33
9455.62
9400.78
9347.02
9294.24
9241.4
9212.93
9204.24
9190.37
9173.65
9155.88
9138.56
9123.01
9110.36
9101.48
9096.8
10504.9
10502.5
10497.6
10490.2
10480.3
10467.8
10452.7
10435
10415.2
10396.7
10336.3
10235.2
10153.5
10087
10025.9
9967.12
9909.5
9852.41
9795.49
9738.56
9681.53
9624.4
9567.25
9510.24
9453.63
9397.8
9343.3
9290.87
9241.4
9195.32
9172.01
9157.53
9137.05
9113.84
9089.88
9066.82
9046.2
9029.43
9017.67
9011.57
10478.2
10475.4
10469.8
10461.3
10449.7
10434.8
10416.2
10392.8
10362.4
10318.3
10235.8
10167.7
10106
10047.4
9990.49
9934.29
9878.34
9822.34
9766.12
9709.59
9652.73
9595.59
9538.28
9481
9424.05
9367.88
9313.17
9260.96
9212.93
9172.01
9144.11
9115.81
9085.42
9053.66
9021.81
8991.42
8964.22
8941.98
8926.32
8918.27
10453.5
10450.4
10444.1
10434.6
10421.6
10404.8
10383.5
10356.7
10322.5
10277.4
10218.1
10158.5
10100.4
10043.7
9987.8
9932.21
9876.64
9820.88
9764.79
9708.3
9651.42
9594.17
9536.67
9479.09
9421.68
9364.82
9309.07
9255.19
9204.24
9157.53
9115.81
9075.17
9034.02
8992.32
8950.93
8911.38
8875.64
8846.06
8824.98
8814.13
10431
10427.6
10420.9
10410.6
10396.5
10378.3
10355.5
10327.2
10292.5
10250
10199.9
10146.7
10092.7
10038.4
9983.94
9929.29
9874.31
9818.91
9763.01
9706.58
9649.62
9592.16
9534.3
9476.14
9417.88
9359.78
9302.19
9245.55
9190.38
9137.06
9085.42
9034.02
8981.96
8929.24
8876.6
8825.61
8778.68
8738.97
8710.06
8695
10411
10407.5
10400.3
10389.4
10374.7
10355.7
10332.1
10303.5
10269.3
10229.3
10183.9
10135.1
10084.3
10032.3
9979.45
9925.85
9871.57
9816.59
9760.91
9704.53
9647.46
9589.71
9531.34
9472.42
9413.03
9353.32
9293.42
9233.5
9173.65
9113.84
9053.66
8992.32
8929.24
8864.39
8798.49
8733.15
8671.21
8616.98
8576.09
8554.21
10393.7
10390.1
10382.6
10371.4
10356.2
10336.8
10313
10284.5
10251.2
10213
10170.5
10124.7
10076.4
10026.3
9974.86
9922.28
9868.68
9814.13
9758.68
9702.33
9645.11
9587.02
9528.07
9468.27
9407.63
9346.13
9283.74
9220.39
9155.88
9089.88
9021.81
8950.94
8876.6
8798.49
8716.96
8633.37
8550.77
8474.78
8414.26
8380.24
10379.3
10375.6
10368
10356.5
10341.1
10321.5
10297.7
10269.6
10237
10200.3
10159.7
10115.8
10069.4
10020.8
9970.58
9918.88
9865.9
9811.75
9756.5
9700.17
9642.79
9584.33
9524.79
9464.1
9402.18
9338.91
9274.1
9207.46
9138.57
9066.82
8991.42
8911.38
8825.61
8733.15
8633.37
8526.55
8414.94
8304.82
8209.57
8151.2
10367.9
10364
10356.3
10344.7
10329.2
10309.6
10285.9
10258.1
10226.3
10190.5
10151.2
10108.8
10063.6
10016.3
9966.93
9915.94
9863.47
9809.65
9754.55
9698.23
9640.68
9581.88
9521.78
9460.27
9397.19
9332.32
9265.33
9195.77
9123.01
9046.2
8964.22
8875.64
8778.68
8671.21
8550.77
8414.94
8262.51
8097.12
7935.47
7821.05
10359.3
10355.5
10347.7
10336.1
10320.5
10301
10277.4
10249.9
10218.6
10183.5
10145.1
10103.6
10059.3
10012.7
9964.1
9913.63
9861.54
9807.96
9752.98
9696.64
9638.94
9579.85
9519.28
9457.09
9393.07
9326.89
9258.15
9186.24
9110.36
9029.43
8941.99
8846.06
8738.97
8616.98
8474.78
8304.82
8097.12
7842.09
7545.57
7279.97
10353.8
10349.9
10342.1
10330.5
10314.9
10295.4
10271.9
10244.7
10213.6
10179
10141.1
10100.2
10056.5
10010.4
9962.17
9912.04
9860.19
9806.76
9751.84
9695.47
9637.66
9578.35
9517.44
9454.77
9390.08
9323
9253.04
9179.51
9101.48
9017.67
8926.33
8824.98
8710.06
8576.09
8414.26
8209.57
7935.47
7545.57
6972.49
6226.36
10351
10347.1
10339.4
10327.7
10312.1
10292.6
10269.3
10242.1
10211.2
10176.8
10139.2
10098.5
10055
10009.2
9961.12
9911.14
9859.39
9806.01
9751.1
9694.71
9636.81
9577.38
9516.28
9453.35
9388.31
9320.77
9250.21
9175.89
9096.8
9011.57
8918.27
8814.13
8695
8554.21
8380.24
8151.2
7821.05
7279.97
6226.36
3694.6
)
;

boundaryField
{
    left
    {
        type            zeroGradient;
    }
    right
    {
        type            zeroGradient;
    }
    up
    {
        type            zeroGradient;
    }
    down
    {
        type            zeroGradient;
    }
    front
    {
        type            zeroGradient;
    }
    back
    {
        type            zeroGradient;
    }
}


// ************************************************************************* //
