/*--------------------------------*- C++ -*----------------------------------*\
| =========                 |                                                 |
| \\      /  F ield         | OpenFOAM: The Open Source CFD Toolbox           |
|  \\    /   O peration     | Version:  2.1.0                                 |
|   \\  /    A nd           | Web:      www.OpenFOAM.org                      |
|    \\/     M anipulation  |                                                 |
\*---------------------------------------------------------------------------*/
FoamFile
{
    version     2.0;
    format      ascii;
    class       volScalarField;
    location    "40150";
    object      sw;
}
// * * * * * * * * * * * * * * * * * * * * * * * * * * * * * * * * * * * * * //

dimensions      [0 0 0 0 0 0 0];

internalField   nonuniform List<scalar> 
8000
(
0.740821
0.729077
0.714056
0.6977
0.681198
0.665157
0.649868
0.635462
0.621977
0.609404
0.597703
0.586812
0.576665
0.567207
0.558382
0.550133
0.542403
0.53514
0.528293
0.521816
0.51566
0.50978
0.504133
0.498676
0.493363
0.488149
0.482983
0.477803
0.472542
0.467111
0.461402
0.455269
0.44851
0.440819
0.431682
0.420117
0.403958
0.37786
0.328912
0.246963
0.729078
0.718237
0.704447
0.689352
0.673969
0.658864
0.644332
0.630524
0.617509
0.605302
0.593884
0.58321
0.573236
0.56392
0.555213
0.547066
0.539426
0.532243
0.525472
0.519067
0.512984
0.507179
0.501613
0.496245
0.491036
0.48594
0.480909
0.475884
0.470795
0.465551
0.460038
0.454104
0.44754
0.440033
0.431065
0.41965
0.403612
0.377583
0.328596
0.246664
0.714057
0.704447
0.6922
0.678642
0.664625
0.650665
0.637065
0.624
0.611568
0.599814
0.588743
0.578341
0.568589
0.55946
0.550914
0.542909
0.535397
0.528334
0.521678
0.515387
0.509419
0.503736
0.498303
0.493085
0.488045
0.483144
0.478335
0.473558
0.46874
0.463783
0.45856
0.452905
0.446599
0.439322
0.43055
0.419298
0.403385
0.377427
0.328416
0.246483
0.697701
0.689352
0.678642
0.666611
0.65397
0.641184
0.62855
0.616261
0.604438
0.593153
0.582443
0.57233
0.562821
0.553902
0.545543
0.537707
0.530351
0.523437
0.516926
0.510778
0.504957
0.499431
0.494171
0.489147
0.484332
0.479691
0.475181
0.470743
0.466297
0.461733
0.456903
0.45162
0.445645
0.438648
0.430104
0.419028
0.403242
0.37735
0.328311
0.246356
0.681199
0.673969
0.664625
0.65397
0.642591
0.630898
0.619171
0.607608
0.596347
0.585486
0.575103
0.565259
0.555986
0.54728
0.539117
0.531463
0.524281
0.517535
0.511186
0.505198
0.499542
0.494192
0.489127
0.484328
0.479775
0.475444
0.4713
0.467289
0.463323
0.459275
0.454965
0.450167
0.444613
0.437959
0.429679
0.418794
0.403132
0.37729
0.328196
0.246201
0.665157
0.658864
0.650666
0.641184
0.630898
0.620157
0.609219
0.598272
0.587462
0.576922
0.566783
0.55715
0.548077
0.539567
0.531595
0.524126
0.517125
0.510551
0.504367
0.498543
0.493053
0.487881
0.483014
0.478445
0.474169
0.470178
0.466453
0.462951
0.459585
0.456204
0.452581
0.44842
0.443406
0.437175
0.429205
0.418528
0.402985
0.377165
0.327966
0.245921
0.649869
0.644332
0.637065
0.62855
0.619171
0.609219
0.598913
0.588422
0.577898
0.567511
0.557461
0.547931
0.538993
0.530644
0.522845
0.515556
0.508728
0.502318
0.496289
0.490615
0.485274
0.480258
0.475565
0.471202
0.467183
0.463526
0.460243
0.457318
0.454683
0.45217
0.449479
0.446178
0.441874
0.436181
0.428585
0.418144
0.402714
0.376876
0.327495
0.245403
0.635462
0.630524
0.624
0.61626
0.607608
0.598272
0.588422
0.578195
0.567729
0.557215
0.546958
0.537345
0.528446
0.520208
0.51256
0.505431
0.498758
0.49249
0.486589
0.48103
0.475797
0.470886
0.466306
0.46208
0.458245
0.454857
0.451976
0.449654
0.447882
0.446513
0.445155
0.443089
0.439779
0.434806
0.427689
0.417528
0.402211
0.376309
0.326645
0.244532
0.621977
0.617509
0.611568
0.604437
0.596347
0.587462
0.577898
0.567729
0.55701
0.545847
0.534665
0.524666
0.515687
0.507512
0.499983
0.492982
0.486428
0.48026
0.474436
0.468929
0.463723
0.45882
0.454235
0.450003
0.446188
0.442886
0.440234
0.438407
0.437569
0.437738
0.438494
0.438453
0.436712
0.432804
0.426348
0.416552
0.401365
0.37535
0.325281
0.243205
0.609405
0.605302
0.599814
0.593153
0.585485
0.576922
0.567511
0.557215
0.545847
0.532934
0.517948
0.507175
0.498034
0.489881
0.482424
0.475493
0.468981
0.462817
0.456949
0.451346
0.445988
0.440873
0.436016
0.431456
0.427268
0.42358
0.420613
0.418732
0.418531
0.420788
0.425791
0.430497
0.43194
0.429852
0.424388
0.415098
0.400076
0.373898
0.323288
0.241352
0.597704
0.593884
0.588743
0.582443
0.575102
0.566782
0.557461
0.546957
0.534665
0.517947
0.247616
0.238543
0.24322
0.246098
0.247663
0.248389
0.248539
0.24828
0.247733
0.246996
0.246153
0.245291
0.244506
0.243914
0.243684
0.244087
0.24565
0.24961
0.259655
0.287619
0.420989
0.426102
0.427949
0.426681
0.421974
0.413168
0.398303
0.371897
0.320592
0.238954
0.586812
0.58321
0.578341
0.57233
0.565259
0.55715
0.54793
0.537344
0.524666
0.507175
0.238544
0.203893
0.202788
0.203264
0.203614
0.203828
0.203938
0.203971
0.203947
0.203886
0.203802
0.203713
0.203634
0.203588
0.203599
0.203712
0.204017
0.204719
0.20642
0.210879
0.415584
0.422201
0.424308
0.423468
0.419269
0.41084
0.396072
0.369343
0.31717
0.236052
0.576665
0.573236
0.568589
0.562821
0.555985
0.548077
0.538993
0.528445
0.515687
0.498034
0.243221
0.202788
0.200194
0.200131
0.200153
0.20017
0.200179
0.200184
0.200186
0.200184
0.200181
0.200177
0.200173
0.200171
0.200173
0.20018
0.200199
0.200239
0.200329
0.200515
0.410411
0.418446
0.420804
0.420233
0.416373
0.408202
0.393438
0.366268
0.313043
0.232741
0.567207
0.563919
0.559459
0.553901
0.547279
0.539567
0.530643
0.520208
0.507511
0.489881
0.246098
0.203264
0.200131
0.200007
0.200005
0.200006
0.200006
0.200007
0.200007
0.200007
0.200007
0.200006
0.200006
0.200006
0.200006
0.200007
0.200007
0.200009
0.200011
0.200017
0.405405
0.414742
0.417345
0.416973
0.413343
0.405325
0.390468
0.362724
0.308256
0.229154
0.558382
0.555213
0.550914
0.545543
0.539116
0.531595
0.522845
0.51256
0.499982
0.482423
0.247663
0.203614
0.200153
0.200005
0.2
0.2
0.2
0.2
0.2
0.2
0.2
0.2
0.2
0.2
0.2
0.2
0.2
0.2
0.2
0.2
0.400519
0.411052
0.413894
0.413682
0.410212
0.402264
0.387219
0.358766
0.302855
0.225447
0.550133
0.547066
0.542908
0.537706
0.531462
0.524126
0.515555
0.505431
0.492982
0.475492
0.248389
0.203828
0.20017
0.200006
0.2
0.2
0.2
0.2
0.2
0.2
0.2
0.2
0.2
0.2
0.2
0.2
0.2
0.2
0.2
0.2
0.395725
0.407357
0.41043
0.410359
0.407002
0.399057
0.383739
0.354441
0.29689
0.221778
0.542403
0.539425
0.535396
0.53035
0.52428
0.517124
0.508728
0.498757
0.486427
0.468981
0.248539
0.203938
0.200179
0.200006
0.2
0.2
0.2
0.2
0.2
0.2
0.2
0.2
0.2
0.2
0.2
0.2
0.2
0.2
0.2
0.2
0.391
0.403643
0.406941
0.406998
0.403723
0.39573
0.380065
0.349789
0.290423
0.218292
0.535139
0.532242
0.528333
0.523437
0.517534
0.51055
0.502317
0.492489
0.480259
0.462816
0.24828
0.203971
0.200184
0.200007
0.2
0.2
0.2
0.2
0.2
0.2
0.2
0.2
0.2
0.2
0.2
0.2
0.2
0.2
0.2
0.2
0.386322
0.399892
0.403414
0.403595
0.400381
0.392304
0.376227
0.34484
0.283537
0.215109
0.528293
0.525471
0.521677
0.516925
0.511185
0.504366
0.496289
0.486589
0.474435
0.456949
0.247733
0.203947
0.200186
0.200007
0.2
0.2
0.2
0.2
0.2
0.2
0.2
0.2
0.2
0.2
0.2
0.2
0.2
0.2
0.2
0.2
0.381669
0.396087
0.399837
0.400143
0.39698
0.388792
0.372251
0.33962
0.276347
0.212313
0.521816
0.519066
0.515386
0.510777
0.505197
0.498542
0.490614
0.48103
0.468928
0.451345
0.246996
0.203886
0.200184
0.200007
0.2
0.2
0.2
0.2
0.2
0.2
0.2
0.2
0.2
0.2
0.2
0.2
0.2
0.2
0.2
0.2
0.377015
0.392209
0.396195
0.396633
0.39352
0.385206
0.368157
0.334153
0.269026
0.209949
0.51566
0.512983
0.509418
0.504956
0.499541
0.493053
0.485273
0.475797
0.463723
0.445987
0.246153
0.203801
0.200181
0.200007
0.2
0.2
0.2
0.2
0.2
0.2
0.2
0.2
0.2
0.2
0.2
0.2
0.2
0.2
0.2
0.2
0.372334
0.388229
0.39247
0.393053
0.389997
0.381555
0.363972
0.328475
0.261806
0.208024
0.50978
0.507178
0.503735
0.49943
0.494191
0.48788
0.480257
0.470886
0.458819
0.440872
0.245291
0.203713
0.200177
0.200006
0.2
0.2
0.2
0.2
0.2
0.2
0.2
0.2
0.2
0.2
0.2
0.2
0.2
0.2
0.2
0.2
0.367594
0.384115
0.388636
0.389386
0.386406
0.377852
0.359725
0.322642
0.254969
0.206517
0.504133
0.501612
0.498302
0.49417
0.489126
0.483013
0.475564
0.466305
0.454234
0.436015
0.244506
0.203634
0.200173
0.200006
0.2
0.2
0.2
0.2
0.2
0.2
0.2
0.2
0.2
0.2
0.2
0.2
0.2
0.2
0.2
0.2
0.362758
0.379819
0.384659
0.385609
0.38274
0.37411
0.35546
0.316756
0.248811
0.205386
0.498675
0.496244
0.493084
0.489147
0.484327
0.478444
0.471201
0.462079
0.450003
0.431455
0.243914
0.203588
0.200171
0.200006
0.2
0.2
0.2
0.2
0.2
0.2
0.2
0.2
0.2
0.2
0.2
0.2
0.2
0.2
0.2
0.2
0.357774
0.375277
0.380489
0.381688
0.378985
0.370348
0.35124
0.310985
0.243595
0.204587
0.493363
0.491034
0.488044
0.484331
0.479774
0.474168
0.467182
0.458244
0.446188
0.427267
0.243684
0.2036
0.200173
0.200006
0.2
0.2
0.2
0.2
0.2
0.2
0.2
0.2
0.2
0.2
0.2
0.2
0.2
0.2
0.2
0.2
0.352576
0.370395
0.376048
0.377573
0.375124
0.366592
0.34715
0.305576
0.239523
0.204076
0.488149
0.485938
0.483143
0.47969
0.475443
0.470177
0.463525
0.454856
0.442886
0.42358
0.244087
0.203712
0.20018
0.200007
0.2
0.2
0.2
0.2
0.2
0.2
0.2
0.2
0.2
0.2
0.2
0.2
0.2
0.2
0.2
0.2
0.347062
0.365031
0.371221
0.373185
0.371123
0.362863
0.343303
0.300849
0.236721
0.203829
0.482982
0.480907
0.478333
0.47518
0.471299
0.466452
0.460241
0.451975
0.440234
0.420612
0.24565
0.204017
0.200199
0.200007
0.2
0.2
0.2
0.2
0.2
0.2
0.2
0.2
0.2
0.2
0.2
0.2
0.2
0.2
0.2
0.2
0.341069
0.358958
0.365817
0.368395
0.366918
0.359177
0.339827
0.29716
0.235265
0.203839
0.477803
0.475883
0.473557
0.470742
0.467288
0.46295
0.457317
0.449653
0.438406
0.418732
0.24961
0.204719
0.200239
0.200009
0.2
0.2
0.2
0.2
0.2
0.2
0.2
0.2
0.2
0.2
0.2
0.2
0.2
0.2
0.2
0.2
0.334312
0.351789
0.359508
0.36298
0.362384
0.355506
0.336837
0.294819
0.235198
0.204129
0.472541
0.470793
0.468739
0.466296
0.463322
0.459584
0.454682
0.447881
0.437569
0.418531
0.259655
0.20642
0.200329
0.200011
0.2
0.2
0.2
0.2
0.2
0.2
0.2
0.2
0.2
0.2
0.2
0.2
0.2
0.2
0.2
0.2
0.326213
0.342793
0.35169
0.356518
0.357261
0.351731
0.334375
0.294011
0.236535
0.204752
0.46711
0.46555
0.463782
0.461731
0.459274
0.456203
0.452169
0.446512
0.437737
0.420788
0.287619
0.210879
0.200515
0.200017
0.2
0.2
0.2
0.2
0.2
0.2
0.2
0.2
0.2
0.2
0.2
0.2
0.2
0.2
0.2
0.2
0.315326
0.33042
0.341151
0.348176
0.351012
0.347529
0.332307
0.294702
0.239288
0.205781
0.461401
0.460037
0.458558
0.456902
0.454964
0.45258
0.449478
0.445154
0.438493
0.42579
0.420988
0.415583
0.410411
0.405405
0.400519
0.395725
0.391
0.386322
0.381669
0.377015
0.372334
0.367594
0.362758
0.357775
0.352577
0.347063
0.34107
0.334312
0.326214
0.315327
0.306668
0.314539
0.326527
0.336641
0.342653
0.342228
0.330197
0.296555
0.24364
0.207406
0.455268
0.454103
0.452904
0.451619
0.450166
0.448419
0.446177
0.443088
0.438452
0.430496
0.426102
0.4222
0.418446
0.414741
0.411051
0.407357
0.403642
0.399891
0.396087
0.392208
0.388229
0.384115
0.379819
0.375277
0.370395
0.365031
0.358958
0.351789
0.342793
0.330421
0.31454
0.308155
0.313136
0.322947
0.331664
0.33498
0.327265
0.298889
0.249382
0.209877
0.448509
0.447539
0.446598
0.445644
0.444612
0.443405
0.441873
0.439778
0.436711
0.43194
0.427948
0.424307
0.420803
0.417344
0.413893
0.410429
0.40694
0.403413
0.399836
0.396194
0.392469
0.388636
0.384659
0.380488
0.376048
0.371221
0.365817
0.359508
0.35169
0.341152
0.326528
0.313136
0.307842
0.311544
0.319531
0.325607
0.322694
0.300755
0.256044
0.213429
0.440818
0.440032
0.43932
0.438647
0.437958
0.437174
0.43618
0.434805
0.432803
0.429851
0.42668
0.423467
0.420232
0.416972
0.413682
0.410358
0.406997
0.403594
0.400142
0.396632
0.393052
0.389386
0.385609
0.381688
0.377573
0.373185
0.368395
0.36298
0.356518
0.348176
0.336642
0.322948
0.311545
0.307002
0.309799
0.315497
0.316308
0.301251
0.262901
0.218233
0.431681
0.431064
0.430549
0.430103
0.429678
0.429204
0.428584
0.427688
0.426347
0.424387
0.421973
0.419268
0.416372
0.413342
0.410211
0.407001
0.403722
0.400381
0.39698
0.393519
0.389996
0.386406
0.382739
0.378985
0.375124
0.371123
0.366918
0.362384
0.357261
0.351012
0.342653
0.331665
0.319531
0.309799
0.305831
0.307473
0.309177
0.300032
0.269163
0.224325
0.420117
0.419649
0.419297
0.419027
0.418793
0.418527
0.418143
0.417527
0.416551
0.415097
0.413167
0.410839
0.408201
0.405324
0.402263
0.399056
0.395729
0.392303
0.388791
0.385205
0.381555
0.377851
0.374109
0.370348
0.366591
0.362863
0.359177
0.355506
0.351731
0.347529
0.342228
0.33498
0.325608
0.315497
0.307473
0.303921
0.303393
0.297702
0.274316
0.231577
0.403957
0.403611
0.403384
0.403241
0.403131
0.402984
0.402713
0.40221
0.401364
0.400075
0.398303
0.396071
0.393438
0.390467
0.387218
0.383738
0.380064
0.376227
0.37225
0.368157
0.363971
0.359725
0.35546
0.35124
0.34715
0.343303
0.339827
0.336837
0.334375
0.332307
0.330197
0.327265
0.322694
0.316308
0.309177
0.303393
0.300073
0.295354
0.278282
0.239745
0.37786
0.377582
0.377426
0.37735
0.377289
0.377164
0.376875
0.376308
0.375349
0.373897
0.371897
0.369342
0.366267
0.362723
0.358765
0.35444
0.349788
0.34484
0.339619
0.334153
0.328475
0.322642
0.316756
0.310985
0.305576
0.300849
0.29716
0.294819
0.294012
0.294702
0.296555
0.29889
0.300755
0.301251
0.300033
0.297702
0.295354
0.292031
0.280524
0.248252
0.328912
0.328595
0.328415
0.32831
0.328195
0.327965
0.327494
0.326644
0.32528
0.323287
0.320591
0.317169
0.313042
0.308256
0.302854
0.29689
0.290423
0.283536
0.276347
0.269026
0.261806
0.254969
0.248811
0.243595
0.239522
0.236721
0.235265
0.235198
0.236535
0.239288
0.24364
0.249382
0.256044
0.262901
0.269163
0.274316
0.278282
0.280524
0.276773
0.254584
0.246963
0.246663
0.246482
0.246355
0.246201
0.245921
0.245403
0.244532
0.243205
0.241352
0.238954
0.236052
0.232741
0.229154
0.225447
0.221778
0.218292
0.215109
0.212313
0.209949
0.208024
0.206517
0.205386
0.204587
0.204076
0.203828
0.203839
0.204129
0.204752
0.205781
0.207406
0.209877
0.213429
0.218233
0.224325
0.231577
0.239745
0.248253
0.254584
0.248913
0.785458
0.774993
0.758532
0.73882
0.718474
0.698854
0.680493
0.663546
0.647999
0.633776
0.620775
0.608883
0.597982
0.587953
0.578687
0.570097
0.562103
0.554635
0.547624
0.541015
0.534756
0.528798
0.523095
0.517601
0.512271
0.507057
0.501908
0.496766
0.491563
0.486216
0.480625
0.474658
0.468137
0.460812
0.452293
0.441943
0.428582
0.409441
0.375117
0.294648
0.774995
0.763526
0.747292
0.72875
0.709782
0.691397
0.674044
0.657888
0.642957
0.629212
0.616583
0.604982
0.594309
0.584458
0.575338
0.56687
0.558982
0.551608
0.544683
0.538157
0.531981
0.526108
0.520496
0.515103
0.509887
0.504802
0.4998
0.494824
0.489804
0.484656
0.479271
0.473513
0.467195
0.46006
0.451715
0.441517
0.428283
0.409243
0.374991
0.294525
0.758534
0.747291
0.732346
0.715626
0.69847
0.681649
0.665566
0.650411
0.63626
0.623121
0.610965
0.599736
0.589355
0.579741
0.570819
0.562524
0.554789
0.547553
0.54076
0.534362
0.528316
0.522579
0.517114
0.511883
0.50685
0.501973
0.497205
0.492489
0.487751
0.482898
0.477811
0.472338
0.466283
0.459379
0.45123
0.441191
0.428079
0.409129
0.374943
0.294494
0.738821
0.72875
0.715626
0.700921
0.685651
0.670449
0.655692
0.641594
0.628271
0.61578
0.604132
0.593303
0.583242
0.573895
0.565206
0.557116
0.549568
0.542503
0.535874
0.529639
0.523757
0.518195
0.512919
0.5079
0.503106
0.498503
0.494048
0.489682
0.485326
0.480873
0.476184
0.471085
0.465361
0.458736
0.450809
0.440938
0.427943
0.409069
0.374936
0.294496
0.718474
0.709782
0.69847
0.685651
0.672127
0.658436
0.644927
0.631831
0.619296
0.607416
0.596244
0.585792
0.576044
0.566972
0.558529
0.550664
0.54332
0.536448
0.530005
0.523953
0.518258
0.512892
0.507832
0.503055
0.498542
0.494265
0.490191
0.486262
0.482394
0.478461
0.474292
0.469676
0.464369
0.45808
0.450408
0.440716
0.427833
0.409019
0.374915
0.294457
0.698854
0.691397
0.681649
0.67045
0.658436
0.646062
0.63365
0.621427
0.609562
0.598184
0.587389
0.577245
0.567775
0.558963
0.550764
0.543126
0.535994
0.529324
0.523075
0.517213
0.511711
0.506547
0.501709
0.497185
0.492969
0.489052
0.485411
0.482002
0.478738
0.475472
0.471983
0.467994
0.463216
0.457339
0.449965
0.440467
0.427694
0.408924
0.374816
0.294285
0.680494
0.674044
0.665566
0.655692
0.644928
0.63365
0.62214
0.610609
0.599229
0.588155
0.57756
0.567608
0.55835
0.549765
0.541794
0.534374
0.527453
0.520982
0.514922
0.509242
0.503921
0.498945
0.494311
0.490023
0.486092
0.482532
0.47935
0.476528
0.473994
0.471583
0.469007
0.465855
0.461766
0.456408
0.449391
0.440115
0.427453
0.408713
0.374561
0.293875
0.663546
0.657889
0.650411
0.641594
0.631831
0.621427
0.610609
0.599547
0.588385
0.577299
0.56659
0.556641
0.547501
0.539096
0.531326
0.524114
0.517392
0.511108
0.505221
0.499701
0.494532
0.489707
0.485231
0.481124
0.477419
0.474162
0.471407
0.469194
0.46751
0.466208
0.464913
0.462944
0.459804
0.455133
0.448569
0.43956
0.427026
0.408308
0.374066
0.293116
0.647999
0.642957
0.636259
0.628271
0.619296
0.609562
0.599228
0.588384
0.577084
0.565436
0.553883
0.54364
0.534507
0.526235
0.518648
0.511631
0.505094
0.498978
0.493237
0.487841
0.482775
0.478036
0.473635
0.469604
0.465996
0.462894
0.460418
0.458717
0.457934
0.458075
0.458745
0.458658
0.456978
0.453299
0.447353
0.438695
0.426324
0.407631
0.373251
0.291905
0.633775
0.629211
0.62312
0.61578
0.607416
0.598184
0.588155
0.577299
0.565436
0.552107
0.536822
0.525941
0.516776
0.508646
0.501256
0.494435
0.488076
0.482104
0.476468
0.471136
0.466088
0.46132
0.456843
0.45269
0.448922
0.445644
0.443037
0.441399
0.441225
0.443177
0.447527
0.451588
0.452713
0.450649
0.4456
0.43742
0.425272
0.40662
0.37205
0.290158
0.620774
0.616583
0.610964
0.604131
0.596244
0.587388
0.57756
0.566589
0.553883
0.536822
0.256439
0.24739
0.25366
0.257862
0.260525
0.262213
0.263237
0.263788
0.264004
0.263999
0.263871
0.263721
0.263667
0.263854
0.264491
0.265919
0.268785
0.274624
0.287954
0.321623
0.44304
0.447629
0.44914
0.447817
0.443456
0.435746
0.423845
0.405244
0.370431
0.287826
0.608883
0.604982
0.599735
0.593302
0.585791
0.577244
0.567607
0.55664
0.543639
0.525941
0.247391
0.205784
0.204277
0.205126
0.205821
0.206328
0.206688
0.206934
0.207094
0.207192
0.207254
0.207304
0.207375
0.207501
0.20774
0.208183
0.209011
0.210648
0.2143
0.22324
0.437539
0.444055
0.445881
0.444957
0.441067
0.433746
0.422076
0.403516
0.368392
0.284901
0.597982
0.594309
0.589355
0.583241
0.576044
0.567774
0.55835
0.547501
0.534506
0.516776
0.25366
0.204277
0.200343
0.20024
0.200289
0.200331
0.200365
0.20039
0.200407
0.200419
0.200429
0.200437
0.200445
0.200457
0.200478
0.200515
0.200581
0.200705
0.200963
0.201482
0.432373
0.440637
0.442761
0.442095
0.438529
0.431505
0.420023
0.401479
0.365959
0.281407
0.587953
0.584458
0.57974
0.573894
0.566971
0.558962
0.549764
0.539095
0.526234
0.508646
0.257862
0.205126
0.20024
0.200017
0.200011
0.200013
0.200016
0.200017
0.200018
0.200019
0.200018
0.200019
0.20002
0.20002
0.200021
0.200024
0.200027
0.200032
0.200042
0.200058
0.427495
0.437309
0.439711
0.439234
0.435899
0.429093
0.417749
0.399187
0.363173
0.277397
0.578687
0.575337
0.570818
0.565205
0.558528
0.550763
0.541793
0.531325
0.518648
0.501255
0.260525
0.205821
0.200289
0.200011
0.2
0.2
0.2
0.2
0.2
0.200001
0.200001
0.200001
0.200001
0.200001
0.200001
0.200001
0.200001
0.200001
0.200001
0.200001
0.422834
0.434043
0.436702
0.436377
0.43321
0.426563
0.415314
0.396699
0.360092
0.272939
0.570096
0.566869
0.562523
0.557115
0.550663
0.543126
0.534373
0.524113
0.51163
0.494435
0.262214
0.206328
0.200332
0.200013
0.2
0.2
0.2
0.2
0.2
0.2
0.2
0.2
0.2
0.2
0.2
0.2
0.2
0.2
0.2
0.2
0.418348
0.430826
0.433722
0.433524
0.430487
0.423955
0.412765
0.394067
0.35677
0.268114
0.562102
0.558981
0.554788
0.549566
0.543319
0.535993
0.527452
0.517391
0.505094
0.488075
0.263237
0.206688
0.200365
0.200016
0.2
0.2
0.2
0.2
0.2
0.2
0.2
0.2
0.2
0.2
0.2
0.2
0.2
0.2
0.2
0.2
0.414009
0.427645
0.430762
0.430677
0.427744
0.421297
0.410141
0.391341
0.353253
0.263016
0.554634
0.551606
0.547552
0.542501
0.536447
0.529323
0.520981
0.511107
0.498977
0.482103
0.263788
0.206934
0.20039
0.200017
0.2
0.2
0.2
0.2
0.2
0.2
0.2
0.2
0.2
0.2
0.2
0.2
0.2
0.2
0.2
0.2
0.40979
0.424487
0.427816
0.427835
0.42499
0.418612
0.407476
0.388563
0.349583
0.257761
0.547623
0.544682
0.540758
0.535873
0.530004
0.523074
0.514921
0.50522
0.493236
0.476468
0.264004
0.207094
0.200407
0.200018
0.2
0.2
0.2
0.2
0.2
0.2
0.2
0.2
0.2
0.2
0.2
0.2
0.2
0.2
0.2
0.2
0.405668
0.421337
0.424873
0.424994
0.422232
0.415915
0.404798
0.385774
0.345794
0.252484
0.541014
0.538155
0.53436
0.529637
0.523952
0.517212
0.509241
0.4997
0.48784
0.471136
0.263998
0.207192
0.200419
0.200019
0.200001
0.2
0.2
0.2
0.2
0.2
0.2
0.2
0.2
0.2
0.2
0.2
0.2
0.2
0.2
0.2
0.401621
0.418177
0.421925
0.42215
0.419473
0.413222
0.402133
0.383009
0.341921
0.247347
0.534755
0.531979
0.528314
0.523756
0.518257
0.511709
0.50392
0.494531
0.482774
0.466088
0.263871
0.207254
0.200429
0.200018
0.200001
0.2
0.2
0.2
0.2
0.2
0.2
0.2
0.2
0.2
0.2
0.2
0.2
0.2
0.2
0.2
0.397628
0.414985
0.418956
0.419297
0.416714
0.410545
0.399508
0.38031
0.338
0.242525
0.528797
0.526106
0.522577
0.518193
0.512891
0.506546
0.498944
0.489706
0.478034
0.46132
0.263722
0.207304
0.200437
0.200019
0.200001
0.2
0.2
0.2
0.2
0.2
0.2
0.2
0.2
0.2
0.2
0.2
0.2
0.2
0.2
0.2
0.393666
0.411733
0.41595
0.416423
0.413956
0.407897
0.396952
0.377716
0.33408
0.238192
0.523094
0.520494
0.517112
0.512918
0.507831
0.501707
0.49431
0.48523
0.473634
0.456843
0.263667
0.207375
0.200445
0.20002
0.200001
0.2
0.2
0.2
0.2
0.2
0.2
0.2
0.2
0.2
0.2
0.2
0.2
0.2
0.2
0.2
0.389714
0.408383
0.412881
0.413516
0.411198
0.405292
0.394496
0.375277
0.330235
0.234507
0.5176
0.515101
0.511882
0.507898
0.503054
0.497184
0.490022
0.481123
0.469603
0.452689
0.263854
0.207501
0.200457
0.20002
0.200001
0.2
0.2
0.2
0.2
0.2
0.2
0.2
0.2
0.2
0.2
0.2
0.2
0.2
0.2
0.2
0.385743
0.404883
0.409712
0.410554
0.408436
0.402747
0.392178
0.373047
0.326581
0.231598
0.51227
0.509885
0.506848
0.503105
0.49854
0.492968
0.486091
0.477418
0.465995
0.448921
0.264491
0.207741
0.200478
0.200021
0.200001
0.2
0.2
0.2
0.2
0.2
0.2
0.2
0.2
0.2
0.2
0.2
0.2
0.2
0.2
0.2
0.381722
0.401162
0.406391
0.407509
0.405661
0.400276
0.390035
0.37109
0.323288
0.229569
0.507056
0.5048
0.501971
0.498502
0.494264
0.48905
0.482531
0.474161
0.462893
0.445644
0.265919
0.208183
0.200515
0.200024
0.200001
0.2
0.2
0.2
0.2
0.2
0.2
0.2
0.2
0.2
0.2
0.2
0.2
0.2
0.2
0.2
0.377603
0.397115
0.402835
0.40433
0.402855
0.397888
0.388102
0.369475
0.320597
0.22851
0.501907
0.499799
0.497204
0.494047
0.49019
0.48541
0.479349
0.471405
0.460417
0.443036
0.268785
0.209011
0.200581
0.200027
0.200001
0.2
0.2
0.2
0.2
0.2
0.2
0.2
0.2
0.2
0.2
0.2
0.2
0.2
0.2
0.2
0.373325
0.392586
0.398913
0.400936
0.399979
0.395578
0.386404
0.368268
0.318796
0.228521
0.496765
0.494822
0.492488
0.489681
0.486261
0.482001
0.476527
0.469193
0.458716
0.441399
0.274624
0.210648
0.200705
0.200032
0.200001
0.2
0.2
0.2
0.2
0.2
0.2
0.2
0.2
0.2
0.2
0.2
0.2
0.2
0.2
0.2
0.368792
0.387324
0.394405
0.397182
0.396947
0.393306
0.384936
0.367518
0.318197
0.229726
0.491561
0.489802
0.48775
0.485325
0.482393
0.478737
0.473992
0.467509
0.457933
0.441224
0.287954
0.2143
0.200963
0.200042
0.200001
0.2
0.2
0.2
0.2
0.2
0.2
0.2
0.2
0.2
0.2
0.2
0.2
0.2
0.2
0.2
0.363856
0.380905
0.388923
0.392797
0.39359
0.390969
0.383641
0.367228
0.319056
0.232282
0.486214
0.484654
0.482897
0.480872
0.47846
0.47547
0.471582
0.466206
0.458073
0.443176
0.321622
0.22324
0.201482
0.200058
0.200001
0.2
0.2
0.2
0.2
0.2
0.2
0.2
0.2
0.2
0.2
0.2
0.2
0.2
0.2
0.2
0.358251
0.37261
0.381781
0.387271
0.389566
0.388341
0.382369
0.367318
0.321423
0.236426
0.480623
0.479269
0.47781
0.476183
0.474291
0.471982
0.469005
0.464912
0.458744
0.447526
0.443039
0.437538
0.432372
0.427495
0.422833
0.418347
0.414008
0.409789
0.405668
0.401621
0.397627
0.393666
0.389713
0.385743
0.381721
0.377603
0.373325
0.368792
0.363856
0.358251
0.354973
0.36287
0.37244
0.379908
0.384292
0.384996
0.380815
0.367572
0.324962
0.242225
0.474656
0.473511
0.472336
0.471083
0.469674
0.467993
0.465854
0.462942
0.458657
0.451587
0.447628
0.444054
0.440636
0.437308
0.434042
0.430825
0.427643
0.424485
0.421336
0.418176
0.414984
0.411732
0.408382
0.404882
0.401161
0.397115
0.392586
0.387324
0.380905
0.37261
0.36287
0.360408
0.364884
0.371756
0.377614
0.380454
0.378507
0.367591
0.329192
0.249561
0.468136
0.467193
0.466281
0.465359
0.464367
0.463214
0.461765
0.459803
0.456977
0.452711
0.449139
0.44588
0.44276
0.43971
0.436701
0.433721
0.430761
0.427815
0.424872
0.421924
0.418956
0.415949
0.41288
0.409711
0.40639
0.402834
0.398913
0.394405
0.388923
0.381781
0.37244
0.364884
0.362745
0.365613
0.370625
0.374695
0.374971
0.366799
0.333382
0.258047
0.46081
0.460058
0.459378
0.458734
0.458078
0.457338
0.456407
0.455131
0.453297
0.450648
0.447816
0.444956
0.442094
0.439233
0.436376
0.433523
0.430676
0.427833
0.424993
0.422149
0.419296
0.416422
0.413515
0.410554
0.407508
0.404329
0.400936
0.397182
0.392796
0.387271
0.379908
0.371756
0.365613
0.363539
0.365257
0.368535
0.370073
0.364579
0.336602
0.266942
0.452292
0.451714
0.451229
0.450808
0.450407
0.449964
0.44939
0.448568
0.447352
0.445599
0.443454
0.441066
0.438528
0.435897
0.433209
0.430485
0.427742
0.424989
0.422231
0.419472
0.416713
0.413956
0.411197
0.408435
0.40566
0.402855
0.399978
0.396947
0.39359
0.389565
0.384292
0.377614
0.370625
0.365257
0.362913
0.363347
0.364281
0.360531
0.337872
0.275189
0.441942
0.441516
0.44119
0.440937
0.440714
0.440466
0.440113
0.439559
0.438693
0.437419
0.435745
0.433745
0.431504
0.429092
0.426562
0.423954
0.421296
0.418611
0.415914
0.413221
0.410543
0.407896
0.405291
0.402747
0.400275
0.397887
0.395577
0.393305
0.390969
0.388341
0.384996
0.380454
0.374695
0.368535
0.363347
0.360173
0.358557
0.354764
0.336451
0.281613
0.428581
0.428282
0.428078
0.427942
0.427832
0.427692
0.427452
0.427025
0.426323
0.42527
0.423844
0.422075
0.420021
0.417748
0.415313
0.412763
0.41014
0.407475
0.404797
0.402132
0.399507
0.396951
0.394495
0.392177
0.390034
0.388102
0.386403
0.384936
0.383641
0.382368
0.380814
0.378507
0.374971
0.370073
0.364281
0.358557
0.353621
0.347917
0.332218
0.285357
0.40944
0.409242
0.409128
0.409067
0.409018
0.408923
0.408712
0.408307
0.40763
0.406619
0.405243
0.403515
0.401478
0.399186
0.396698
0.394066
0.39134
0.388562
0.385773
0.383009
0.380309
0.377715
0.375276
0.373046
0.371089
0.369474
0.368267
0.367517
0.367228
0.367318
0.367572
0.36759
0.366799
0.364579
0.360531
0.354764
0.347917
0.33997
0.325477
0.286281
0.375116
0.37499
0.374943
0.374935
0.374914
0.374815
0.37456
0.374065
0.37325
0.37205
0.37043
0.368391
0.365958
0.363172
0.360091
0.356769
0.353252
0.349582
0.345793
0.34192
0.337999
0.33408
0.330235
0.32658
0.323288
0.320597
0.318796
0.318197
0.319056
0.321423
0.324961
0.329192
0.333382
0.336602
0.337872
0.336451
0.332218
0.325477
0.313838
0.283715
0.294648
0.294524
0.294493
0.294496
0.294457
0.294285
0.293874
0.293115
0.291904
0.290157
0.287826
0.2849
0.281407
0.277397
0.272939
0.268114
0.263016
0.257761
0.252484
0.247347
0.242524
0.238192
0.234506
0.231598
0.229569
0.22851
0.228521
0.229726
0.232282
0.236426
0.242225
0.249561
0.258047
0.266942
0.275188
0.281613
0.285357
0.286281
0.283715
0.269367
0.799136
0.795842
0.784985
0.766111
0.743898
0.721768
0.701063
0.682141
0.664993
0.64949
0.635473
0.622778
0.611248
0.600735
0.5911
0.582219
0.573992
0.566335
0.559173
0.552442
0.546083
0.540044
0.534278
0.528736
0.523372
0.518138
0.512983
0.507849
0.502671
0.49737
0.491851
0.485993
0.479637
0.472565
0.464452
0.454766
0.442459
0.424773
0.392452
0.314245
0.795843
0.78907
0.774917
0.75545
0.734244
0.713435
0.693905
0.675923
0.659505
0.644565
0.630984
0.61863
0.60737
0.597071
0.587606
0.578865
0.570758
0.563207
0.556144
0.549505
0.543238
0.537295
0.53163
0.526199
0.52096
0.515866
0.510868
0.505911
0.500926
0.495832
0.490527
0.484883
0.478735
0.471855
0.463917
0.454385
0.442209
0.424634
0.392394
0.314201
0.784989
0.774917
0.759427
0.740894
0.721496
0.702494
0.684485
0.66771
0.652226
0.638008
0.624988
0.613076
0.602168
0.592152
0.582917
0.574373
0.566439
0.559045
0.552128
0.545632
0.539509
0.533716
0.528211
0.522956
0.517912
0.513038
0.508287
0.5036
0.498906
0.494114
0.489111
0.483755
0.477868
0.471219
0.463474
0.454099
0.442048
0.424571
0.392405
0.314235
0.766113
0.75545
0.740894
0.724292
0.707031
0.689965
0.673564
0.658067
0.643582
0.630141
0.61773
0.606302
0.595784
0.586085
0.577118
0.568808
0.561085
0.553885
0.547151
0.540834
0.534894
0.529291
0.523991
0.518963
0.514174
0.509589
0.505161
0.500835
0.49653
0.492143
0.48754
0.482556
0.476998
0.470622
0.463094
0.453882
0.441949
0.424557
0.39245
0.314295
0.743898
0.734243
0.721496
0.707031
0.691853
0.676618
0.661737
0.647456
0.633925
0.621227
0.6094
0.598442
0.588307
0.57893
0.570248
0.562193
0.554704
0.54772
0.541193
0.535081
0.529347
0.523961
0.518895
0.514128
0.509636
0.505392
0.501359
0.49748
0.493669
0.489804
0.48572
0.481214
0.476065
0.470018
0.462736
0.453696
0.441874
0.424552
0.39248
0.314311
0.721767
0.713435
0.702493
0.689965
0.676618
0.662989
0.649443
0.636229
0.623524
0.611455
0.600116
0.589554
0.579758
0.570688
0.562289
0.554496
0.547249
0.540494
0.534186
0.528288
0.52277
0.517608
0.512786
0.508293
0.504118
0.50025
0.496664
0.493314
0.490112
0.486913
0.483503
0.479615
0.474984
0.469336
0.462339
0.453486
0.441773
0.424503
0.392433
0.314197
0.701063
0.693905
0.684485
0.673564
0.661737
0.649443
0.637002
0.624648
0.612567
0.600926
0.589887
0.579588
0.57006
0.561264
0.553134
0.545599
0.538594
0.532069
0.525979
0.520291
0.514981
0.510033
0.505442
0.501208
0.497341
0.493849
0.490737
0.487982
0.485511
0.48316
0.480648
0.477582
0.473622
0.468475
0.461822
0.45318
0.441579
0.424347
0.392239
0.313858
0.682141
0.675923
0.66771
0.658067
0.647456
0.63623
0.624648
0.612908
0.601172
0.589624
0.578545
0.56831
0.558953
0.550387
0.542507
0.535218
0.528451
0.522148
0.516266
0.510772
0.505647
0.500881
0.49648
0.492457
0.488842
0.485677
0.483009
0.480872
0.479247
0.477988
0.476728
0.474813
0.471773
0.46729
0.461071
0.452687
0.441216
0.424014
0.39182
0.31319
0.664993
0.659505
0.652226
0.643582
0.633925
0.623524
0.612567
0.601172
0.589403
0.577361
0.565489
0.555019
0.545729
0.537357
0.529712
0.522667
0.516131
0.510039
0.504345
0.499017
0.494037
0.489399
0.485114
0.481208
0.477729
0.474754
0.472392
0.47078
0.470049
0.470195
0.470836
0.470737
0.469105
0.465575
0.459951
0.451907
0.440602
0.423433
0.391101
0.312099
0.64949
0.644565
0.638008
0.630141
0.621227
0.611455
0.600926
0.589624
0.577361
0.563675
0.548092
0.537065
0.527826
0.519673
0.512291
0.505506
0.499207
0.493319
0.487789
0.482584
0.477683
0.473082
0.468789
0.464834
0.461271
0.458197
0.455774
0.45428
0.454166
0.456051
0.460188
0.464038
0.465081
0.463094
0.458329
0.45075
0.439671
0.422547
0.390022
0.310508
0.635473
0.630984
0.624988
0.61773
0.6094
0.600116
0.589887
0.578545
0.565489
0.548091
0.259773
0.250979
0.257968
0.26276
0.265916
0.268041
0.269471
0.270408
0.270997
0.271358
0.271591
0.271804
0.272118
0.272686
0.273727
0.2756
0.278992
0.285568
0.300311
0.33673
0.455789
0.460267
0.461711
0.460443
0.456343
0.449228
0.438404
0.421331
0.388554
0.308376
0.622778
0.61863
0.613076
0.606302
0.598442
0.589553
0.579588
0.56831
0.555018
0.537064
0.250978
0.2067
0.205029
0.20608
0.206969
0.207646
0.208159
0.208542
0.208829
0.209045
0.209221
0.209385
0.209575
0.209837
0.210239
0.210902
0.212055
0.214244
0.219046
0.230702
0.450141
0.45683
0.458638
0.457773
0.454138
0.447413
0.436832
0.419796
0.386697
0.305698
0.611247
0.607369
0.602168
0.595784
0.588306
0.579757
0.57006
0.558953
0.545729
0.527825
0.257968
0.205029
0.200428
0.200305
0.200371
0.200431
0.200481
0.200521
0.200551
0.200576
0.200598
0.200618
0.200639
0.200665
0.200704
0.200767
0.200871
0.201062
0.201448
0.20224
0.444891
0.453556
0.455709
0.455111
0.451803
0.445388
0.435013
0.417982
0.384484
0.302501
0.600734
0.59707
0.592151
0.586084
0.57893
0.570688
0.561264
0.550387
0.537357
0.519673
0.262761
0.20608
0.200305
0.200022
0.200015
0.200018
0.200021
0.200023
0.200025
0.200027
0.200028
0.200029
0.200031
0.200033
0.200035
0.200038
0.200043
0.200052
0.200069
0.200096
0.440006
0.450393
0.452863
0.452465
0.449397
0.443219
0.433005
0.415939
0.381962
0.298836
0.591099
0.587605
0.582917
0.577118
0.570247
0.562288
0.553134
0.542506
0.529711
0.512291
0.265916
0.206969
0.200371
0.200015
0.200001
0.2
0.200001
0.200001
0.200001
0.200001
0.200001
0.200001
0.200001
0.200001
0.200001
0.200001
0.200001
0.200002
0.200002
0.200003
0.435388
0.447317
0.450075
0.449839
0.446952
0.44096
0.430865
0.413719
0.379185
0.294764
0.582218
0.578864
0.574373
0.568808
0.562192
0.554496
0.545599
0.535218
0.522666
0.505506
0.268042
0.207646
0.200431
0.200018
0.2
0.2
0.2
0.2
0.2
0.2
0.2
0.2
0.2
0.2
0.2
0.2
0.2
0.2
0.2
0.2
0.430987
0.444312
0.447334
0.447234
0.444493
0.438647
0.428636
0.411369
0.376209
0.290352
0.573991
0.570757
0.566439
0.561084
0.554703
0.547249
0.538594
0.528451
0.51613
0.499206
0.269471
0.208159
0.200481
0.200021
0.200001
0.2
0.2
0.2
0.2
0.2
0.2
0.2
0.2
0.2
0.2
0.2
0.2
0.2
0.2
0.2
0.426767
0.441366
0.444631
0.444652
0.442035
0.436309
0.426356
0.408933
0.373083
0.28567
0.566333
0.563206
0.559045
0.553884
0.547719
0.540493
0.532068
0.522147
0.510038
0.493318
0.270408
0.208542
0.200521
0.200023
0.200001
0.2
0.2
0.2
0.2
0.2
0.2
0.2
0.2
0.2
0.2
0.2
0.2
0.2
0.2
0.2
0.422699
0.438463
0.441959
0.442094
0.439587
0.433966
0.424054
0.406446
0.369858
0.280791
0.559172
0.556143
0.552128
0.54715
0.541192
0.534185
0.525978
0.516265
0.504344
0.487788
0.270998
0.208829
0.200551
0.200025
0.200001
0.2
0.2
0.2
0.2
0.2
0.2
0.2
0.2
0.2
0.2
0.2
0.2
0.2
0.2
0.2
0.418756
0.435589
0.43931
0.439556
0.437157
0.431635
0.421756
0.403946
0.36658
0.275801
0.55244
0.549504
0.545632
0.540834
0.53508
0.528287
0.52029
0.510771
0.499016
0.482583
0.271358
0.209045
0.200576
0.200027
0.200001
0.2
0.2
0.2
0.2
0.2
0.2
0.2
0.2
0.2
0.2
0.2
0.2
0.2
0.2
0.2
0.414916
0.432724
0.436674
0.437036
0.434748
0.429331
0.419485
0.401464
0.363295
0.270805
0.546082
0.543237
0.539509
0.534893
0.529346
0.522768
0.51498
0.505645
0.494036
0.477683
0.271591
0.209221
0.200598
0.200028
0.200001
0.2
0.2
0.2
0.2
0.2
0.2
0.2
0.2
0.2
0.2
0.2
0.2
0.2
0.2
0.2
0.411157
0.429847
0.434039
0.434529
0.432364
0.427065
0.417264
0.39904
0.360055
0.265932
0.540043
0.537294
0.533715
0.52929
0.523959
0.517606
0.510032
0.50088
0.489398
0.473081
0.271804
0.209385
0.200618
0.200029
0.200001
0.2
0.2
0.2
0.2
0.2
0.2
0.2
0.2
0.2
0.2
0.2
0.2
0.2
0.2
0.2
0.407458
0.42693
0.43139
0.432027
0.430006
0.42485
0.415119
0.396716
0.356921
0.261344
0.534277
0.531629
0.52821
0.52399
0.518894
0.512785
0.505441
0.496478
0.485113
0.468788
0.272118
0.209576
0.200639
0.200031
0.200001
0.2
0.2
0.2
0.2
0.2
0.2
0.2
0.2
0.2
0.2
0.2
0.2
0.2
0.2
0.2
0.403794
0.423936
0.428702
0.429519
0.427674
0.422698
0.413079
0.394541
0.35397
0.257229
0.528735
0.526198
0.522955
0.518962
0.514127
0.508291
0.501207
0.492456
0.481207
0.464833
0.272686
0.209837
0.200665
0.200033
0.200001
0.2
0.2
0.2
0.2
0.2
0.2
0.2
0.2
0.2
0.2
0.2
0.2
0.2
0.2
0.2
0.400142
0.420817
0.425945
0.426988
0.425367
0.420623
0.411176
0.392578
0.3513
0.253798
0.523371
0.520958
0.517911
0.514173
0.509635
0.504117
0.497339
0.488841
0.477728
0.46127
0.273727
0.210239
0.200704
0.200035
0.200001
0.2
0.2
0.2
0.2
0.2
0.2
0.2
0.2
0.2
0.2
0.2
0.2
0.2
0.2
0.2
0.396474
0.417503
0.42307
0.42441
0.423076
0.418637
0.409446
0.390899
0.349039
0.251266
0.518137
0.515864
0.513037
0.509587
0.505391
0.500248
0.493848
0.485676
0.474753
0.458196
0.2756
0.210902
0.200767
0.200038
0.200001
0.2
0.2
0.2
0.2
0.2
0.2
0.2
0.2
0.2
0.2
0.2
0.2
0.2
0.2
0.2
0.392755
0.413896
0.42
0.421739
0.420784
0.416746
0.407924
0.389584
0.347348
0.249839
0.512982
0.510867
0.508285
0.50516
0.501358
0.496663
0.490735
0.483008
0.472391
0.455773
0.278992
0.212055
0.200871
0.200043
0.200001
0.2
0.2
0.2
0.2
0.2
0.2
0.2
0.2
0.2
0.2
0.2
0.2
0.2
0.2
0.2
0.388941
0.409844
0.416612
0.4189
0.418451
0.414941
0.406639
0.388712
0.346418
0.24971
0.507848
0.505909
0.503598
0.500833
0.497478
0.493313
0.487981
0.480871
0.470779
0.454278
0.285568
0.214244
0.201062
0.200052
0.200002
0.2
0.2
0.2
0.2
0.2
0.2
0.2
0.2
0.2
0.2
0.2
0.2
0.2
0.2
0.2
0.384966
0.405105
0.412687
0.415751
0.415997
0.413183
0.405592
0.388344
0.346424
0.251049
0.50267
0.500924
0.498904
0.496529
0.493668
0.490111
0.485509
0.479246
0.470047
0.454165
0.300311
0.219046
0.201448
0.200069
0.200002
0.2
0.2
0.2
0.2
0.2
0.2
0.2
0.2
0.2
0.2
0.2
0.2
0.2
0.2
0.2
0.380736
0.399262
0.407838
0.41202
0.413252
0.411374
0.404737
0.388497
0.347501
0.254024
0.497369
0.49583
0.494112
0.492141
0.489803
0.486911
0.483159
0.477986
0.470193
0.45605
0.336729
0.230702
0.20224
0.200096
0.200003
0.2
0.2
0.2
0.2
0.2
0.2
0.2
0.2
0.2
0.2
0.2
0.2
0.2
0.2
0.2
0.376098
0.391611
0.401364
0.407187
0.409873
0.409292
0.403937
0.389105
0.349701
0.258682
0.491849
0.490525
0.489109
0.487538
0.485718
0.483501
0.480647
0.476727
0.470834
0.460186
0.455788
0.45014
0.44489
0.440004
0.435387
0.430986
0.426766
0.422698
0.418756
0.414916
0.411157
0.407457
0.403794
0.400142
0.396474
0.392755
0.38894
0.384966
0.380736
0.376098
0.373712
0.382486
0.392665
0.400515
0.405265
0.406518
0.402899
0.389968
0.352931
0.265021
0.485991
0.484882
0.483753
0.482555
0.481213
0.479614
0.47758
0.474811
0.470736
0.464037
0.460266
0.456829
0.453555
0.450392
0.447316
0.444311
0.441364
0.438462
0.435588
0.432723
0.429846
0.426929
0.423935
0.420816
0.417503
0.413896
0.409844
0.405105
0.399262
0.391611
0.382487
0.380685
0.385734
0.393029
0.399255
0.402573
0.401159
0.390699
0.3569
0.272903
0.479635
0.478733
0.477866
0.476996
0.476064
0.474982
0.47362
0.471772
0.469104
0.465079
0.46171
0.458637
0.455708
0.452862
0.450074
0.447332
0.444629
0.441957
0.439308
0.436673
0.434038
0.431389
0.428701
0.425944
0.423069
0.42
0.416611
0.412687
0.407838
0.401364
0.392665
0.385734
0.384174
0.387521
0.392937
0.397453
0.398256
0.390733
0.361069
0.282008
0.472563
0.471854
0.471217
0.47062
0.470016
0.469334
0.468474
0.467288
0.465574
0.463093
0.460442
0.457771
0.45511
0.452464
0.449837
0.447233
0.444651
0.442092
0.439555
0.437035
0.434528
0.432026
0.429518
0.426988
0.424409
0.421739
0.4189
0.41575
0.412019
0.407186
0.400515
0.393029
0.387521
0.386026
0.388248
0.392007
0.394095
0.389456
0.364638
0.291763
0.46445
0.463915
0.463472
0.463092
0.462734
0.462338
0.46182
0.461069
0.459949
0.458327
0.456342
0.454136
0.451802
0.449395
0.446951
0.444492
0.442034
0.439586
0.437155
0.434747
0.432363
0.430005
0.427673
0.425366
0.423075
0.420783
0.418451
0.415997
0.413252
0.409873
0.405265
0.399255
0.392937
0.388248
0.386569
0.387622
0.38919
0.386466
0.366613
0.301259
0.454764
0.454383
0.454097
0.453881
0.453694
0.453484
0.453178
0.452686
0.451905
0.450749
0.449226
0.447412
0.445386
0.443218
0.440958
0.438645
0.436307
0.433965
0.431634
0.42933
0.427064
0.424849
0.422697
0.420623
0.418637
0.416745
0.41494
0.413183
0.411373
0.409292
0.406518
0.402573
0.397453
0.392007
0.387622
0.385278
0.384467
0.381805
0.366025
0.30921
0.442457
0.442208
0.442046
0.441947
0.441873
0.441771
0.441577
0.441214
0.4406
0.43967
0.438403
0.436831
0.435011
0.433004
0.430863
0.428635
0.426355
0.424053
0.421755
0.419484
0.417263
0.415119
0.413078
0.411175
0.409445
0.407924
0.406638
0.405591
0.404737
0.403937
0.402899
0.401159
0.398256
0.394095
0.38919
0.384467
0.380513
0.375917
0.3623
0.314188
0.424772
0.424633
0.42457
0.424556
0.42455
0.424501
0.424346
0.424013
0.423432
0.422546
0.421329
0.419795
0.417981
0.415938
0.413718
0.411368
0.408932
0.406445
0.403945
0.401464
0.39904
0.396715
0.39454
0.392578
0.390899
0.389584
0.388711
0.388344
0.388497
0.389105
0.389967
0.390699
0.390732
0.389456
0.386466
0.381805
0.375917
0.368717
0.355342
0.31519
0.392451
0.392393
0.392404
0.392449
0.392479
0.392432
0.392238
0.391819
0.3911
0.390021
0.388553
0.386696
0.384483
0.381961
0.379185
0.376208
0.373083
0.369857
0.366579
0.363294
0.360055
0.356921
0.353969
0.351299
0.349039
0.347348
0.346417
0.346424
0.347501
0.349701
0.352931
0.3569
0.361069
0.364637
0.366613
0.366025
0.3623
0.355342
0.343039
0.311104
0.314245
0.314201
0.314235
0.314295
0.31431
0.314197
0.313858
0.31319
0.312099
0.310508
0.308376
0.305697
0.302501
0.298836
0.294764
0.290352
0.285669
0.280791
0.275801
0.270805
0.265932
0.261344
0.257229
0.253798
0.251266
0.249839
0.24971
0.251048
0.254024
0.258682
0.265021
0.272903
0.282008
0.291763
0.301258
0.309209
0.314188
0.31519
0.311104
0.293584
0.799999
0.799881
0.796793
0.783719
0.762306
0.738788
0.716334
0.695848
0.677418
0.660891
0.64606
0.632719
0.620674
0.609752
0.599797
0.590665
0.582236
0.574411
0.567108
0.560257
0.553796
0.547669
0.541824
0.536215
0.530792
0.525506
0.520307
0.515136
0.509928
0.504606
0.499076
0.493221
0.486887
0.479862
0.471832
0.462265
0.450083
0.432541
0.400895
0.324439
0.79988
0.798595
0.791024
0.774152
0.752325
0.72986
0.70863
0.689184
0.67157
0.655673
0.641328
0.628366
0.616622
0.605941
0.596179
0.587205
0.578909
0.5712
0.564004
0.557255
0.550894
0.54487
0.539135
0.533644
0.528352
0.523215
0.518181
0.513194
0.508187
0.503078
0.497768
0.492131
0.486007
0.479178
0.471324
0.461912
0.449863
0.43243
0.400862
0.324426
0.796797
0.791026
0.778069
0.759445
0.738665
0.718002
0.698456
0.680375
0.663821
0.648739
0.635025
0.622559
0.61121
0.60085
0.591349
0.582592
0.574485
0.566947
0.559911
0.553315
0.547108
0.541243
0.535678
0.530372
0.525287
0.520378
0.515598
0.510889
0.506179
0.501378
0.496374
0.491028
0.485168
0.478569
0.470909
0.461654
0.449731
0.432394
0.400895
0.324482
0.783724
0.774154
0.759445
0.741714
0.722962
0.704413
0.686688
0.670067
0.65465
0.640448
0.627422
0.615502
0.604596
0.594597
0.585396
0.576896
0.569018
0.56169
0.554851
0.548448
0.542435
0.536773
0.531424
0.526356
0.521536
0.516925
0.512479
0.508139
0.503825
0.499434
0.494832
0.48986
0.484328
0.478003
0.470558
0.461466
0.449661
0.432406
0.40096
0.32456
0.762308
0.752325
0.738665
0.722962
0.706469
0.689992
0.674005
0.658776
0.644448
0.631093
0.618732
0.607348
0.596883
0.587251
0.578364
0.570143
0.562518
0.555425
0.548809
0.542624
0.536831
0.531398
0.526296
0.521501
0.516989
0.512731
0.508689
0.504805
0.500992
0.497127
0.493047
0.488554
0.483431
0.477431
0.470231
0.461309
0.449615
0.432427
0.401009
0.324594
0.738788
0.729859
0.718001
0.704413
0.689992
0.675352
0.660897
0.646892
0.633513
0.620884
0.609091
0.598173
0.588102
0.578815
0.570239
0.562304
0.554943
0.548096
0.541715
0.535759
0.530196
0.525001
0.520156
0.515648
0.511466
0.507595
0.504011
0.500664
0.497467
0.494273
0.49087
0.486994
0.482387
0.476784
0.469867
0.46113
0.449542
0.432404
0.400982
0.324502
0.716333
0.708629
0.698454
0.686688
0.674005
0.660897
0.647713
0.6347
0.622052
0.609939
0.598525
0.587934
0.578175
0.569195
0.560916
0.553263
0.546166
0.539568
0.533421
0.527691
0.522352
0.517385
0.512784
0.508549
0.504687
0.501205
0.498104
0.495362
0.492903
0.490562
0.488059
0.485004
0.481066
0.475961
0.469383
0.460856
0.449379
0.432275
0.400811
0.324191
0.695846
0.689182
0.680373
0.670066
0.658776
0.646892
0.6347
0.622411
0.610201
0.59826
0.586871
0.576392
0.566842
0.558122
0.550122
0.542742
0.535903
0.529546
0.523625
0.518105
0.512966
0.508198
0.503801
0.499791
0.496194
0.493051
0.490406
0.488292
0.486685
0.485438
0.484187
0.482281
0.479261
0.474816
0.46867
0.460398
0.449048
0.43197
0.40042
0.323563
0.677417
0.671568
0.663819
0.654649
0.644448
0.633512
0.622052
0.610201
0.598036
0.585662
0.573515
0.562837
0.553388
0.544894
0.537159
0.530047
0.523462
0.517337
0.511624
0.506289
0.501312
0.496689
0.492425
0.488549
0.485104
0.482166
0.479841
0.478261
0.477553
0.477712
0.478355
0.47826
0.476641
0.473146
0.46759
0.459656
0.44847
0.431419
0.399735
0.322529
0.66089
0.655671
0.648737
0.640448
0.631092
0.620883
0.609939
0.59826
0.585662
0.571665
0.55579
0.544592
0.535233
0.526995
0.519556
0.512734
0.506413
0.500517
0.494993
0.489806
0.484936
0.480376
0.476134
0.472238
0.46874
0.465733
0.463375
0.461933
0.461852
0.463736
0.467832
0.471647
0.472681
0.470718
0.466016
0.458544
0.447579
0.430565
0.3987
0.321016
0.646059
0.641327
0.635024
0.627422
0.618732
0.60909
0.598524
0.58687
0.573515
0.55579
0.261859
0.25316
0.260556
0.265685
0.269115
0.271483
0.273134
0.274281
0.275076
0.275637
0.276069
0.276483
0.276999
0.277773
0.27903
0.281134
0.284792
0.291742
0.307248
0.345129
0.463439
0.467923
0.469367
0.468122
0.464084
0.457072
0.446356
0.429383
0.397286
0.318987
0.632717
0.628365
0.622557
0.615501
0.607348
0.598172
0.587933
0.576392
0.562836
0.544591
0.253162
0.207297
0.205519
0.206703
0.207717
0.208506
0.20912
0.209595
0.209967
0.210265
0.21052
0.210765
0.21104
0.211396
0.211913
0.212722
0.214085
0.216626
0.222163
0.235525
0.457646
0.464508
0.466345
0.465509
0.461937
0.455314
0.444832
0.427886
0.395497
0.31644
0.620672
0.61662
0.611209
0.604595
0.596882
0.588101
0.578175
0.566841
0.553388
0.535232
0.260556
0.205519
0.200487
0.20035
0.200428
0.200502
0.200563
0.200615
0.200655
0.20069
0.200721
0.20075
0.200782
0.200822
0.200875
0.200957
0.201091
0.201331
0.201815
0.202813
0.452281
0.461259
0.46347
0.46291
0.459668
0.453351
0.443064
0.426111
0.393365
0.313404
0.609751
0.60594
0.600848
0.594596
0.58725
0.578814
0.569194
0.558122
0.544894
0.526994
0.265686
0.206703
0.20035
0.200026
0.200017
0.200022
0.200026
0.200029
0.200032
0.200034
0.200036
0.200038
0.20004
0.200042
0.200046
0.200051
0.200058
0.20007
0.200092
0.200126
0.447327
0.458132
0.460685
0.460332
0.457331
0.45125
0.44111
0.42411
0.390938
0.309932
0.599795
0.596178
0.591348
0.585394
0.578363
0.570238
0.560916
0.550121
0.537159
0.519556
0.269115
0.207717
0.200428
0.200017
0.200001
0.200001
0.200001
0.200001
0.200001
0.200001
0.200001
0.200001
0.200001
0.200001
0.200001
0.200002
0.200002
0.200002
0.200004
0.200004
0.442672
0.455104
0.457965
0.45778
0.454963
0.449063
0.439025
0.421934
0.388272
0.306085
0.590664
0.587204
0.582591
0.576895
0.570142
0.562303
0.553263
0.54274
0.530046
0.512733
0.271483
0.208507
0.200502
0.200022
0.200001
0.2
0.2
0.2
0.2
0.2
0.2
0.2
0.2
0.2
0.2
0.2
0.2
0.2
0.2
0.2
0.438256
0.452157
0.455298
0.455255
0.452586
0.446826
0.436853
0.419631
0.385423
0.30193
0.582235
0.578907
0.574483
0.569016
0.562517
0.554942
0.546165
0.535902
0.523461
0.506412
0.273134
0.20912
0.200563
0.200026
0.200001
0.2
0.2
0.2
0.2
0.2
0.2
0.2
0.2
0.2
0.2
0.2
0.2
0.2
0.2
0.2
0.434039
0.449278
0.452678
0.45276
0.450215
0.444567
0.43463
0.417243
0.382443
0.297534
0.57441
0.571199
0.566946
0.561688
0.555424
0.548095
0.539567
0.529545
0.517337
0.500516
0.274282
0.209595
0.200615
0.200029
0.200001
0.2
0.2
0.2
0.2
0.2
0.2
0.2
0.2
0.2
0.2
0.2
0.2
0.2
0.2
0.2
0.429987
0.446452
0.450095
0.450294
0.447859
0.442306
0.432385
0.414808
0.379384
0.292964
0.567107
0.564003
0.559909
0.55485
0.548808
0.541714
0.53342
0.523623
0.511623
0.494992
0.275076
0.209967
0.200655
0.200032
0.200001
0.2
0.2
0.2
0.2
0.2
0.2
0.2
0.2
0.2
0.2
0.2
0.2
0.2
0.2
0.2
0.426074
0.443661
0.447542
0.447856
0.445527
0.440061
0.430145
0.412364
0.376295
0.288294
0.560257
0.557254
0.553314
0.548447
0.542623
0.535757
0.52769
0.518104
0.506288
0.489805
0.275637
0.210265
0.20069
0.200034
0.200001
0.2
0.2
0.2
0.2
0.2
0.2
0.2
0.2
0.2
0.2
0.2
0.2
0.2
0.2
0.2
0.422276
0.440887
0.44501
0.445442
0.443222
0.437844
0.427932
0.409944
0.373226
0.283608
0.553795
0.550892
0.547107
0.542434
0.53683
0.530194
0.52235
0.512965
0.501311
0.484935
0.276069
0.21052
0.200721
0.200036
0.200001
0.2
0.2
0.2
0.2
0.2
0.2
0.2
0.2
0.2
0.2
0.2
0.2
0.2
0.2
0.2
0.41857
0.438107
0.442485
0.443048
0.440947
0.435668
0.425771
0.407587
0.37023
0.279012
0.547668
0.544868
0.541242
0.536771
0.531396
0.525
0.517384
0.508196
0.496688
0.480375
0.276483
0.210765
0.20075
0.200038
0.200001
0.2
0.2
0.2
0.2
0.2
0.2
0.2
0.2
0.2
0.2
0.2
0.2
0.2
0.2
0.2
0.414934
0.435292
0.439953
0.440667
0.438704
0.433547
0.423687
0.405337
0.367372
0.274638
0.541823
0.539133
0.535676
0.531423
0.526294
0.520155
0.512783
0.503799
0.492424
0.476133
0.276999
0.21104
0.200782
0.20004
0.200001
0.2
0.2
0.2
0.2
0.2
0.2
0.2
0.2
0.2
0.2
0.2
0.2
0.2
0.2
0.2
0.411346
0.432408
0.437391
0.438288
0.436493
0.431492
0.421712
0.403244
0.364725
0.270651
0.536213
0.533642
0.530371
0.526355
0.5215
0.515647
0.508548
0.499789
0.488547
0.472236
0.277773
0.211396
0.200822
0.200042
0.200001
0.2
0.2
0.2
0.2
0.2
0.2
0.2
0.2
0.2
0.2
0.2
0.2
0.2
0.2
0.2
0.407783
0.429403
0.434767
0.435895
0.434313
0.429519
0.419878
0.401371
0.362382
0.267249
0.53079
0.52835
0.525285
0.521534
0.516987
0.511464
0.504685
0.496193
0.485103
0.468739
0.27903
0.211913
0.200875
0.200046
0.200001
0.2
0.2
0.2
0.2
0.2
0.2
0.2
0.2
0.2
0.2
0.2
0.2
0.2
0.2
0.2
0.404217
0.426208
0.432033
0.433462
0.432158
0.427641
0.418226
0.399788
0.360461
0.264658
0.525505
0.523213
0.520376
0.516924
0.51273
0.507593
0.501203
0.49305
0.482165
0.465732
0.281134
0.212722
0.200957
0.200051
0.200002
0.2
0.2
0.2
0.2
0.2
0.2
0.2
0.2
0.2
0.2
0.2
0.2
0.2
0.2
0.2
0.400614
0.422724
0.429111
0.430946
0.43001
0.425868
0.416795
0.398576
0.359099
0.263115
0.520306
0.518179
0.515596
0.512478
0.508687
0.504009
0.498103
0.490405
0.479839
0.463374
0.284792
0.214085
0.201091
0.200058
0.200002
0.2
0.2
0.2
0.2
0.2
0.2
0.2
0.2
0.2
0.2
0.2
0.2
0.2
0.2
0.2
0.396932
0.418795
0.425874
0.428271
0.427833
0.424196
0.415618
0.397815
0.358449
0.262854
0.515135
0.513192
0.510887
0.508137
0.504803
0.500663
0.495361
0.48829
0.47826
0.461932
0.291742
0.216626
0.201331
0.20007
0.200002
0.2
0.2
0.2
0.2
0.2
0.2
0.2
0.2
0.2
0.2
0.2
0.2
0.2
0.2
0.2
0.393112
0.414175
0.4221
0.425291
0.425547
0.422594
0.414708
0.397571
0.358666
0.264088
0.509927
0.508184
0.506177
0.503824
0.50099
0.497465
0.492901
0.486683
0.477552
0.461851
0.307248
0.222163
0.201815
0.200092
0.200004
0.2
0.2
0.2
0.2
0.2
0.2
0.2
0.2
0.2
0.2
0.2
0.2
0.2
0.2
0.2
0.389066
0.408436
0.417387
0.421728
0.422984
0.420967
0.414031
0.397873
0.359881
0.266972
0.504605
0.503076
0.501376
0.499432
0.497126
0.494271
0.49056
0.485436
0.47771
0.463735
0.345129
0.235525
0.202813
0.200126
0.200004
0.2
0.2
0.2
0.2
0.2
0.2
0.2
0.2
0.2
0.2
0.2
0.2
0.2
0.2
0.2
0.384663
0.400855
0.411009
0.417045
0.419794
0.419103
0.413463
0.398677
0.362161
0.271608
0.499075
0.497766
0.496372
0.494831
0.493046
0.490868
0.488057
0.484186
0.478353
0.467831
0.463438
0.457645
0.45228
0.447326
0.442672
0.438256
0.434038
0.429986
0.426074
0.422275
0.418569
0.414934
0.411346
0.407783
0.404216
0.400614
0.396932
0.393112
0.389066
0.384663
0.382515
0.391747
0.402341
0.410477
0.415367
0.41658
0.41273
0.39982
0.365464
0.278014
0.493219
0.492129
0.491026
0.489858
0.488552
0.486993
0.485002
0.48228
0.478258
0.471646
0.467921
0.464506
0.461258
0.458131
0.455102
0.452156
0.449277
0.446451
0.44366
0.440886
0.438106
0.435291
0.432407
0.429402
0.426207
0.422723
0.418795
0.414174
0.408435
0.400855
0.391747
0.390127
0.395481
0.403084
0.409532
0.41292
0.411385
0.400967
0.369591
0.28611
0.486885
0.486005
0.485166
0.484326
0.483429
0.482385
0.481064
0.479259
0.476639
0.472679
0.469365
0.466344
0.463469
0.460683
0.457963
0.455297
0.452676
0.450094
0.447541
0.445009
0.442484
0.439952
0.43739
0.434766
0.432032
0.42911
0.425874
0.4221
0.417386
0.411008
0.402341
0.395481
0.394109
0.397731
0.403428
0.408144
0.408997
0.401619
0.374138
0.295683
0.479861
0.479176
0.478567
0.478001
0.477429
0.476783
0.47596
0.474814
0.473144
0.470716
0.468121
0.465508
0.462909
0.460331
0.457778
0.455254
0.452759
0.450293
0.447855
0.445441
0.443047
0.440666
0.438287
0.435894
0.433461
0.430946
0.42827
0.42529
0.421728
0.417044
0.410477
0.403084
0.397731
0.396493
0.399054
0.40316
0.405525
0.401244
0.378472
0.306336
0.471831
0.471322
0.470907
0.470557
0.470229
0.469865
0.469382
0.468668
0.467588
0.466014
0.464082
0.461936
0.459666
0.45733
0.454962
0.452585
0.450213
0.447858
0.445526
0.44322
0.440945
0.438703
0.436492
0.434312
0.432157
0.430009
0.427832
0.425546
0.422983
0.419794
0.415366
0.409531
0.403428
0.399054
0.397819
0.399417
0.40156
0.399534
0.381764
0.317381
0.462263
0.46191
0.461652
0.461465
0.461308
0.461128
0.460854
0.460396
0.459655
0.458542
0.457071
0.455313
0.45335
0.451249
0.449061
0.446824
0.444565
0.442305
0.44006
0.437843
0.435667
0.433545
0.431491
0.429518
0.42764
0.425867
0.424196
0.422593
0.420967
0.419103
0.416579
0.41292
0.408144
0.40316
0.399417
0.397914
0.39809
0.396599
0.383127
0.327693
0.450082
0.449862
0.449729
0.449659
0.449613
0.449541
0.449378
0.449047
0.448469
0.447578
0.446355
0.444831
0.443062
0.441109
0.439024
0.436852
0.434629
0.432384
0.430144
0.427931
0.42577
0.423686
0.421711
0.419877
0.418225
0.416794
0.415618
0.414708
0.41403
0.413463
0.41273
0.411385
0.408996
0.405524
0.40156
0.39809
0.395665
0.392833
0.381845
0.335691
0.432539
0.432428
0.432392
0.432405
0.432425
0.432402
0.432274
0.431969
0.431417
0.430563
0.429382
0.427884
0.42611
0.424109
0.421933
0.419629
0.417241
0.414807
0.412362
0.409943
0.407586
0.405336
0.403243
0.40137
0.399787
0.398575
0.397814
0.397571
0.397873
0.398677
0.39982
0.400967
0.401618
0.401243
0.399534
0.396598
0.392833
0.38798
0.377429
0.339704
0.400894
0.400861
0.400894
0.400959
0.401007
0.400981
0.40081
0.400419
0.399734
0.398699
0.397285
0.395496
0.393364
0.390937
0.388271
0.385422
0.382442
0.379383
0.376294
0.373225
0.37023
0.367371
0.364724
0.362382
0.36046
0.359099
0.358448
0.358665
0.35988
0.36216
0.365464
0.369591
0.374138
0.378471
0.381764
0.383126
0.381845
0.377429
0.36759
0.337817
0.324439
0.324426
0.324482
0.32456
0.324593
0.324501
0.32419
0.323563
0.322528
0.321016
0.318987
0.316439
0.313404
0.309931
0.306085
0.30193
0.297534
0.292964
0.288293
0.283608
0.279012
0.274638
0.270651
0.267249
0.264658
0.263115
0.262854
0.264088
0.266972
0.271608
0.278014
0.28611
0.295683
0.306336
0.317381
0.327693
0.335691
0.339703
0.337817
0.321389
0.8
0.8
0.799472
0.792314
0.773793
0.750161
0.726727
0.705227
0.685937
0.668717
0.653334
0.63955
0.627152
0.615947
0.605765
0.596456
0.587885
0.579944
0.572543
0.565607
0.559072
0.55288
0.546978
0.541317
0.535847
0.530519
0.525282
0.520077
0.514838
0.509489
0.503935
0.49806
0.491712
0.484679
0.476646
0.467077
0.454901
0.437456
0.406446
0.33165
0.799999
0.799907
0.797186
0.784931
0.764176
0.741004
0.718703
0.69827
0.67984
0.663288
0.648421
0.635042
0.622965
0.612018
0.602045
0.592907
0.584479
0.576662
0.569375
0.562547
0.556118
0.550035
0.544248
0.538711
0.533379
0.528205
0.523139
0.518123
0.513091
0.50796
0.50263
0.496977
0.490842
0.484006
0.476151
0.466738
0.454695
0.437359
0.406426
0.331654
0.799472
0.797188
0.78839
0.771409
0.750277
0.728614
0.708031
0.689052
0.671761
0.656085
0.641896
0.629048
0.617395
0.606792
0.597103
0.588199
0.579973
0.572336
0.565217
0.558551
0.552283
0.546367
0.540757
0.535412
0.530292
0.525353
0.520547
0.515815
0.511085
0.506266
0.501245
0.495886
0.490016
0.483413
0.475752
0.466497
0.454578
0.437336
0.406469
0.331724
0.79232
0.784936
0.77141
0.753478
0.733865
0.714322
0.695681
0.678279
0.662219
0.647494
0.634045
0.621785
0.610608
0.600397
0.591032
0.582403
0.574419
0.567004
0.560092
0.553628
0.547563
0.541857
0.536471
0.531372
0.526525
0.521891
0.517425
0.513067
0.508738
0.504332
0.499718
0.494735
0.489195
0.482865
0.47542
0.466328
0.454524
0.437361
0.406542
0.331812
0.773801
0.76418
0.750279
0.733866
0.716496
0.699157
0.6824
0.666512
0.651634
0.637826
0.625097
0.613417
0.602719
0.592908
0.583881
0.575548
0.567831
0.560662
0.553983
0.547746
0.541911
0.536442
0.531311
0.526493
0.521962
0.517689
0.513634
0.509738
0.505914
0.50204
0.49795
0.493447
0.488317
0.482314
0.475113
0.466189
0.454495
0.437394
0.406599
0.331856
0.750168
0.741007
0.728615
0.714323
0.699157
0.683812
0.668724
0.654169
0.640324
0.627308
0.6152
0.604031
0.593768
0.584332
0.575638
0.567606
0.560166
0.553256
0.546822
0.540824
0.535227
0.530006
0.525141
0.520617
0.516424
0.512545
0.508954
0.505603
0.502401
0.499201
0.495792
0.491909
0.487296
0.481689
0.47477
0.466029
0.45444
0.437384
0.406584
0.331777
0.726732
0.718706
0.708033
0.695682
0.6824
0.668724
0.655021
0.641552
0.628512
0.61607
0.60439
0.593595
0.583679
0.574574
0.566195
0.558461
0.551298
0.544647
0.53846
0.532697
0.527333
0.522349
0.517736
0.513494
0.509628
0.506145
0.503046
0.500306
0.497847
0.495506
0.493
0.489941
0.485997
0.480889
0.474308
0.465775
0.454294
0.43727
0.406426
0.331486
0.70523
0.698271
0.689053
0.67828
0.666512
0.654169
0.641552
0.628882
0.61634
0.604122
0.592514
0.581868
0.572188
0.563364
0.555279
0.547833
0.540942
0.534545
0.528593
0.523051
0.517896
0.513119
0.508719
0.50471
0.501118
0.497982
0.495346
0.49324
0.49164
0.490398
0.489148
0.487241
0.484216
0.479766
0.473617
0.465338
0.453981
0.43698
0.406053
0.330889
0.685939
0.679841
0.671762
0.66222
0.651634
0.640324
0.628512
0.61634
0.603894
0.591286
0.57895
0.56813
0.558573
0.549994
0.542192
0.535029
0.528406
0.522253
0.51652
0.511173
0.506192
0.501569
0.497313
0.493447
0.490017
0.487095
0.484786
0.483223
0.482527
0.482693
0.483338
0.483242
0.481619
0.47812
0.47256
0.464618
0.453421
0.436445
0.405393
0.329899
0.668719
0.663288
0.656086
0.647494
0.637826
0.627308
0.61607
0.604122
0.591286
0.577075
0.560999
0.549681
0.540237
0.531935
0.52445
0.517594
0.511252
0.505344
0.499817
0.494636
0.489778
0.485237
0.48102
0.477153
0.473688
0.470716
0.468391
0.466977
0.466913
0.468797
0.472873
0.476669
0.47769
0.475718
0.47101
0.463527
0.452549
0.435609
0.404392
0.328448
0.653335
0.648422
0.641896
0.634045
0.625097
0.615199
0.60439
0.592514
0.57895
0.560999
0.263575
0.254935
0.26263
0.268012
0.271649
0.274201
0.276021
0.27733
0.27828
0.278994
0.279579
0.280145
0.280816
0.281748
0.283168
0.285442
0.289292
0.296491
0.312452
0.351039
0.468487
0.472967
0.474402
0.473149
0.469103
0.462078
0.451344
0.434447
0.403022
0.326501
0.639551
0.635043
0.629048
0.621785
0.613417
0.604031
0.593595
0.581868
0.56813
0.549681
0.254935
0.207792
0.205923
0.207214
0.208331
0.209213
0.209909
0.210461
0.210905
0.211272
0.211596
0.21191
0.212258
0.212695
0.213309
0.214241
0.215778
0.218599
0.224695
0.239251
0.462598
0.469558
0.471403
0.470562
0.466982
0.460342
0.449839
0.432973
0.401287
0.324056
0.627153
0.622965
0.617394
0.610608
0.602719
0.593768
0.583679
0.572187
0.558573
0.540236
0.26263
0.205923
0.200537
0.200388
0.200477
0.200561
0.200632
0.200693
0.200744
0.200787
0.200827
0.200866
0.200907
0.200956
0.201024
0.201123
0.201283
0.201566
0.202131
0.203295
0.457146
0.466316
0.468552
0.46799
0.464739
0.458402
0.44809
0.431224
0.399221
0.321146
0.615947
0.612017
0.606791
0.600396
0.592908
0.584331
0.574574
0.563363
0.549994
0.531935
0.268012
0.207214
0.200388
0.200029
0.200021
0.200025
0.200029
0.200033
0.200038
0.20004
0.200043
0.200046
0.200049
0.200052
0.200056
0.200062
0.200071
0.200085
0.200111
0.200153
0.452134
0.463201
0.465793
0.465441
0.46243
0.456325
0.446156
0.429252
0.396871
0.317822
0.605765
0.602045
0.597102
0.591031
0.583881
0.575637
0.566195
0.555279
0.542192
0.524449
0.27165
0.208331
0.200477
0.200021
0.200001
0.200001
0.200001
0.200001
0.200001
0.200001
0.200001
0.200001
0.200002
0.200002
0.200002
0.200002
0.200002
0.200004
0.200004
0.200005
0.447441
0.460192
0.463103
0.46292
0.460091
0.454161
0.444091
0.427108
0.394293
0.314147
0.596455
0.592906
0.588198
0.582402
0.575547
0.567605
0.55846
0.547832
0.535028
0.517594
0.274201
0.209213
0.200561
0.200025
0.200001
0.2
0.2
0.2
0.2
0.2
0.2
0.2
0.2
0.2
0.2
0.2
0.2
0.2
0.2
0.2
0.443001
0.457271
0.460471
0.460429
0.457744
0.451949
0.44194
0.424842
0.391543
0.310186
0.587885
0.584478
0.579972
0.574418
0.56783
0.560165
0.551298
0.540941
0.528405
0.511252
0.276021
0.209909
0.200632
0.200029
0.200001
0.2
0.2
0.2
0.2
0.2
0.2
0.2
0.2
0.2
0.2
0.2
0.2
0.2
0.2
0.2
0.438771
0.454422
0.457887
0.457971
0.455405
0.449715
0.439738
0.422495
0.388674
0.306004
0.579943
0.576661
0.572335
0.567003
0.560661
0.553255
0.544647
0.534544
0.522252
0.505344
0.27733
0.210461
0.200693
0.200033
0.200001
0.2
0.2
0.2
0.2
0.2
0.2
0.2
0.2
0.2
0.2
0.2
0.2
0.2
0.2
0.2
0.434716
0.45163
0.455345
0.455544
0.453084
0.447481
0.437517
0.420107
0.385738
0.301666
0.572542
0.569374
0.565216
0.560091
0.553983
0.546821
0.538459
0.528592
0.516519
0.499817
0.27828
0.210905
0.200744
0.200038
0.200001
0.2
0.2
0.2
0.2
0.2
0.2
0.2
0.2
0.2
0.2
0.2
0.2
0.2
0.2
0.2
0.430808
0.448878
0.452836
0.453147
0.450787
0.445263
0.435302
0.417714
0.382784
0.297241
0.565607
0.562546
0.55855
0.553627
0.547746
0.540823
0.532696
0.523049
0.511172
0.494635
0.278994
0.211272
0.200787
0.20004
0.200001
0.2
0.2
0.2
0.2
0.2
0.2
0.2
0.2
0.2
0.2
0.2
0.2
0.2
0.2
0.2
0.427021
0.446146
0.450351
0.450778
0.448519
0.443075
0.433117
0.415352
0.379862
0.292804
0.559072
0.556117
0.552282
0.547562
0.54191
0.535226
0.527332
0.517895
0.50619
0.489777
0.279579
0.211596
0.200827
0.200043
0.200001
0.2
0.2
0.2
0.2
0.2
0.2
0.2
0.2
0.2
0.2
0.2
0.2
0.2
0.2
0.2
0.423333
0.443411
0.447878
0.448431
0.446284
0.44093
0.430986
0.413057
0.377026
0.288448
0.552879
0.550034
0.546366
0.541856
0.536441
0.530005
0.522348
0.513118
0.501568
0.485236
0.280145
0.21191
0.200866
0.200046
0.200001
0.2
0.2
0.2
0.2
0.2
0.2
0.2
0.2
0.2
0.2
0.2
0.2
0.2
0.2
0.2
0.419722
0.440645
0.445399
0.4461
0.444082
0.438841
0.428936
0.410874
0.374338
0.284289
0.546977
0.544247
0.540755
0.53647
0.53131
0.52514
0.517735
0.508718
0.497311
0.481019
0.280816
0.212258
0.200907
0.200049
0.200002
0.2
0.2
0.2
0.2
0.2
0.2
0.2
0.2
0.2
0.2
0.2
0.2
0.2
0.2
0.2
0.416165
0.437811
0.442894
0.443774
0.441916
0.436821
0.426998
0.408852
0.371872
0.280472
0.541316
0.53871
0.535411
0.531371
0.526492
0.520616
0.513493
0.504709
0.493446
0.477152
0.281748
0.212695
0.200956
0.200052
0.200002
0.2
0.2
0.2
0.2
0.2
0.2
0.2
0.2
0.2
0.2
0.2
0.2
0.2
0.2
0.2
0.412639
0.434858
0.440329
0.441437
0.439784
0.434888
0.425205
0.407049
0.369717
0.27718
0.535846
0.533378
0.530291
0.526523
0.521961
0.516422
0.509627
0.501117
0.490016
0.473688
0.283168
0.213309
0.201024
0.200056
0.200002
0.2
0.2
0.2
0.2
0.2
0.2
0.2
0.2
0.2
0.2
0.2
0.2
0.2
0.2
0.2
0.409117
0.431716
0.437656
0.439065
0.437681
0.433054
0.423598
0.405536
0.36798
0.274626
0.530519
0.528204
0.525352
0.52189
0.517688
0.512543
0.506144
0.497981
0.487094
0.470716
0.285442
0.214241
0.201123
0.200062
0.200002
0.2
0.2
0.2
0.2
0.2
0.2
0.2
0.2
0.2
0.2
0.2
0.2
0.2
0.2
0.2
0.405567
0.428283
0.434798
0.436614
0.435591
0.431332
0.422217
0.40439
0.366787
0.273054
0.525281
0.523138
0.520546
0.517424
0.513632
0.508953
0.503045
0.495345
0.484785
0.46839
0.289292
0.215778
0.201283
0.200071
0.200002
0.2
0.2
0.2
0.2
0.2
0.2
0.2
0.2
0.2
0.2
0.2
0.2
0.2
0.2
0.2
0.401946
0.424403
0.431625
0.434007
0.433481
0.429721
0.421097
0.40369
0.36628
0.272709
0.520076
0.518122
0.515814
0.513066
0.509736
0.505602
0.500305
0.493239
0.483222
0.466977
0.296491
0.218599
0.201566
0.200085
0.200004
0.2
0.2
0.2
0.2
0.2
0.2
0.2
0.2
0.2
0.2
0.2
0.2
0.2
0.2
0.2
0.398197
0.419823
0.427911
0.431101
0.431272
0.428192
0.420253
0.403503
0.366602
0.273822
0.514837
0.513089
0.511084
0.508737
0.505913
0.502399
0.497846
0.491639
0.482526
0.466912
0.312452
0.224695
0.202131
0.200111
0.200004
0.2
0.2
0.2
0.2
0.2
0.2
0.2
0.2
0.2
0.2
0.2
0.2
0.2
0.2
0.2
0.394235
0.414111
0.423248
0.427613
0.428797
0.426657
0.419659
0.403862
0.367877
0.276578
0.509488
0.507958
0.506265
0.504331
0.502038
0.499199
0.495505
0.490397
0.482692
0.468796
0.351039
0.239251
0.203295
0.200153
0.200005
0.2
0.2
0.2
0.2
0.2
0.2
0.2
0.2
0.2
0.2
0.2
0.2
0.2
0.2
0.2
0.389949
0.406541
0.4169
0.423
0.425706
0.424907
0.419198
0.404735
0.370177
0.281103
0.503934
0.502629
0.501244
0.499716
0.497948
0.49579
0.492999
0.489147
0.483337
0.472872
0.468487
0.462597
0.457145
0.452133
0.44744
0.443001
0.43877
0.434715
0.430807
0.42702
0.423333
0.419721
0.416165
0.412639
0.409117
0.405567
0.401946
0.398197
0.394235
0.389949
0.387934
0.397429
0.408236
0.416485
0.421383
0.422522
0.418611
0.40598
0.373486
0.287448
0.498059
0.496976
0.495885
0.494733
0.493446
0.491908
0.48994
0.487239
0.483241
0.476668
0.472966
0.469557
0.466315
0.4632
0.460191
0.45727
0.454421
0.451629
0.448877
0.446145
0.44341
0.440645
0.43781
0.434858
0.431716
0.428283
0.424402
0.419823
0.414111
0.406541
0.397429
0.39591
0.40142
0.409152
0.41566
0.419032
0.417466
0.407297
0.377655
0.29558
0.491711
0.49084
0.490015
0.489193
0.488316
0.487294
0.485996
0.484215
0.481618
0.477689
0.474401
0.471402
0.468551
0.465792
0.463102
0.460469
0.457886
0.455344
0.452835
0.45035
0.447877
0.445398
0.442893
0.440328
0.437656
0.434798
0.431624
0.427911
0.423247
0.4169
0.408236
0.40142
0.400152
0.403901
0.409702
0.414472
0.41536
0.408235
0.382367
0.305374
0.484678
0.484005
0.483412
0.482864
0.482313
0.481688
0.480888
0.479765
0.478119
0.475717
0.473148
0.470561
0.467989
0.46544
0.462919
0.460428
0.45797
0.455543
0.453146
0.450777
0.44843
0.446099
0.443773
0.441436
0.439064
0.436613
0.434007
0.431101
0.427613
0.422999
0.416485
0.409152
0.403901
0.402808
0.405529
0.409784
0.412296
0.408343
0.38712
0.316596
0.476645
0.47615
0.475751
0.475419
0.475111
0.474768
0.474307
0.473616
0.472559
0.471009
0.469102
0.466981
0.464737
0.462429
0.46009
0.457743
0.455404
0.453083
0.450786
0.448518
0.446283
0.444082
0.441915
0.439783
0.43768
0.435591
0.43348
0.431271
0.428796
0.425706
0.421383
0.41566
0.409702
0.405529
0.404552
0.406449
0.408934
0.407426
0.391283
0.328825
0.467077
0.466737
0.466496
0.466326
0.466188
0.466028
0.465774
0.465337
0.464617
0.463526
0.462077
0.460341
0.458401
0.456324
0.45416
0.451948
0.449714
0.44748
0.445262
0.443074
0.440929
0.43884
0.436821
0.434887
0.433054
0.431332
0.429721
0.428192
0.426657
0.424906
0.422522
0.419032
0.414472
0.409784
0.406449
0.405484
0.406334
0.405746
0.394212
0.341304
0.4549
0.454693
0.454576
0.454522
0.454493
0.454438
0.454293
0.45398
0.45342
0.452547
0.451343
0.449838
0.448088
0.446154
0.44409
0.441938
0.439737
0.437516
0.435301
0.433116
0.430986
0.428936
0.426997
0.425204
0.423597
0.422216
0.421096
0.420253
0.419658
0.419198
0.418611
0.417466
0.41536
0.412296
0.408934
0.406334
0.405096
0.403825
0.395381
0.352702
0.437455
0.437358
0.437335
0.437359
0.437393
0.437383
0.437268
0.436979
0.436444
0.435608
0.434446
0.432971
0.431223
0.429251
0.427107
0.424841
0.422494
0.420106
0.417713
0.415351
0.413057
0.410873
0.408851
0.407049
0.405536
0.40439
0.40369
0.403503
0.403862
0.404735
0.40598
0.407297
0.408235
0.408342
0.407426
0.405746
0.403825
0.401422
0.394205
0.360977
0.406445
0.406425
0.406468
0.406541
0.406598
0.406583
0.406425
0.406052
0.405392
0.404391
0.403021
0.401287
0.39922
0.39687
0.394292
0.391542
0.388674
0.385738
0.382783
0.379861
0.377025
0.374338
0.371872
0.369716
0.367979
0.366787
0.366279
0.366602
0.367876
0.370177
0.373485
0.377655
0.382366
0.38712
0.391283
0.394212
0.39538
0.394205
0.388176
0.363125
0.331649
0.331654
0.331723
0.331811
0.331855
0.331777
0.331486
0.330889
0.329899
0.328448
0.3265
0.324056
0.321146
0.317822
0.314147
0.310186
0.306004
0.301666
0.297241
0.292804
0.288448
0.284289
0.280472
0.277179
0.274626
0.273053
0.272709
0.273822
0.276578
0.281103
0.287448
0.295579
0.305374
0.316596
0.328825
0.341304
0.352702
0.360977
0.363125
0.350155
)
;

boundaryField
{
    left
    {
        type            fixedValue;
        value           uniform 0;
    }
    right
    {
        type            fixedValue;
        value           uniform 0;
    }
    up
    {
        type            fixedValue;
        value           uniform 0;
    }
    down
    {
        type            fixedValue;
        value           uniform 0;
    }
    front
    {
        type            fixedValue;
        value           uniform 0;
    }
    back
    {
        type            fixedValue;
        value           uniform 0;
    }
}


// ************************************************************************* //
