/*--------------------------------*- C++ -*----------------------------------*\
| =========                 |                                                 |
| \\      /  F ield         | OpenFOAM: The Open Source CFD Toolbox           |
|  \\    /   O peration     | Version:  2.1.0                                 |
|   \\  /    A nd           | Web:      www.OpenFOAM.org                      |
|    \\/     M anipulation  |                                                 |
\*---------------------------------------------------------------------------*/
FoamFile
{
    version     2.0;
    format      ascii;
    class       volScalarField;
    location    "20075";
    object      so;
}
// * * * * * * * * * * * * * * * * * * * * * * * * * * * * * * * * * * * * * //

dimensions      [0 0 0 0 0 0 0];

internalField   nonuniform List<scalar> 
15000
(
0.2
0.20001
0.200619
0.204839
0.215108
0.229654
0.24571
0.261696
0.276979
0.291365
0.304826
0.317399
0.329142
0.340115
0.350375
0.359977
0.368972
0.377411
0.385339
0.392799
0.399831
0.406477
0.412775
0.418757
0.424449
0.429875
0.435059
0.440021
0.44478
0.449353
0.453755
0.458
0.462103
0.466078
0.469934
0.473683
0.477335
0.480898
0.484382
0.487793
0.491138
0.494426
0.49766
0.500848
0.503992
0.5071
0.510173
0.513215
0.516228
0.519213
0.522175
0.525111
0.528025
0.530915
0.533783
0.536627
0.539447
0.542244
0.545017
0.547765
0.55049
0.553193
0.555874
0.558535
0.561179
0.563807
0.566424
0.569032
0.571636
0.574241
0.576852
0.579475
0.582116
0.584784
0.587487
0.590234
0.593037
0.595907
0.598862
0.601918
0.6051
0.608435
0.611964
0.615738
0.61983
0.624343
0.62943
0.635317
0.642362
0.651139
0.662598
0.678292
0.700396
0.73005
0.761933
0.78458
0.794931
0.798487
0.799564
0.799876
0.799965
0.79999
0.799997
0.799999
0.8
0.8
0.8
0.8
0.8
0.8
0.8
0.8
0.8
0.8
0.8
0.8
0.8
0.8
0.8
0.8
0.8
0.8
0.8
0.8
0.8
0.8
0.8
0.8
0.8
0.8
0.8
0.8
0.8
0.8
0.8
0.8
0.8
0.8
0.8
0.8
0.8
0.8
0.8
0.8
0.8
0.8
0.8
0.8
0.8
0.8
0.200011
0.200227
0.202217
0.208985
0.220919
0.235739
0.251376
0.266761
0.281463
0.295343
0.30838
0.320605
0.33206
0.342794
0.352855
0.362291
0.371149
0.379473
0.387303
0.394678
0.40164
0.408227
0.414475
0.420412
0.426064
0.431455
0.436607
0.44154
0.446271
0.450815
0.455189
0.459408
0.463487
0.467436
0.471268
0.474993
0.47862
0.48216
0.485619
0.489006
0.492329
0.495593
0.498805
0.50197
0.505095
0.508182
0.511236
0.51426
0.517257
0.520228
0.523176
0.526102
0.529007
0.531891
0.534754
0.537595
0.540415
0.543213
0.545989
0.548743
0.551475
0.554186
0.556878
0.559551
0.562209
0.564852
0.567486
0.570113
0.572738
0.575366
0.578003
0.580655
0.58333
0.586035
0.58878
0.591574
0.59443
0.597362
0.600388
0.603527
0.606806
0.610259
0.613928
0.617876
0.622187
0.62698
0.632436
0.638823
0.64657
0.656366
0.669341
0.687262
0.712164
0.743367
0.772382
0.789718
0.796745
0.799039
0.799724
0.799921
0.799978
0.799994
0.799998
0.8
0.8
0.8
0.8
0.8
0.8
0.8
0.8
0.8
0.8
0.8
0.8
0.8
0.8
0.8
0.8
0.8
0.8
0.8
0.8
0.8
0.8
0.8
0.8
0.8
0.8
0.8
0.8
0.8
0.8
0.8
0.8
0.8
0.8
0.8
0.8
0.8
0.8
0.8
0.8
0.8
0.8
0.8
0.8
0.8
0.8
0.8
0.200604
0.202187
0.207101
0.216581
0.229493
0.243998
0.258833
0.273353
0.287276
0.300496
0.312988
0.324763
0.335848
0.346275
0.35608
0.365303
0.373981
0.382152
0.389852
0.397118
0.403986
0.410494
0.416672
0.422546
0.428141
0.433479
0.438581
0.443466
0.448149
0.452647
0.456978
0.461156
0.465194
0.469103
0.472894
0.47658
0.480169
0.48367
0.487091
0.490441
0.493728
0.496957
0.500134
0.503267
0.50636
0.509418
0.512445
0.515443
0.518417
0.521368
0.524299
0.52721
0.530103
0.532977
0.535833
0.538669
0.541488
0.544286
0.547064
0.549822
0.552561
0.55528
0.557982
0.560666
0.563335
0.565992
0.56864
0.571284
0.573927
0.576575
0.579234
0.581912
0.584615
0.587353
0.590135
0.592972
0.595878
0.598869
0.601962
0.60518
0.608553
0.612118
0.615927
0.620049
0.624583
0.629671
0.635523
0.642466
0.651016
0.662014
0.676822
0.697403
0.725207
0.756666
0.781186
0.7935
0.798004
0.799416
0.799833
0.799953
0.799987
0.799996
0.799999
0.8
0.8
0.8
0.8
0.8
0.8
0.8
0.8
0.8
0.8
0.8
0.8
0.8
0.8
0.8
0.8
0.8
0.8
0.8
0.8
0.8
0.8
0.8
0.8
0.8
0.8
0.8
0.8
0.8
0.8
0.8
0.8
0.8
0.8
0.8
0.8
0.8
0.8
0.8
0.8
0.8
0.8
0.8
0.8
0.8
0.8
0.8
0.204695
0.208806
0.216437
0.22727
0.240084
0.253749
0.267539
0.281058
0.294105
0.306584
0.318461
0.329726
0.340386
0.350459
0.359968
0.368941
0.377409
0.385401
0.392948
0.400083
0.40684
0.413252
0.419344
0.425139
0.430662
0.435931
0.440967
0.445787
0.450408
0.454847
0.45912
0.463241
0.467223
0.471076
0.474814
0.478447
0.481983
0.485431
0.488802
0.492102
0.49534
0.498521
0.501652
0.504741
0.507793
0.510811
0.513801
0.516766
0.51971
0.522635
0.525543
0.528435
0.531312
0.534174
0.53702
0.539852
0.542667
0.545465
0.548245
0.551008
0.553753
0.55648
0.55919
0.561884
0.564565
0.567234
0.569896
0.572554
0.575213
0.577879
0.580559
0.58326
0.58599
0.588757
0.591574
0.594451
0.597404
0.600449
0.603607
0.606902
0.610368
0.614048
0.617999
0.622304
0.627077
0.632487
0.638787
0.646374
0.655884
0.668356
0.685422
0.709092
0.739341
0.768975
0.787944
0.796078
0.798824
0.799659
0.799903
0.799973
0.799992
0.799998
0.799999
0.8
0.8
0.8
0.8
0.8
0.8
0.8
0.8
0.8
0.8
0.8
0.8
0.8
0.8
0.8
0.8
0.8
0.8
0.8
0.8
0.8
0.8
0.8
0.8
0.8
0.8
0.8
0.8
0.8
0.8
0.8
0.8
0.8
0.8
0.8
0.8
0.8
0.8
0.8
0.8
0.8
0.8
0.8
0.8
0.8
0.8
0.8
0.214632
0.220432
0.229073
0.239827
0.251824
0.264379
0.277038
0.289523
0.301671
0.313388
0.324623
0.33535
0.345558
0.355251
0.36444
0.373143
0.381381
0.389176
0.396555
0.403546
0.41018
0.416483
0.422476
0.42818
0.433617
0.438804
0.44376
0.448502
0.453047
0.457413
0.461614
0.465664
0.469575
0.473361
0.477032
0.480597
0.484067
0.48745
0.490757
0.493994
0.497169
0.50029
0.503364
0.506397
0.509395
0.512364
0.515308
0.518232
0.521138
0.52403
0.52691
0.529778
0.532636
0.535483
0.538319
0.541143
0.543955
0.546753
0.549536
0.552303
0.555055
0.55779
0.56051
0.563214
0.565906
0.568587
0.571261
0.573932
0.576607
0.579289
0.581987
0.584709
0.587463
0.590259
0.593109
0.596025
0.599023
0.602122
0.605345
0.608718
0.61228
0.616079
0.620184
0.624689
0.629729
0.635506
0.642332
0.650696
0.661394
0.675718
0.695571
0.722558
0.753868
0.779348
0.792706
0.797733
0.799333
0.799809
0.799946
0.799985
0.799996
0.799999
0.8
0.8
0.8
0.8
0.8
0.8
0.8
0.8
0.8
0.8
0.8
0.8
0.8
0.8
0.8
0.8
0.8
0.8
0.8
0.8
0.8
0.8
0.8
0.8
0.8
0.8
0.8
0.8
0.8
0.8
0.8
0.8
0.8
0.8
0.8
0.8
0.8
0.8
0.8
0.8
0.8
0.8
0.8
0.8
0.8
0.8
0.8
0.8
0.228693
0.23482
0.243193
0.253137
0.264038
0.275429
0.286981
0.29847
0.309749
0.320721
0.331321
0.341509
0.35126
0.360566
0.369427
0.377851
0.385849
0.39344
0.400643
0.407485
0.413989
0.420174
0.42606
0.431664
0.437004
0.442097
0.446961
0.451613
0.45607
0.46035
0.464465
0.468431
0.47226
0.475964
0.479555
0.48304
0.486431
0.489736
0.492965
0.496126
0.499225
0.502272
0.505275
0.50824
0.511174
0.514083
0.516971
0.519844
0.522706
0.525558
0.528404
0.531243
0.534078
0.536907
0.539731
0.542548
0.545356
0.548154
0.550941
0.553715
0.556475
0.559219
0.561949
0.564665
0.567368
0.570061
0.572748
0.575432
0.57812
0.580818
0.583533
0.586275
0.589052
0.591875
0.594757
0.597712
0.600757
0.603912
0.607201
0.610657
0.614321
0.618251
0.622525
0.627255
0.632605
0.638821
0.646287
0.655622
0.667836
0.684527
0.707723
0.737657
0.767595
0.78724
0.79582
0.798744
0.799637
0.799897
0.799971
0.799992
0.799998
0.799999
0.8
0.8
0.8
0.8
0.8
0.8
0.8
0.8
0.8
0.8
0.8
0.8
0.8
0.8
0.8
0.8
0.8
0.8
0.8
0.8
0.8
0.8
0.8
0.8
0.8
0.8
0.8
0.8
0.8
0.8
0.8
0.8
0.8
0.8
0.8
0.8
0.8
0.8
0.8
0.8
0.8
0.8
0.8
0.8
0.8
0.8
0.8
0.8
0.244173
0.249932
0.257551
0.266489
0.276286
0.286583
0.297115
0.307688
0.31816
0.328431
0.338427
0.348096
0.357404
0.366331
0.374868
0.383015
0.390776
0.398162
0.405192
0.411884
0.418256
0.424321
0.430095
0.435591
0.440827
0.445817
0.45058
0.455131
0.459489
0.463669
0.467687
0.471556
0.475291
0.478901
0.482399
0.485791
0.48909
0.492304
0.495441
0.49851
0.501521
0.504481
0.5074
0.510284
0.513141
0.515978
0.518799
0.521611
0.524418
0.527223
0.530028
0.532834
0.535642
0.538452
0.541262
0.54407
0.546876
0.549676
0.552468
0.55525
0.55802
0.560777
0.56352
0.566249
0.568966
0.571672
0.574371
0.577069
0.57977
0.582482
0.585214
0.587975
0.590775
0.593626
0.596542
0.599537
0.602631
0.605845
0.609206
0.612751
0.616529
0.620606
0.625076
0.630071
0.635793
0.642549
0.650822
0.66141
0.675603
0.695315
0.722208
0.753564
0.7792
0.792664
0.797727
0.799334
0.79981
0.799947
0.799985
0.799996
0.799999
0.8
0.8
0.8
0.8
0.8
0.8
0.8
0.8
0.8
0.8
0.8
0.8
0.8
0.8
0.8
0.8
0.8
0.8
0.8
0.8
0.8
0.8
0.8
0.8
0.8
0.8
0.8
0.8
0.8
0.8
0.8
0.8
0.8
0.8
0.8
0.8
0.8
0.8
0.8
0.8
0.8
0.8
0.8
0.8
0.8
0.8
0.8
0.8
0.8
0.259514
0.264717
0.27152
0.279502
0.288303
0.297633
0.307264
0.317019
0.326765
0.336398
0.345837
0.355023
0.363916
0.372485
0.380714
0.388596
0.396129
0.403322
0.410187
0.416737
0.42298
0.428926
0.434587
0.439974
0.445101
0.449983
0.454636
0.459077
0.463323
0.467392
0.4713
0.475061
0.478689
0.482194
0.485586
0.488874
0.492068
0.495176
0.498207
0.501172
0.504079
0.506937
0.509756
0.512544
0.51531
0.518061
0.520803
0.523543
0.526285
0.529034
0.53179
0.534557
0.537334
0.540121
0.542916
0.545716
0.54852
0.551324
0.554124
0.556918
0.559702
0.562475
0.565235
0.567981
0.570714
0.573436
0.57615
0.578861
0.581577
0.584303
0.587052
0.589833
0.592657
0.595539
0.598491
0.60153
0.604677
0.607956
0.611398
0.615045
0.618954
0.623203
0.627905
0.633224
0.639409
0.64685
0.656177
0.668428
0.685245
0.70869
0.738872
0.768677
0.787844
0.796062
0.798827
0.799664
0.799905
0.799974
0.799993
0.799998
0.799999
0.8
0.8
0.8
0.8
0.8
0.8
0.8
0.8
0.8
0.8
0.8
0.8
0.8
0.8
0.8
0.8
0.8
0.8
0.8
0.8
0.8
0.8
0.8
0.8
0.8
0.8
0.8
0.8
0.8
0.8
0.8
0.8
0.8
0.8
0.8
0.8
0.8
0.8
0.8
0.8
0.8
0.8
0.8
0.8
0.8
0.8
0.8
0.8
0.8
0.274087
0.27875
0.284826
0.291986
0.29994
0.308446
0.317304
0.326352
0.335462
0.34453
0.353472
0.362224
0.370738
0.37898
0.386927
0.394565
0.401891
0.40891
0.415627
0.422046
0.42817
0.434004
0.439557
0.444836
0.449854
0.454623
0.459159
0.46348
0.467605
0.471551
0.475337
0.478979
0.482488
0.485876
0.489151
0.492323
0.495399
0.498388
0.501299
0.504142
0.506929
0.509668
0.51237
0.515045
0.517703
0.520352
0.523
0.525653
0.528319
0.531
0.533699
0.53642
0.539161
0.541923
0.544701
0.547495
0.550299
0.553109
0.555922
0.558733
0.561537
0.564331
0.567114
0.569883
0.572637
0.575378
0.57811
0.580837
0.583567
0.58631
0.589077
0.59188
0.594731
0.597646
0.600639
0.603729
0.606937
0.610292
0.613828
0.617595
0.621661
0.626119
0.631108
0.636833
0.643612
0.651957
0.662705
0.677221
0.697501
0.725091
0.756535
0.781152
0.793513
0.798021
0.799427
0.799839
0.799955
0.799988
0.799997
0.799999
0.8
0.8
0.8
0.8
0.8
0.8
0.8
0.8
0.8
0.8
0.8
0.8
0.8
0.8
0.8
0.8
0.8
0.8
0.8
0.8
0.8
0.8
0.8
0.8
0.8
0.8
0.8
0.8
0.8
0.8
0.8
0.8
0.8
0.8
0.8
0.8
0.8
0.8
0.8
0.8
0.8
0.8
0.8
0.8
0.8
0.8
0.8
0.8
0.8
0.8
0.287693
0.291894
0.29737
0.303856
0.311116
0.31894
0.327154
0.335607
0.344177
0.352761
0.361273
0.369646
0.377829
0.385782
0.393479
0.400906
0.408056
0.414928
0.421519
0.427826
0.433847
0.439583
0.445039
0.450219
0.455131
0.459788
0.464203
0.468395
0.472386
0.476198
0.479849
0.483358
0.486737
0.489997
0.493145
0.496189
0.499134
0.501989
0.504763
0.507467
0.510113
0.512712
0.515277
0.51782
0.520349
0.522877
0.525412
0.527962
0.530535
0.533135
0.535767
0.538434
0.541134
0.543866
0.546628
0.549414
0.552221
0.555043
0.557875
0.560709
0.563541
0.566367
0.569182
0.571982
0.574764
0.577531
0.580286
0.583032
0.58578
0.588541
0.591329
0.594156
0.597039
0.599993
0.603036
0.606186
0.609467
0.612914
0.616566
0.620481
0.62474
0.629461
0.634815
0.64107
0.648645
0.658227
0.670951
0.688595
0.713218
0.744141
0.772846
0.789922
0.796822
0.799069
0.799737
0.799927
0.79998
0.799995
0.799999
0.8
0.8
0.8
0.8
0.8
0.8
0.8
0.8
0.8
0.8
0.8
0.8
0.8
0.8
0.8
0.8
0.8
0.8
0.8
0.8
0.8
0.8
0.8
0.8
0.8
0.8
0.8
0.8
0.8
0.8
0.8
0.8
0.8
0.8
0.8
0.8
0.8
0.8
0.8
0.8
0.8
0.8
0.8
0.8
0.8
0.8
0.8
0.8
0.8
0.8
0.8
0.300306
0.304132
0.30913
0.315083
0.32179
0.32907
0.336764
0.344735
0.352863
0.361047
0.369202
0.377258
0.385162
0.392874
0.400365
0.407622
0.414635
0.421393
0.427886
0.434107
0.44005
0.445711
0.451091
0.456188
0.461006
0.465555
0.469847
0.473904
0.477749
0.48141
0.484911
0.488272
0.491509
0.49463
0.49764
0.500544
0.503345
0.50605
0.508668
0.511211
0.513692
0.516127
0.51853
0.520913
0.52329
0.525672
0.528071
0.530496
0.532956
0.535459
0.53801
0.540611
0.543263
0.545962
0.548706
0.551488
0.554302
0.557142
0.56
0.562869
0.565741
0.568611
0.57147
0.57432
0.57716
0.579978
0.582765
0.585527
0.588289
0.591065
0.593871
0.596724
0.599643
0.602645
0.605748
0.608974
0.61235
0.615913
0.619712
0.623816
0.628325
0.633388
0.639229
0.646204
0.654888
0.666234
0.681788
0.703672
0.732831
0.763735
0.785358
0.795184
0.798566
0.799592
0.799886
0.799969
0.799992
0.799998
0.799999
0.8
0.8
0.8
0.8
0.8
0.8
0.8
0.8
0.8
0.8
0.8
0.8
0.8
0.8
0.8
0.8
0.8
0.8
0.8
0.8
0.8
0.8
0.8
0.8
0.8
0.8
0.8
0.8
0.8
0.8
0.8
0.8
0.8
0.8
0.8
0.8
0.8
0.8
0.8
0.8
0.8
0.8
0.8
0.8
0.8
0.8
0.8
0.8
0.8
0.8
0.8
0.311956
0.31549
0.320121
0.325666
0.33195
0.338813
0.346109
0.353708
0.361494
0.369366
0.377239
0.385046
0.392732
0.400257
0.407598
0.414735
0.421653
0.428335
0.434768
0.44094
0.446841
0.452465
0.457801
0.462845
0.467594
0.47205
0.476223
0.480136
0.483819
0.487308
0.490636
0.493832
0.496911
0.499882
0.502746
0.505499
0.508142
0.510678
0.513117
0.515471
0.517758
0.519996
0.522204
0.524396
0.526587
0.528792
0.531024
0.533295
0.535616
0.537999
0.54045
0.542972
0.545565
0.548227
0.550951
0.55373
0.556558
0.559424
0.562321
0.565239
0.568168
0.5711
0.574037
0.576982
0.579909
0.582806
0.585663
0.588467
0.59125
0.594041
0.596862
0.599738
0.60269
0.605741
0.608912
0.61223
0.615725
0.619437
0.623428
0.627783
0.632628
0.638158
0.644678
0.652682
0.662988
0.676945
0.696568
0.723577
0.755001
0.780254
0.793182
0.797927
0.799404
0.799834
0.799954
0.799988
0.799997
0.799999
0.8
0.8
0.8
0.8
0.8
0.8
0.8
0.8
0.8
0.8
0.8
0.8
0.8
0.8
0.8
0.8
0.8
0.8
0.8
0.8
0.8
0.8
0.8
0.8
0.8
0.8
0.8
0.8
0.8
0.8
0.8
0.8
0.8
0.8
0.8
0.8
0.8
0.8
0.8
0.8
0.8
0.8
0.8
0.8
0.8
0.8
0.8
0.8
0.8
0.8
0.8
0.8
0.322694
0.326009
0.33037
0.335619
0.341601
0.348169
0.355184
0.362521
0.370064
0.377714
0.385388
0.393019
0.400555
0.407961
0.415211
0.422282
0.429153
0.435807
0.442228
0.448403
0.454317
0.459958
0.465309
0.470355
0.47508
0.479475
0.483544
0.487305
0.4908
0.494083
0.497205
0.500207
0.50311
0.50592
0.508628
0.511222
0.513694
0.51604
0.51827
0.520399
0.522449
0.524447
0.526414
0.528371
0.530333
0.532317
0.534339
0.536415
0.538561
0.540792
0.543117
0.545541
0.548063
0.550679
0.553382
0.556163
0.559011
0.561916
0.564866
0.567852
0.570862
0.573886
0.57696
0.580039
0.583103
0.58613
0.589094
0.591984
0.594808
0.597628
0.600476
0.603385
0.606386
0.609504
0.612766
0.616204
0.619852
0.623763
0.628011
0.632709
0.638024
0.644224
0.651744
0.661303
0.674103
0.692013
0.717044
0.747918
0.775439
0.791089
0.797224
0.799193
0.799773
0.799937
0.799983
0.799995
0.799999
0.8
0.8
0.8
0.8
0.8
0.8
0.8
0.8
0.8
0.8
0.8
0.8
0.8
0.8
0.8
0.8
0.8
0.8
0.8
0.8
0.8
0.8
0.8
0.8
0.8
0.8
0.8
0.8
0.8
0.8
0.8
0.8
0.8
0.8
0.8
0.8
0.8
0.8
0.8
0.8
0.8
0.8
0.8
0.8
0.8
0.8
0.8
0.8
0.8
0.8
0.8
0.8
0.8
0.332573
0.33573
0.339909
0.344967
0.350762
0.357152
0.364003
0.371188
0.378592
0.386116
0.393678
0.401214
0.408678
0.416035
0.423257
0.430319
0.437201
0.443887
0.450362
0.456613
0.462622
0.46837
0.473831
0.479064
0.484111
0.488771
0.492813
0.49641
0.499656
0.50264
0.505457
0.508176
0.510831
0.513426
0.515939
0.518334
0.520585
0.52268
0.524623
0.526437
0.528155
0.529816
0.531451
0.533085
0.534737
0.536423
0.538161
0.539973
0.541882
0.543909
0.546066
0.54836
0.55079
0.553349
0.556027
0.558812
0.56169
0.564648
0.567674
0.570756
0.573882
0.577093
0.580354
0.583652
0.58696
0.590236
0.593419
0.59645
0.599336
0.602197
0.605081
0.608037
0.611106
0.614322
0.617718
0.621328
0.625198
0.629395
0.634018
0.639221
0.645244
0.652477
0.661575
0.673635
0.690399
0.713917
0.743755
0.772056
0.789414
0.796616
0.799
0.799715
0.799921
0.799978
0.799994
0.799998
0.8
0.8
0.8
0.8
0.8
0.8
0.8
0.8
0.8
0.8
0.8
0.8
0.8
0.8
0.8
0.8
0.8
0.8
0.8
0.8
0.8
0.8
0.8
0.8
0.8
0.8
0.8
0.8
0.8
0.8
0.8
0.8
0.8
0.8
0.8
0.8
0.8
0.8
0.8
0.8
0.8
0.8
0.8
0.8
0.8
0.8
0.8
0.8
0.8
0.8
0.8
0.8
0.8
0.8
0.34164
0.344696
0.348773
0.35374
0.35946
0.365793
0.3726
0.379751
0.387127
0.394628
0.402174
0.409705
0.417178
0.424557
0.431816
0.438934
0.445897
0.452693
0.459313
0.465746
0.471976
0.477977
0.48411
0.490366
0.496482
0.502234
0.507219
0.510575
0.513345
0.515706
0.51788
0.520013
0.522184
0.524396
0.526591
0.52868
0.530581
0.532254
0.5337
0.534953
0.536072
0.537131
0.538187
0.539274
0.54041
0.541609
0.54289
0.544284
0.545821
0.547532
0.549434
0.551535
0.553829
0.556304
0.558945
0.561732
0.564649
0.567678
0.570805
0.57402
0.577309
0.580759
0.584329
0.588024
0.591834
0.595694
0.599425
0.602796
0.605796
0.608711
0.611628
0.614629
0.617781
0.621134
0.624725
0.628594
0.6328
0.63744
0.64266
0.648689
0.655892
0.664875
0.676667
0.692896
0.715463
0.743999
0.771433
0.788828
0.796329
0.798891
0.799679
0.799909
0.799975
0.799993
0.799998
0.8
0.8
0.8
0.8
0.8
0.8
0.8
0.8
0.8
0.8
0.8
0.8
0.8
0.8
0.8
0.8
0.8
0.8
0.8
0.8
0.8
0.8
0.8
0.8
0.8
0.8
0.8
0.8
0.8
0.8
0.8
0.8
0.8
0.8
0.8
0.8
0.8
0.8
0.8
0.8
0.8
0.8
0.8
0.8
0.8
0.8
0.8
0.8
0.8
0.8
0.8
0.8
0.8
0.8
0.8
0.349939
0.352945
0.356998
0.361976
0.367738
0.374141
0.381037
0.388284
0.395755
0.403347
0.410981
0.418601
0.426162
0.433635
0.441003
0.448254
0.455385
0.462397
0.469292
0.476068
0.482718
0.489852
0.497528
0.505648
0.514254
0.522737
0.530473
0.534448
0.536408
0.537467
0.538272
0.539188
0.540419
0.541991
0.543765
0.545489
0.546905
0.547904
0.548472
0.548664
0.548606
0.548478
0.548411
0.548462
0.548639
0.548946
0.549397
0.550033
0.550905
0.552059
0.553519
0.555287
0.557349
0.559679
0.562248
0.565024
0.567982
0.571099
0.574361
0.577756
0.581342
0.585155
0.589236
0.593674
0.598574
0.603889
0.609102
0.613286
0.616497
0.619429
0.622292
0.625258
0.628467
0.632008
0.635928
0.640263
0.645101
0.650597
0.656991
0.664649
0.674141
0.686384
0.702755
0.724619
0.750828
0.774865
0.789918
0.796566
0.798927
0.799679
0.799907
0.799974
0.799993
0.799998
0.799999
0.8
0.8
0.8
0.8
0.8
0.8
0.8
0.8
0.8
0.8
0.8
0.8
0.8
0.8
0.8
0.8
0.8
0.8
0.8
0.8
0.8
0.8
0.8
0.8
0.8
0.8
0.8
0.8
0.8
0.8
0.8
0.8
0.8
0.8
0.8
0.8
0.8
0.8
0.8
0.8
0.8
0.8
0.8
0.8
0.8
0.8
0.8
0.8
0.8
0.8
0.8
0.8
0.8
0.8
0.8
0.357539
0.360563
0.364684
0.369771
0.375677
0.382241
0.3893
0.396787
0.404615
0.412427
0.420258
0.428054
0.435782
0.443427
0.450985
0.458464
0.46588
0.473254
0.480614
0.487987
0.495946
0.505267
0.516004
0.528068
0.54174
0.554745
0.56838
0.573264
0.573914
0.572178
0.570194
0.568758
0.568377
0.569184
0.570883
0.573918
0.575005
0.575134
0.574272
0.57249
0.570054
0.567518
0.565241
0.56332
0.561715
0.560366
0.559265
0.558468
0.558079
0.558186
0.558826
0.559988
0.561629
0.563692
0.566117
0.568847
0.571839
0.575061
0.578495
0.582137
0.586105
0.590474
0.59542
0.601284
0.608555
0.617342
0.626282
0.632059
0.635591
0.638256
0.640693
0.643318
0.646478
0.650392
0.655133
0.660699
0.667234
0.675017
0.684416
0.695847
0.709719
0.726337
0.745552
0.765622
0.782334
0.792584
0.797315
0.799112
0.799722
0.799916
0.799975
0.799993
0.799998
0.799999
0.8
0.8
0.8
0.8
0.8
0.8
0.8
0.8
0.8
0.8
0.8
0.8
0.8
0.8
0.8
0.8
0.8
0.8
0.8
0.8
0.8
0.8
0.8
0.8
0.8
0.8
0.8
0.8
0.8
0.8
0.8
0.8
0.8
0.8
0.8
0.8
0.8
0.8
0.8
0.8
0.8
0.8
0.8
0.8
0.8
0.8
0.8
0.8
0.8
0.8
0.8
0.8
0.8
0.8
0.8
0.8
0.364488
0.367612
0.371909
0.377242
0.383446
0.390335
0.397723
0.405509
0.413577
0.421607
0.43019
0.438283
0.446259
0.454158
0.462004
0.469832
0.477693
0.485647
0.493774
0.502184
0.513078
0.52678
0.543652
0.561206
0.581494
0.59623
0.614459
0.618678
0.61849
0.612621
0.607134
0.602943
0.600995
0.601859
0.607764
0.616754
0.620292
0.620167
0.617722
0.612832
0.605822
0.598652
0.592413
0.587199
0.582698
0.578614
0.574832
0.571453
0.568736
0.566905
0.566046
0.566119
0.567018
0.56861
0.570772
0.573398
0.57641
0.579754
0.583411
0.587392
0.591885
0.597083
0.603436
0.611855
0.623741
0.639412
0.655828
0.66337
0.667229
0.668638
0.669777
0.671474
0.67464
0.679965
0.687644
0.697191
0.708628
0.721836
0.736129
0.750271
0.763092
0.774092
0.783366
0.790827
0.795715
0.798271
0.799374
0.79979
0.799933
0.79998
0.799994
0.799998
0.799999
0.8
0.8
0.8
0.8
0.8
0.8
0.8
0.8
0.8
0.8
0.8
0.8
0.8
0.8
0.8
0.8
0.8
0.8
0.8
0.8
0.8
0.8
0.8
0.8
0.8
0.8
0.8
0.8
0.8
0.8
0.8
0.8
0.8
0.8
0.8
0.8
0.8
0.8
0.8
0.8
0.8
0.8
0.8
0.8
0.8
0.8
0.8
0.8
0.8
0.8
0.8
0.8
0.8
0.8
0.8
0.8
0.8
0.370828
0.374138
0.378737
0.384481
0.391177
0.398596
0.406512
0.414772
0.423217
0.431628
0.440422
0.449032
0.457885
0.46615
0.474409
0.482758
0.491304
0.500187
0.509608
0.521516
0.537348
0.559326
0.585049
0.604645
0.628222
0.634517
0.640819
0.693589
0.70827
0.63291
0.628756
0.625267
0.623919
0.626552
0.637468
0.652771
0.658208
0.660445
0.65997
0.655496
0.645098
0.6337
0.624304
0.616767
0.610094
0.603502
0.596667
0.589784
0.583564
0.578707
0.575501
0.573895
0.573668
0.574561
0.576339
0.578814
0.581849
0.585361
0.589323
0.593774
0.598985
0.605366
0.613842
0.626384
0.645954
0.67169
0.696557
0.704217
0.708879
0.707298
0.706697
0.707335
0.711599
0.721743
0.73948
0.754498
0.767698
0.778057
0.785446
0.790329
0.793413
0.795367
0.796795
0.798155
0.799101
0.799625
0.799861
0.799953
0.799985
0.799995
0.799999
0.8
0.8
0.8
0.8
0.8
0.8
0.8
0.8
0.8
0.8
0.8
0.8
0.8
0.8
0.8
0.8
0.8
0.8
0.8
0.8
0.8
0.8
0.8
0.8
0.8
0.8
0.8
0.8
0.8
0.8
0.8
0.8
0.8
0.8
0.8
0.8
0.8
0.8
0.8
0.8
0.8
0.8
0.8
0.8
0.8
0.8
0.8
0.8
0.8
0.8
0.8
0.8
0.8
0.8
0.8
0.8
0.8
0.8
0.8
0.376602
0.380196
0.385252
0.39162
0.399069
0.407292
0.415983
0.42491
0.433892
0.442816
0.451917
0.460854
0.470065
0.479865
0.488732
0.49787
0.507507
0.517956
0.52971
0.547935
0.571969
0.60626
0.638857
0.649135
0.658869
0.775477
0.799479
0.799467
0.798354
0.791308
0.701891
0.640756
0.639697
0.644807
0.663646
0.673051
0.754682
0.796768
0.785498
0.717591
0.657192
0.650205
0.644476
0.639857
0.63511
0.629135
0.621219
0.611402
0.601168
0.592564
0.586442
0.582784
0.58122
0.581317
0.582698
0.585065
0.588209
0.592003
0.596415
0.601545
0.607735
0.61573
0.627167
0.645667
0.676167
0.70953
0.726045
0.780516
0.788748
0.733108
0.736126
0.738093
0.746493
0.764391
0.784716
0.792143
0.795764
0.797641
0.798649
0.799167
0.799416
0.799495
0.79948
0.799657
0.799814
0.799919
0.79997
0.79999
0.799997
0.799999
0.8
0.8
0.8
0.8
0.8
0.8
0.8
0.8
0.8
0.8
0.8
0.8
0.8
0.8
0.8
0.8
0.8
0.8
0.8
0.8
0.8
0.8
0.8
0.8
0.8
0.8
0.8
0.8
0.8
0.8
0.8
0.8
0.8
0.8
0.8
0.8
0.8
0.8
0.8
0.8
0.8
0.8
0.8
0.8
0.8
0.8
0.8
0.8
0.8
0.8
0.8
0.8
0.8
0.8
0.8
0.8
0.8
0.8
0.8
0.8
0.381857
0.385847
0.391556
0.398848
0.40743
0.416852
0.426633
0.436457
0.446155
0.455698
0.465225
0.474624
0.484251
0.494518
0.505814
0.516261
0.527806
0.541232
0.559824
0.591184
0.622325
0.666728
0.681054
0.775748
0.799526
0.79992
0.799998
0.799998
0.799995
0.799967
0.799238
0.736781
0.66049
0.667618
0.6921
0.793796
0.79997
0.799995
0.799952
0.799211
0.727165
0.661966
0.659641
0.658854
0.657544
0.654248
0.64732
0.635174
0.619564
0.606469
0.597282
0.591647
0.588885
0.588354
0.589528
0.592007
0.595502
0.599843
0.605
0.611193
0.618788
0.628966
0.644226
0.670632
0.715277
0.742511
0.796754
0.799989
0.799985
0.799603
0.79411
0.764796
0.774963
0.791379
0.798082
0.799943
0.8
0.79999
0.8
0.8
0.799999
0.799986
0.799871
0.79993
0.799957
0.799982
0.799993
0.799998
0.799999
0.8
0.8
0.8
0.8
0.8
0.8
0.8
0.8
0.8
0.8
0.8
0.8
0.8
0.8
0.8
0.8
0.8
0.8
0.8
0.8
0.8
0.8
0.8
0.8
0.8
0.8
0.8
0.8
0.8
0.8
0.8
0.8
0.8
0.8
0.8
0.8
0.8
0.8
0.8
0.8
0.8
0.8
0.8
0.8
0.8
0.8
0.8
0.8
0.8
0.8
0.8
0.8
0.8
0.8
0.8
0.8
0.8
0.8
0.8
0.8
0.8
0.38664
0.391148
0.397767
0.40643
0.416758
0.427999
0.439314
0.45032
0.460925
0.471195
0.481289
0.491309
0.501613
0.512636
0.525254
0.540091
0.555643
0.57616
0.615467
0.668681
0.692233
0.728567
0.798338
0.799901
0.799997
0.8
0.8
0.8
0.8
0.8
0.799997
0.797893
0.767808
0.699654
0.779704
0.799619
0.799999
0.8
0.8
0.799997
0.798894
0.702211
0.75494
0.775101
0.769393
0.724283
0.683585
0.640059
0.626427
0.614401
0.605026
0.598844
0.595682
0.595075
0.596527
0.599612
0.604013
0.609551
0.616171
0.624323
0.634473
0.647761
0.667415
0.702553
0.757114
0.799061
0.799997
0.8
0.8
0.799999
0.799987
0.797012
0.792544
0.798708
0.799846
0.799995
0.8
0.8
0.8
0.8
0.8
0.8
0.8
0.799999
0.799989
0.799996
0.799999
0.8
0.8
0.8
0.8
0.8
0.8
0.8
0.8
0.8
0.8
0.8
0.8
0.8
0.8
0.8
0.8
0.8
0.8
0.8
0.8
0.8
0.8
0.8
0.8
0.8
0.8
0.8
0.8
0.8
0.8
0.8
0.8
0.8
0.8
0.8
0.8
0.8
0.8
0.8
0.8
0.8
0.8
0.8
0.8
0.8
0.8
0.8
0.8
0.8
0.8
0.8
0.8
0.8
0.8
0.8
0.8
0.8
0.8
0.8
0.8
0.8
0.8
0.8
0.390992
0.396128
0.403983
0.414732
0.427901
0.442106
0.455665
0.468261
0.479991
0.491118
0.501968
0.51287
0.524306
0.536892
0.551715
0.571913
0.600216
0.642218
0.713765
0.762389
0.797816
0.799465
0.79999
0.8
0.8
0.8
0.8
0.8
0.8
0.8
0.8
0.79999
0.796805
0.738618
0.794001
0.799936
0.8
0.8
0.8
0.8
0.790461
0.746373
0.794986
0.799784
0.799571
0.782202
0.730588
0.644009
0.63049
0.619227
0.610239
0.604248
0.601382
0.601386
0.603909
0.608675
0.615528
0.624465
0.634672
0.647207
0.663385
0.685251
0.716149
0.75842
0.789992
0.799881
0.8
0.8
0.8
0.8
0.8
0.799757
0.79893
0.799958
0.799994
0.8
0.8
0.8
0.8
0.8
0.8
0.8
0.8
0.8
0.799999
0.8
0.8
0.8
0.8
0.8
0.8
0.8
0.8
0.8
0.8
0.8
0.8
0.8
0.8
0.8
0.8
0.8
0.8
0.8
0.8
0.8
0.8
0.8
0.8
0.8
0.8
0.8
0.8
0.8
0.8
0.8
0.8
0.8
0.8
0.8
0.8
0.8
0.8
0.8
0.8
0.8
0.8
0.8
0.8
0.8
0.8
0.8
0.8
0.8
0.8
0.8
0.8
0.8
0.8
0.8
0.8
0.8
0.8
0.8
0.8
0.8
0.8
0.8
0.8
0.8
0.394937
0.400732
0.410163
0.424135
0.442427
0.462361
0.479676
0.494654
0.507692
0.519721
0.531559
0.543841
0.557363
0.573234
0.593364
0.622693
0.677671
0.752726
0.793753
0.799708
0.799988
0.799996
0.8
0.8
0.8
0.8
0.8
0.8
0.8
0.8
0.8
0.799999
0.799833
0.777039
0.799425
0.799999
0.8
0.8
0.8
0.8
0.797459
0.784547
0.799819
0.799998
0.799998
0.796691
0.762647
0.646171
0.632871
0.622017
0.613519
0.608176
0.606291
0.607942
0.613518
0.62414
0.640537
0.685103
0.703008
0.721849
0.741466
0.75848
0.770595
0.787102
0.796567
0.79994
0.8
0.8
0.8
0.8
0.8
0.799977
0.799861
0.8
0.8
0.8
0.8
0.8
0.8
0.8
0.8
0.8
0.8
0.8
0.8
0.8
0.8
0.8
0.8
0.8
0.8
0.8
0.8
0.8
0.8
0.8
0.8
0.8
0.8
0.8
0.8
0.8
0.8
0.8
0.8
0.8
0.8
0.8
0.8
0.8
0.8
0.8
0.8
0.8
0.8
0.8
0.8
0.8
0.8
0.8
0.8
0.8
0.8
0.8
0.8
0.8
0.8
0.8
0.8
0.8
0.8
0.8
0.8
0.8
0.8
0.8
0.8
0.8
0.8
0.8
0.8
0.8
0.8
0.8
0.8
0.8
0.8
0.8
0.8
0.8
0.398477
0.404755
0.415829
0.435206
0.467673
0.5119
0.548703
0.580254
0.561489
0.567867
0.580021
0.593751
0.610128
0.631379
0.659829
0.703861
0.767414
0.797647
0.799959
0.799998
0.8
0.8
0.8
0.8
0.8
0.8
0.8
0.8
0.8
0.8
0.8
0.8
0.799999
0.793316
0.799955
0.8
0.8
0.8
0.8
0.8
0.799536
0.79808
0.799998
0.8
0.8
0.799623
0.73717
0.646848
0.633811
0.623525
0.615954
0.612027
0.612516
0.618499
0.632033
0.683844
0.73347
0.7781
0.798683
0.799119
0.798565
0.798226
0.792613
0.796737
0.798595
0.799945
0.8
0.8
0.8
0.8
0.8
0.799998
0.799985
0.8
0.8
0.8
0.8
0.8
0.8
0.8
0.8
0.8
0.8
0.8
0.8
0.8
0.8
0.8
0.8
0.8
0.8
0.8
0.8
0.8
0.8
0.8
0.8
0.8
0.8
0.8
0.8
0.8
0.8
0.8
0.8
0.8
0.8
0.8
0.8
0.8
0.8
0.8
0.8
0.8
0.8
0.8
0.8
0.8
0.8
0.8
0.8
0.8
0.8
0.8
0.8
0.8
0.8
0.8
0.8
0.8
0.8
0.8
0.8
0.8
0.8
0.8
0.8
0.8
0.8
0.8
0.8
0.8
0.8
0.8
0.8
0.8
0.8
0.8
0.8
0.8
0.401638
0.407902
0.419072
0.438815
0.471336
0.514442
0.642239
0.682719
0.675746
0.669675
0.676885
0.68976
0.690572
0.715426
0.740956
0.766303
0.799201
0.799981
0.8
0.8
0.8
0.8
0.8
0.8
0.8
0.8
0.8
0.8
0.8
0.8
0.8
0.8
0.8
0.798359
0.799987
0.8
0.8
0.8
0.8
0.8
0.799923
0.799837
0.8
0.8
0.8
0.799964
0.663438
0.645387
0.633443
0.624498
0.61918
0.619209
0.626866
0.644117
0.667023
0.792997
0.798741
0.799833
0.799988
0.799992
0.799988
0.799989
0.799973
0.79983
0.799458
0.799943
0.8
0.8
0.8
0.8
0.8
0.8
0.799999
0.8
0.8
0.8
0.8
0.8
0.8
0.8
0.8
0.8
0.8
0.8
0.8
0.8
0.8
0.8
0.8
0.8
0.8
0.8
0.8
0.8
0.8
0.8
0.8
0.8
0.8
0.8
0.8
0.8
0.8
0.8
0.8
0.8
0.8
0.8
0.8
0.8
0.8
0.8
0.8
0.8
0.8
0.8
0.8
0.8
0.8
0.8
0.8
0.8
0.8
0.8
0.8
0.8
0.8
0.8
0.8
0.8
0.8
0.8
0.8
0.8
0.8
0.8
0.8
0.8
0.8
0.8
0.8
0.8
0.8
0.8
0.8
0.8
0.8
0.8
0.8
0.8
0.40462
0.410633
0.421232
0.439743
0.46962
0.50801
0.519585
0.790778
0.795195
0.799934
0.79839
0.781578
0.744281
0.792747
0.797993
0.79968
0.79999
0.8
0.8
0.8
0.8
0.8
0.8
0.8
0.8
0.8
0.8
0.8
0.8
0.8
0.8
0.8
0.8
0.799643
0.799998
0.8
0.8
0.8
0.8
0.8
0.799988
0.799988
0.8
0.8
0.8
0.792862
0.659846
0.643676
0.633094
0.626999
0.626168
0.632591
0.646663
0.662576
0.787685
0.799874
0.799984
0.799999
0.8
0.8
0.8
0.8
0.8
0.799992
0.799831
0.799981
0.8
0.8
0.8
0.8
0.8
0.8
0.8
0.8
0.8
0.8
0.8
0.8
0.8
0.8
0.8
0.8
0.8
0.8
0.8
0.8
0.8
0.8
0.8
0.8
0.8
0.8
0.8
0.8
0.8
0.8
0.8
0.8
0.8
0.8
0.8
0.8
0.8
0.8
0.8
0.8
0.8
0.8
0.8
0.8
0.8
0.8
0.8
0.8
0.8
0.8
0.8
0.8
0.8
0.8
0.8
0.8
0.8
0.8
0.8
0.8
0.8
0.8
0.8
0.8
0.8
0.8
0.8
0.8
0.8
0.8
0.8
0.8
0.8
0.8
0.8
0.8
0.8
0.8
0.8
0.8
0.8
0.8
0.8
0.8
0.407555
0.413236
0.423061
0.439861
0.46625
0.499041
0.512601
0.516811
0.799895
0.799999
0.799974
0.799656
0.798481
0.79987
0.799967
0.799997
0.8
0.8
0.8
0.8
0.8
0.8
0.8
0.8
0.8
0.8
0.8
0.8
0.8
0.8
0.8
0.8
0.8
0.799928
0.8
0.8
0.8
0.8
0.8
0.8
0.799998
0.799999
0.8
0.8
0.799994
0.787096
0.65843
0.642627
0.634664
0.63325
0.63736
0.647585
0.658934
0.776743
0.799599
0.799995
0.8
0.8
0.8
0.8
0.8
0.8
0.8
0.8
0.799953
0.799996
0.8
0.8
0.8
0.8
0.8
0.8
0.8
0.8
0.8
0.8
0.8
0.8
0.8
0.8
0.8
0.8
0.8
0.8
0.8
0.8
0.8
0.8
0.8
0.8
0.8
0.8
0.8
0.8
0.8
0.8
0.8
0.8
0.8
0.8
0.8
0.8
0.8
0.8
0.8
0.8
0.8
0.8
0.8
0.8
0.8
0.8
0.8
0.8
0.8
0.8
0.8
0.8
0.8
0.8
0.8
0.8
0.8
0.8
0.8
0.8
0.8
0.8
0.8
0.8
0.8
0.8
0.8
0.8
0.8
0.8
0.8
0.8
0.8
0.8
0.8
0.8
0.8
0.8
0.8
0.8
0.8
0.8
0.8
0.8
0.410501
0.415822
0.424814
0.439813
0.462736
0.490665
0.505896
0.513263
0.51707
0.798001
0.8
0.799995
0.799976
0.799998
0.8
0.8
0.8
0.8
0.8
0.8
0.8
0.8
0.8
0.8
0.8
0.8
0.8
0.8
0.8
0.8
0.8
0.8
0.8
0.799986
0.8
0.8
0.8
0.8
0.8
0.8
0.8
0.8
0.8
0.8
0.799948
0.780574
0.657989
0.643466
0.64039
0.643886
0.649735
0.659316
0.749131
0.799191
0.799988
0.8
0.8
0.8
0.8
0.8
0.8
0.8
0.8
0.8
0.799988
0.799999
0.8
0.8
0.8
0.8
0.8
0.8
0.8
0.8
0.8
0.8
0.8
0.8
0.8
0.8
0.8
0.8
0.8
0.8
0.8
0.8
0.8
0.8
0.8
0.8
0.8
0.8
0.8
0.8
0.8
0.8
0.8
0.8
0.8
0.8
0.8
0.8
0.8
0.8
0.8
0.8
0.8
0.8
0.8
0.8
0.8
0.8
0.8
0.8
0.8
0.8
0.8
0.8
0.8
0.8
0.8
0.8
0.8
0.8
0.8
0.8
0.8
0.8
0.8
0.8
0.8
0.8
0.8
0.8
0.8
0.8
0.8
0.8
0.8
0.8
0.8
0.8
0.8
0.8
0.8
0.8
0.8
0.8
0.8
0.8
0.413499
0.418464
0.426655
0.43997
0.459823
0.483818
0.49973
0.509134
0.514824
0.519937
0.60842
0.786424
0.799987
0.8
0.8
0.8
0.8
0.8
0.8
0.8
0.8
0.8
0.8
0.8
0.8
0.8
0.8
0.8
0.8
0.8
0.8
0.8
0.8
0.799998
0.8
0.8
0.8
0.8
0.8
0.8
0.8
0.8
0.8
0.799999
0.797402
0.769719
0.659062
0.645018
0.643427
0.672074
0.683189
0.672313
0.787389
0.799898
0.799999
0.8
0.8
0.8
0.8
0.8
0.8
0.8
0.8
0.8
0.799997
0.8
0.8
0.8
0.8
0.8
0.8
0.8
0.8
0.8
0.8
0.8
0.8
0.8
0.8
0.8
0.8
0.8
0.8
0.8
0.8
0.8
0.8
0.8
0.8
0.8
0.8
0.8
0.8
0.8
0.8
0.8
0.8
0.8
0.8
0.8
0.8
0.8
0.8
0.8
0.8
0.8
0.8
0.8
0.8
0.8
0.8
0.8
0.8
0.8
0.8
0.8
0.8
0.8
0.8
0.8
0.8
0.8
0.8
0.8
0.8
0.8
0.8
0.8
0.8
0.8
0.8
0.8
0.8
0.8
0.8
0.8
0.8
0.8
0.8
0.8
0.8
0.8
0.8
0.8
0.8
0.8
0.8
0.8
0.8
0.8
0.416569
0.421202
0.428669
0.440507
0.457782
0.478617
0.494421
0.505012
0.51205
0.517575
0.523571
0.529828
0.538823
0.650943
0.78488
0.799955
0.8
0.8
0.8
0.8
0.8
0.8
0.8
0.8
0.8
0.8
0.8
0.8
0.8
0.8
0.8
0.8
0.8
0.8
0.8
0.8
0.8
0.8
0.8
0.8
0.8
0.8
0.8
0.799997
0.798579
0.772958
0.660777
0.647354
0.645178
0.698109
0.714508
0.698712
0.797544
0.799975
0.8
0.8
0.8
0.8
0.8
0.8
0.8
0.8
0.8
0.8
0.799999
0.8
0.8
0.8
0.8
0.8
0.8
0.8
0.8
0.8
0.8
0.8
0.8
0.8
0.8
0.8
0.8
0.8
0.8
0.8
0.8
0.8
0.8
0.8
0.8
0.8
0.8
0.8
0.8
0.8
0.8
0.8
0.8
0.8
0.8
0.8
0.8
0.8
0.8
0.8
0.8
0.8
0.8
0.8
0.8
0.8
0.8
0.8
0.8
0.8
0.8
0.8
0.8
0.8
0.8
0.8
0.8
0.8
0.8
0.8
0.8
0.8
0.8
0.8
0.8
0.8
0.8
0.8
0.8
0.8
0.8
0.8
0.8
0.8
0.8
0.8
0.8
0.8
0.8
0.8
0.8
0.8
0.8
0.8
0.8
0.8
0.419718
0.424055
0.430892
0.441485
0.456653
0.474948
0.490186
0.501348
0.509287
0.515324
0.520519
0.526442
0.534931
0.551715
0.799012
0.799997
0.8
0.8
0.8
0.8
0.8
0.8
0.8
0.8
0.8
0.8
0.8
0.8
0.8
0.8
0.8
0.8
0.8
0.8
0.8
0.8
0.8
0.8
0.8
0.8
0.8
0.8
0.8
0.799985
0.796041
0.761496
0.662651
0.651224
0.647576
0.659418
0.700454
0.753408
0.799877
0.799999
0.8
0.8
0.8
0.8
0.8
0.8
0.8
0.8
0.8
0.8
0.8
0.8
0.8
0.8
0.8
0.8
0.8
0.8
0.8
0.8
0.8
0.8
0.8
0.8
0.8
0.8
0.8
0.8
0.8
0.8
0.8
0.8
0.8
0.8
0.8
0.8
0.8
0.8
0.8
0.8
0.8
0.8
0.8
0.8
0.8
0.8
0.8
0.8
0.8
0.8
0.8
0.8
0.8
0.8
0.8
0.8
0.8
0.8
0.8
0.8
0.8
0.8
0.8
0.8
0.8
0.8
0.8
0.8
0.8
0.8
0.8
0.8
0.8
0.8
0.8
0.8
0.8
0.8
0.8
0.8
0.8
0.8
0.8
0.8
0.8
0.8
0.8
0.8
0.8
0.8
0.8
0.8
0.8
0.8
0.8
0.8
0.422945
0.427023
0.433331
0.442899
0.456376
0.472639
0.487115
0.498456
0.506993
0.513616
0.519221
0.52511
0.532745
0.546286
0.761982
0.799822
0.8
0.8
0.8
0.8
0.8
0.8
0.8
0.8
0.8
0.8
0.8
0.8
0.8
0.8
0.8
0.8
0.8
0.8
0.8
0.8
0.8
0.8
0.8
0.8
0.8
0.8
0.799999
0.799815
0.78901
0.732455
0.665235
0.657114
0.65142
0.659134
0.69686
0.794541
0.799987
0.8
0.8
0.8
0.8
0.8
0.8
0.8
0.8
0.8
0.8
0.8
0.8
0.8
0.8
0.8
0.8
0.8
0.8
0.8
0.8
0.8
0.8
0.8
0.8
0.8
0.8
0.8
0.8
0.8
0.8
0.8
0.8
0.8
0.8
0.8
0.8
0.8
0.8
0.8
0.8
0.8
0.8
0.8
0.8
0.8
0.8
0.8
0.8
0.8
0.8
0.8
0.8
0.8
0.8
0.8
0.8
0.8
0.8
0.8
0.8
0.8
0.8
0.8
0.8
0.8
0.8
0.8
0.8
0.8
0.8
0.8
0.8
0.8
0.8
0.8
0.8
0.8
0.8
0.8
0.8
0.8
0.8
0.8
0.8
0.8
0.8
0.8
0.8
0.8
0.8
0.8
0.8
0.8
0.8
0.8
0.8
0.8
0.426236
0.430097
0.43597
0.444715
0.456858
0.47151
0.485186
0.49647
0.505369
0.512476
0.51851
0.52442
0.531296
0.54215
0.549605
0.580515
0.669083
0.767258
0.797161
0.799853
0.79593
0.799454
0.799955
0.799999
0.8
0.8
0.8
0.8
0.8
0.8
0.8
0.798763
0.799979
0.8
0.8
0.8
0.8
0.8
0.8
0.799992
0.8
0.8
0.799992
0.799394
0.790618
0.750116
0.685338
0.659156
0.654083
0.660903
0.697183
0.79815
0.799973
0.8
0.8
0.8
0.8
0.8
0.8
0.8
0.8
0.8
0.8
0.8
0.8
0.8
0.8
0.8
0.8
0.8
0.8
0.8
0.8
0.8
0.8
0.8
0.8
0.8
0.8
0.8
0.8
0.8
0.8
0.8
0.8
0.8
0.8
0.8
0.8
0.8
0.8
0.8
0.8
0.8
0.8
0.8
0.8
0.8
0.8
0.8
0.8
0.8
0.8
0.8
0.8
0.8
0.8
0.8
0.8
0.8
0.8
0.8
0.8
0.8
0.8
0.8
0.8
0.8
0.8
0.8
0.8
0.8
0.8
0.8
0.8
0.8
0.8
0.8
0.8
0.8
0.8
0.8
0.8
0.8
0.8
0.8
0.8
0.8
0.8
0.8
0.8
0.8
0.8
0.8
0.8
0.8
0.8
0.8
0.8
0.8
0.429574
0.433259
0.438786
0.446889
0.457997
0.471391
0.484318
0.49541
0.504479
0.511906
0.518237
0.52415
0.530395
0.538752
0.545748
0.55045
0.556825
0.562766
0.567563
0.571433
0.575134
0.580066
0.5885
0.597747
0.718529
0.796554
0.799985
0.8
0.8
0.8
0.779529
0.730044
0.654634
0.70203
0.718258
0.786081
0.799371
0.79998
0.799999
0.788141
0.756926
0.784164
0.796364
0.799222
0.795826
0.774136
0.708827
0.660864
0.656257
0.663456
0.700021
0.796463
0.799942
0.799999
0.8
0.8
0.8
0.8
0.8
0.8
0.8
0.8
0.8
0.8
0.8
0.8
0.8
0.8
0.8
0.8
0.8
0.8
0.8
0.8
0.8
0.8
0.8
0.8
0.8
0.8
0.8
0.8
0.8
0.8
0.8
0.8
0.8
0.8
0.8
0.8
0.8
0.8
0.8
0.8
0.8
0.8
0.8
0.8
0.8
0.8
0.8
0.8
0.8
0.8
0.8
0.8
0.8
0.8
0.8
0.8
0.8
0.8
0.8
0.8
0.8
0.8
0.8
0.8
0.8
0.8
0.8
0.8
0.8
0.8
0.8
0.8
0.8
0.8
0.8
0.8
0.8
0.8
0.8
0.8
0.8
0.8
0.8
0.8
0.8
0.8
0.8
0.8
0.8
0.8
0.8
0.8
0.8
0.8
0.8
0.8
0.432935
0.436483
0.441751
0.449372
0.459707
0.472142
0.48442
0.495254
0.504354
0.51195
0.518452
0.524354
0.530171
0.536883
0.542956
0.54741
0.55187
0.556304
0.560634
0.564894
0.569218
0.573936
0.580163
0.589347
0.597113
0.648607
0.743192
0.791266
0.799219
0.740562
0.621964
0.621616
0.623506
0.637809
0.666835
0.673857
0.680044
0.725697
0.686724
0.692443
0.70349
0.727009
0.764242
0.7895
0.797471
0.717035
0.674271
0.662264
0.658866
0.666342
0.704244
0.796457
0.799945
0.799999
0.8
0.8
0.8
0.8
0.8
0.8
0.8
0.8
0.8
0.8
0.8
0.8
0.8
0.8
0.8
0.8
0.8
0.8
0.8
0.8
0.8
0.8
0.8
0.8
0.8
0.8
0.8
0.8
0.8
0.8
0.8
0.8
0.8
0.8
0.8
0.8
0.8
0.8
0.8
0.8
0.8
0.8
0.8
0.8
0.8
0.8
0.8
0.8
0.8
0.8
0.8
0.8
0.8
0.8
0.8
0.8
0.8
0.8
0.8
0.8
0.8
0.8
0.8
0.8
0.8
0.8
0.8
0.8
0.8
0.8
0.8
0.8
0.8
0.8
0.8
0.8
0.8
0.8
0.8
0.8
0.8
0.8
0.8
0.8
0.8
0.8
0.8
0.8
0.8
0.8
0.8
0.8
0.8
0.8
0.8
0.8
0.43629
0.439743
0.444833
0.452123
0.461916
0.473659
0.485411
0.495978
0.505017
0.512669
0.519251
0.525138
0.530707
0.536524
0.541978
0.546594
0.550955
0.555219
0.559409
0.563528
0.567599
0.57172
0.57634
0.582658
0.590075
0.594455
0.598675
0.612843
0.603331
0.604107
0.605043
0.6071
0.609927
0.615366
0.628157
0.639842
0.655607
0.658915
0.661198
0.665906
0.672336
0.689042
0.720917
0.760477
0.788998
0.73417
0.67652
0.664789
0.661809
0.669467
0.708642
0.796809
0.799955
0.8
0.8
0.8
0.8
0.8
0.8
0.8
0.8
0.8
0.8
0.8
0.8
0.8
0.8
0.8
0.8
0.8
0.8
0.8
0.8
0.8
0.8
0.8
0.8
0.8
0.8
0.8
0.8
0.8
0.8
0.8
0.8
0.8
0.8
0.8
0.8
0.8
0.8
0.8
0.8
0.8
0.8
0.8
0.8
0.8
0.8
0.8
0.8
0.8
0.8
0.8
0.8
0.8
0.8
0.8
0.8
0.8
0.8
0.8
0.8
0.8
0.8
0.8
0.8
0.8
0.8
0.8
0.8
0.8
0.8
0.8
0.8
0.8
0.8
0.8
0.8
0.8
0.8
0.8
0.8
0.8
0.8
0.8
0.8
0.8
0.8
0.8
0.8
0.8
0.8
0.8
0.8
0.8
0.8
0.8
0.8
0.8
0.439607
0.443009
0.448005
0.455111
0.464579
0.475877
0.487247
0.497571
0.506502
0.514135
0.520733
0.526604
0.532047
0.537431
0.542555
0.547232
0.551672
0.555983
0.560182
0.56424
0.568108
0.571758
0.57529
0.579197
0.583828
0.587831
0.592904
0.594388
0.595488
0.597157
0.599115
0.601493
0.60421
0.607574
0.61284
0.619618
0.628528
0.633111
0.635984
0.640568
0.64853
0.662733
0.68798
0.725427
0.765965
0.7515
0.690079
0.668896
0.664981
0.672604
0.712447
0.797091
0.799962
0.8
0.8
0.8
0.8
0.8
0.8
0.8
0.8
0.8
0.8
0.8
0.8
0.8
0.8
0.8
0.8
0.8
0.8
0.8
0.8
0.8
0.8
0.8
0.8
0.8
0.8
0.8
0.8
0.8
0.8
0.8
0.8
0.8
0.8
0.8
0.8
0.8
0.8
0.8
0.8
0.8
0.8
0.8
0.8
0.8
0.8
0.8
0.8
0.8
0.8
0.8
0.8
0.8
0.8
0.8
0.8
0.8
0.8
0.8
0.8
0.8
0.8
0.8
0.8
0.8
0.8
0.8
0.8
0.8
0.8
0.8
0.8
0.8
0.8
0.8
0.8
0.8
0.8
0.8
0.8
0.8
0.8
0.8
0.8
0.8
0.8
0.8
0.8
0.8
0.8
0.8
0.8
0.8
0.8
0.8
0.8
0.8
0.442857
0.44625
0.451242
0.458315
0.467679
0.478778
0.489921
0.500052
0.508854
0.51642
0.522993
0.528849
0.534241
0.539445
0.544435
0.549163
0.553721
0.558164
0.562489
0.566643
0.57057
0.574501
0.578342
0.581418
0.583854
0.586275
0.588977
0.590752
0.592544
0.594461
0.596632
0.599068
0.60171
0.604609
0.607859
0.611627
0.616107
0.620177
0.624112
0.629051
0.636005
0.647019
0.665995
0.696559
0.736722
0.753517
0.707974
0.677907
0.66932
0.675554
0.715325
0.796573
0.799969
0.8
0.8
0.8
0.8
0.8
0.8
0.8
0.8
0.8
0.8
0.8
0.8
0.8
0.8
0.8
0.8
0.8
0.8
0.8
0.8
0.8
0.8
0.8
0.8
0.8
0.8
0.8
0.8
0.8
0.8
0.8
0.8
0.8
0.8
0.8
0.8
0.8
0.8
0.8
0.8
0.8
0.8
0.8
0.8
0.8
0.8
0.8
0.8
0.8
0.8
0.8
0.8
0.8
0.8
0.8
0.8
0.8
0.8
0.8
0.8
0.8
0.8
0.8
0.8
0.8
0.8
0.8
0.8
0.8
0.8
0.8
0.8
0.8
0.8
0.8
0.8
0.8
0.8
0.8
0.8
0.8
0.8
0.8
0.8
0.8
0.8
0.8
0.8
0.8
0.8
0.8
0.8
0.8
0.8
0.8
0.8
0.8
0.446048
0.449524
0.454644
0.461846
0.471254
0.482243
0.493204
0.503449
0.51214
0.519608
0.52613
0.531971
0.537364
0.542536
0.547536
0.552385
0.557146
0.561858
0.566517
0.571262
0.577258
0.584902
0.595361
0.606907
0.610094
0.610367
0.610585
0.611896
0.613922
0.615551
0.617415
0.619469
0.621742
0.623933
0.625613
0.626926
0.6282
0.629599
0.631101
0.632994
0.636209
0.642379
0.654534
0.676597
0.710103
0.740279
0.72189
0.69047
0.6757
0.678708
0.717256
0.793671
0.799869
0.799999
0.8
0.8
0.8
0.8
0.8
0.8
0.8
0.8
0.8
0.8
0.8
0.8
0.8
0.8
0.8
0.8
0.8
0.8
0.8
0.8
0.8
0.8
0.8
0.8
0.8
0.8
0.8
0.8
0.8
0.8
0.8
0.8
0.8
0.8
0.8
0.8
0.8
0.8
0.8
0.8
0.8
0.8
0.8
0.8
0.8
0.8
0.8
0.8
0.8
0.8
0.8
0.8
0.8
0.8
0.8
0.8
0.8
0.8
0.8
0.8
0.8
0.8
0.8
0.8
0.8
0.8
0.8
0.8
0.8
0.8
0.8
0.8
0.8
0.8
0.8
0.8
0.8
0.8
0.8
0.8
0.8
0.8
0.8
0.8
0.8
0.8
0.8
0.8
0.8
0.8
0.8
0.8
0.8
0.8
0.8
0.8
0.449159
0.452828
0.458261
0.465838
0.475532
0.486561
0.497414
0.507448
0.515972
0.523628
0.530248
0.536091
0.541534
0.546785
0.551932
0.557039
0.562185
0.56744
0.572865
0.580671
0.592261
0.606876
0.627735
0.648016
0.654578
0.657923
0.659011
0.659953
0.659716
0.655416
0.652872
0.652046
0.653652
0.659676
0.662573
0.663663
0.663556
0.662208
0.659333
0.655236
0.651862
0.651045
0.655103
0.66742
0.691029
0.721147
0.726078
0.703023
0.684093
0.682617
0.718582
0.793353
0.799875
0.799999
0.8
0.8
0.8
0.8
0.8
0.8
0.8
0.8
0.8
0.8
0.8
0.8
0.8
0.8
0.8
0.8
0.8
0.8
0.8
0.8
0.8
0.8
0.8
0.8
0.8
0.8
0.8
0.8
0.8
0.8
0.8
0.8
0.8
0.8
0.8
0.8
0.8
0.8
0.8
0.8
0.8
0.8
0.8
0.8
0.8
0.8
0.8
0.8
0.8
0.8
0.8
0.8
0.8
0.8
0.8
0.8
0.8
0.8
0.8
0.8
0.8
0.8
0.8
0.8
0.8
0.8
0.8
0.8
0.8
0.8
0.8
0.8
0.8
0.8
0.8
0.8
0.8
0.8
0.8
0.8
0.8
0.8
0.8
0.8
0.8
0.8
0.8
0.8
0.8
0.8
0.8
0.8
0.8
0.8
0.8
0.8
0.452173
0.456179
0.462157
0.470392
0.480618
0.491828
0.502624
0.512425
0.520801
0.528344
0.534929
0.541376
0.54694
0.552394
0.55786
0.563457
0.569334
0.575699
0.584488
0.600181
0.622722
0.641923
0.667644
0.676204
0.733922
0.789408
0.799368
0.786383
0.74319
0.670106
0.669023
0.668787
0.672352
0.693579
0.701133
0.705989
0.708578
0.708669
0.703993
0.692901
0.681324
0.672818
0.66864
0.670862
0.682828
0.7052
0.721554
0.712044
0.693354
0.687573
0.7195
0.791698
0.799854
0.799999
0.8
0.8
0.8
0.8
0.8
0.8
0.8
0.8
0.8
0.8
0.8
0.8
0.8
0.8
0.8
0.8
0.8
0.8
0.8
0.8
0.8
0.8
0.8
0.8
0.8
0.8
0.8
0.8
0.8
0.8
0.8
0.8
0.8
0.8
0.8
0.8
0.8
0.8
0.8
0.8
0.8
0.8
0.8
0.8
0.8
0.8
0.8
0.8
0.8
0.8
0.8
0.8
0.8
0.8
0.8
0.8
0.8
0.8
0.8
0.8
0.8
0.8
0.8
0.8
0.8
0.8
0.8
0.8
0.8
0.8
0.8
0.8
0.8
0.8
0.8
0.8
0.8
0.8
0.8
0.8
0.8
0.8
0.8
0.8
0.8
0.8
0.8
0.8
0.8
0.8
0.8
0.8
0.8
0.8
0.8
0.8
0.455086
0.459623
0.466448
0.475674
0.486679
0.498191
0.508959
0.518533
0.526786
0.534219
0.540842
0.547297
0.553735
0.559727
0.565799
0.572316
0.579658
0.588574
0.606816
0.638181
0.673584
0.685226
0.700433
0.788705
0.799735
0.799989
0.799999
0.79994
0.798602
0.772661
0.748967
0.685481
0.69625
0.729716
0.788327
0.799452
0.799756
0.795626
0.769712
0.706297
0.699034
0.69253
0.687232
0.683989
0.686081
0.697558
0.714724
0.716594
0.702057
0.693495
0.719961
0.786047
0.799855
0.799999
0.8
0.8
0.8
0.8
0.8
0.8
0.8
0.8
0.8
0.8
0.8
0.8
0.8
0.8
0.8
0.8
0.8
0.8
0.8
0.8
0.8
0.8
0.8
0.8
0.8
0.8
0.8
0.8
0.8
0.8
0.8
0.8
0.8
0.8
0.8
0.8
0.8
0.8
0.8
0.8
0.8
0.8
0.8
0.8
0.8
0.8
0.8
0.8
0.8
0.8
0.8
0.8
0.8
0.8
0.8
0.8
0.8
0.8
0.8
0.8
0.8
0.8
0.8
0.8
0.8
0.8
0.8
0.8
0.8
0.8
0.8
0.8
0.8
0.8
0.8
0.8
0.8
0.8
0.8
0.8
0.8
0.8
0.8
0.8
0.8
0.8
0.8
0.8
0.8
0.8
0.8
0.8
0.8
0.8
0.8
0.8
0.457908
0.463238
0.471305
0.481925
0.493966
0.505887
0.516652
0.526047
0.534213
0.541594
0.548351
0.554996
0.561797
0.569204
0.576768
0.585262
0.596227
0.61306
0.650504
0.698774
0.722006
0.790881
0.799833
0.799964
0.799999
0.8
0.8
0.8
0.799996
0.799834
0.794808
0.719876
0.736457
0.782966
0.799656
0.799999
0.8
0.79999
0.799339
0.772849
0.712222
0.712565
0.711836
0.708376
0.703714
0.703016
0.713183
0.719568
0.709745
0.700194
0.719739
0.7417
0.799772
0.799999
0.8
0.8
0.8
0.8
0.8
0.8
0.8
0.8
0.8
0.8
0.8
0.8
0.8
0.8
0.8
0.8
0.8
0.8
0.8
0.8
0.8
0.8
0.8
0.8
0.8
0.8
0.8
0.8
0.8
0.8
0.8
0.8
0.8
0.8
0.8
0.8
0.8
0.8
0.8
0.8
0.8
0.8
0.8
0.8
0.8
0.8
0.8
0.8
0.8
0.8
0.8
0.8
0.8
0.8
0.8
0.8
0.8
0.8
0.8
0.8
0.8
0.8
0.8
0.8
0.8
0.8
0.8
0.8
0.8
0.8
0.8
0.8
0.8
0.8
0.8
0.8
0.8
0.8
0.8
0.8
0.8
0.8
0.8
0.8
0.8
0.8
0.8
0.8
0.8
0.8
0.8
0.8
0.8
0.8
0.8
0.8
0.460658
0.467118
0.476944
0.489474
0.502884
0.515345
0.526192
0.535516
0.543691
0.551166
0.558246
0.565397
0.573011
0.581673
0.593186
0.607745
0.6301
0.673308
0.733728
0.772
0.799474
0.799962
0.799999
0.8
0.8
0.8
0.8
0.8
0.8
0.8
0.799974
0.792198
0.772285
0.799391
0.799997
0.8
0.8
0.8
0.799998
0.796144
0.778798
0.796488
0.797628
0.780942
0.754461
0.708218
0.715976
0.723588
0.717004
0.707688
0.723261
0.748347
0.799227
0.799997
0.8
0.8
0.8
0.8
0.8
0.8
0.8
0.8
0.8
0.8
0.8
0.8
0.8
0.8
0.8
0.8
0.8
0.8
0.8
0.8
0.8
0.8
0.8
0.8
0.8
0.8
0.8
0.8
0.8
0.8
0.8
0.8
0.8
0.8
0.8
0.8
0.8
0.8
0.8
0.8
0.8
0.8
0.8
0.8
0.8
0.8
0.8
0.8
0.8
0.8
0.8
0.8
0.8
0.8
0.8
0.8
0.8
0.8
0.8
0.8
0.8
0.8
0.8
0.8
0.8
0.8
0.8
0.8
0.8
0.8
0.8
0.8
0.8
0.8
0.8
0.8
0.8
0.8
0.8
0.8
0.8
0.8
0.8
0.8
0.8
0.8
0.8
0.8
0.8
0.8
0.8
0.8
0.8
0.8
0.8
0.8
0.463339
0.471317
0.483567
0.498791
0.514217
0.527547
0.538791
0.548345
0.556803
0.564743
0.572667
0.58118
0.591029
0.603494
0.621293
0.654597
0.707709
0.770454
0.794671
0.799863
0.799997
0.8
0.8
0.8
0.8
0.8
0.8
0.8
0.8
0.8
0.8
0.799612
0.79163
0.799822
0.8
0.8
0.8
0.8
0.8
0.799572
0.798022
0.79998
0.79999
0.798555
0.791985
0.713641
0.720631
0.729323
0.724848
0.716051
0.72998
0.757702
0.798882
0.799988
0.8
0.8
0.8
0.8
0.8
0.8
0.8
0.8
0.8
0.8
0.8
0.8
0.8
0.8
0.8
0.8
0.8
0.8
0.8
0.8
0.8
0.8
0.8
0.8
0.8
0.8
0.8
0.8
0.8
0.8
0.8
0.8
0.8
0.8
0.8
0.8
0.8
0.8
0.8
0.8
0.8
0.8
0.8
0.8
0.8
0.8
0.8
0.8
0.8
0.8
0.8
0.8
0.8
0.8
0.8
0.8
0.8
0.8
0.8
0.8
0.8
0.8
0.8
0.8
0.8
0.8
0.8
0.8
0.8
0.8
0.8
0.8
0.8
0.8
0.8
0.8
0.8
0.8
0.8
0.8
0.8
0.8
0.8
0.8
0.8
0.8
0.8
0.8
0.8
0.8
0.8
0.8
0.8
0.8
0.8
0.8
0.465888
0.475686
0.491217
0.510756
0.530194
0.545653
0.558542
0.569269
0.578621
0.58779
0.597785
0.609662
0.624996
0.646653
0.67878
0.733161
0.789114
0.799741
0.79996
0.799999
0.8
0.8
0.8
0.8
0.8
0.8
0.8
0.8
0.8
0.8
0.8
0.799985
0.798266
0.79996
0.8
0.8
0.8
0.8
0.8
0.799957
0.7999
0.8
0.8
0.799941
0.799301
0.71965
0.727286
0.737382
0.734213
0.725904
0.73936
0.767595
0.79921
0.799995
0.8
0.8
0.8
0.8
0.8
0.8
0.8
0.8
0.8
0.8
0.8
0.8
0.8
0.8
0.8
0.8
0.8
0.8
0.8
0.8
0.8
0.8
0.8
0.8
0.8
0.8
0.8
0.8
0.8
0.8
0.8
0.8
0.8
0.8
0.8
0.8
0.8
0.8
0.8
0.8
0.8
0.8
0.8
0.8
0.8
0.8
0.8
0.8
0.8
0.8
0.8
0.8
0.8
0.8
0.8
0.8
0.8
0.8
0.8
0.8
0.8
0.8
0.8
0.8
0.8
0.8
0.8
0.8
0.8
0.8
0.8
0.8
0.8
0.8
0.8
0.8
0.8
0.8
0.8
0.8
0.8
0.8
0.8
0.8
0.8
0.8
0.8
0.8
0.8
0.8
0.8
0.8
0.8
0.8
0.8
0.8
0.468115
0.479598
0.499684
0.530123
0.568399
0.599416
0.628453
0.653061
0.630002
0.633306
0.645014
0.660645
0.682033
0.713783
0.754307
0.785475
0.79982
0.799998
0.8
0.8
0.8
0.8
0.8
0.8
0.8
0.8
0.8
0.8
0.8
0.8
0.8
0.8
0.799677
0.799996
0.8
0.8
0.8
0.8
0.8
0.799996
0.799996
0.8
0.8
0.799998
0.799956
0.727387
0.736711
0.748267
0.745726
0.737991
0.75101
0.776222
0.798827
0.79999
0.8
0.8
0.8
0.8
0.8
0.8
0.8
0.8
0.8
0.8
0.8
0.8
0.8
0.8
0.8
0.8
0.8
0.8
0.8
0.8
0.8
0.8
0.8
0.8
0.8
0.8
0.8
0.8
0.8
0.8
0.8
0.8
0.8
0.8
0.8
0.8
0.8
0.8
0.8
0.8
0.8
0.8
0.8
0.8
0.8
0.8
0.8
0.8
0.8
0.8
0.8
0.8
0.8
0.8
0.8
0.8
0.8
0.8
0.8
0.8
0.8
0.8
0.8
0.8
0.8
0.8
0.8
0.8
0.8
0.8
0.8
0.8
0.8
0.8
0.8
0.8
0.8
0.8
0.8
0.8
0.8
0.8
0.8
0.8
0.8
0.8
0.8
0.8
0.8
0.8
0.8
0.8
0.8
0.8
0.8
0.8
0.469781
0.481467
0.501922
0.532394
0.569215
0.687736
0.789234
0.745926
0.731096
0.719618
0.723236
0.733631
0.746153
0.757895
0.798889
0.799896
0.799998
0.8
0.8
0.8
0.8
0.8
0.8
0.8
0.8
0.8
0.8
0.8
0.8
0.8
0.8
0.8
0.799947
0.8
0.8
0.8
0.8
0.8
0.8
0.8
0.8
0.8
0.8
0.8
0.799998
0.738028
0.749482
0.761541
0.759152
0.752514
0.764095
0.782522
0.793884
0.799959
0.8
0.8
0.8
0.8
0.8
0.8
0.8
0.8
0.8
0.8
0.8
0.8
0.8
0.8
0.8
0.8
0.8
0.8
0.8
0.8
0.8
0.8
0.8
0.8
0.8
0.8
0.8
0.8
0.8
0.8
0.8
0.8
0.8
0.8
0.8
0.8
0.8
0.8
0.8
0.8
0.8
0.8
0.8
0.8
0.8
0.8
0.8
0.8
0.8
0.8
0.8
0.8
0.8
0.8
0.8
0.8
0.8
0.8
0.8
0.8
0.8
0.8
0.8
0.8
0.8
0.8
0.8
0.8
0.8
0.8
0.8
0.8
0.8
0.8
0.8
0.8
0.8
0.8
0.8
0.8
0.8
0.8
0.8
0.8
0.8
0.8
0.8
0.8
0.8
0.8
0.8
0.8
0.8
0.8
0.8
0.8
0.471281
0.482529
0.501901
0.530105
0.563088
0.566764
0.799715
0.798511
0.798627
0.796464
0.7956
0.795427
0.799343
0.799377
0.799986
0.799999
0.8
0.8
0.8
0.8
0.8
0.8
0.8
0.8
0.8
0.8
0.8
0.8
0.8
0.8
0.8
0.8
0.799992
0.8
0.8
0.8
0.8
0.8
0.8
0.8
0.8
0.8
0.8
0.8
0.8
0.752087
0.7646
0.775042
0.772778
0.76812
0.777578
0.789879
0.796926
0.79998
0.8
0.8
0.8
0.8
0.8
0.8
0.8
0.8
0.8
0.8
0.8
0.8
0.8
0.8
0.8
0.8
0.8
0.8
0.8
0.8
0.8
0.8
0.8
0.8
0.8
0.8
0.8
0.8
0.8
0.8
0.8
0.8
0.8
0.8
0.8
0.8
0.8
0.8
0.8
0.8
0.8
0.8
0.8
0.8
0.8
0.8
0.8
0.8
0.8
0.8
0.8
0.8
0.8
0.8
0.8
0.8
0.8
0.8
0.8
0.8
0.8
0.8
0.8
0.8
0.8
0.8
0.8
0.8
0.8
0.8
0.8
0.8
0.8
0.8
0.8
0.8
0.8
0.8
0.8
0.8
0.8
0.8
0.8
0.8
0.8
0.8
0.8
0.8
0.8
0.8
0.8
0.8
0.8
0.8
0.8
0.8
0.472801
0.483372
0.501114
0.526231
0.554604
0.562546
0.565016
0.799981
0.799978
0.7999
0.799897
0.7999
0.799993
0.799994
0.8
0.8
0.8
0.8
0.8
0.8
0.8
0.8
0.8
0.8
0.8
0.8
0.8
0.8
0.8
0.8
0.8
0.8
0.799999
0.8
0.8
0.8
0.8
0.8
0.8
0.8
0.8
0.8
0.8
0.8
0.8
0.7679
0.778823
0.785883
0.784028
0.781509
0.787911
0.794881
0.798542
0.799991
0.8
0.8
0.8
0.8
0.8
0.8
0.8
0.8
0.8
0.8
0.8
0.8
0.8
0.8
0.8
0.8
0.8
0.8
0.8
0.8
0.8
0.8
0.8
0.8
0.8
0.8
0.8
0.8
0.8
0.8
0.8
0.8
0.8
0.8
0.8
0.8
0.8
0.8
0.8
0.8
0.8
0.8
0.8
0.8
0.8
0.8
0.8
0.8
0.8
0.8
0.8
0.8
0.8
0.8
0.8
0.8
0.8
0.8
0.8
0.8
0.8
0.8
0.8
0.8
0.8
0.8
0.8
0.8
0.8
0.8
0.8
0.8
0.8
0.8
0.8
0.8
0.8
0.8
0.8
0.8
0.8
0.8
0.8
0.8
0.8
0.8
0.8
0.8
0.8
0.8
0.8
0.8
0.8
0.8
0.8
0.8
0.474384
0.484186
0.50016
0.522181
0.546577
0.557424
0.562446
0.564854
0.765396
0.799998
0.799998
0.799999
0.8
0.8
0.8
0.8
0.8
0.8
0.8
0.8
0.8
0.8
0.8
0.8
0.8
0.8
0.8
0.8
0.8
0.8
0.8
0.8
0.8
0.8
0.8
0.8
0.8
0.8
0.8
0.8
0.8
0.8
0.8
0.8
0.8
0.781698
0.789045
0.792815
0.791543
0.790478
0.794071
0.797552
0.799315
0.799995
0.8
0.8
0.8
0.8
0.8
0.8
0.8
0.8
0.8
0.8
0.8
0.8
0.8
0.8
0.8
0.8
0.8
0.8
0.8
0.8
0.8
0.8
0.8
0.8
0.8
0.8
0.8
0.8
0.8
0.8
0.8
0.8
0.8
0.8
0.8
0.8
0.8
0.8
0.8
0.8
0.8
0.8
0.8
0.8
0.8
0.8
0.8
0.8
0.8
0.8
0.8
0.8
0.8
0.8
0.8
0.8
0.8
0.8
0.8
0.8
0.8
0.8
0.8
0.8
0.8
0.8
0.8
0.8
0.8
0.8
0.8
0.8
0.8
0.8
0.8
0.8
0.8
0.8
0.8
0.8
0.8
0.8
0.8
0.8
0.8
0.8
0.8
0.8
0.8
0.8
0.8
0.8
0.8
0.8
0.8
0.8
0.476059
0.485094
0.499389
0.518649
0.539832
0.552133
0.559015
0.562974
0.566396
0.570191
0.646172
0.760986
0.8
0.8
0.8
0.8
0.8
0.8
0.8
0.8
0.8
0.8
0.8
0.8
0.8
0.8
0.8
0.8
0.8
0.8
0.8
0.8
0.8
0.8
0.8
0.8
0.8
0.8
0.8
0.8
0.8
0.8
0.8
0.8
0.799996
0.790876
0.794874
0.796568
0.795806
0.795438
0.797219
0.798847
0.799674
0.799995
0.8
0.8
0.8
0.8
0.8
0.8
0.8
0.8
0.8
0.8
0.8
0.8
0.8
0.8
0.8
0.8
0.8
0.8
0.8
0.8
0.8
0.8
0.8
0.8
0.8
0.8
0.8
0.8
0.8
0.8
0.8
0.8
0.8
0.8
0.8
0.8
0.8
0.8
0.8
0.8
0.8
0.8
0.8
0.8
0.8
0.8
0.8
0.8
0.8
0.8
0.8
0.8
0.8
0.8
0.8
0.8
0.8
0.8
0.8
0.8
0.8
0.8
0.8
0.8
0.8
0.8
0.8
0.8
0.8
0.8
0.8
0.8
0.8
0.8
0.8
0.8
0.8
0.8
0.8
0.8
0.8
0.8
0.8
0.8
0.8
0.8
0.8
0.8
0.8
0.8
0.8
0.8
0.8
0.8
0.8
0.8
0.477841
0.486163
0.498967
0.515895
0.534493
0.547242
0.555314
0.560417
0.56405
0.568151
0.572963
0.582527
0.593567
0.8
0.8
0.8
0.8
0.8
0.8
0.8
0.8
0.8
0.8
0.8
0.8
0.8
0.8
0.8
0.8
0.8
0.8
0.8
0.8
0.8
0.8
0.8
0.8
0.8
0.8
0.8
0.8
0.8
0.8
0.8
0.799987
0.795816
0.797731
0.798411
0.797993
0.797888
0.798713
0.799456
0.799843
0.799998
0.8
0.8
0.8
0.8
0.8
0.8
0.8
0.8
0.8
0.8
0.8
0.8
0.8
0.8
0.8
0.8
0.8
0.8
0.8
0.8
0.8
0.8
0.8
0.8
0.8
0.8
0.8
0.8
0.8
0.8
0.8
0.8
0.8
0.8
0.8
0.8
0.8
0.8
0.8
0.8
0.8
0.8
0.8
0.8
0.8
0.8
0.8
0.8
0.8
0.8
0.8
0.8
0.8
0.8
0.8
0.8
0.8
0.8
0.8
0.8
0.8
0.8
0.8
0.8
0.8
0.8
0.8
0.8
0.8
0.8
0.8
0.8
0.8
0.8
0.8
0.8
0.8
0.8
0.8
0.8
0.8
0.8
0.8
0.8
0.8
0.8
0.8
0.8
0.8
0.8
0.8
0.8
0.8
0.8
0.8
0.8
0.479738
0.487423
0.498954
0.513965
0.530487
0.543123
0.5519
0.557903
0.562274
0.56644
0.570539
0.577145
0.587856
0.798309
0.8
0.8
0.8
0.8
0.8
0.8
0.8
0.8
0.8
0.8
0.8
0.8
0.8
0.8
0.8
0.8
0.8
0.8
0.8
0.8
0.8
0.8
0.8
0.8
0.8
0.8
0.8
0.8
0.8
0.8
0.799982
0.79816
0.799019
0.799276
0.799059
0.799036
0.799405
0.799739
0.799922
0.799998
0.8
0.8
0.8
0.8
0.8
0.8
0.8
0.8
0.8
0.8
0.8
0.8
0.8
0.8
0.8
0.8
0.8
0.8
0.8
0.8
0.8
0.8
0.8
0.8
0.8
0.8
0.8
0.8
0.8
0.8
0.8
0.8
0.8
0.8
0.8
0.8
0.8
0.8
0.8
0.8
0.8
0.8
0.8
0.8
0.8
0.8
0.8
0.8
0.8
0.8
0.8
0.8
0.8
0.8
0.8
0.8
0.8
0.8
0.8
0.8
0.8
0.8
0.8
0.8
0.8
0.8
0.8
0.8
0.8
0.8
0.8
0.8
0.8
0.8
0.8
0.8
0.8
0.8
0.8
0.8
0.8
0.8
0.8
0.8
0.8
0.8
0.8
0.8
0.8
0.8
0.8
0.8
0.8
0.8
0.8
0.8
0.48175
0.488881
0.499353
0.512815
0.527676
0.539932
0.549076
0.555741
0.560786
0.565238
0.569468
0.575018
0.583855
0.5871
0.780595
0.79991
0.799999
0.8
0.8
0.8
0.8
0.8
0.8
0.8
0.8
0.8
0.8
0.8
0.8
0.8
0.8
0.8
0.8
0.8
0.8
0.8
0.8
0.8
0.8
0.8
0.8
0.8
0.8
0.8
0.799977
0.799205
0.799582
0.799673
0.799566
0.799563
0.799724
0.799873
0.799959
0.799999
0.8
0.8
0.8
0.8
0.8
0.8
0.8
0.8
0.8
0.8
0.8
0.8
0.8
0.8
0.8
0.8
0.8
0.8
0.8
0.8
0.8
0.8
0.8
0.8
0.8
0.8
0.8
0.8
0.8
0.8
0.8
0.8
0.8
0.8
0.8
0.8
0.8
0.8
0.8
0.8
0.8
0.8
0.8
0.8
0.8
0.8
0.8
0.8
0.8
0.8
0.8
0.8
0.8
0.8
0.8
0.8
0.8
0.8
0.8
0.8
0.8
0.8
0.8
0.8
0.8
0.8
0.8
0.8
0.8
0.8
0.8
0.8
0.8
0.8
0.8
0.8
0.8
0.8
0.8
0.8
0.8
0.8
0.8
0.8
0.8
0.8
0.8
0.8
0.8
0.8
0.8
0.8
0.8
0.8
0.8
0.8
0.483869
0.490532
0.500139
0.512365
0.525905
0.537683
0.546966
0.554078
0.559643
0.564421
0.56883
0.573787
0.580611
0.585225
0.589978
0.592916
0.596466
0.60054
0.604881
0.609682
0.615374
0.623898
0.749098
0.798659
0.799998
0.8
0.8
0.8
0.8
0.799612
0.788389
0.757763
0.789514
0.797483
0.799972
0.8
0.8
0.8
0.8
0.8
0.799998
0.8
0.8
0.799988
0.799911
0.799661
0.799825
0.799855
0.799803
0.799804
0.799873
0.799938
0.799976
0.799993
0.8
0.8
0.8
0.8
0.8
0.8
0.8
0.8
0.8
0.8
0.8
0.8
0.8
0.8
0.8
0.8
0.8
0.8
0.8
0.8
0.8
0.8
0.8
0.8
0.8
0.8
0.8
0.8
0.8
0.8
0.8
0.8
0.8
0.8
0.8
0.8
0.8
0.8
0.8
0.8
0.8
0.8
0.8
0.8
0.8
0.8
0.8
0.8
0.8
0.8
0.8
0.8
0.8
0.8
0.8
0.8
0.8
0.8
0.8
0.8
0.8
0.8
0.8
0.8
0.8
0.8
0.8
0.8
0.8
0.8
0.8
0.8
0.8
0.8
0.8
0.8
0.8
0.8
0.8
0.8
0.8
0.8
0.8
0.8
0.8
0.8
0.8
0.8
0.8
0.8
0.8
0.8
0.8
0.8
0.8
0.8
0.486083
0.492359
0.501275
0.512531
0.525031
0.536327
0.545608
0.552992
0.558927
0.563987
0.568555
0.573208
0.578707
0.583337
0.587128
0.590645
0.594318
0.598247
0.602463
0.607067
0.612369
0.619684
0.627471
0.635401
0.768267
0.79976
0.799999
0.799824
0.792041
0.755676
0.684018
0.692508
0.724905
0.763379
0.783098
0.799326
0.799989
0.799846
0.799779
0.799546
0.799924
0.79999
0.799999
0.799997
0.799973
0.799882
0.799933
0.799938
0.799913
0.799913
0.799942
0.799971
0.799989
0.799997
0.8
0.8
0.8
0.8
0.8
0.8
0.8
0.8
0.8
0.8
0.8
0.8
0.8
0.8
0.8
0.8
0.8
0.8
0.8
0.8
0.8
0.8
0.8
0.8
0.8
0.8
0.8
0.8
0.8
0.8
0.8
0.8
0.8
0.8
0.8
0.8
0.8
0.8
0.8
0.8
0.8
0.8
0.8
0.8
0.8
0.8
0.8
0.8
0.8
0.8
0.8
0.8
0.8
0.8
0.8
0.8
0.8
0.8
0.8
0.8
0.8
0.8
0.8
0.8
0.8
0.8
0.8
0.8
0.8
0.8
0.8
0.8
0.8
0.8
0.8
0.8
0.8
0.8
0.8
0.8
0.8
0.8
0.8
0.8
0.8
0.8
0.8
0.8
0.8
0.8
0.8
0.8
0.8
0.8
0.8
0.8
0.488374
0.494341
0.50272
0.513234
0.524936
0.535799
0.545002
0.552533
0.558717
0.563995
0.568706
0.573244
0.578072
0.58252
0.58645
0.590228
0.594075
0.598064
0.602211
0.606527
0.611108
0.616477
0.622271
0.63
0.636954
0.703857
0.77788
0.753916
0.658269
0.658423
0.660107
0.665365
0.678873
0.707078
0.74016
0.753341
0.768508
0.782368
0.791793
0.796764
0.799093
0.799816
0.799973
0.799997
0.799993
0.799962
0.799975
0.799974
0.799963
0.799962
0.799974
0.799987
0.799995
0.799999
0.8
0.8
0.8
0.8
0.8
0.8
0.8
0.8
0.8
0.8
0.8
0.8
0.8
0.8
0.8
0.8
0.8
0.8
0.8
0.8
0.8
0.8
0.8
0.8
0.8
0.8
0.8
0.8
0.8
0.8
0.8
0.8
0.8
0.8
0.8
0.8
0.8
0.8
0.8
0.8
0.8
0.8
0.8
0.8
0.8
0.8
0.8
0.8
0.8
0.8
0.8
0.8
0.8
0.8
0.8
0.8
0.8
0.8
0.8
0.8
0.8
0.8
0.8
0.8
0.8
0.8
0.8
0.8
0.8
0.8
0.8
0.8
0.8
0.8
0.8
0.8
0.8
0.8
0.8
0.8
0.8
0.8
0.8
0.8
0.8
0.8
0.8
0.8
0.8
0.8
0.8
0.8
0.8
0.8
0.8
0.8
0.490721
0.496452
0.504437
0.514412
0.52553
0.53604
0.54514
0.552743
0.559086
0.564528
0.569367
0.573905
0.578458
0.582807
0.586882
0.590861
0.594869
0.598947
0.603078
0.607214
0.611326
0.615539
0.619956
0.625439
0.631678
0.635492
0.637614
0.639617
0.641757
0.644704
0.648192
0.652642
0.66002
0.674058
0.69345
0.707984
0.724917
0.746547
0.769549
0.786756
0.795833
0.79899
0.799805
0.79997
0.799995
0.799988
0.799991
0.79999
0.799984
0.799983
0.799989
0.799994
0.799998
0.8
0.8
0.8
0.8
0.8
0.8
0.8
0.8
0.8
0.8
0.8
0.8
0.8
0.8
0.8
0.8
0.8
0.8
0.8
0.8
0.8
0.8
0.8
0.8
0.8
0.8
0.8
0.8
0.8
0.8
0.8
0.8
0.8
0.8
0.8
0.8
0.8
0.8
0.8
0.8
0.8
0.8
0.8
0.8
0.8
0.8
0.8
0.8
0.8
0.8
0.8
0.8
0.8
0.8
0.8
0.8
0.8
0.8
0.8
0.8
0.8
0.8
0.8
0.8
0.8
0.8
0.8
0.8
0.8
0.8
0.8
0.8
0.8
0.8
0.8
0.8
0.8
0.8
0.8
0.8
0.8
0.8
0.8
0.8
0.8
0.8
0.8
0.8
0.8
0.8
0.8
0.8
0.8
0.8
0.8
0.8
0.8
0.493098
0.498667
0.506391
0.516015
0.526749
0.537013
0.546025
0.553659
0.560106
0.565671
0.570626
0.575227
0.579719
0.58407
0.588277
0.592435
0.596614
0.600827
0.605035
0.60916
0.613114
0.616846
0.620363
0.623886
0.627741
0.632047
0.635783
0.639227
0.642597
0.645251
0.648483
0.652517
0.657883
0.665837
0.677059
0.690404
0.708085
0.732095
0.759891
0.782396
0.794151
0.798405
0.799627
0.799925
0.799987
0.799995
0.799996
0.799996
0.799993
0.799993
0.799995
0.799997
0.799999
0.8
0.8
0.8
0.8
0.8
0.8
0.8
0.8
0.8
0.8
0.8
0.8
0.8
0.8
0.8
0.8
0.8
0.8
0.8
0.8
0.8
0.8
0.8
0.8
0.8
0.8
0.8
0.8
0.8
0.8
0.8
0.8
0.8
0.8
0.8
0.8
0.8
0.8
0.8
0.8
0.8
0.8
0.8
0.8
0.8
0.8
0.8
0.8
0.8
0.8
0.8
0.8
0.8
0.8
0.8
0.8
0.8
0.8
0.8
0.8
0.8
0.8
0.8
0.8
0.8
0.8
0.8
0.8
0.8
0.8
0.8
0.8
0.8
0.8
0.8
0.8
0.8
0.8
0.8
0.8
0.8
0.8
0.8
0.8
0.8
0.8
0.8
0.8
0.8
0.8
0.8
0.8
0.8
0.8
0.8
0.8
0.8
0.495479
0.500957
0.508551
0.518009
0.528562
0.538707
0.547676
0.555333
0.56185
0.567513
0.572579
0.577281
0.581829
0.58627
0.590642
0.595011
0.599422
0.603877
0.608337
0.612735
0.617056
0.621995
0.62815
0.6363
0.648182
0.662329
0.668798
0.672592
0.675595
0.678204
0.680453
0.68274
0.686269
0.692769
0.70387
0.720214
0.740549
0.762091
0.780087
0.79143
0.796822
0.798944
0.799684
0.799915
0.79998
0.799995
0.799998
0.799998
0.799997
0.799997
0.799998
0.799999
0.8
0.8
0.8
0.8
0.8
0.8
0.8
0.8
0.8
0.8
0.8
0.8
0.8
0.8
0.8
0.8
0.8
0.8
0.8
0.8
0.8
0.8
0.8
0.8
0.8
0.8
0.8
0.8
0.8
0.8
0.8
0.8
0.8
0.8
0.8
0.8
0.8
0.8
0.8
0.8
0.8
0.8
0.8
0.8
0.8
0.8
0.8
0.8
0.8
0.8
0.8
0.8
0.8
0.8
0.8
0.8
0.8
0.8
0.8
0.8
0.8
0.8
0.8
0.8
0.8
0.8
0.8
0.8
0.8
0.8
0.8
0.8
0.8
0.8
0.8
0.8
0.8
0.8
0.8
0.8
0.8
0.8
0.8
0.8
0.8
0.8
0.8
0.8
0.8
0.8
0.8
0.8
0.8
0.8
0.8
0.8
0.8
0.8
0.497849
0.503319
0.510918
0.520377
0.530911
0.541134
0.550143
0.557837
0.564413
0.570162
0.575343
0.58018
0.584865
0.589482
0.594095
0.59877
0.603554
0.608472
0.613539
0.619032
0.626756
0.637714
0.652407
0.669835
0.693686
0.718762
0.724969
0.729975
0.732988
0.728808
0.726299
0.725576
0.729104
0.73941
0.756427
0.774414
0.784792
0.791066
0.794914
0.797488
0.798876
0.799532
0.799822
0.799938
0.79998
0.799994
0.799998
0.799999
0.799999
0.799998
0.799999
0.799999
0.8
0.8
0.8
0.8
0.8
0.8
0.8
0.8
0.8
0.8
0.8
0.8
0.8
0.8
0.8
0.8
0.8
0.8
0.8
0.8
0.8
0.8
0.8
0.8
0.8
0.8
0.8
0.8
0.8
0.8
0.8
0.8
0.8
0.8
0.8
0.8
0.8
0.8
0.8
0.8
0.8
0.8
0.8
0.8
0.8
0.8
0.8
0.8
0.8
0.8
0.8
0.8
0.8
0.8
0.8
0.8
0.8
0.8
0.8
0.8
0.8
0.8
0.8
0.8
0.8
0.8
0.8
0.8
0.8
0.8
0.8
0.8
0.8
0.8
0.8
0.8
0.8
0.8
0.8
0.8
0.8
0.8
0.8
0.8
0.8
0.8
0.8
0.8
0.8
0.8
0.8
0.8
0.8
0.8
0.8
0.8
0.8
0.8
0.500238
0.505837
0.513636
0.52331
0.533982
0.544251
0.553258
0.56096
0.567644
0.573765
0.579083
0.5841
0.589006
0.593909
0.5989
0.604073
0.609528
0.615413
0.621988
0.632309
0.647807
0.669694
0.695515
0.717706
0.746279
0.758478
0.790683
0.799047
0.793254
0.749159
0.752208
0.754487
0.762348
0.77621
0.790002
0.796418
0.798201
0.798806
0.799011
0.799409
0.799682
0.799834
0.799922
0.799966
0.799986
0.799995
0.799998
0.799999
0.799999
0.799999
0.799999
0.8
0.8
0.8
0.8
0.8
0.8
0.8
0.8
0.8
0.8
0.8
0.8
0.8
0.8
0.8
0.8
0.8
0.8
0.8
0.8
0.8
0.8
0.8
0.8
0.8
0.8
0.8
0.8
0.8
0.8
0.8
0.8
0.8
0.8
0.8
0.8
0.8
0.8
0.8
0.8
0.8
0.8
0.8
0.8
0.8
0.8
0.8
0.8
0.8
0.8
0.8
0.8
0.8
0.8
0.8
0.8
0.8
0.8
0.8
0.8
0.8
0.8
0.8
0.8
0.8
0.8
0.8
0.8
0.8
0.8
0.8
0.8
0.8
0.8
0.8
0.8
0.8
0.8
0.8
0.8
0.8
0.8
0.8
0.8
0.8
0.8
0.8
0.8
0.8
0.8
0.8
0.8
0.8
0.8
0.8
0.8
0.8
0.8
0.8
0.502625
0.508503
0.516719
0.526848
0.537837
0.548244
0.557292
0.56503
0.571794
0.577988
0.583729
0.589316
0.594582
0.599953
0.605591
0.611703
0.618628
0.627015
0.63978
0.660728
0.688513
0.722871
0.755629
0.769771
0.784941
0.799173
0.799979
0.8
0.799963
0.798774
0.795047
0.777849
0.785059
0.793879
0.798369
0.799538
0.79997
0.79998
0.799748
0.799866
0.799924
0.799949
0.799972
0.799985
0.799992
0.799996
0.799998
0.799999
0.8
0.8
0.8
0.8
0.8
0.8
0.8
0.8
0.8
0.8
0.8
0.8
0.8
0.8
0.8
0.8
0.8
0.8
0.8
0.8
0.8
0.8
0.8
0.8
0.8
0.8
0.8
0.8
0.8
0.8
0.8
0.8
0.8
0.8
0.8
0.8
0.8
0.8
0.8
0.8
0.8
0.8
0.8
0.8
0.8
0.8
0.8
0.8
0.8
0.8
0.8
0.8
0.8
0.8
0.8
0.8
0.8
0.8
0.8
0.8
0.8
0.8
0.8
0.8
0.8
0.8
0.8
0.8
0.8
0.8
0.8
0.8
0.8
0.8
0.8
0.8
0.8
0.8
0.8
0.8
0.8
0.8
0.8
0.8
0.8
0.8
0.8
0.8
0.8
0.8
0.8
0.8
0.8
0.8
0.8
0.8
0.8
0.8
0.8
0.8
0.8
0.8
0.504991
0.511313
0.520192
0.531048
0.542576
0.553264
0.562441
0.570285
0.577196
0.583557
0.589582
0.595673
0.602232
0.608509
0.615532
0.623969
0.635072
0.651334
0.680898
0.718721
0.753932
0.781819
0.79284
0.799677
0.799996
0.799999
0.8
0.8
0.8
0.799999
0.799938
0.799126
0.796726
0.79907
0.799872
0.799998
0.8
0.8
0.799999
0.799996
0.799996
0.799986
0.799992
0.799995
0.799997
0.799998
0.799999
0.799999
0.8
0.8
0.8
0.8
0.8
0.8
0.8
0.8
0.8
0.8
0.8
0.8
0.8
0.8
0.8
0.8
0.8
0.8
0.8
0.8
0.8
0.8
0.8
0.8
0.8
0.8
0.8
0.8
0.8
0.8
0.8
0.8
0.8
0.8
0.8
0.8
0.8
0.8
0.8
0.8
0.8
0.8
0.8
0.8
0.8
0.8
0.8
0.8
0.8
0.8
0.8
0.8
0.8
0.8
0.8
0.8
0.8
0.8
0.8
0.8
0.8
0.8
0.8
0.8
0.8
0.8
0.8
0.8
0.8
0.8
0.8
0.8
0.8
0.8
0.8
0.8
0.8
0.8
0.8
0.8
0.8
0.8
0.8
0.8
0.8
0.8
0.8
0.8
0.8
0.8
0.8
0.8
0.8
0.8
0.8
0.8
0.8
0.8
0.8
0.8
0.8
0.8
0.507318
0.514254
0.524069
0.535979
0.548365
0.559599
0.569091
0.57721
0.584434
0.591174
0.597749
0.604594
0.612556
0.622238
0.633174
0.648441
0.671775
0.709066
0.75563
0.784621
0.794305
0.798524
0.799975
0.8
0.8
0.8
0.8
0.8
0.8
0.8
0.8
0.799995
0.799938
0.799903
0.799999
0.8
0.8
0.8
0.8
0.8
0.8
0.799999
0.8
0.8
0.8
0.799999
0.799999
0.8
0.8
0.8
0.8
0.8
0.8
0.8
0.8
0.8
0.8
0.8
0.8
0.8
0.8
0.8
0.8
0.8
0.8
0.8
0.8
0.8
0.8
0.8
0.8
0.8
0.8
0.8
0.8
0.8
0.8
0.8
0.8
0.8
0.8
0.8
0.8
0.8
0.8
0.8
0.8
0.8
0.8
0.8
0.8
0.8
0.8
0.8
0.8
0.8
0.8
0.8
0.8
0.8
0.8
0.8
0.8
0.8
0.8
0.8
0.8
0.8
0.8
0.8
0.8
0.8
0.8
0.8
0.8
0.8
0.8
0.8
0.8
0.8
0.8
0.8
0.8
0.8
0.8
0.8
0.8
0.8
0.8
0.8
0.8
0.8
0.8
0.8
0.8
0.8
0.8
0.8
0.8
0.8
0.8
0.8
0.8
0.8
0.8
0.8
0.8
0.8
0.8
0.8
0.509577
0.517269
0.5283
0.541703
0.55553
0.567935
0.578219
0.587103
0.595153
0.602888
0.610817
0.619643
0.630672
0.647969
0.670554
0.701401
0.742919
0.782552
0.796351
0.799227
0.799979
0.8
0.8
0.8
0.8
0.8
0.8
0.8
0.8
0.8
0.8
0.8
0.799999
0.79999
0.8
0.8
0.8
0.8
0.8
0.8
0.8
0.8
0.8
0.8
0.8
0.8
0.799999
0.8
0.8
0.8
0.8
0.8
0.8
0.8
0.8
0.8
0.8
0.8
0.8
0.8
0.8
0.8
0.8
0.8
0.8
0.8
0.8
0.8
0.8
0.8
0.8
0.8
0.8
0.8
0.8
0.8
0.8
0.8
0.8
0.8
0.8
0.8
0.8
0.8
0.8
0.8
0.8
0.8
0.8
0.8
0.8
0.8
0.8
0.8
0.8
0.8
0.8
0.8
0.8
0.8
0.8
0.8
0.8
0.8
0.8
0.8
0.8
0.8
0.8
0.8
0.8
0.8
0.8
0.8
0.8
0.8
0.8
0.8
0.8
0.8
0.8
0.8
0.8
0.8
0.8
0.8
0.8
0.8
0.8
0.8
0.8
0.8
0.8
0.8
0.8
0.8
0.8
0.8
0.8
0.8
0.8
0.8
0.8
0.8
0.8
0.8
0.8
0.8
0.8
0.8
0.511714
0.520203
0.532675
0.548245
0.564941
0.580557
0.593306
0.604746
0.615306
0.62563
0.636789
0.650246
0.668536
0.697187
0.737431
0.771254
0.79318
0.799
0.799884
0.799999
0.8
0.8
0.8
0.8
0.8
0.8
0.8
0.8
0.8
0.8
0.8
0.8
0.8
0.799999
0.8
0.8
0.8
0.8
0.8
0.8
0.8
0.8
0.8
0.8
0.8
0.8
0.8
0.8
0.8
0.8
0.8
0.8
0.8
0.8
0.8
0.8
0.8
0.8
0.8
0.8
0.8
0.8
0.8
0.8
0.8
0.8
0.8
0.8
0.8
0.8
0.8
0.8
0.8
0.8
0.8
0.8
0.8
0.8
0.8
0.8
0.8
0.8
0.8
0.8
0.8
0.8
0.8
0.8
0.8
0.8
0.8
0.8
0.8
0.8
0.8
0.8
0.8
0.8
0.8
0.8
0.8
0.8
0.8
0.8
0.8
0.8
0.8
0.8
0.8
0.8
0.8
0.8
0.8
0.8
0.8
0.8
0.8
0.8
0.8
0.8
0.8
0.8
0.8
0.8
0.8
0.8
0.8
0.8
0.8
0.8
0.8
0.8
0.8
0.8
0.8
0.8
0.8
0.8
0.8
0.8
0.8
0.8
0.8
0.8
0.8
0.8
0.8
0.8
0.8
0.8
0.513648
0.522755
0.536637
0.555564
0.580436
0.611237
0.637522
0.663528
0.687937
0.678356
0.6913
0.70824
0.732424
0.763827
0.787815
0.797758
0.799926
0.799999
0.8
0.8
0.8
0.8
0.8
0.8
0.8
0.8
0.8
0.8
0.8
0.8
0.8
0.8
0.8
0.8
0.8
0.8
0.8
0.8
0.8
0.8
0.8
0.8
0.8
0.8
0.8
0.8
0.8
0.8
0.8
0.8
0.8
0.8
0.8
0.8
0.8
0.8
0.8
0.8
0.8
0.8
0.8
0.8
0.8
0.8
0.8
0.8
0.8
0.8
0.8
0.8
0.8
0.8
0.8
0.8
0.8
0.8
0.8
0.8
0.8
0.8
0.8
0.8
0.8
0.8
0.8
0.8
0.8
0.8
0.8
0.8
0.8
0.8
0.8
0.8
0.8
0.8
0.8
0.8
0.8
0.8
0.8
0.8
0.8
0.8
0.8
0.8
0.8
0.8
0.8
0.8
0.8
0.8
0.8
0.8
0.8
0.8
0.8
0.8
0.8
0.8
0.8
0.8
0.8
0.8
0.8
0.8
0.8
0.8
0.8
0.8
0.8
0.8
0.8
0.8
0.8
0.8
0.8
0.8
0.8
0.8
0.8
0.8
0.8
0.8
0.8
0.8
0.8
0.8
0.8
0.8
0.515311
0.524548
0.538815
0.55857
0.584198
0.613963
0.715396
0.794591
0.793186
0.786312
0.777695
0.775293
0.785171
0.795646
0.799205
0.799936
0.799999
0.8
0.8
0.8
0.8
0.8
0.8
0.8
0.8
0.8
0.8
0.8
0.8
0.8
0.8
0.8
0.8
0.8
0.8
0.8
0.8
0.8
0.8
0.8
0.8
0.8
0.8
0.8
0.8
0.8
0.8
0.8
0.8
0.8
0.8
0.8
0.8
0.8
0.8
0.8
0.8
0.8
0.8
0.8
0.8
0.8
0.8
0.8
0.8
0.8
0.8
0.8
0.8
0.8
0.8
0.8
0.8
0.8
0.8
0.8
0.8
0.8
0.8
0.8
0.8
0.8
0.8
0.8
0.8
0.8
0.8
0.8
0.8
0.8
0.8
0.8
0.8
0.8
0.8
0.8
0.8
0.8
0.8
0.8
0.8
0.8
0.8
0.8
0.8
0.8
0.8
0.8
0.8
0.8
0.8
0.8
0.8
0.8
0.8
0.8
0.8
0.8
0.8
0.8
0.8
0.8
0.8
0.8
0.8
0.8
0.8
0.8
0.8
0.8
0.8
0.8
0.8
0.8
0.8
0.8
0.8
0.8
0.8
0.8
0.8
0.8
0.8
0.8
0.8
0.8
0.8
0.8
0.8
0.8
0.516861
0.525858
0.53969
0.558799
0.583531
0.612425
0.670051
0.799807
0.799945
0.799996
0.799823
0.798651
0.798115
0.799937
0.799996
0.8
0.8
0.8
0.8
0.8
0.8
0.8
0.8
0.8
0.8
0.8
0.8
0.8
0.8
0.8
0.8
0.8
0.8
0.8
0.8
0.8
0.8
0.8
0.8
0.8
0.8
0.8
0.8
0.8
0.8
0.8
0.8
0.8
0.8
0.8
0.8
0.8
0.8
0.8
0.8
0.8
0.8
0.8
0.8
0.8
0.8
0.8
0.8
0.8
0.8
0.8
0.8
0.8
0.8
0.8
0.8
0.8
0.8
0.8
0.8
0.8
0.8
0.8
0.8
0.8
0.8
0.8
0.8
0.8
0.8
0.8
0.8
0.8
0.8
0.8
0.8
0.8
0.8
0.8
0.8
0.8
0.8
0.8
0.8
0.8
0.8
0.8
0.8
0.8
0.8
0.8
0.8
0.8
0.8
0.8
0.8
0.8
0.8
0.8
0.8
0.8
0.8
0.8
0.8
0.8
0.8
0.8
0.8
0.8
0.8
0.8
0.8
0.8
0.8
0.8
0.8
0.8
0.8
0.8
0.8
0.8
0.8
0.8
0.8
0.8
0.8
0.8
0.8
0.8
0.8
0.8
0.8
0.8
0.8
0.8
0.518418
0.526991
0.539984
0.557688
0.580122
0.605629
0.615197
0.61911
0.8
0.8
0.799999
0.799989
0.799987
0.8
0.8
0.8
0.8
0.8
0.8
0.8
0.8
0.8
0.8
0.8
0.8
0.8
0.8
0.8
0.8
0.8
0.8
0.8
0.8
0.8
0.8
0.8
0.8
0.8
0.8
0.8
0.8
0.8
0.8
0.8
0.8
0.8
0.8
0.8
0.8
0.8
0.8
0.8
0.8
0.8
0.8
0.8
0.8
0.8
0.8
0.8
0.8
0.8
0.8
0.8
0.8
0.8
0.8
0.8
0.8
0.8
0.8
0.8
0.8
0.8
0.8
0.8
0.8
0.8
0.8
0.8
0.8
0.8
0.8
0.8
0.8
0.8
0.8
0.8
0.8
0.8
0.8
0.8
0.8
0.8
0.8
0.8
0.8
0.8
0.8
0.8
0.8
0.8
0.8
0.8
0.8
0.8
0.8
0.8
0.8
0.8
0.8
0.8
0.8
0.8
0.8
0.8
0.8
0.8
0.8
0.8
0.8
0.8
0.8
0.8
0.8
0.8
0.8
0.8
0.8
0.8
0.8
0.8
0.8
0.8
0.8
0.8
0.8
0.8
0.8
0.8
0.8
0.8
0.8
0.8
0.8
0.8
0.8
0.8
0.8
0.8
0.520019
0.528054
0.539995
0.555981
0.57576
0.5974
0.60753
0.615208
0.640664
0.8
0.8
0.8
0.8
0.8
0.8
0.8
0.8
0.8
0.8
0.8
0.8
0.8
0.8
0.8
0.8
0.8
0.8
0.8
0.8
0.8
0.8
0.8
0.8
0.8
0.8
0.8
0.8
0.8
0.8
0.8
0.8
0.8
0.8
0.8
0.8
0.8
0.8
0.8
0.8
0.8
0.8
0.8
0.8
0.8
0.8
0.8
0.8
0.8
0.8
0.8
0.8
0.8
0.8
0.8
0.8
0.8
0.8
0.8
0.8
0.8
0.8
0.8
0.8
0.8
0.8
0.8
0.8
0.8
0.8
0.8
0.8
0.8
0.8
0.8
0.8
0.8
0.8
0.8
0.8
0.8
0.8
0.8
0.8
0.8
0.8
0.8
0.8
0.8
0.8
0.8
0.8
0.8
0.8
0.8
0.8
0.8
0.8
0.8
0.8
0.8
0.8
0.8
0.8
0.8
0.8
0.8
0.8
0.8
0.8
0.8
0.8
0.8
0.8
0.8
0.8
0.8
0.8
0.8
0.8
0.8
0.8
0.8
0.8
0.8
0.8
0.8
0.8
0.8
0.8
0.8
0.8
0.8
0.8
0.8
0.8
0.8
0.8
0.8
0.8
0.8
0.521698
0.529143
0.539965
0.554196
0.571455
0.590031
0.601537
0.610705
0.614896
0.618191
0.709321
0.8
0.8
0.8
0.8
0.8
0.8
0.8
0.8
0.8
0.8
0.8
0.8
0.8
0.8
0.8
0.8
0.8
0.8
0.8
0.8
0.8
0.8
0.8
0.8
0.8
0.8
0.8
0.8
0.8
0.8
0.8
0.8
0.8
0.8
0.8
0.8
0.8
0.8
0.8
0.8
0.8
0.8
0.8
0.8
0.8
0.8
0.8
0.8
0.8
0.8
0.8
0.8
0.8
0.8
0.8
0.8
0.8
0.8
0.8
0.8
0.8
0.8
0.8
0.8
0.8
0.8
0.8
0.8
0.8
0.8
0.8
0.8
0.8
0.8
0.8
0.8
0.8
0.8
0.8
0.8
0.8
0.8
0.8
0.8
0.8
0.8
0.8
0.8
0.8
0.8
0.8
0.8
0.8
0.8
0.8
0.8
0.8
0.8
0.8
0.8
0.8
0.8
0.8
0.8
0.8
0.8
0.8
0.8
0.8
0.8
0.8
0.8
0.8
0.8
0.8
0.8
0.8
0.8
0.8
0.8
0.8
0.8
0.8
0.8
0.8
0.8
0.8
0.8
0.8
0.8
0.8
0.8
0.8
0.8
0.8
0.8
0.8
0.8
0.8
0.523481
0.530327
0.540056
0.552636
0.567658
0.583747
0.595593
0.604947
0.610249
0.615139
0.620476
0.623794
0.629696
0.727447
0.795565
0.7999
0.799999
0.8
0.8
0.8
0.8
0.8
0.8
0.8
0.8
0.8
0.8
0.8
0.8
0.8
0.8
0.8
0.8
0.8
0.8
0.8
0.8
0.8
0.8
0.8
0.8
0.8
0.8
0.8
0.8
0.8
0.8
0.8
0.8
0.8
0.8
0.8
0.8
0.8
0.8
0.8
0.8
0.8
0.8
0.8
0.8
0.8
0.8
0.8
0.8
0.8
0.8
0.8
0.8
0.8
0.8
0.8
0.8
0.8
0.8
0.8
0.8
0.8
0.8
0.8
0.8
0.8
0.8
0.8
0.8
0.8
0.8
0.8
0.8
0.8
0.8
0.8
0.8
0.8
0.8
0.8
0.8
0.8
0.8
0.8
0.8
0.8
0.8
0.8
0.8
0.8
0.8
0.8
0.8
0.8
0.8
0.8
0.8
0.8
0.8
0.8
0.8
0.8
0.8
0.8
0.8
0.8
0.8
0.8
0.8
0.8
0.8
0.8
0.8
0.8
0.8
0.8
0.8
0.8
0.8
0.8
0.8
0.8
0.8
0.8
0.8
0.8
0.8
0.8
0.8
0.8
0.8
0.8
0.8
0.8
0.52539
0.531656
0.540365
0.551452
0.564538
0.578557
0.590077
0.5994
0.605828
0.611268
0.615877
0.620464
0.626754
0.638787
0.799916
0.799998
0.8
0.8
0.8
0.8
0.8
0.8
0.8
0.8
0.8
0.8
0.8
0.8
0.8
0.8
0.8
0.8
0.8
0.8
0.8
0.8
0.8
0.8
0.8
0.8
0.8
0.8
0.8
0.8
0.8
0.8
0.8
0.8
0.8
0.8
0.8
0.8
0.8
0.8
0.8
0.8
0.8
0.8
0.8
0.8
0.8
0.8
0.8
0.8
0.8
0.8
0.8
0.8
0.8
0.8
0.8
0.8
0.8
0.8
0.8
0.8
0.8
0.8
0.8
0.8
0.8
0.8
0.8
0.8
0.8
0.8
0.8
0.8
0.8
0.8
0.8
0.8
0.8
0.8
0.8
0.8
0.8
0.8
0.8
0.8
0.8
0.8
0.8
0.8
0.8
0.8
0.8
0.8
0.8
0.8
0.8
0.8
0.8
0.8
0.8
0.8
0.8
0.8
0.8
0.8
0.8
0.8
0.8
0.8
0.8
0.8
0.8
0.8
0.8
0.8
0.8
0.8
0.8
0.8
0.8
0.8
0.8
0.8
0.8
0.8
0.8
0.8
0.8
0.8
0.8
0.8
0.8
0.8
0.8
0.8
0.527446
0.533164
0.540944
0.55071
0.562136
0.574408
0.585273
0.594439
0.601541
0.607493
0.612623
0.617726
0.623916
0.634056
0.798463
0.799998
0.8
0.8
0.8
0.8
0.8
0.8
0.8
0.8
0.8
0.8
0.8
0.8
0.8
0.8
0.8
0.8
0.8
0.8
0.8
0.8
0.8
0.8
0.8
0.8
0.8
0.8
0.8
0.8
0.8
0.8
0.8
0.8
0.8
0.8
0.8
0.8
0.8
0.8
0.8
0.8
0.8
0.8
0.8
0.8
0.8
0.8
0.8
0.8
0.8
0.8
0.8
0.8
0.8
0.8
0.8
0.8
0.8
0.8
0.8
0.8
0.8
0.8
0.8
0.8
0.8
0.8
0.8
0.8
0.8
0.8
0.8
0.8
0.8
0.8
0.8
0.8
0.8
0.8
0.8
0.8
0.8
0.8
0.8
0.8
0.8
0.8
0.8
0.8
0.8
0.8
0.8
0.8
0.8
0.8
0.8
0.8
0.8
0.8
0.8
0.8
0.8
0.8
0.8
0.8
0.8
0.8
0.8
0.8
0.8
0.8
0.8
0.8
0.8
0.8
0.8
0.8
0.8
0.8
0.8
0.8
0.8
0.8
0.8
0.8
0.8
0.8
0.8
0.8
0.8
0.8
0.8
0.8
0.8
0.8
0.529667
0.534872
0.541817
0.550427
0.560429
0.571213
0.581275
0.590139
0.597537
0.603886
0.609503
0.614937
0.620943
0.629516
0.63173
0.635406
0.722704
0.787569
0.799134
0.799959
0.795998
0.788889
0.798839
0.799993
0.8
0.8
0.8
0.8
0.8
0.8
0.8
0.799998
0.799996
0.8
0.8
0.8
0.8
0.8
0.8
0.8
0.8
0.8
0.8
0.8
0.8
0.8
0.8
0.8
0.8
0.8
0.8
0.8
0.8
0.8
0.8
0.8
0.8
0.8
0.8
0.8
0.8
0.8
0.8
0.8
0.8
0.8
0.8
0.8
0.8
0.8
0.8
0.8
0.8
0.8
0.8
0.8
0.8
0.8
0.8
0.8
0.8
0.8
0.8
0.8
0.8
0.8
0.8
0.8
0.8
0.8
0.8
0.8
0.8
0.8
0.8
0.8
0.8
0.8
0.8
0.8
0.8
0.8
0.8
0.8
0.8
0.8
0.8
0.8
0.8
0.8
0.8
0.8
0.8
0.8
0.8
0.8
0.8
0.8
0.8
0.8
0.8
0.8
0.8
0.8
0.8
0.8
0.8
0.8
0.8
0.8
0.8
0.8
0.8
0.8
0.8
0.8
0.8
0.8
0.8
0.8
0.8
0.8
0.8
0.8
0.8
0.8
0.8
0.8
0.8
0.8
0.532071
0.536802
0.543
0.550596
0.559372
0.56887
0.578077
0.586506
0.593912
0.600456
0.606355
0.611944
0.617655
0.624406
0.628409
0.632782
0.636158
0.63946
0.642731
0.645932
0.649316
0.653304
0.664206
0.674257
0.791272
0.799989
0.8
0.8
0.8
0.8
0.799981
0.799106
0.798394
0.799789
0.799978
0.8
0.8
0.8
0.8
0.8
0.8
0.8
0.8
0.8
0.8
0.8
0.8
0.8
0.8
0.8
0.8
0.8
0.8
0.8
0.8
0.8
0.8
0.8
0.8
0.8
0.8
0.8
0.8
0.8
0.8
0.8
0.8
0.8
0.8
0.8
0.8
0.8
0.8
0.8
0.8
0.8
0.8
0.8
0.8
0.8
0.8
0.8
0.8
0.8
0.8
0.8
0.8
0.8
0.8
0.8
0.8
0.8
0.8
0.8
0.8
0.8
0.8
0.8
0.8
0.8
0.8
0.8
0.8
0.8
0.8
0.8
0.8
0.8
0.8
0.8
0.8
0.8
0.8
0.8
0.8
0.8
0.8
0.8
0.8
0.8
0.8
0.8
0.8
0.8
0.8
0.8
0.8
0.8
0.8
0.8
0.8
0.8
0.8
0.8
0.8
0.8
0.8
0.8
0.8
0.8
0.8
0.8
0.8
0.8
0.8
0.8
0.8
0.8
0.8
0.8
0.534676
0.538969
0.544499
0.551206
0.558918
0.567292
0.57564
0.583531
0.590732
0.597266
0.603248
0.608859
0.614322
0.620011
0.624604
0.628916
0.632143
0.635238
0.63844
0.641859
0.645619
0.649949
0.656646
0.666945
0.674959
0.752532
0.797531
0.799967
0.799067
0.792474
0.751507
0.772412
0.787855
0.796738
0.799318
0.799828
0.799993
0.8
0.799999
0.799995
0.799998
0.799999
0.8
0.8
0.8
0.8
0.8
0.8
0.8
0.8
0.8
0.8
0.8
0.8
0.8
0.8
0.8
0.8
0.8
0.8
0.8
0.8
0.8
0.8
0.8
0.8
0.8
0.8
0.8
0.8
0.8
0.8
0.8
0.8
0.8
0.8
0.8
0.8
0.8
0.8
0.8
0.8
0.8
0.8
0.8
0.8
0.8
0.8
0.8
0.8
0.8
0.8
0.8
0.8
0.8
0.8
0.8
0.8
0.8
0.8
0.8
0.8
0.8
0.8
0.8
0.8
0.8
0.8
0.8
0.8
0.8
0.8
0.8
0.8
0.8
0.8
0.8
0.8
0.8
0.8
0.8
0.8
0.8
0.8
0.8
0.8
0.8
0.8
0.8
0.8
0.8
0.8
0.8
0.8
0.8
0.8
0.8
0.8
0.8
0.8
0.8
0.8
0.8
0.8
0.8
0.8
0.8
0.8
0.8
0.8
0.537506
0.541393
0.546324
0.552248
0.559029
0.566413
0.573926
0.581212
0.588058
0.594415
0.600318
0.605851
0.61112
0.616273
0.620899
0.625134
0.62874
0.632121
0.635511
0.63905
0.642862
0.64711
0.652425
0.660112
0.668725
0.675992
0.681434
0.687059
0.693816
0.702127
0.712881
0.734848
0.762494
0.784823
0.795307
0.798647
0.799466
0.799798
0.799925
0.799972
0.799992
0.799998
0.799999
0.8
0.8
0.8
0.8
0.8
0.8
0.8
0.8
0.8
0.8
0.8
0.8
0.8
0.8
0.8
0.8
0.8
0.8
0.8
0.8
0.8
0.8
0.8
0.8
0.8
0.8
0.8
0.8
0.8
0.8
0.8
0.8
0.8
0.8
0.8
0.8
0.8
0.8
0.8
0.8
0.8
0.8
0.8
0.8
0.8
0.8
0.8
0.8
0.8
0.8
0.8
0.8
0.8
0.8
0.8
0.8
0.8
0.8
0.8
0.8
0.8
0.8
0.8
0.8
0.8
0.8
0.8
0.8
0.8
0.8
0.8
0.8
0.8
0.8
0.8
0.8
0.8
0.8
0.8
0.8
0.8
0.8
0.8
0.8
0.8
0.8
0.8
0.8
0.8
0.8
0.8
0.8
0.8
0.8
0.8
0.8
0.8
0.8
0.8
0.8
0.8
0.8
0.8
0.8
0.8
0.8
0.8
0.540584
0.544096
0.548488
0.553719
0.559681
0.566186
0.572905
0.579556
0.585951
0.592007
0.597711
0.603087
0.608177
0.61304
0.617565
0.62176
0.625584
0.629206
0.632787
0.636445
0.640282
0.644404
0.649039
0.654723
0.661231
0.666548
0.671641
0.677204
0.683925
0.692966
0.706415
0.728278
0.756284
0.78026
0.79293
0.79766
0.799187
0.799719
0.799905
0.799969
0.799991
0.799998
0.799999
0.8
0.8
0.8
0.8
0.8
0.8
0.8
0.8
0.8
0.8
0.8
0.8
0.8
0.8
0.8
0.8
0.8
0.8
0.8
0.8
0.8
0.8
0.8
0.8
0.8
0.8
0.8
0.8
0.8
0.8
0.8
0.8
0.8
0.8
0.8
0.8
0.8
0.8
0.8
0.8
0.8
0.8
0.8
0.8
0.8
0.8
0.8
0.8
0.8
0.8
0.8
0.8
0.8
0.8
0.8
0.8
0.8
0.8
0.8
0.8
0.8
0.8
0.8
0.8
0.8
0.8
0.8
0.8
0.8
0.8
0.8
0.8
0.8
0.8
0.8
0.8
0.8
0.8
0.8
0.8
0.8
0.8
0.8
0.8
0.8
0.8
0.8
0.8
0.8
0.8
0.8
0.8
0.8
0.8
0.8
0.8
0.8
0.8
0.8
0.8
0.8
0.8
0.8
0.8
0.8
0.8
0.8
0.543943
0.547107
0.551014
0.555626
0.560865
0.566588
0.572564
0.578577
0.584467
0.590141
0.595559
0.600713
0.605612
0.610276
0.614683
0.618837
0.62275
0.62651
0.630214
0.63395
0.637792
0.641807
0.646081
0.650773
0.655853
0.66077
0.665856
0.671647
0.678962
0.689332
0.705115
0.728915
0.7579
0.781306
0.793303
0.797804
0.799291
0.799775
0.79993
0.799979
0.799994
0.799998
0.8
0.8
0.8
0.8
0.8
0.8
0.8
0.8
0.8
0.8
0.8
0.8
0.8
0.8
0.8
0.8
0.8
0.8
0.8
0.8
0.8
0.8
0.8
0.8
0.8
0.8
0.8
0.8
0.8
0.8
0.8
0.8
0.8
0.8
0.8
0.8
0.8
0.8
0.8
0.8
0.8
0.8
0.8
0.8
0.8
0.8
0.8
0.8
0.8
0.8
0.8
0.8
0.8
0.8
0.8
0.8
0.8
0.8
0.8
0.8
0.8
0.8
0.8
0.8
0.8
0.8
0.8
0.8
0.8
0.8
0.8
0.8
0.8
0.8
0.8
0.8
0.8
0.8
0.8
0.8
0.8
0.8
0.8
0.8
0.8
0.8
0.8
0.8
0.8
0.8
0.8
0.8
0.8
0.8
0.8
0.8
0.8
0.8
0.8
0.8
0.8
0.8
0.8
0.8
0.8
0.8
0.8
0.8
0.547625
0.550465
0.553931
0.557993
0.56259
0.567616
0.572906
0.578299
0.583662
0.588907
0.593983
0.598864
0.603544
0.608025
0.612305
0.616396
0.620321
0.624132
0.627892
0.631662
0.635494
0.639436
0.643535
0.64785
0.652419
0.657235
0.662598
0.669124
0.677912
0.690848
0.710528
0.73796
0.76688
0.786615
0.795485
0.798586
0.799569
0.799871
0.799962
0.799989
0.799997
0.799999
0.8
0.8
0.8
0.8
0.8
0.8
0.8
0.8
0.8
0.8
0.8
0.8
0.8
0.8
0.8
0.8
0.8
0.8
0.8
0.8
0.8
0.8
0.8
0.8
0.8
0.8
0.8
0.8
0.8
0.8
0.8
0.8
0.8
0.8
0.8
0.8
0.8
0.8
0.8
0.8
0.8
0.8
0.8
0.8
0.8
0.8
0.8
0.8
0.8
0.8
0.8
0.8
0.8
0.8
0.8
0.8
0.8
0.8
0.8
0.8
0.8
0.8
0.8
0.8
0.8
0.8
0.8
0.8
0.8
0.8
0.8
0.8
0.8
0.8
0.8
0.8
0.8
0.8
0.8
0.8
0.8
0.8
0.8
0.8
0.8
0.8
0.8
0.8
0.8
0.8
0.8
0.8
0.8
0.8
0.8
0.8
0.8
0.8
0.8
0.8
0.8
0.8
0.8
0.8
0.8
0.8
0.8
0.8
0.551684
0.554223
0.557289
0.560861
0.564887
0.56929
0.573954
0.578759
0.583598
0.588394
0.593095
0.59767
0.602101
0.606384
0.610521
0.61452
0.618406
0.622213
0.625984
0.629763
0.633594
0.637523
0.641601
0.6459
0.650535
0.655718
0.661909
0.669961
0.681345
0.698317
0.72303
0.753241
0.778749
0.792424
0.797624
0.799291
0.799793
0.799941
0.799983
0.799995
0.799999
0.8
0.8
0.8
0.8
0.8
0.8
0.8
0.8
0.8
0.8
0.8
0.8
0.8
0.8
0.8
0.8
0.8
0.8
0.8
0.8
0.8
0.8
0.8
0.8
0.8
0.8
0.8
0.8
0.8
0.8
0.8
0.8
0.8
0.8
0.8
0.8
0.8
0.8
0.8
0.8
0.8
0.8
0.8
0.8
0.8
0.8
0.8
0.8
0.8
0.8
0.8
0.8
0.8
0.8
0.8
0.8
0.8
0.8
0.8
0.8
0.8
0.8
0.8
0.8
0.8
0.8
0.8
0.8
0.8
0.8
0.8
0.8
0.8
0.8
0.8
0.8
0.8
0.8
0.8
0.8
0.8
0.8
0.8
0.8
0.8
0.8
0.8
0.8
0.8
0.8
0.8
0.8
0.8
0.8
0.8
0.8
0.8
0.8
0.8
0.8
0.8
0.8
0.8
0.8
0.8
0.8
0.8
0.8
0.8
0.556199
0.558458
0.561163
0.564295
0.567815
0.571665
0.575764
0.580022
0.584359
0.588709
0.593024
0.597274
0.601439
0.605509
0.609484
0.613374
0.617195
0.620976
0.624752
0.628561
0.632453
0.636488
0.640753
0.64538
0.650594
0.656794
0.664692
0.675519
0.691226
0.714125
0.743878
0.772272
0.78957
0.796677
0.799015
0.799717
0.79992
0.799978
0.799994
0.799998
0.8
0.8
0.8
0.8
0.8
0.8
0.8
0.8
0.8
0.8
0.8
0.8
0.8
0.8
0.8
0.8
0.8
0.8
0.8
0.8
0.8
0.8
0.8
0.8
0.8
0.8
0.8
0.8
0.8
0.8
0.8
0.8
0.8
0.8
0.8
0.8
0.8
0.8
0.8
0.8
0.8
0.8
0.8
0.8
0.8
0.8
0.8
0.8
0.8
0.8
0.8
0.8
0.8
0.8
0.8
0.8
0.8
0.8
0.8
0.8
0.8
0.8
0.8
0.8
0.8
0.8
0.8
0.8
0.8
0.8
0.8
0.8
0.8
0.8
0.8
0.8
0.8
0.8
0.8
0.8
0.8
0.8
0.8
0.8
0.8
0.8
0.8
0.8
0.8
0.8
0.8
0.8
0.8
0.8
0.8
0.8
0.8
0.8
0.8
0.8
0.8
0.8
0.8
0.8
0.8
0.8
0.8
0.8
0.8
0.8
0.56129
0.563291
0.56567
0.56841
0.571484
0.574848
0.578445
0.582209
0.58608
0.590007
0.593949
0.59788
0.601779
0.605639
0.609458
0.613245
0.617018
0.620804
0.624642
0.628581
0.632691
0.637072
0.641873
0.64733
0.653835
0.662047
0.673079
0.688694
0.711072
0.740329
0.769376
0.78811
0.796154
0.798857
0.799673
0.799908
0.799974
0.799993
0.799998
0.799999
0.8
0.8
0.8
0.8
0.8
0.8
0.8
0.8
0.8
0.8
0.8
0.8
0.8
0.8
0.8
0.8
0.8
0.8
0.8
0.8
0.8
0.8
0.8
0.8
0.8
0.8
0.8
0.8
0.8
0.8
0.8
0.8
0.8
0.8
0.8
0.8
0.8
0.8
0.8
0.8
0.8
0.8
0.8
0.8
0.8
0.8
0.8
0.8
0.8
0.8
0.8
0.8
0.8
0.8
0.8
0.8
0.8
0.8
0.8
0.8
0.8
0.8
0.8
0.8
0.8
0.8
0.8
0.8
0.8
0.8
0.8
0.8
0.8
0.8
0.8
0.8
0.8
0.8
0.8
0.8
0.8
0.8
0.8
0.8
0.8
0.8
0.8
0.8
0.8
0.8
0.8
0.8
0.8
0.8
0.8
0.8
0.8
0.8
0.8
0.8
0.8
0.8
0.8
0.8
0.8
0.8
0.8
0.8
0.8
0.8
0.567146
0.568912
0.571001
0.5734
0.576088
0.579035
0.582198
0.585532
0.588995
0.592548
0.59616
0.599809
0.603482
0.607173
0.610887
0.614636
0.618446
0.622355
0.626418
0.630713
0.635355
0.640513
0.646445
0.653566
0.662546
0.674479
0.691041
0.714116
0.743217
0.771099
0.788741
0.796323
0.798898
0.799682
0.79991
0.799975
0.799993
0.799998
0.8
0.8
0.8
0.8
0.8
0.8
0.8
0.8
0.8
0.8
0.8
0.8
0.8
0.8
0.8
0.8
0.8
0.8
0.8
0.8
0.8
0.8
0.8
0.8
0.8
0.8
0.8
0.8
0.8
0.8
0.8
0.8
0.8
0.8
0.8
0.8
0.8
0.8
0.8
0.8
0.8
0.8
0.8
0.8
0.8
0.8
0.8
0.8
0.8
0.8
0.8
0.8
0.8
0.8
0.8
0.8
0.8
0.8
0.8
0.8
0.8
0.8
0.8
0.8
0.8
0.8
0.8
0.8
0.8
0.8
0.8
0.8
0.8
0.8
0.8
0.8
0.8
0.8
0.8
0.8
0.8
0.8
0.8
0.8
0.8
0.8
0.8
0.8
0.8
0.8
0.8
0.8
0.8
0.8
0.8
0.8
0.8
0.8
0.8
0.8
0.8
0.8
0.8
0.8
0.8
0.8
0.8
0.8
0.8
0.8
0.8
0.8
0.574078
0.57564
0.577483
0.579597
0.581968
0.584575
0.587389
0.59038
0.59352
0.596782
0.600149
0.603605
0.607147
0.610779
0.614515
0.618382
0.622424
0.626704
0.631314
0.636388
0.642124
0.648822
0.656951
0.667252
0.680876
0.699404
0.724022
0.752501
0.776964
0.791185
0.7971
0.799116
0.799741
0.799926
0.799979
0.799994
0.799998
0.8
0.8
0.8
0.8
0.8
0.8
0.8
0.8
0.8
0.8
0.8
0.8
0.8
0.8
0.8
0.8
0.8
0.8
0.8
0.8
0.8
0.8
0.8
0.8
0.8
0.8
0.8
0.8
0.8
0.8
0.8
0.8
0.8
0.8
0.8
0.8
0.8
0.8
0.8
0.8
0.8
0.8
0.8
0.8
0.8
0.8
0.8
0.8
0.8
0.8
0.8
0.8
0.8
0.8
0.8
0.8
0.8
0.8
0.8
0.8
0.8
0.8
0.8
0.8
0.8
0.8
0.8
0.8
0.8
0.8
0.8
0.8
0.8
0.8
0.8
0.8
0.8
0.8
0.8
0.8
0.8
0.8
0.8
0.8
0.8
0.8
0.8
0.8
0.8
0.8
0.8
0.8
0.8
0.8
0.8
0.8
0.8
0.8
0.8
0.8
0.8
0.8
0.8
0.8
0.8
0.8
0.8
0.8
0.8
0.8
0.8
0.8
0.8
0.582604
0.584005
0.58566
0.587563
0.589704
0.59207
0.594646
0.597414
0.600358
0.603466
0.606731
0.610154
0.613745
0.617524
0.621526
0.625806
0.630443
0.635552
0.641299
0.647932
0.655825
0.665545
0.677949
0.694213
0.715456
0.741115
0.766494
0.784842
0.794318
0.798106
0.799409
0.799823
0.799948
0.799985
0.799996
0.799999
0.8
0.8
0.8
0.8
0.8
0.8
0.8
0.8
0.8
0.8
0.8
0.8
0.8
0.8
0.8
0.8
0.8
0.8
0.8
0.8
0.8
0.8
0.8
0.8
0.8
0.8
0.8
0.8
0.8
0.8
0.8
0.8
0.8
0.8
0.8
0.8
0.8
0.8
0.8
0.8
0.8
0.8
0.8
0.8
0.8
0.8
0.8
0.8
0.8
0.8
0.8
0.8
0.8
0.8
0.8
0.8
0.8
0.8
0.8
0.8
0.8
0.8
0.8
0.8
0.8
0.8
0.8
0.8
0.8
0.8
0.8
0.8
0.8
0.8
0.8
0.8
0.8
0.8
0.8
0.8
0.8
0.8
0.8
0.8
0.8
0.8
0.8
0.8
0.8
0.8
0.8
0.8
0.8
0.8
0.8
0.8
0.8
0.8
0.8
0.8
0.8
0.8
0.8
0.8
0.8
0.8
0.8
0.8
0.8
0.8
0.8
0.8
0.8
0.8
0.593572
0.59488
0.596431
0.598224
0.600253
0.602516
0.605007
0.607722
0.610659
0.613822
0.617222
0.620879
0.624828
0.62912
0.633829
0.639066
0.644984
0.651811
0.659878
0.669667
0.681862
0.697321
0.716746
0.739603
0.762671
0.780947
0.791877
0.796973
0.798967
0.799667
0.799897
0.799969
0.799991
0.799997
0.799999
0.8
0.8
0.8
0.8
0.8
0.8
0.8
0.8
0.8
0.8
0.8
0.8
0.8
0.8
0.8
0.8
0.8
0.8
0.8
0.8
0.8
0.8
0.8
0.8
0.8
0.8
0.8
0.8
0.8
0.8
0.8
0.8
0.8
0.8
0.8
0.8
0.8
0.8
0.8
0.8
0.8
0.8
0.8
0.8
0.8
0.8
0.8
0.8
0.8
0.8
0.8
0.8
0.8
0.8
0.8
0.8
0.8
0.8
0.8
0.8
0.8
0.8
0.8
0.8
0.8
0.8
0.8
0.8
0.8
0.8
0.8
0.8
0.8
0.8
0.8
0.8
0.8
0.8
0.8
0.8
0.8
0.8
0.8
0.8
0.8
0.8
0.8
0.8
0.8
0.8
0.8
0.8
0.8
0.8
0.8
0.8
0.8
0.8
0.8
0.8
0.8
0.8
0.8
0.8
0.8
0.8
0.8
0.8
0.8
0.8
0.8
0.8
0.8
0.8
0.8
0.608389
0.609711
0.611284
0.613112
0.615201
0.617558
0.620191
0.623112
0.62634
0.629903
0.633839
0.638205
0.643083
0.648585
0.654872
0.662164
0.670776
0.681124
0.693728
0.709084
0.727286
0.747298
0.766497
0.781705
0.791395
0.796428
0.798651
0.799525
0.799842
0.799949
0.799984
0.799995
0.799999
0.8
0.8
0.8
0.8
0.8
0.8
0.8
0.8
0.8
0.8
0.8
0.8
0.8
0.8
0.8
0.8
0.8
0.8
0.8
0.8
0.8
0.8
0.8
0.8
0.8
0.8
0.8
0.8
0.8
0.8
0.8
0.8
0.8
0.8
0.8
0.8
0.8
0.8
0.8
0.8
0.8
0.8
0.8
0.8
0.8
0.8
0.8
0.8
0.8
0.8
0.8
0.8
0.8
0.8
0.8
0.8
0.8
0.8
0.8
0.8
0.8
0.8
0.8
0.8
0.8
0.8
0.8
0.8
0.8
0.8
0.8
0.8
0.8
0.8
0.8
0.8
0.8
0.8
0.8
0.8
0.8
0.8
0.8
0.8
0.8
0.8
0.8
0.8
0.8
0.8
0.8
0.8
0.8
0.8
0.8
0.8
0.8
0.8
0.8
0.8
0.8
0.8
0.8
0.8
0.8
0.8
0.8
0.8
0.8
0.8
0.8
0.8
0.8
0.8
0.8
0.8
0.8
0.629484
0.630995
0.632791
0.634891
0.637315
0.640091
0.643248
0.646826
0.650877
0.65547
0.660698
0.666683
0.673588
0.681623
0.69104
0.702115
0.715053
0.729807
0.745791
0.761677
0.775653
0.78624
0.793069
0.796849
0.798687
0.799491
0.799815
0.799936
0.799979
0.799993
0.799998
0.799999
0.8
0.8
0.8
0.8
0.8
0.8
0.8
0.8
0.8
0.8
0.8
0.8
0.8
0.8
0.8
0.8
0.8
0.8
0.8
0.8
0.8
0.8
0.8
0.8
0.8
0.8
0.8
0.8
0.8
0.8
0.8
0.8
0.8
0.8
0.8
0.8
0.8
0.8
0.8
0.8
0.8
0.8
0.8
0.8
0.8
0.8
0.8
0.8
0.8
0.8
0.8
0.8
0.8
0.8
0.8
0.8
0.8
0.8
0.8
0.8
0.8
0.8
0.8
0.8
0.8
0.8
0.8
0.8
0.8
0.8
0.8
0.8
0.8
0.8
0.8
0.8
0.8
0.8
0.8
0.8
0.8
0.8
0.8
0.8
0.8
0.8
0.8
0.8
0.8
0.8
0.8
0.8
0.8
0.8
0.8
0.8
0.8
0.8
0.8
0.8
0.8
0.8
0.8
0.8
0.8
0.8
0.8
0.8
0.8
0.8
0.8
0.8
0.8
0.8
0.8
0.8
0.8
0.8
0.661185
0.663165
0.66551
0.668266
0.671481
0.675208
0.67951
0.68446
0.690147
0.696669
0.704133
0.712639
0.722241
0.732893
0.74437
0.756193
0.767622
0.777792
0.785984
0.791891
0.795693
0.79789
0.79904
0.799593
0.799838
0.799939
0.799978
0.799993
0.799998
0.799999
0.8
0.8
0.8
0.8
0.8
0.8
0.8
0.8
0.8
0.8
0.8
0.8
0.8
0.8
0.8
0.8
0.8
0.8
0.8
0.8
0.8
0.8
0.8
0.8
0.8
0.8
0.8
0.8
0.8
0.8
0.8
0.8
0.8
0.8
0.8
0.8
0.8
0.8
0.8
0.8
0.8
0.8
0.8
0.8
0.8
0.8
0.8
0.8
0.8
0.8
0.8
0.8
0.8
0.8
0.8
0.8
0.8
0.8
0.8
0.8
0.8
0.8
0.8
0.8
0.8
0.8
0.8
0.8
0.8
0.8
0.8
0.8
0.8
0.8
0.8
0.8
0.8
0.8
0.8
0.8
0.8
0.8
0.8
0.8
0.8
0.8
0.8
0.8
0.8
0.8
0.8
0.8
0.8
0.8
0.8
0.8
0.8
0.8
0.8
0.8
0.8
0.8
0.8
0.8
0.8
0.8
0.8
0.8
0.8
0.8
0.8
0.8
0.8
0.8
0.8
0.8
0.8
0.8
0.8
0.8
0.708771
0.711361
0.714404
0.717957
0.722063
0.726752
0.732042
0.737928
0.744374
0.751293
0.758536
0.765879
0.77303
0.779658
0.785451
0.790183
0.793775
0.796298
0.797936
0.798922
0.799471
0.799756
0.799894
0.799957
0.799983
0.799994
0.799998
0.799999
0.8
0.8
0.8
0.8
0.8
0.8
0.8
0.8
0.8
0.8
0.8
0.8
0.8
0.8
0.8
0.8
0.8
0.8
0.8
0.8
0.8
0.8
0.8
0.8
0.8
0.8
0.8
0.8
0.8
0.8
0.8
0.8
0.8
0.8
0.8
0.8
0.8
0.8
0.8
0.8
0.8
0.8
0.8
0.8
0.8
0.8
0.8
0.8
0.8
0.8
0.8
0.8
0.8
0.8
0.8
0.8
0.8
0.8
0.8
0.8
0.8
0.8
0.8
0.8
0.8
0.8
0.8
0.8
0.8
0.8
0.8
0.8
0.8
0.8
0.8
0.8
0.8
0.8
0.8
0.8
0.8
0.8
0.8
0.8
0.8
0.8
0.8
0.8
0.8
0.8
0.8
0.8
0.8
0.8
0.8
0.8
0.8
0.8
0.8
0.8
0.8
0.8
0.8
0.8
0.8
0.8
0.8
0.8
0.8
0.8
0.8
0.8
0.8
0.8
0.8
0.8
0.8
0.8
0.8
0.8
0.8
0.8
0.762949
0.764982
0.767317
0.769937
0.772804
0.775864
0.779041
0.782246
0.785378
0.788332
0.79101
0.793337
0.795265
0.796783
0.797917
0.798718
0.799251
0.799586
0.799783
0.799893
0.79995
0.799978
0.799991
0.799996
0.799999
0.8
0.8
0.8
0.8
0.8
0.8
0.8
0.8
0.8
0.8
0.8
0.8
0.8
0.8
0.8
0.8
0.8
0.8
0.8
0.8
0.8
0.8
0.8
0.8
0.8
0.8
0.8
0.8
0.8
0.8
0.8
0.8
0.8
0.8
0.8
0.8
0.8
0.8
0.8
0.8
0.8
0.8
0.8
0.8
0.8
0.8
0.8
0.8
0.8
0.8
0.8
0.8
0.8
0.8
0.8
0.8
0.8
0.8
0.8
0.8
0.8
0.8
0.8
0.8
0.8
0.8
0.8
0.8
0.8
0.8
0.8
0.8
0.8
0.8
0.8
0.8
0.8
0.8
0.8
0.8
0.8
0.8
0.8
0.8
0.8
0.8
0.8
0.8
0.8
0.8
0.8
0.8
0.8
0.8
0.8
0.8
0.8
0.8
0.8
0.8
0.8
0.8
0.8
0.8
0.8
0.8
0.8
0.8
0.8
0.8
0.8
0.8
0.8
0.8
0.8
0.8
0.8
0.8
0.8
0.8
0.8
0.8
0.8
0.8
0.8
0.792619
0.79321
0.793873
0.794586
0.795321
0.796054
0.796759
0.797413
0.797998
0.798501
0.798917
0.799247
0.799498
0.799679
0.799804
0.799886
0.799937
0.799967
0.799983
0.799992
0.799996
0.799998
0.799999
0.8
0.8
0.8
0.8
0.8
0.8
0.8
0.8
0.8
0.8
0.8
0.8
0.8
0.8
0.8
0.8
0.8
0.8
0.8
0.8
0.8
0.8
0.8
0.8
0.8
0.8
0.8
0.8
0.8
0.8
0.8
0.8
0.8
0.8
0.8
0.8
0.8
0.8
0.8
0.8
0.8
0.8
0.8
0.8
0.8
0.8
0.8
0.8
0.8
0.8
0.8
0.8
0.8
0.8
0.8
0.8
0.8
0.8
0.8
0.8
0.8
0.8
0.8
0.8
0.8
0.8
0.8
0.8
0.8
0.8
0.8
0.8
0.8
0.8
0.8
0.8
0.8
0.8
0.8
0.8
0.8
0.8
0.8
0.8
0.8
0.8
0.8
0.8
0.8
0.8
0.8
0.8
0.8
0.8
0.8
0.8
0.8
0.8
0.8
0.8
0.8
0.8
0.8
0.8
0.8
0.8
0.8
0.8
0.8
0.8
0.8
0.8
0.8
0.8
0.8
0.8
0.8
0.8
0.8
0.8
0.8
0.8
0.8
0.8
0.8
0.8
0.8
0.799254
0.799325
0.799404
0.799487
0.79957
0.799649
0.799722
0.799787
0.799842
0.799887
0.799922
0.799948
0.799967
0.79998
0.799988
0.799993
0.799997
0.799998
0.799999
0.8
0.8
0.8
0.8
0.8
0.8
0.8
0.8
0.8
0.8
0.8
0.8
0.8
0.8
0.8
0.8
0.8
0.8
0.8
0.8
0.8
0.8
0.8
0.8
0.8
0.8
0.8
0.8
0.8
0.8
0.8
0.8
0.8
0.8
0.8
0.8
0.8
0.8
0.8
0.8
0.8
0.8
0.8
0.8
0.8
0.8
0.8
0.8
0.8
0.8
0.8
0.8
0.8
0.8
0.8
0.8
0.8
0.8
0.8
0.8
0.8
0.8
0.8
0.8
0.8
0.8
0.8
0.8
0.8
0.8
0.8
0.8
0.8
0.8
0.8
0.8
0.8
0.8
0.8
0.8
0.8
0.8
0.8
0.8
0.8
0.8
0.8
0.8
0.8
0.8
0.8
0.8
0.8
0.8
0.8
0.8
0.8
0.8
0.8
0.8
0.8
0.8
0.8
0.8
0.8
0.8
0.8
0.8
0.8
0.8
0.8
0.8
0.8
0.8
0.8
0.8
0.8
0.8
0.8
0.8
0.8
0.8
0.8
0.8
0.8
0.8
0.8
0.8
0.8
0.8
0.8
0.799966
0.79997
0.799974
0.799978
0.799982
0.799986
0.799989
0.799992
0.799994
0.799996
0.799997
0.799998
0.799999
0.799999
0.8
0.8
0.8
0.8
0.8
0.8
0.8
0.8
0.8
0.8
0.8
0.8
0.8
0.8
0.8
0.8
0.8
0.8
0.8
0.8
0.8
0.8
0.8
0.8
0.8
0.8
0.8
0.8
0.8
0.8
0.8
0.8
0.8
0.8
0.8
0.8
0.8
0.8
0.8
0.8
0.8
0.8
0.8
0.8
0.8
0.8
0.8
0.8
0.8
0.8
0.8
0.8
0.8
0.8
0.8
0.8
0.8
0.8
0.8
0.8
0.8
0.8
0.8
0.8
0.8
0.8
0.8
0.8
0.8
0.8
0.8
0.8
0.8
0.8
0.8
0.8
0.8
0.8
0.8
0.8
0.8
0.8
0.8
0.8
0.8
0.8
0.8
0.8
0.8
0.8
0.8
0.8
0.8
0.8
0.8
0.8
0.8
0.8
0.8
0.8
0.8
0.8
0.8
0.8
0.8
0.8
0.8
0.8
0.8
0.8
0.8
0.8
0.8
0.8
0.8
0.8
0.8
0.8
0.8
0.8
0.8
0.8
0.8
0.8
0.8
0.8
0.8
0.8
0.8
0.8
0.8
0.8
0.8
0.8
0.8
0.8
)
;

boundaryField
{
    left
    {
        type            fixedValue;
        value           uniform 0;
    }
    right
    {
        type            fixedValue;
        value           uniform 0;
    }
    up
    {
        type            fixedValue;
        value           uniform 0;
    }
    down
    {
        type            fixedValue;
        value           uniform 0;
    }
    front
    {
        type            fixedValue;
        value           uniform 0;
    }
    back
    {
        type            fixedValue;
        value           uniform 0;
    }
}


// ************************************************************************* //
