/*--------------------------------*- C++ -*----------------------------------*\
| =========                 |                                                 |
| \\      /  F ield         | OpenFOAM: The Open Source CFD Toolbox           |
|  \\    /   O peration     | Version:  2.1.0                                 |
|   \\  /    A nd           | Web:      www.OpenFOAM.org                      |
|    \\/     M anipulation  |                                                 |
\*---------------------------------------------------------------------------*/
FoamFile
{
    version     2.0;
    format      ascii;
    class       volScalarField;
    location    "20075";
    object      sw;
}
// * * * * * * * * * * * * * * * * * * * * * * * * * * * * * * * * * * * * * //

dimensions      [0 0 0 0 0 0 0];

internalField   nonuniform List<scalar> 
15000
(
0.8
0.79999
0.799381
0.795161
0.784892
0.770346
0.75429
0.738304
0.723021
0.708635
0.695174
0.682601
0.670858
0.659885
0.649625
0.640023
0.631028
0.622589
0.614661
0.607201
0.600169
0.593523
0.587225
0.581243
0.575551
0.570125
0.564941
0.559979
0.55522
0.550647
0.546245
0.542
0.537897
0.533922
0.530066
0.526317
0.522665
0.519102
0.515618
0.512207
0.508862
0.505574
0.50234
0.499152
0.496008
0.4929
0.489827
0.486785
0.483772
0.480787
0.477825
0.474889
0.471975
0.469085
0.466217
0.463373
0.460553
0.457756
0.454983
0.452235
0.44951
0.446807
0.444126
0.441465
0.438821
0.436193
0.433576
0.430968
0.428364
0.425759
0.423148
0.420525
0.417884
0.415216
0.412513
0.409766
0.406963
0.404093
0.401138
0.398082
0.3949
0.391565
0.388036
0.384262
0.38017
0.375657
0.37057
0.364683
0.357638
0.348861
0.337402
0.321708
0.299604
0.26995
0.238067
0.21542
0.205069
0.201513
0.200436
0.200124
0.200035
0.20001
0.200003
0.200001
0.2
0.2
0.2
0.2
0.2
0.2
0.2
0.2
0.2
0.2
0.2
0.2
0.2
0.2
0.2
0.2
0.2
0.2
0.2
0.2
0.2
0.2
0.2
0.2
0.2
0.2
0.2
0.2
0.2
0.2
0.2
0.2
0.2
0.2
0.2
0.2
0.2
0.2
0.2
0.2
0.2
0.2
0.2
0.2
0.2
0.2
0.799989
0.799773
0.797783
0.791015
0.779081
0.764261
0.748624
0.733239
0.718537
0.704657
0.69162
0.679395
0.66794
0.657206
0.647145
0.637709
0.628851
0.620527
0.612697
0.605322
0.59836
0.591773
0.585525
0.579588
0.573936
0.568545
0.563393
0.55846
0.553729
0.549185
0.544811
0.540592
0.536513
0.532564
0.528732
0.525007
0.52138
0.51784
0.514381
0.510994
0.507671
0.504407
0.501195
0.49803
0.494905
0.491818
0.488764
0.48574
0.482743
0.479772
0.476824
0.473898
0.470993
0.468109
0.465246
0.462405
0.459585
0.456787
0.454011
0.451257
0.448525
0.445814
0.443122
0.440449
0.437791
0.435148
0.432514
0.429887
0.427262
0.424634
0.421997
0.419345
0.41667
0.413965
0.41122
0.408426
0.40557
0.402638
0.399612
0.396473
0.393194
0.389741
0.386072
0.382124
0.377813
0.37302
0.367564
0.361177
0.35343
0.343634
0.330659
0.312738
0.287836
0.256633
0.227618
0.210282
0.203255
0.200961
0.200276
0.200079
0.200022
0.200006
0.200002
0.2
0.2
0.2
0.2
0.2
0.2
0.2
0.2
0.2
0.2
0.2
0.2
0.2
0.2
0.2
0.2
0.2
0.2
0.2
0.2
0.2
0.2
0.2
0.2
0.2
0.2
0.2
0.2
0.2
0.2
0.2
0.2
0.2
0.2
0.2
0.2
0.2
0.2
0.2
0.2
0.2
0.2
0.2
0.2
0.2
0.2
0.2
0.799396
0.797813
0.792899
0.783419
0.770507
0.756002
0.741167
0.726647
0.712724
0.699504
0.687012
0.675237
0.664152
0.653725
0.64392
0.634697
0.626019
0.617848
0.610148
0.602882
0.596014
0.589506
0.583328
0.577454
0.571859
0.566521
0.561419
0.556534
0.551851
0.547353
0.543022
0.538844
0.534806
0.530897
0.527106
0.52342
0.519831
0.51633
0.512909
0.509559
0.506272
0.503043
0.499866
0.496733
0.49364
0.490582
0.487555
0.484557
0.481583
0.478632
0.475701
0.47279
0.469897
0.467023
0.464167
0.461331
0.458512
0.455714
0.452936
0.450178
0.447439
0.44472
0.442018
0.439334
0.436665
0.434008
0.43136
0.428716
0.426073
0.423425
0.420766
0.418088
0.415385
0.412647
0.409865
0.407028
0.404122
0.401131
0.398038
0.39482
0.391447
0.387882
0.384073
0.379951
0.375417
0.370329
0.364477
0.357534
0.348984
0.337986
0.323178
0.302597
0.274793
0.243334
0.218814
0.2065
0.201996
0.200584
0.200167
0.200047
0.200013
0.200004
0.200001
0.2
0.2
0.2
0.2
0.2
0.2
0.2
0.2
0.2
0.2
0.2
0.2
0.2
0.2
0.2
0.2
0.2
0.2
0.2
0.2
0.2
0.2
0.2
0.2
0.2
0.2
0.2
0.2
0.2
0.2
0.2
0.2
0.2
0.2
0.2
0.2
0.2
0.2
0.2
0.2
0.2
0.2
0.2
0.2
0.2
0.2
0.2
0.795305
0.791194
0.783563
0.77273
0.759916
0.746251
0.732461
0.718942
0.705895
0.693416
0.681539
0.670274
0.659614
0.649541
0.640032
0.631059
0.622591
0.614599
0.607052
0.599917
0.59316
0.586748
0.580656
0.574861
0.569338
0.564069
0.559033
0.554213
0.549592
0.545153
0.54088
0.536759
0.532777
0.528924
0.525186
0.521553
0.518017
0.514569
0.511198
0.507898
0.50466
0.501479
0.498348
0.495259
0.492207
0.489189
0.486199
0.483234
0.48029
0.477365
0.474457
0.471565
0.468688
0.465826
0.46298
0.460148
0.457333
0.454535
0.451755
0.448992
0.446247
0.44352
0.44081
0.438116
0.435435
0.432766
0.430104
0.427446
0.424787
0.422121
0.419441
0.41674
0.41401
0.411243
0.408426
0.405549
0.402596
0.399551
0.396393
0.393098
0.389632
0.385952
0.382001
0.377696
0.372923
0.367513
0.361213
0.353626
0.344116
0.331644
0.314578
0.290908
0.260659
0.231025
0.212056
0.203922
0.201176
0.200341
0.200097
0.200027
0.200008
0.200002
0.200001
0.2
0.2
0.2
0.2
0.2
0.2
0.2
0.2
0.2
0.2
0.2
0.2
0.2
0.2
0.2
0.2
0.2
0.2
0.2
0.2
0.2
0.2
0.2
0.2
0.2
0.2
0.2
0.2
0.2
0.2
0.2
0.2
0.2
0.2
0.2
0.2
0.2
0.2
0.2
0.2
0.2
0.2
0.2
0.2
0.2
0.2
0.2
0.785368
0.779568
0.770927
0.760173
0.748176
0.735621
0.722962
0.710477
0.698329
0.686612
0.675377
0.66465
0.654442
0.644749
0.63556
0.626857
0.618619
0.610824
0.603445
0.596454
0.58982
0.583517
0.577524
0.57182
0.566383
0.561196
0.55624
0.551498
0.546953
0.542587
0.538386
0.534336
0.530425
0.526639
0.522968
0.519403
0.515933
0.51255
0.509243
0.506006
0.502831
0.49971
0.496636
0.493603
0.490605
0.487636
0.484692
0.481768
0.478862
0.47597
0.47309
0.470222
0.467364
0.464517
0.461681
0.458857
0.456045
0.453247
0.450464
0.447697
0.444945
0.44221
0.43949
0.436786
0.434094
0.431413
0.428739
0.426068
0.423393
0.420711
0.418013
0.415291
0.412537
0.409741
0.406891
0.403975
0.400977
0.397878
0.394655
0.391282
0.38772
0.383921
0.379816
0.375311
0.370271
0.364494
0.357668
0.349304
0.338606
0.324282
0.304429
0.277442
0.246132
0.220652
0.207294
0.202267
0.200667
0.200191
0.200054
0.200015
0.200004
0.200001
0.2
0.2
0.2
0.2
0.2
0.2
0.2
0.2
0.2
0.2
0.2
0.2
0.2
0.2
0.2
0.2
0.2
0.2
0.2
0.2
0.2
0.2
0.2
0.2
0.2
0.2
0.2
0.2
0.2
0.2
0.2
0.2
0.2
0.2
0.2
0.2
0.2
0.2
0.2
0.2
0.2
0.2
0.2
0.2
0.2
0.2
0.2
0.2
0.771307
0.76518
0.756807
0.746863
0.735962
0.724571
0.713019
0.70153
0.690251
0.679279
0.668679
0.658491
0.64874
0.639434
0.630573
0.622149
0.614151
0.60656
0.599357
0.592515
0.586011
0.579826
0.57394
0.568336
0.562996
0.557903
0.553039
0.548387
0.54393
0.53965
0.535535
0.531569
0.52774
0.524036
0.520445
0.51696
0.513569
0.510264
0.507035
0.503874
0.500775
0.497728
0.494725
0.49176
0.488826
0.485917
0.483029
0.480156
0.477294
0.474442
0.471596
0.468757
0.465922
0.463093
0.460269
0.457452
0.454644
0.451846
0.449059
0.446285
0.443525
0.440781
0.438051
0.435335
0.432632
0.429939
0.427252
0.424568
0.42188
0.419182
0.416467
0.413725
0.410948
0.408125
0.405243
0.402288
0.399243
0.396088
0.392799
0.389343
0.385679
0.381749
0.377475
0.372745
0.367395
0.361179
0.353713
0.344378
0.332164
0.315473
0.292277
0.262343
0.232405
0.21276
0.20418
0.201256
0.200363
0.200103
0.200029
0.200008
0.200002
0.200001
0.2
0.2
0.2
0.2
0.2
0.2
0.2
0.2
0.2
0.2
0.2
0.2
0.2
0.2
0.2
0.2
0.2
0.2
0.2
0.2
0.2
0.2
0.2
0.2
0.2
0.2
0.2
0.2
0.2
0.2
0.2
0.2
0.2
0.2
0.2
0.2
0.2
0.2
0.2
0.2
0.2
0.2
0.2
0.2
0.2
0.2
0.2
0.2
0.755827
0.750068
0.742449
0.733511
0.723714
0.713417
0.702885
0.692312
0.68184
0.671569
0.661573
0.651904
0.642596
0.633669
0.625132
0.616985
0.609224
0.601838
0.594808
0.588116
0.581744
0.575679
0.569905
0.564409
0.559173
0.554183
0.54942
0.544869
0.540511
0.536331
0.532313
0.528444
0.524709
0.521099
0.517601
0.514209
0.51091
0.507696
0.504559
0.50149
0.498479
0.495519
0.4926
0.489716
0.486859
0.484022
0.481201
0.478389
0.475582
0.472777
0.469972
0.467166
0.464358
0.461548
0.458738
0.45593
0.453124
0.450324
0.447532
0.44475
0.44198
0.439223
0.43648
0.433751
0.431034
0.428328
0.425629
0.422931
0.42023
0.417518
0.414786
0.412025
0.409225
0.406374
0.403458
0.400463
0.397369
0.394155
0.390794
0.387249
0.383471
0.379394
0.374924
0.369929
0.364207
0.357451
0.349178
0.33859
0.324397
0.304685
0.277792
0.246436
0.2208
0.207336
0.202273
0.200666
0.20019
0.200053
0.200015
0.200004
0.200001
0.2
0.2
0.2
0.2
0.2
0.2
0.2
0.2
0.2
0.2
0.2
0.2
0.2
0.2
0.2
0.2
0.2
0.2
0.2
0.2
0.2
0.2
0.2
0.2
0.2
0.2
0.2
0.2
0.2
0.2
0.2
0.2
0.2
0.2
0.2
0.2
0.2
0.2
0.2
0.2
0.2
0.2
0.2
0.2
0.2
0.2
0.2
0.2
0.2
0.740486
0.735283
0.72848
0.720498
0.711697
0.702367
0.692736
0.682981
0.673235
0.663602
0.654163
0.644977
0.636084
0.627515
0.619286
0.611404
0.603871
0.596678
0.589813
0.583263
0.57702
0.571074
0.565413
0.560026
0.554899
0.550017
0.545364
0.540923
0.536677
0.532608
0.5287
0.524939
0.521311
0.517806
0.514414
0.511126
0.507932
0.504824
0.501793
0.498828
0.495921
0.493063
0.490244
0.487456
0.48469
0.481939
0.479197
0.476457
0.473715
0.470966
0.46821
0.465443
0.462666
0.459879
0.457084
0.454284
0.45148
0.448676
0.445876
0.443082
0.440298
0.437525
0.434765
0.432019
0.429286
0.426564
0.42385
0.421139
0.418423
0.415697
0.412948
0.410167
0.407343
0.404461
0.401509
0.39847
0.395323
0.392044
0.388602
0.384955
0.381046
0.376797
0.372095
0.366776
0.360591
0.35315
0.343823
0.331572
0.314755
0.29131
0.261128
0.231323
0.212156
0.203938
0.201173
0.200336
0.200095
0.200026
0.200007
0.200002
0.200001
0.2
0.2
0.2
0.2
0.2
0.2
0.2
0.2
0.2
0.2
0.2
0.2
0.2
0.2
0.2
0.2
0.2
0.2
0.2
0.2
0.2
0.2
0.2
0.2
0.2
0.2
0.2
0.2
0.2
0.2
0.2
0.2
0.2
0.2
0.2
0.2
0.2
0.2
0.2
0.2
0.2
0.2
0.2
0.2
0.2
0.2
0.2
0.2
0.2
0.725913
0.72125
0.715174
0.708014
0.70006
0.691554
0.682696
0.673648
0.664538
0.65547
0.646528
0.637776
0.629262
0.62102
0.613073
0.605435
0.598109
0.59109
0.584373
0.577954
0.57183
0.565996
0.560443
0.555164
0.550146
0.545377
0.540841
0.53652
0.532395
0.528449
0.524663
0.521021
0.517512
0.514124
0.510849
0.507677
0.504601
0.501612
0.498701
0.495858
0.493071
0.490332
0.48763
0.484955
0.482297
0.479648
0.477
0.474347
0.471681
0.469
0.466301
0.46358
0.460839
0.458077
0.455299
0.452505
0.449701
0.446891
0.444078
0.441267
0.438463
0.435669
0.432886
0.430117
0.427363
0.424622
0.42189
0.419163
0.416433
0.41369
0.410923
0.40812
0.405269
0.402354
0.399361
0.396271
0.393063
0.389708
0.386172
0.382405
0.378339
0.373881
0.368892
0.363167
0.356388
0.348043
0.337295
0.322779
0.302499
0.274909
0.243465
0.218848
0.206487
0.201979
0.200573
0.200161
0.200045
0.200012
0.200003
0.200001
0.2
0.2
0.2
0.2
0.2
0.2
0.2
0.2
0.2
0.2
0.2
0.2
0.2
0.2
0.2
0.2
0.2
0.2
0.2
0.2
0.2
0.2
0.2
0.2
0.2
0.2
0.2
0.2
0.2
0.2
0.2
0.2
0.2
0.2
0.2
0.2
0.2
0.2
0.2
0.2
0.2
0.2
0.2
0.2
0.2
0.2
0.2
0.2
0.2
0.2
0.712307
0.708106
0.70263
0.696144
0.688884
0.68106
0.672846
0.664393
0.655823
0.647239
0.638727
0.630354
0.622171
0.614218
0.606521
0.599094
0.591944
0.585072
0.578481
0.572174
0.566153
0.560417
0.554961
0.549781
0.544869
0.540212
0.535797
0.531605
0.527614
0.523802
0.520151
0.516642
0.513263
0.510003
0.506855
0.503811
0.500866
0.498011
0.495237
0.492533
0.489887
0.487288
0.484723
0.48218
0.479651
0.477123
0.474588
0.472038
0.469465
0.466865
0.464233
0.461566
0.458866
0.456134
0.453372
0.450586
0.447779
0.444957
0.442125
0.439291
0.436459
0.433633
0.430818
0.428018
0.425236
0.422469
0.419714
0.416968
0.41422
0.411459
0.408671
0.405844
0.402961
0.400007
0.396964
0.393814
0.390533
0.387086
0.383434
0.379519
0.37526
0.370539
0.365185
0.35893
0.351355
0.341773
0.329049
0.311405
0.286782
0.255859
0.227154
0.210078
0.203178
0.200931
0.200263
0.200073
0.20002
0.200005
0.200001
0.2
0.2
0.2
0.2
0.2
0.2
0.2
0.2
0.2
0.2
0.2
0.2
0.2
0.2
0.2
0.2
0.2
0.2
0.2
0.2
0.2
0.2
0.2
0.2
0.2
0.2
0.2
0.2
0.2
0.2
0.2
0.2
0.2
0.2
0.2
0.2
0.2
0.2
0.2
0.2
0.2
0.2
0.2
0.2
0.2
0.2
0.2
0.2
0.2
0.2
0.2
0.699694
0.695868
0.69087
0.684917
0.67821
0.67093
0.663236
0.655265
0.647137
0.638953
0.630798
0.622742
0.614838
0.607126
0.599635
0.592378
0.585365
0.578607
0.572114
0.565893
0.55995
0.554289
0.548909
0.543812
0.538994
0.534445
0.530153
0.526096
0.522251
0.51859
0.515089
0.511728
0.508491
0.50537
0.50236
0.499456
0.496655
0.49395
0.491332
0.488789
0.486308
0.483873
0.48147
0.479087
0.47671
0.474328
0.471929
0.469504
0.467044
0.464541
0.46199
0.459389
0.456737
0.454038
0.451294
0.448512
0.445698
0.442858
0.44
0.437131
0.434259
0.431389
0.42853
0.42568
0.42284
0.420022
0.417235
0.414473
0.411711
0.408935
0.406129
0.403276
0.400357
0.397355
0.394252
0.391026
0.38765
0.384087
0.380288
0.376184
0.371675
0.366612
0.360771
0.353796
0.345112
0.333766
0.318212
0.296328
0.267169
0.236265
0.214642
0.204816
0.201434
0.200408
0.200114
0.200031
0.200008
0.200002
0.200001
0.2
0.2
0.2
0.2
0.2
0.2
0.2
0.2
0.2
0.2
0.2
0.2
0.2
0.2
0.2
0.2
0.2
0.2
0.2
0.2
0.2
0.2
0.2
0.2
0.2
0.2
0.2
0.2
0.2
0.2
0.2
0.2
0.2
0.2
0.2
0.2
0.2
0.2
0.2
0.2
0.2
0.2
0.2
0.2
0.2
0.2
0.2
0.2
0.2
0.2
0.2
0.688044
0.68451
0.679879
0.674334
0.66805
0.661187
0.653891
0.646292
0.638506
0.630634
0.622761
0.614954
0.607268
0.599743
0.592402
0.585265
0.578347
0.571665
0.565232
0.55906
0.553159
0.547535
0.542199
0.537155
0.532406
0.52795
0.523777
0.519864
0.516181
0.512692
0.509364
0.506168
0.503089
0.500118
0.497254
0.494501
0.491858
0.489322
0.486883
0.484529
0.482242
0.480004
0.477796
0.475604
0.473413
0.471208
0.468976
0.466705
0.464384
0.462001
0.45955
0.457028
0.454435
0.451773
0.449049
0.44627
0.443442
0.440576
0.437679
0.434761
0.431832
0.4289
0.425963
0.423018
0.420091
0.417194
0.414337
0.411533
0.40875
0.405959
0.403138
0.400262
0.39731
0.394259
0.391088
0.38777
0.384275
0.380563
0.376572
0.372217
0.367372
0.361842
0.355322
0.347318
0.337012
0.323055
0.303432
0.276423
0.244999
0.219746
0.206818
0.202073
0.200596
0.200166
0.200046
0.200012
0.200003
0.200001
0.2
0.2
0.2
0.2
0.2
0.2
0.2
0.2
0.2
0.2
0.2
0.2
0.2
0.2
0.2
0.2
0.2
0.2
0.2
0.2
0.2
0.2
0.2
0.2
0.2
0.2
0.2
0.2
0.2
0.2
0.2
0.2
0.2
0.2
0.2
0.2
0.2
0.2
0.2
0.2
0.2
0.2
0.2
0.2
0.2
0.2
0.2
0.2
0.2
0.2
0.2
0.2
0.677306
0.673991
0.66963
0.664381
0.658399
0.651831
0.644816
0.637479
0.629936
0.622286
0.614612
0.606981
0.599445
0.592039
0.584789
0.577718
0.570847
0.564193
0.557772
0.551597
0.545683
0.540042
0.534691
0.529645
0.52492
0.520525
0.516456
0.512695
0.5092
0.505917
0.502795
0.499793
0.49689
0.49408
0.491372
0.488778
0.486306
0.48396
0.48173
0.479601
0.477551
0.475553
0.473586
0.471629
0.469667
0.467683
0.465661
0.463585
0.461439
0.459208
0.456883
0.454459
0.451937
0.449321
0.446618
0.443837
0.440989
0.438084
0.435134
0.432148
0.429138
0.426114
0.42304
0.419961
0.416897
0.41387
0.410906
0.408016
0.405192
0.402372
0.399524
0.396615
0.393614
0.390496
0.387234
0.383796
0.380148
0.376237
0.371989
0.367291
0.361976
0.355776
0.348256
0.338697
0.325897
0.307987
0.282956
0.252082
0.224561
0.208911
0.202776
0.200807
0.200227
0.200063
0.200017
0.200005
0.200001
0.2
0.2
0.2
0.2
0.2
0.2
0.2
0.2
0.2
0.2
0.2
0.2
0.2
0.2
0.2
0.2
0.2
0.2
0.2
0.2
0.2
0.2
0.2
0.2
0.2
0.2
0.2
0.2
0.2
0.2
0.2
0.2
0.2
0.2
0.2
0.2
0.2
0.2
0.2
0.2
0.2
0.2
0.2
0.2
0.2
0.2
0.2
0.2
0.2
0.2
0.2
0.2
0.2
0.667427
0.66427
0.660091
0.655033
0.649238
0.642848
0.635997
0.628812
0.621408
0.613884
0.606322
0.598786
0.591322
0.583965
0.576743
0.569681
0.562799
0.556113
0.549638
0.543387
0.537378
0.53163
0.526169
0.520936
0.515889
0.511229
0.507187
0.50359
0.500344
0.49736
0.494543
0.491824
0.489169
0.486574
0.484061
0.481666
0.479415
0.47732
0.475377
0.473563
0.471845
0.470184
0.468549
0.466915
0.465263
0.463577
0.461839
0.460027
0.458118
0.456091
0.453934
0.45164
0.44921
0.446651
0.443973
0.441188
0.43831
0.435352
0.432326
0.429244
0.426118
0.422907
0.419646
0.416348
0.41304
0.409764
0.406581
0.40355
0.400664
0.397803
0.394919
0.391963
0.388894
0.385678
0.382282
0.378672
0.374802
0.370605
0.365982
0.360779
0.354756
0.347523
0.338425
0.326365
0.309601
0.286083
0.256245
0.227944
0.210586
0.203384
0.201
0.200285
0.200079
0.200022
0.200006
0.200002
0.2
0.2
0.2
0.2
0.2
0.2
0.2
0.2
0.2
0.2
0.2
0.2
0.2
0.2
0.2
0.2
0.2
0.2
0.2
0.2
0.2
0.2
0.2
0.2
0.2
0.2
0.2
0.2
0.2
0.2
0.2
0.2
0.2
0.2
0.2
0.2
0.2
0.2
0.2
0.2
0.2
0.2
0.2
0.2
0.2
0.2
0.2
0.2
0.2
0.2
0.2
0.2
0.2
0.2
0.65836
0.655304
0.651227
0.64626
0.64054
0.634207
0.6274
0.620249
0.612873
0.605372
0.597826
0.590295
0.582822
0.575443
0.568184
0.561066
0.554103
0.547307
0.540687
0.534254
0.528024
0.522023
0.51589
0.509634
0.503518
0.497766
0.492781
0.489425
0.486655
0.484294
0.48212
0.479987
0.477816
0.475604
0.473409
0.47132
0.469419
0.467746
0.4663
0.465047
0.463928
0.462869
0.461813
0.460726
0.45959
0.458391
0.45711
0.455716
0.454179
0.452468
0.450566
0.448465
0.446171
0.443696
0.441055
0.438268
0.435351
0.432322
0.429195
0.42598
0.422691
0.419241
0.415671
0.411976
0.408166
0.404306
0.400575
0.397204
0.394204
0.391289
0.388372
0.385371
0.382219
0.378866
0.375275
0.371406
0.3672
0.36256
0.35734
0.351311
0.344108
0.335125
0.323333
0.307104
0.284537
0.256001
0.228567
0.211172
0.203671
0.201109
0.200321
0.200091
0.200025
0.200007
0.200002
0.2
0.2
0.2
0.2
0.2
0.2
0.2
0.2
0.2
0.2
0.2
0.2
0.2
0.2
0.2
0.2
0.2
0.2
0.2
0.2
0.2
0.2
0.2
0.2
0.2
0.2
0.2
0.2
0.2
0.2
0.2
0.2
0.2
0.2
0.2
0.2
0.2
0.2
0.2
0.2
0.2
0.2
0.2
0.2
0.2
0.2
0.2
0.2
0.2
0.2
0.2
0.2
0.2
0.2
0.2
0.650061
0.647055
0.643002
0.638024
0.632262
0.625859
0.618963
0.611716
0.604245
0.596653
0.589019
0.581399
0.573838
0.566365
0.558997
0.551746
0.544615
0.537603
0.530708
0.523932
0.517282
0.510148
0.502472
0.494352
0.485746
0.477263
0.469527
0.465552
0.463592
0.462533
0.461728
0.460812
0.459581
0.458009
0.456235
0.454511
0.453095
0.452096
0.451528
0.451336
0.451394
0.451522
0.451589
0.451538
0.451361
0.451054
0.450603
0.449967
0.449095
0.447941
0.446481
0.444713
0.442651
0.440321
0.437752
0.434976
0.432018
0.428901
0.425639
0.422244
0.418658
0.414845
0.410764
0.406326
0.401426
0.396111
0.390898
0.386714
0.383503
0.380571
0.377708
0.374742
0.371533
0.367992
0.364072
0.359737
0.354899
0.349403
0.343009
0.335351
0.325859
0.313616
0.297245
0.275381
0.249172
0.225135
0.210082
0.203434
0.201073
0.200321
0.200093
0.200026
0.200007
0.200002
0.200001
0.2
0.2
0.2
0.2
0.2
0.2
0.2
0.2
0.2
0.2
0.2
0.2
0.2
0.2
0.2
0.2
0.2
0.2
0.2
0.2
0.2
0.2
0.2
0.2
0.2
0.2
0.2
0.2
0.2
0.2
0.2
0.2
0.2
0.2
0.2
0.2
0.2
0.2
0.2
0.2
0.2
0.2
0.2
0.2
0.2
0.2
0.2
0.2
0.2
0.2
0.2
0.2
0.2
0.2
0.2
0.642461
0.639437
0.635316
0.630229
0.624323
0.617759
0.6107
0.603213
0.595385
0.587573
0.579742
0.571946
0.564218
0.556573
0.549015
0.541536
0.53412
0.526746
0.519386
0.512013
0.504054
0.494733
0.483996
0.471932
0.45826
0.445255
0.43162
0.426736
0.426086
0.427822
0.429806
0.431242
0.431623
0.430816
0.429117
0.426082
0.424995
0.424866
0.425728
0.42751
0.429946
0.432482
0.434759
0.43668
0.438285
0.439634
0.440735
0.441532
0.441921
0.441814
0.441174
0.440012
0.438371
0.436308
0.433883
0.431153
0.428161
0.424939
0.421505
0.417863
0.413895
0.409526
0.40458
0.398716
0.391445
0.382658
0.373718
0.367941
0.364409
0.361744
0.359307
0.356682
0.353522
0.349608
0.344867
0.339301
0.332766
0.324983
0.315584
0.304153
0.290281
0.273663
0.254448
0.234378
0.217666
0.207416
0.202685
0.200888
0.200278
0.200084
0.200025
0.200007
0.200002
0.200001
0.2
0.2
0.2
0.2
0.2
0.2
0.2
0.2
0.2
0.2
0.2
0.2
0.2
0.2
0.2
0.2
0.2
0.2
0.2
0.2
0.2
0.2
0.2
0.2
0.2
0.2
0.2
0.2
0.2
0.2
0.2
0.2
0.2
0.2
0.2
0.2
0.2
0.2
0.2
0.2
0.2
0.2
0.2
0.2
0.2
0.2
0.2
0.2
0.2
0.2
0.2
0.2
0.2
0.2
0.2
0.2
0.635512
0.632388
0.628091
0.622758
0.616554
0.609665
0.602277
0.594491
0.586423
0.578393
0.56981
0.561717
0.553741
0.545842
0.537996
0.530168
0.522307
0.514353
0.506226
0.497816
0.486922
0.47322
0.456348
0.438794
0.418506
0.40377
0.385541
0.381322
0.38151
0.387379
0.392866
0.397057
0.399005
0.398141
0.392236
0.383246
0.379708
0.379833
0.382278
0.387168
0.394178
0.401348
0.407587
0.412801
0.417302
0.421386
0.425168
0.428547
0.431264
0.433095
0.433954
0.433881
0.432982
0.43139
0.429228
0.426602
0.42359
0.420246
0.416589
0.412608
0.408115
0.402917
0.396564
0.388145
0.376259
0.360588
0.344172
0.33663
0.332771
0.331362
0.330223
0.328526
0.32536
0.320035
0.312356
0.302809
0.291372
0.278164
0.263871
0.249729
0.236908
0.225908
0.216634
0.209173
0.204285
0.201729
0.200626
0.20021
0.200067
0.20002
0.200006
0.200002
0.200001
0.2
0.2
0.2
0.2
0.2
0.2
0.2
0.2
0.2
0.2
0.2
0.2
0.2
0.2
0.2
0.2
0.2
0.2
0.2
0.2
0.2
0.2
0.2
0.2
0.2
0.2
0.2
0.2
0.2
0.2
0.2
0.2
0.2
0.2
0.2
0.2
0.2
0.2
0.2
0.2
0.2
0.2
0.2
0.2
0.2
0.2
0.2
0.2
0.2
0.2
0.2
0.2
0.2
0.2
0.2
0.2
0.2
0.629172
0.625862
0.621263
0.615519
0.608823
0.601404
0.593488
0.585228
0.576783
0.568372
0.559578
0.550968
0.542115
0.53385
0.525591
0.517242
0.508696
0.499813
0.490392
0.478484
0.462652
0.440674
0.414951
0.395355
0.371778
0.365483
0.359181
0.306411
0.29173
0.36709
0.371244
0.374733
0.376081
0.373448
0.362532
0.347229
0.341792
0.339555
0.34003
0.344504
0.354902
0.3663
0.375696
0.383233
0.389906
0.396498
0.403333
0.410216
0.416436
0.421293
0.424499
0.426105
0.426332
0.425439
0.423661
0.421186
0.418151
0.414639
0.410677
0.406226
0.401015
0.394634
0.386158
0.373616
0.354046
0.32831
0.303443
0.295783
0.291121
0.292702
0.293303
0.292665
0.288401
0.278257
0.26052
0.245502
0.232302
0.221943
0.214554
0.209671
0.206587
0.204633
0.203205
0.201845
0.200899
0.200375
0.200139
0.200047
0.200015
0.200005
0.200001
0.2
0.2
0.2
0.2
0.2
0.2
0.2
0.2
0.2
0.2
0.2
0.2
0.2
0.2
0.2
0.2
0.2
0.2
0.2
0.2
0.2
0.2
0.2
0.2
0.2
0.2
0.2
0.2
0.2
0.2
0.2
0.2
0.2
0.2
0.2
0.2
0.2
0.2
0.2
0.2
0.2
0.2
0.2
0.2
0.2
0.2
0.2
0.2
0.2
0.2
0.2
0.2
0.2
0.2
0.2
0.2
0.2
0.2
0.2
0.623398
0.619804
0.614748
0.60838
0.600931
0.592708
0.584017
0.57509
0.566108
0.557184
0.548083
0.539146
0.529935
0.520135
0.511268
0.50213
0.492493
0.482044
0.47029
0.452065
0.428031
0.39374
0.361143
0.350865
0.341131
0.224523
0.200521
0.200533
0.201646
0.208692
0.298109
0.359244
0.360303
0.355193
0.336354
0.326949
0.245318
0.203232
0.214502
0.282409
0.342808
0.349795
0.355524
0.360143
0.36489
0.370865
0.378781
0.388598
0.398832
0.407436
0.413558
0.417216
0.41878
0.418683
0.417302
0.414935
0.411791
0.407997
0.403585
0.398455
0.392265
0.38427
0.372833
0.354333
0.323833
0.29047
0.273955
0.219484
0.211252
0.266892
0.263874
0.261907
0.253507
0.235609
0.215284
0.207857
0.204236
0.202359
0.201351
0.200833
0.200584
0.200505
0.20052
0.200343
0.200186
0.200081
0.20003
0.20001
0.200003
0.200001
0.2
0.2
0.2
0.2
0.2
0.2
0.2
0.2
0.2
0.2
0.2
0.2
0.2
0.2
0.2
0.2
0.2
0.2
0.2
0.2
0.2
0.2
0.2
0.2
0.2
0.2
0.2
0.2
0.2
0.2
0.2
0.2
0.2
0.2
0.2
0.2
0.2
0.2
0.2
0.2
0.2
0.2
0.2
0.2
0.2
0.2
0.2
0.2
0.2
0.2
0.2
0.2
0.2
0.2
0.2
0.2
0.2
0.2
0.2
0.2
0.618143
0.614153
0.608444
0.601152
0.59257
0.583148
0.573367
0.563543
0.553845
0.544302
0.534775
0.525376
0.515749
0.505482
0.494186
0.483739
0.472194
0.458768
0.440176
0.408816
0.377675
0.333272
0.318946
0.224252
0.200474
0.20008
0.200002
0.200002
0.200005
0.200033
0.200762
0.263219
0.33951
0.332382
0.3079
0.206204
0.20003
0.200005
0.200048
0.200789
0.272835
0.338034
0.340359
0.341146
0.342456
0.345752
0.35268
0.364826
0.380436
0.393531
0.402718
0.408353
0.411115
0.411646
0.410472
0.407993
0.404498
0.400157
0.395
0.388807
0.381212
0.371034
0.355774
0.329368
0.284723
0.257489
0.203246
0.200011
0.200015
0.200397
0.20589
0.235204
0.225037
0.208621
0.201918
0.200057
0.2
0.20001
0.2
0.2
0.200001
0.200014
0.200129
0.20007
0.200043
0.200018
0.200007
0.200002
0.200001
0.2
0.2
0.2
0.2
0.2
0.2
0.2
0.2
0.2
0.2
0.2
0.2
0.2
0.2
0.2
0.2
0.2
0.2
0.2
0.2
0.2
0.2
0.2
0.2
0.2
0.2
0.2
0.2
0.2
0.2
0.2
0.2
0.2
0.2
0.2
0.2
0.2
0.2
0.2
0.2
0.2
0.2
0.2
0.2
0.2
0.2
0.2
0.2
0.2
0.2
0.2
0.2
0.2
0.2
0.2
0.2
0.2
0.2
0.2
0.2
0.2
0.61336
0.608852
0.602233
0.59357
0.583242
0.572001
0.560686
0.54968
0.539075
0.528805
0.518711
0.508691
0.498387
0.487364
0.474746
0.459909
0.444357
0.42384
0.384533
0.331319
0.307767
0.271433
0.201662
0.200099
0.200003
0.2
0.2
0.2
0.2
0.2
0.200003
0.202107
0.232192
0.300346
0.220296
0.200381
0.200001
0.2
0.2
0.200003
0.201106
0.297789
0.24506
0.224899
0.230607
0.275717
0.316415
0.359941
0.373573
0.385599
0.394974
0.401156
0.404318
0.404925
0.403473
0.400388
0.395987
0.390449
0.383829
0.375677
0.365527
0.352239
0.332585
0.297447
0.242886
0.200939
0.200003
0.2
0.2
0.200001
0.200013
0.202988
0.207456
0.201292
0.200154
0.200005
0.2
0.2
0.2
0.2
0.2
0.2
0.2
0.200001
0.200011
0.200004
0.200001
0.2
0.2
0.2
0.2
0.2
0.2
0.2
0.2
0.2
0.2
0.2
0.2
0.2
0.2
0.2
0.2
0.2
0.2
0.2
0.2
0.2
0.2
0.2
0.2
0.2
0.2
0.2
0.2
0.2
0.2
0.2
0.2
0.2
0.2
0.2
0.2
0.2
0.2
0.2
0.2
0.2
0.2
0.2
0.2
0.2
0.2
0.2
0.2
0.2
0.2
0.2
0.2
0.2
0.2
0.2
0.2
0.2
0.2
0.2
0.2
0.2
0.2
0.2
0.609008
0.603872
0.596017
0.585268
0.572099
0.557894
0.544335
0.531739
0.520009
0.508882
0.498032
0.48713
0.475694
0.463108
0.448285
0.428087
0.399784
0.357782
0.286235
0.237611
0.202184
0.200535
0.20001
0.2
0.2
0.2
0.2
0.2
0.2
0.2
0.2
0.20001
0.203195
0.261382
0.205999
0.200064
0.2
0.2
0.2
0.2
0.209539
0.253627
0.205014
0.200216
0.200429
0.217798
0.269412
0.355991
0.36951
0.380773
0.389761
0.395752
0.398618
0.398614
0.396091
0.391325
0.384472
0.375535
0.365328
0.352793
0.336615
0.314749
0.283851
0.24158
0.210008
0.200119
0.2
0.2
0.2
0.2
0.2
0.200243
0.20107
0.200042
0.200006
0.2
0.2
0.2
0.2
0.2
0.2
0.2
0.2
0.2
0.200001
0.2
0.2
0.2
0.2
0.2
0.2
0.2
0.2
0.2
0.2
0.2
0.2
0.2
0.2
0.2
0.2
0.2
0.2
0.2
0.2
0.2
0.2
0.2
0.2
0.2
0.2
0.2
0.2
0.2
0.2
0.2
0.2
0.2
0.2
0.2
0.2
0.2
0.2
0.2
0.2
0.2
0.2
0.2
0.2
0.2
0.2
0.2
0.2
0.2
0.2
0.2
0.2
0.2
0.2
0.2
0.2
0.2
0.2
0.2
0.2
0.2
0.2
0.2
0.2
0.2
0.605063
0.599268
0.589837
0.575865
0.557573
0.537639
0.520324
0.505346
0.492308
0.480279
0.468441
0.456159
0.442637
0.426766
0.406636
0.377307
0.322329
0.247274
0.206247
0.200292
0.200012
0.200004
0.2
0.2
0.2
0.2
0.2
0.2
0.2
0.2
0.2
0.200001
0.200167
0.222961
0.200575
0.200001
0.2
0.2
0.2
0.2
0.202541
0.215453
0.200181
0.200002
0.200002
0.203309
0.237353
0.353829
0.367129
0.377983
0.386481
0.391824
0.393709
0.392058
0.386482
0.37586
0.359463
0.314897
0.296992
0.278151
0.258534
0.24152
0.229405
0.212898
0.203433
0.20006
0.2
0.2
0.2
0.2
0.2
0.200023
0.200139
0.2
0.2
0.2
0.2
0.2
0.2
0.2
0.2
0.2
0.2
0.2
0.2
0.2
0.2
0.2
0.2
0.2
0.2
0.2
0.2
0.2
0.2
0.2
0.2
0.2
0.2
0.2
0.2
0.2
0.2
0.2
0.2
0.2
0.2
0.2
0.2
0.2
0.2
0.2
0.2
0.2
0.2
0.2
0.2
0.2
0.2
0.2
0.2
0.2
0.2
0.2
0.2
0.2
0.2
0.2
0.2
0.2
0.2
0.2
0.2
0.2
0.2
0.2
0.2
0.2
0.2
0.2
0.2
0.2
0.2
0.2
0.2
0.2
0.2
0.2
0.2
0.2
0.601523
0.595245
0.584171
0.564794
0.532327
0.4881
0.451297
0.419746
0.438511
0.432133
0.419979
0.406249
0.389872
0.368621
0.340171
0.296139
0.232586
0.202353
0.200041
0.200002
0.2
0.2
0.2
0.2
0.2
0.2
0.2
0.2
0.2
0.2
0.2
0.2
0.200001
0.206684
0.200045
0.2
0.2
0.2
0.2
0.2
0.200464
0.20192
0.200002
0.2
0.2
0.200377
0.26283
0.353152
0.366189
0.376475
0.384046
0.387973
0.387484
0.381501
0.367967
0.316156
0.26653
0.2219
0.201317
0.200881
0.201435
0.201774
0.207387
0.203263
0.201405
0.200055
0.2
0.2
0.2
0.2
0.2
0.200002
0.200015
0.2
0.2
0.2
0.2
0.2
0.2
0.2
0.2
0.2
0.2
0.2
0.2
0.2
0.2
0.2
0.2
0.2
0.2
0.2
0.2
0.2
0.2
0.2
0.2
0.2
0.2
0.2
0.2
0.2
0.2
0.2
0.2
0.2
0.2
0.2
0.2
0.2
0.2
0.2
0.2
0.2
0.2
0.2
0.2
0.2
0.2
0.2
0.2
0.2
0.2
0.2
0.2
0.2
0.2
0.2
0.2
0.2
0.2
0.2
0.2
0.2
0.2
0.2
0.2
0.2
0.2
0.2
0.2
0.2
0.2
0.2
0.2
0.2
0.2
0.2
0.2
0.2
0.598362
0.592098
0.580928
0.561185
0.528664
0.485558
0.357761
0.317281
0.324254
0.330325
0.323115
0.31024
0.309428
0.284574
0.259044
0.233697
0.200799
0.200019
0.2
0.2
0.2
0.2
0.2
0.2
0.2
0.2
0.2
0.2
0.2
0.2
0.2
0.2
0.2
0.201641
0.200013
0.2
0.2
0.2
0.2
0.2
0.200077
0.200163
0.2
0.2
0.2
0.200036
0.336562
0.354613
0.366557
0.375502
0.38082
0.380791
0.373134
0.355883
0.332977
0.207003
0.201259
0.200167
0.200012
0.200008
0.200012
0.200011
0.200027
0.20017
0.200542
0.200057
0.2
0.2
0.2
0.2
0.2
0.2
0.200001
0.2
0.2
0.2
0.2
0.2
0.2
0.2
0.2
0.2
0.2
0.2
0.2
0.2
0.2
0.2
0.2
0.2
0.2
0.2
0.2
0.2
0.2
0.2
0.2
0.2
0.2
0.2
0.2
0.2
0.2
0.2
0.2
0.2
0.2
0.2
0.2
0.2
0.2
0.2
0.2
0.2
0.2
0.2
0.2
0.2
0.2
0.2
0.2
0.2
0.2
0.2
0.2
0.2
0.2
0.2
0.2
0.2
0.2
0.2
0.2
0.2
0.2
0.2
0.2
0.2
0.2
0.2
0.2
0.2
0.2
0.2
0.2
0.2
0.2
0.2
0.2
0.2
0.59538
0.589367
0.578768
0.560257
0.53038
0.49199
0.480415
0.209222
0.204805
0.200066
0.20161
0.218422
0.255719
0.207253
0.202007
0.20032
0.20001
0.2
0.2
0.2
0.2
0.2
0.2
0.2
0.2
0.2
0.2
0.2
0.2
0.2
0.2
0.2
0.2
0.200357
0.200002
0.2
0.2
0.2
0.2
0.2
0.200012
0.200012
0.2
0.2
0.2
0.207138
0.340154
0.356324
0.366906
0.373001
0.373832
0.367409
0.353337
0.337424
0.212315
0.200126
0.200016
0.200001
0.2
0.2
0.2
0.2
0.2
0.200008
0.200169
0.200019
0.2
0.2
0.2
0.2
0.2
0.2
0.2
0.2
0.2
0.2
0.2
0.2
0.2
0.2
0.2
0.2
0.2
0.2
0.2
0.2
0.2
0.2
0.2
0.2
0.2
0.2
0.2
0.2
0.2
0.2
0.2
0.2
0.2
0.2
0.2
0.2
0.2
0.2
0.2
0.2
0.2
0.2
0.2
0.2
0.2
0.2
0.2
0.2
0.2
0.2
0.2
0.2
0.2
0.2
0.2
0.2
0.2
0.2
0.2
0.2
0.2
0.2
0.2
0.2
0.2
0.2
0.2
0.2
0.2
0.2
0.2
0.2
0.2
0.2
0.2
0.2
0.2
0.2
0.2
0.2
0.2
0.2
0.2
0.2
0.592445
0.586764
0.576939
0.560139
0.53375
0.500959
0.487399
0.483189
0.200105
0.200001
0.200026
0.200344
0.201519
0.20013
0.200033
0.200003
0.2
0.2
0.2
0.2
0.2
0.2
0.2
0.2
0.2
0.2
0.2
0.2
0.2
0.2
0.2
0.2
0.2
0.200072
0.2
0.2
0.2
0.2
0.2
0.2
0.200002
0.200001
0.2
0.2
0.200006
0.212904
0.34157
0.357373
0.365336
0.36675
0.36264
0.352415
0.341066
0.223257
0.200401
0.200005
0.2
0.2
0.2
0.2
0.2
0.2
0.2
0.2
0.200047
0.200004
0.2
0.2
0.2
0.2
0.2
0.2
0.2
0.2
0.2
0.2
0.2
0.2
0.2
0.2
0.2
0.2
0.2
0.2
0.2
0.2
0.2
0.2
0.2
0.2
0.2
0.2
0.2
0.2
0.2
0.2
0.2
0.2
0.2
0.2
0.2
0.2
0.2
0.2
0.2
0.2
0.2
0.2
0.2
0.2
0.2
0.2
0.2
0.2
0.2
0.2
0.2
0.2
0.2
0.2
0.2
0.2
0.2
0.2
0.2
0.2
0.2
0.2
0.2
0.2
0.2
0.2
0.2
0.2
0.2
0.2
0.2
0.2
0.2
0.2
0.2
0.2
0.2
0.2
0.2
0.2
0.2
0.2
0.2
0.2
0.589499
0.584178
0.575186
0.560187
0.537264
0.509335
0.494104
0.486737
0.48293
0.201999
0.2
0.200005
0.200024
0.200002
0.2
0.2
0.2
0.2
0.2
0.2
0.2
0.2
0.2
0.2
0.2
0.2
0.2
0.2
0.2
0.2
0.2
0.2
0.2
0.200014
0.2
0.2
0.2
0.2
0.2
0.2
0.2
0.2
0.2
0.2
0.200052
0.219426
0.342011
0.356534
0.35961
0.356114
0.350265
0.340684
0.250869
0.200809
0.200012
0.2
0.2
0.2
0.2
0.2
0.2
0.2
0.2
0.2
0.200012
0.200001
0.2
0.2
0.2
0.2
0.2
0.2
0.2
0.2
0.2
0.2
0.2
0.2
0.2
0.2
0.2
0.2
0.2
0.2
0.2
0.2
0.2
0.2
0.2
0.2
0.2
0.2
0.2
0.2
0.2
0.2
0.2
0.2
0.2
0.2
0.2
0.2
0.2
0.2
0.2
0.2
0.2
0.2
0.2
0.2
0.2
0.2
0.2
0.2
0.2
0.2
0.2
0.2
0.2
0.2
0.2
0.2
0.2
0.2
0.2
0.2
0.2
0.2
0.2
0.2
0.2
0.2
0.2
0.2
0.2
0.2
0.2
0.2
0.2
0.2
0.2
0.2
0.2
0.2
0.2
0.2
0.2
0.2
0.2
0.2
0.586501
0.581536
0.573345
0.56003
0.540177
0.516182
0.50027
0.490866
0.485176
0.480063
0.39158
0.213576
0.200013
0.2
0.2
0.2
0.2
0.2
0.2
0.2
0.2
0.2
0.2
0.2
0.2
0.2
0.2
0.2
0.2
0.2
0.2
0.2
0.2
0.200002
0.2
0.2
0.2
0.2
0.2
0.2
0.2
0.2
0.2
0.200001
0.202598
0.230281
0.340938
0.354982
0.356573
0.327926
0.316811
0.327687
0.212611
0.200102
0.200001
0.2
0.2
0.2
0.2
0.2
0.2
0.2
0.2
0.2
0.200003
0.2
0.2
0.2
0.2
0.2
0.2
0.2
0.2
0.2
0.2
0.2
0.2
0.2
0.2
0.2
0.2
0.2
0.2
0.2
0.2
0.2
0.2
0.2
0.2
0.2
0.2
0.2
0.2
0.2
0.2
0.2
0.2
0.2
0.2
0.2
0.2
0.2
0.2
0.2
0.2
0.2
0.2
0.2
0.2
0.2
0.2
0.2
0.2
0.2
0.2
0.2
0.2
0.2
0.2
0.2
0.2
0.2
0.2
0.2
0.2
0.2
0.2
0.2
0.2
0.2
0.2
0.2
0.2
0.2
0.2
0.2
0.2
0.2
0.2
0.2
0.2
0.2
0.2
0.2
0.2
0.2
0.2
0.2
0.2
0.2
0.583431
0.578798
0.571331
0.559493
0.542218
0.521383
0.505579
0.494988
0.48795
0.482425
0.476429
0.470172
0.461177
0.349057
0.21512
0.200045
0.2
0.2
0.2
0.2
0.2
0.2
0.2
0.2
0.2
0.2
0.2
0.2
0.2
0.2
0.2
0.2
0.2
0.2
0.2
0.2
0.2
0.2
0.2
0.2
0.2
0.2
0.2
0.200003
0.201421
0.227042
0.339223
0.352646
0.354822
0.301891
0.285492
0.301288
0.202456
0.200025
0.2
0.2
0.2
0.2
0.2
0.2
0.2
0.2
0.2
0.2
0.200001
0.2
0.2
0.2
0.2
0.2
0.2
0.2
0.2
0.2
0.2
0.2
0.2
0.2
0.2
0.2
0.2
0.2
0.2
0.2
0.2
0.2
0.2
0.2
0.2
0.2
0.2
0.2
0.2
0.2
0.2
0.2
0.2
0.2
0.2
0.2
0.2
0.2
0.2
0.2
0.2
0.2
0.2
0.2
0.2
0.2
0.2
0.2
0.2
0.2
0.2
0.2
0.2
0.2
0.2
0.2
0.2
0.2
0.2
0.2
0.2
0.2
0.2
0.2
0.2
0.2
0.2
0.2
0.2
0.2
0.2
0.2
0.2
0.2
0.2
0.2
0.2
0.2
0.2
0.2
0.2
0.2
0.2
0.2
0.2
0.2
0.580282
0.575945
0.569108
0.558515
0.543347
0.525052
0.509814
0.498652
0.490713
0.484676
0.479481
0.473558
0.465069
0.448285
0.200988
0.200003
0.2
0.2
0.2
0.2
0.2
0.2
0.2
0.2
0.2
0.2
0.2
0.2
0.2
0.2
0.2
0.2
0.2
0.2
0.2
0.2
0.2
0.2
0.2
0.2
0.2
0.2
0.2
0.200015
0.203959
0.238504
0.337349
0.348776
0.352424
0.340582
0.299546
0.246592
0.200123
0.200001
0.2
0.2
0.2
0.2
0.2
0.2
0.2
0.2
0.2
0.2
0.2
0.2
0.2
0.2
0.2
0.2
0.2
0.2
0.2
0.2
0.2
0.2
0.2
0.2
0.2
0.2
0.2
0.2
0.2
0.2
0.2
0.2
0.2
0.2
0.2
0.2
0.2
0.2
0.2
0.2
0.2
0.2
0.2
0.2
0.2
0.2
0.2
0.2
0.2
0.2
0.2
0.2
0.2
0.2
0.2
0.2
0.2
0.2
0.2
0.2
0.2
0.2
0.2
0.2
0.2
0.2
0.2
0.2
0.2
0.2
0.2
0.2
0.2
0.2
0.2
0.2
0.2
0.2
0.2
0.2
0.2
0.2
0.2
0.2
0.2
0.2
0.2
0.2
0.2
0.2
0.2
0.2
0.2
0.2
0.2
0.2
0.577055
0.572977
0.566669
0.557101
0.543624
0.527361
0.512885
0.501544
0.493007
0.486384
0.480779
0.47489
0.467255
0.453714
0.238018
0.200178
0.2
0.2
0.2
0.2
0.2
0.2
0.2
0.2
0.2
0.2
0.2
0.2
0.2
0.2
0.2
0.2
0.2
0.2
0.2
0.2
0.2
0.2
0.2
0.2
0.2
0.2
0.200001
0.200185
0.21099
0.267545
0.334765
0.342886
0.34858
0.340866
0.30314
0.205459
0.200013
0.2
0.2
0.2
0.2
0.2
0.2
0.2
0.2
0.2
0.2
0.2
0.2
0.2
0.2
0.2
0.2
0.2
0.2
0.2
0.2
0.2
0.2
0.2
0.2
0.2
0.2
0.2
0.2
0.2
0.2
0.2
0.2
0.2
0.2
0.2
0.2
0.2
0.2
0.2
0.2
0.2
0.2
0.2
0.2
0.2
0.2
0.2
0.2
0.2
0.2
0.2
0.2
0.2
0.2
0.2
0.2
0.2
0.2
0.2
0.2
0.2
0.2
0.2
0.2
0.2
0.2
0.2
0.2
0.2
0.2
0.2
0.2
0.2
0.2
0.2
0.2
0.2
0.2
0.2
0.2
0.2
0.2
0.2
0.2
0.2
0.2
0.2
0.2
0.2
0.2
0.2
0.2
0.2
0.2
0.2
0.2
0.2
0.573764
0.569903
0.56403
0.555285
0.543142
0.52849
0.514814
0.50353
0.494631
0.487524
0.48149
0.47558
0.468704
0.45785
0.450395
0.419485
0.330917
0.232742
0.202839
0.200147
0.20407
0.200546
0.200045
0.200001
0.2
0.2
0.2
0.2
0.2
0.2
0.2
0.201237
0.200021
0.2
0.2
0.2
0.2
0.2
0.2
0.200008
0.2
0.2
0.200008
0.200606
0.209382
0.249884
0.314662
0.340844
0.345917
0.339097
0.302817
0.20185
0.200027
0.2
0.2
0.2
0.2
0.2
0.2
0.2
0.2
0.2
0.2
0.2
0.2
0.2
0.2
0.2
0.2
0.2
0.2
0.2
0.2
0.2
0.2
0.2
0.2
0.2
0.2
0.2
0.2
0.2
0.2
0.2
0.2
0.2
0.2
0.2
0.2
0.2
0.2
0.2
0.2
0.2
0.2
0.2
0.2
0.2
0.2
0.2
0.2
0.2
0.2
0.2
0.2
0.2
0.2
0.2
0.2
0.2
0.2
0.2
0.2
0.2
0.2
0.2
0.2
0.2
0.2
0.2
0.2
0.2
0.2
0.2
0.2
0.2
0.2
0.2
0.2
0.2
0.2
0.2
0.2
0.2
0.2
0.2
0.2
0.2
0.2
0.2
0.2
0.2
0.2
0.2
0.2
0.2
0.2
0.2
0.2
0.2
0.570426
0.566741
0.561214
0.553111
0.542003
0.528609
0.515682
0.50459
0.495521
0.488094
0.481763
0.47585
0.469605
0.461248
0.454252
0.44955
0.443175
0.437234
0.432437
0.428567
0.424866
0.419934
0.4115
0.402253
0.281471
0.203446
0.200015
0.2
0.2
0.2
0.220471
0.269956
0.345366
0.29797
0.281742
0.213919
0.200629
0.20002
0.200001
0.211859
0.243074
0.215836
0.203636
0.200778
0.204174
0.225864
0.291173
0.339136
0.343743
0.336544
0.299979
0.203537
0.200058
0.200001
0.2
0.2
0.2
0.2
0.2
0.2
0.2
0.2
0.2
0.2
0.2
0.2
0.2
0.2
0.2
0.2
0.2
0.2
0.2
0.2
0.2
0.2
0.2
0.2
0.2
0.2
0.2
0.2
0.2
0.2
0.2
0.2
0.2
0.2
0.2
0.2
0.2
0.2
0.2
0.2
0.2
0.2
0.2
0.2
0.2
0.2
0.2
0.2
0.2
0.2
0.2
0.2
0.2
0.2
0.2
0.2
0.2
0.2
0.2
0.2
0.2
0.2
0.2
0.2
0.2
0.2
0.2
0.2
0.2
0.2
0.2
0.2
0.2
0.2
0.2
0.2
0.2
0.2
0.2
0.2
0.2
0.2
0.2
0.2
0.2
0.2
0.2
0.2
0.2
0.2
0.2
0.2
0.2
0.2
0.2
0.2
0.567065
0.563517
0.558249
0.550628
0.540293
0.527858
0.51558
0.504746
0.495646
0.48805
0.481548
0.475646
0.469829
0.463117
0.457044
0.45259
0.44813
0.443696
0.439366
0.435106
0.430782
0.426064
0.419837
0.410653
0.402887
0.351393
0.256808
0.208734
0.200781
0.259438
0.378036
0.378384
0.376494
0.362191
0.333165
0.326143
0.319956
0.274303
0.313276
0.307557
0.29651
0.272991
0.235758
0.2105
0.202529
0.282965
0.325729
0.337736
0.341134
0.333658
0.295756
0.203543
0.200055
0.200001
0.2
0.2
0.2
0.2
0.2
0.2
0.2
0.2
0.2
0.2
0.2
0.2
0.2
0.2
0.2
0.2
0.2
0.2
0.2
0.2
0.2
0.2
0.2
0.2
0.2
0.2
0.2
0.2
0.2
0.2
0.2
0.2
0.2
0.2
0.2
0.2
0.2
0.2
0.2
0.2
0.2
0.2
0.2
0.2
0.2
0.2
0.2
0.2
0.2
0.2
0.2
0.2
0.2
0.2
0.2
0.2
0.2
0.2
0.2
0.2
0.2
0.2
0.2
0.2
0.2
0.2
0.2
0.2
0.2
0.2
0.2
0.2
0.2
0.2
0.2
0.2
0.2
0.2
0.2
0.2
0.2
0.2
0.2
0.2
0.2
0.2
0.2
0.2
0.2
0.2
0.2
0.2
0.2
0.2
0.2
0.2
0.56371
0.560257
0.555167
0.547877
0.538084
0.526341
0.514589
0.504022
0.494983
0.487331
0.480749
0.474862
0.469293
0.463476
0.458022
0.453406
0.449045
0.444781
0.440591
0.436472
0.432401
0.42828
0.42366
0.417342
0.409925
0.405545
0.401325
0.387157
0.396669
0.395893
0.394957
0.3929
0.390073
0.384634
0.371843
0.360158
0.344393
0.341085
0.338802
0.334094
0.327664
0.310958
0.279083
0.239523
0.211002
0.26583
0.32348
0.335211
0.338191
0.330533
0.291358
0.203191
0.200045
0.2
0.2
0.2
0.2
0.2
0.2
0.2
0.2
0.2
0.2
0.2
0.2
0.2
0.2
0.2
0.2
0.2
0.2
0.2
0.2
0.2
0.2
0.2
0.2
0.2
0.2
0.2
0.2
0.2
0.2
0.2
0.2
0.2
0.2
0.2
0.2
0.2
0.2
0.2
0.2
0.2
0.2
0.2
0.2
0.2
0.2
0.2
0.2
0.2
0.2
0.2
0.2
0.2
0.2
0.2
0.2
0.2
0.2
0.2
0.2
0.2
0.2
0.2
0.2
0.2
0.2
0.2
0.2
0.2
0.2
0.2
0.2
0.2
0.2
0.2
0.2
0.2
0.2
0.2
0.2
0.2
0.2
0.2
0.2
0.2
0.2
0.2
0.2
0.2
0.2
0.2
0.2
0.2
0.2
0.2
0.2
0.2
0.560393
0.556991
0.551995
0.544889
0.535421
0.524123
0.512753
0.502429
0.493498
0.485865
0.479267
0.473396
0.467953
0.462569
0.457445
0.452768
0.448328
0.444017
0.439818
0.43576
0.431892
0.428242
0.42471
0.420803
0.416172
0.412169
0.407096
0.405612
0.404512
0.402843
0.400885
0.398507
0.39579
0.392426
0.38716
0.380382
0.371472
0.366889
0.364016
0.359432
0.35147
0.337267
0.31202
0.274573
0.234035
0.2485
0.309921
0.331104
0.335019
0.327396
0.287553
0.202909
0.200038
0.2
0.2
0.2
0.2
0.2
0.2
0.2
0.2
0.2
0.2
0.2
0.2
0.2
0.2
0.2
0.2
0.2
0.2
0.2
0.2
0.2
0.2
0.2
0.2
0.2
0.2
0.2
0.2
0.2
0.2
0.2
0.2
0.2
0.2
0.2
0.2
0.2
0.2
0.2
0.2
0.2
0.2
0.2
0.2
0.2
0.2
0.2
0.2
0.2
0.2
0.2
0.2
0.2
0.2
0.2
0.2
0.2
0.2
0.2
0.2
0.2
0.2
0.2
0.2
0.2
0.2
0.2
0.2
0.2
0.2
0.2
0.2
0.2
0.2
0.2
0.2
0.2
0.2
0.2
0.2
0.2
0.2
0.2
0.2
0.2
0.2
0.2
0.2
0.2
0.2
0.2
0.2
0.2
0.2
0.2
0.2
0.2
0.557143
0.55375
0.548758
0.541685
0.532321
0.521222
0.510079
0.499948
0.491146
0.48358
0.477007
0.471151
0.465759
0.460555
0.455565
0.450837
0.446279
0.441836
0.437511
0.433357
0.42943
0.425499
0.421658
0.418582
0.416146
0.413725
0.411023
0.409248
0.407456
0.405539
0.403368
0.400932
0.39829
0.395391
0.392141
0.388373
0.383893
0.379823
0.375888
0.370949
0.363995
0.352981
0.334005
0.303441
0.263278
0.246483
0.292026
0.322093
0.33068
0.324446
0.284675
0.203427
0.200031
0.2
0.2
0.2
0.2
0.2
0.2
0.2
0.2
0.2
0.2
0.2
0.2
0.2
0.2
0.2
0.2
0.2
0.2
0.2
0.2
0.2
0.2
0.2
0.2
0.2
0.2
0.2
0.2
0.2
0.2
0.2
0.2
0.2
0.2
0.2
0.2
0.2
0.2
0.2
0.2
0.2
0.2
0.2
0.2
0.2
0.2
0.2
0.2
0.2
0.2
0.2
0.2
0.2
0.2
0.2
0.2
0.2
0.2
0.2
0.2
0.2
0.2
0.2
0.2
0.2
0.2
0.2
0.2
0.2
0.2
0.2
0.2
0.2
0.2
0.2
0.2
0.2
0.2
0.2
0.2
0.2
0.2
0.2
0.2
0.2
0.2
0.2
0.2
0.2
0.2
0.2
0.2
0.2
0.2
0.2
0.2
0.2
0.553952
0.550476
0.545356
0.538154
0.528746
0.517757
0.506796
0.496551
0.48786
0.480392
0.47387
0.468029
0.462636
0.457464
0.452464
0.447615
0.442854
0.438142
0.433483
0.428738
0.422742
0.415098
0.404639
0.393093
0.389906
0.389633
0.389415
0.388104
0.386078
0.384449
0.382585
0.380531
0.378258
0.376067
0.374387
0.373074
0.3718
0.370401
0.368899
0.367006
0.363791
0.357621
0.345466
0.323403
0.289897
0.259721
0.27811
0.30953
0.3243
0.321292
0.282744
0.206329
0.200131
0.200001
0.2
0.2
0.2
0.2
0.2
0.2
0.2
0.2
0.2
0.2
0.2
0.2
0.2
0.2
0.2
0.2
0.2
0.2
0.2
0.2
0.2
0.2
0.2
0.2
0.2
0.2
0.2
0.2
0.2
0.2
0.2
0.2
0.2
0.2
0.2
0.2
0.2
0.2
0.2
0.2
0.2
0.2
0.2
0.2
0.2
0.2
0.2
0.2
0.2
0.2
0.2
0.2
0.2
0.2
0.2
0.2
0.2
0.2
0.2
0.2
0.2
0.2
0.2
0.2
0.2
0.2
0.2
0.2
0.2
0.2
0.2
0.2
0.2
0.2
0.2
0.2
0.2
0.2
0.2
0.2
0.2
0.2
0.2
0.2
0.2
0.2
0.2
0.2
0.2
0.2
0.2
0.2
0.2
0.2
0.2
0.2
0.550841
0.547172
0.541739
0.534162
0.524468
0.513439
0.502586
0.492552
0.484028
0.476372
0.469752
0.463909
0.458466
0.453215
0.448068
0.442961
0.437815
0.43256
0.427135
0.419329
0.407739
0.393124
0.372265
0.351984
0.345422
0.342077
0.340989
0.340047
0.340284
0.344584
0.347128
0.347954
0.346348
0.340324
0.337427
0.336337
0.336444
0.337792
0.340667
0.344764
0.348138
0.348955
0.344897
0.33258
0.308971
0.278853
0.273922
0.296977
0.315907
0.317383
0.281418
0.206647
0.200125
0.200001
0.2
0.2
0.2
0.2
0.2
0.2
0.2
0.2
0.2
0.2
0.2
0.2
0.2
0.2
0.2
0.2
0.2
0.2
0.2
0.2
0.2
0.2
0.2
0.2
0.2
0.2
0.2
0.2
0.2
0.2
0.2
0.2
0.2
0.2
0.2
0.2
0.2
0.2
0.2
0.2
0.2
0.2
0.2
0.2
0.2
0.2
0.2
0.2
0.2
0.2
0.2
0.2
0.2
0.2
0.2
0.2
0.2
0.2
0.2
0.2
0.2
0.2
0.2
0.2
0.2
0.2
0.2
0.2
0.2
0.2
0.2
0.2
0.2
0.2
0.2
0.2
0.2
0.2
0.2
0.2
0.2
0.2
0.2
0.2
0.2
0.2
0.2
0.2
0.2
0.2
0.2
0.2
0.2
0.2
0.2
0.2
0.547827
0.543821
0.537843
0.529608
0.519382
0.508172
0.497376
0.487575
0.479199
0.471656
0.465071
0.458624
0.45306
0.447606
0.44214
0.436543
0.430666
0.424301
0.415512
0.399819
0.377278
0.358077
0.332356
0.323796
0.266078
0.210592
0.200632
0.213617
0.25681
0.329894
0.330977
0.331213
0.327648
0.306421
0.298867
0.294011
0.291422
0.291331
0.296007
0.307099
0.318676
0.327182
0.33136
0.329138
0.317172
0.2948
0.278446
0.287956
0.306646
0.312427
0.2805
0.208302
0.200146
0.200001
0.2
0.2
0.2
0.2
0.2
0.2
0.2
0.2
0.2
0.2
0.2
0.2
0.2
0.2
0.2
0.2
0.2
0.2
0.2
0.2
0.2
0.2
0.2
0.2
0.2
0.2
0.2
0.2
0.2
0.2
0.2
0.2
0.2
0.2
0.2
0.2
0.2
0.2
0.2
0.2
0.2
0.2
0.2
0.2
0.2
0.2
0.2
0.2
0.2
0.2
0.2
0.2
0.2
0.2
0.2
0.2
0.2
0.2
0.2
0.2
0.2
0.2
0.2
0.2
0.2
0.2
0.2
0.2
0.2
0.2
0.2
0.2
0.2
0.2
0.2
0.2
0.2
0.2
0.2
0.2
0.2
0.2
0.2
0.2
0.2
0.2
0.2
0.2
0.2
0.2
0.2
0.2
0.2
0.2
0.2
0.2
0.544914
0.540377
0.533552
0.524326
0.513321
0.501809
0.491041
0.481467
0.473214
0.465781
0.459158
0.452703
0.446265
0.440273
0.434201
0.427684
0.420342
0.411426
0.393184
0.361819
0.326416
0.314774
0.299567
0.211295
0.200265
0.200011
0.200001
0.20006
0.201398
0.227339
0.251033
0.314519
0.30375
0.270284
0.211673
0.200548
0.200244
0.204374
0.230288
0.293703
0.300966
0.30747
0.312768
0.316011
0.313919
0.302442
0.285276
0.283406
0.297943
0.306505
0.280039
0.213953
0.200145
0.200001
0.2
0.2
0.2
0.2
0.2
0.2
0.2
0.2
0.2
0.2
0.2
0.2
0.2
0.2
0.2
0.2
0.2
0.2
0.2
0.2
0.2
0.2
0.2
0.2
0.2
0.2
0.2
0.2
0.2
0.2
0.2
0.2
0.2
0.2
0.2
0.2
0.2
0.2
0.2
0.2
0.2
0.2
0.2
0.2
0.2
0.2
0.2
0.2
0.2
0.2
0.2
0.2
0.2
0.2
0.2
0.2
0.2
0.2
0.2
0.2
0.2
0.2
0.2
0.2
0.2
0.2
0.2
0.2
0.2
0.2
0.2
0.2
0.2
0.2
0.2
0.2
0.2
0.2
0.2
0.2
0.2
0.2
0.2
0.2
0.2
0.2
0.2
0.2
0.2
0.2
0.2
0.2
0.2
0.2
0.2
0.2
0.542092
0.536762
0.528695
0.518075
0.506034
0.494113
0.483348
0.473953
0.465787
0.458406
0.451649
0.445004
0.438203
0.430796
0.423232
0.414738
0.403773
0.38694
0.349496
0.301226
0.277994
0.209119
0.200167
0.200036
0.200001
0.2
0.2
0.2
0.200004
0.200166
0.205192
0.280124
0.263543
0.217034
0.200344
0.200001
0.2
0.20001
0.200661
0.227151
0.287778
0.287435
0.288164
0.291624
0.296286
0.296984
0.286817
0.280432
0.290255
0.299806
0.280261
0.2583
0.200228
0.200001
0.2
0.2
0.2
0.2
0.2
0.2
0.2
0.2
0.2
0.2
0.2
0.2
0.2
0.2
0.2
0.2
0.2
0.2
0.2
0.2
0.2
0.2
0.2
0.2
0.2
0.2
0.2
0.2
0.2
0.2
0.2
0.2
0.2
0.2
0.2
0.2
0.2
0.2
0.2
0.2
0.2
0.2
0.2
0.2
0.2
0.2
0.2
0.2
0.2
0.2
0.2
0.2
0.2
0.2
0.2
0.2
0.2
0.2
0.2
0.2
0.2
0.2
0.2
0.2
0.2
0.2
0.2
0.2
0.2
0.2
0.2
0.2
0.2
0.2
0.2
0.2
0.2
0.2
0.2
0.2
0.2
0.2
0.2
0.2
0.2
0.2
0.2
0.2
0.2
0.2
0.2
0.2
0.2
0.2
0.2
0.2
0.539342
0.532882
0.523056
0.510526
0.497116
0.484655
0.473808
0.464484
0.456309
0.448834
0.441754
0.434603
0.426989
0.418327
0.406814
0.392255
0.3699
0.326692
0.266272
0.228
0.200526
0.200038
0.200001
0.2
0.2
0.2
0.2
0.2
0.2
0.2
0.200026
0.207802
0.227715
0.200609
0.200003
0.2
0.2
0.2
0.200002
0.203856
0.221202
0.203512
0.202372
0.219058
0.245539
0.291782
0.284024
0.276412
0.282996
0.292312
0.276739
0.251653
0.200773
0.200003
0.2
0.2
0.2
0.2
0.2
0.2
0.2
0.2
0.2
0.2
0.2
0.2
0.2
0.2
0.2
0.2
0.2
0.2
0.2
0.2
0.2
0.2
0.2
0.2
0.2
0.2
0.2
0.2
0.2
0.2
0.2
0.2
0.2
0.2
0.2
0.2
0.2
0.2
0.2
0.2
0.2
0.2
0.2
0.2
0.2
0.2
0.2
0.2
0.2
0.2
0.2
0.2
0.2
0.2
0.2
0.2
0.2
0.2
0.2
0.2
0.2
0.2
0.2
0.2
0.2
0.2
0.2
0.2
0.2
0.2
0.2
0.2
0.2
0.2
0.2
0.2
0.2
0.2
0.2
0.2
0.2
0.2
0.2
0.2
0.2
0.2
0.2
0.2
0.2
0.2
0.2
0.2
0.2
0.2
0.2
0.2
0.536661
0.528683
0.516433
0.501209
0.485783
0.472453
0.461209
0.451655
0.443197
0.435257
0.427333
0.41882
0.408971
0.396506
0.378707
0.345403
0.292291
0.229546
0.205329
0.200137
0.200003
0.2
0.2
0.2
0.2
0.2
0.2
0.2
0.2
0.2
0.2
0.200388
0.20837
0.200178
0.2
0.2
0.2
0.2
0.2
0.200428
0.201978
0.20002
0.20001
0.201445
0.208015
0.286359
0.279369
0.270677
0.275152
0.283949
0.27002
0.242298
0.201118
0.200012
0.2
0.2
0.2
0.2
0.2
0.2
0.2
0.2
0.2
0.2
0.2
0.2
0.2
0.2
0.2
0.2
0.2
0.2
0.2
0.2
0.2
0.2
0.2
0.2
0.2
0.2
0.2
0.2
0.2
0.2
0.2
0.2
0.2
0.2
0.2
0.2
0.2
0.2
0.2
0.2
0.2
0.2
0.2
0.2
0.2
0.2
0.2
0.2
0.2
0.2
0.2
0.2
0.2
0.2
0.2
0.2
0.2
0.2
0.2
0.2
0.2
0.2
0.2
0.2
0.2
0.2
0.2
0.2
0.2
0.2
0.2
0.2
0.2
0.2
0.2
0.2
0.2
0.2
0.2
0.2
0.2
0.2
0.2
0.2
0.2
0.2
0.2
0.2
0.2
0.2
0.2
0.2
0.2
0.2
0.2
0.2
0.534112
0.524314
0.508783
0.489244
0.469806
0.454347
0.441458
0.430731
0.421379
0.41221
0.402215
0.390338
0.375004
0.353347
0.32122
0.266839
0.210886
0.200259
0.20004
0.200001
0.2
0.2
0.2
0.2
0.2
0.2
0.2
0.2
0.2
0.2
0.2
0.200015
0.201734
0.20004
0.2
0.2
0.2
0.2
0.2
0.200043
0.2001
0.2
0.2
0.200059
0.200699
0.28035
0.272714
0.262618
0.265787
0.274096
0.26064
0.232405
0.20079
0.200005
0.2
0.2
0.2
0.2
0.2
0.2
0.2
0.2
0.2
0.2
0.2
0.2
0.2
0.2
0.2
0.2
0.2
0.2
0.2
0.2
0.2
0.2
0.2
0.2
0.2
0.2
0.2
0.2
0.2
0.2
0.2
0.2
0.2
0.2
0.2
0.2
0.2
0.2
0.2
0.2
0.2
0.2
0.2
0.2
0.2
0.2
0.2
0.2
0.2
0.2
0.2
0.2
0.2
0.2
0.2
0.2
0.2
0.2
0.2
0.2
0.2
0.2
0.2
0.2
0.2
0.2
0.2
0.2
0.2
0.2
0.2
0.2
0.2
0.2
0.2
0.2
0.2
0.2
0.2
0.2
0.2
0.2
0.2
0.2
0.2
0.2
0.2
0.2
0.2
0.2
0.2
0.2
0.2
0.2
0.2
0.2
0.531885
0.520402
0.500316
0.469877
0.431601
0.400584
0.371547
0.346939
0.369998
0.366694
0.354986
0.339355
0.317967
0.286217
0.245693
0.214525
0.20018
0.200002
0.2
0.2
0.2
0.2
0.2
0.2
0.2
0.2
0.2
0.2
0.2
0.2
0.2
0.2
0.200323
0.200004
0.2
0.2
0.2
0.2
0.2
0.200004
0.200004
0.2
0.2
0.200002
0.200044
0.272613
0.263289
0.251733
0.254274
0.262009
0.24899
0.223778
0.201173
0.20001
0.2
0.2
0.2
0.2
0.2
0.2
0.2
0.2
0.2
0.2
0.2
0.2
0.2
0.2
0.2
0.2
0.2
0.2
0.2
0.2
0.2
0.2
0.2
0.2
0.2
0.2
0.2
0.2
0.2
0.2
0.2
0.2
0.2
0.2
0.2
0.2
0.2
0.2
0.2
0.2
0.2
0.2
0.2
0.2
0.2
0.2
0.2
0.2
0.2
0.2
0.2
0.2
0.2
0.2
0.2
0.2
0.2
0.2
0.2
0.2
0.2
0.2
0.2
0.2
0.2
0.2
0.2
0.2
0.2
0.2
0.2
0.2
0.2
0.2
0.2
0.2
0.2
0.2
0.2
0.2
0.2
0.2
0.2
0.2
0.2
0.2
0.2
0.2
0.2
0.2
0.2
0.2
0.2
0.2
0.2
0.2
0.530219
0.518533
0.498078
0.467606
0.430785
0.312264
0.210766
0.254074
0.268904
0.280382
0.276764
0.266369
0.253847
0.242105
0.201111
0.200104
0.200002
0.2
0.2
0.2
0.2
0.2
0.2
0.2
0.2
0.2
0.2
0.2
0.2
0.2
0.2
0.2
0.200053
0.2
0.2
0.2
0.2
0.2
0.2
0.2
0.2
0.2
0.2
0.2
0.200002
0.261972
0.250518
0.238459
0.240848
0.247486
0.235905
0.217478
0.206116
0.200041
0.2
0.2
0.2
0.2
0.2
0.2
0.2
0.2
0.2
0.2
0.2
0.2
0.2
0.2
0.2
0.2
0.2
0.2
0.2
0.2
0.2
0.2
0.2
0.2
0.2
0.2
0.2
0.2
0.2
0.2
0.2
0.2
0.2
0.2
0.2
0.2
0.2
0.2
0.2
0.2
0.2
0.2
0.2
0.2
0.2
0.2
0.2
0.2
0.2
0.2
0.2
0.2
0.2
0.2
0.2
0.2
0.2
0.2
0.2
0.2
0.2
0.2
0.2
0.2
0.2
0.2
0.2
0.2
0.2
0.2
0.2
0.2
0.2
0.2
0.2
0.2
0.2
0.2
0.2
0.2
0.2
0.2
0.2
0.2
0.2
0.2
0.2
0.2
0.2
0.2
0.2
0.2
0.2
0.2
0.2
0.2
0.528719
0.517471
0.498099
0.469895
0.436912
0.433236
0.200285
0.201489
0.201373
0.203536
0.2044
0.204573
0.200657
0.200623
0.200014
0.200001
0.2
0.2
0.2
0.2
0.2
0.2
0.2
0.2
0.2
0.2
0.2
0.2
0.2
0.2
0.2
0.2
0.200008
0.2
0.2
0.2
0.2
0.2
0.2
0.2
0.2
0.2
0.2
0.2
0.2
0.247913
0.2354
0.224958
0.227222
0.23188
0.222422
0.210121
0.203074
0.20002
0.2
0.2
0.2
0.2
0.2
0.2
0.2
0.2
0.2
0.2
0.2
0.2
0.2
0.2
0.2
0.2
0.2
0.2
0.2
0.2
0.2
0.2
0.2
0.2
0.2
0.2
0.2
0.2
0.2
0.2
0.2
0.2
0.2
0.2
0.2
0.2
0.2
0.2
0.2
0.2
0.2
0.2
0.2
0.2
0.2
0.2
0.2
0.2
0.2
0.2
0.2
0.2
0.2
0.2
0.2
0.2
0.2
0.2
0.2
0.2
0.2
0.2
0.2
0.2
0.2
0.2
0.2
0.2
0.2
0.2
0.2
0.2
0.2
0.2
0.2
0.2
0.2
0.2
0.2
0.2
0.2
0.2
0.2
0.2
0.2
0.2
0.2
0.2
0.2
0.2
0.2
0.2
0.2
0.2
0.2
0.2
0.527199
0.516628
0.498886
0.473769
0.445396
0.437454
0.434984
0.200019
0.200022
0.2001
0.200103
0.2001
0.200007
0.200006
0.2
0.2
0.2
0.2
0.2
0.2
0.2
0.2
0.2
0.2
0.2
0.2
0.2
0.2
0.2
0.2
0.2
0.2
0.200001
0.2
0.2
0.2
0.2
0.2
0.2
0.2
0.2
0.2
0.2
0.2
0.2
0.2321
0.221177
0.214117
0.215972
0.218491
0.212089
0.205119
0.201458
0.200009
0.2
0.2
0.2
0.2
0.2
0.2
0.2
0.2
0.2
0.2
0.2
0.2
0.2
0.2
0.2
0.2
0.2
0.2
0.2
0.2
0.2
0.2
0.2
0.2
0.2
0.2
0.2
0.2
0.2
0.2
0.2
0.2
0.2
0.2
0.2
0.2
0.2
0.2
0.2
0.2
0.2
0.2
0.2
0.2
0.2
0.2
0.2
0.2
0.2
0.2
0.2
0.2
0.2
0.2
0.2
0.2
0.2
0.2
0.2
0.2
0.2
0.2
0.2
0.2
0.2
0.2
0.2
0.2
0.2
0.2
0.2
0.2
0.2
0.2
0.2
0.2
0.2
0.2
0.2
0.2
0.2
0.2
0.2
0.2
0.2
0.2
0.2
0.2
0.2
0.2
0.2
0.2
0.2
0.2
0.2
0.2
0.525616
0.515814
0.49984
0.477819
0.453423
0.442576
0.437554
0.435146
0.234604
0.200002
0.200002
0.200001
0.2
0.2
0.2
0.2
0.2
0.2
0.2
0.2
0.2
0.2
0.2
0.2
0.2
0.2
0.2
0.2
0.2
0.2
0.2
0.2
0.2
0.2
0.2
0.2
0.2
0.2
0.2
0.2
0.2
0.2
0.2
0.2
0.2
0.218302
0.210955
0.207185
0.208457
0.209522
0.205929
0.202448
0.200685
0.200005
0.2
0.2
0.2
0.2
0.2
0.2
0.2
0.2
0.2
0.2
0.2
0.2
0.2
0.2
0.2
0.2
0.2
0.2
0.2
0.2
0.2
0.2
0.2
0.2
0.2
0.2
0.2
0.2
0.2
0.2
0.2
0.2
0.2
0.2
0.2
0.2
0.2
0.2
0.2
0.2
0.2
0.2
0.2
0.2
0.2
0.2
0.2
0.2
0.2
0.2
0.2
0.2
0.2
0.2
0.2
0.2
0.2
0.2
0.2
0.2
0.2
0.2
0.2
0.2
0.2
0.2
0.2
0.2
0.2
0.2
0.2
0.2
0.2
0.2
0.2
0.2
0.2
0.2
0.2
0.2
0.2
0.2
0.2
0.2
0.2
0.2
0.2
0.2
0.2
0.2
0.2
0.2
0.2
0.2
0.2
0.2
0.523941
0.514906
0.500611
0.481351
0.460168
0.447867
0.440985
0.437026
0.433604
0.429809
0.353828
0.239014
0.2
0.2
0.2
0.2
0.2
0.2
0.2
0.2
0.2
0.2
0.2
0.2
0.2
0.2
0.2
0.2
0.2
0.2
0.2
0.2
0.2
0.2
0.2
0.2
0.2
0.2
0.2
0.2
0.2
0.2
0.2
0.2
0.200004
0.209124
0.205126
0.203432
0.204194
0.204562
0.202781
0.201153
0.200326
0.200005
0.2
0.2
0.2
0.2
0.2
0.2
0.2
0.2
0.2
0.2
0.2
0.2
0.2
0.2
0.2
0.2
0.2
0.2
0.2
0.2
0.2
0.2
0.2
0.2
0.2
0.2
0.2
0.2
0.2
0.2
0.2
0.2
0.2
0.2
0.2
0.2
0.2
0.2
0.2
0.2
0.2
0.2
0.2
0.2
0.2
0.2
0.2
0.2
0.2
0.2
0.2
0.2
0.2
0.2
0.2
0.2
0.2
0.2
0.2
0.2
0.2
0.2
0.2
0.2
0.2
0.2
0.2
0.2
0.2
0.2
0.2
0.2
0.2
0.2
0.2
0.2
0.2
0.2
0.2
0.2
0.2
0.2
0.2
0.2
0.2
0.2
0.2
0.2
0.2
0.2
0.2
0.2
0.2
0.2
0.2
0.2
0.522159
0.513837
0.501033
0.484105
0.465507
0.452758
0.444686
0.439583
0.43595
0.431849
0.427037
0.417473
0.406433
0.2
0.2
0.2
0.2
0.2
0.2
0.2
0.2
0.2
0.2
0.2
0.2
0.2
0.2
0.2
0.2
0.2
0.2
0.2
0.2
0.2
0.2
0.2
0.2
0.2
0.2
0.2
0.2
0.2
0.2
0.2
0.200013
0.204184
0.202269
0.201589
0.202007
0.202112
0.201287
0.200544
0.200157
0.200002
0.2
0.2
0.2
0.2
0.2
0.2
0.2
0.2
0.2
0.2
0.2
0.2
0.2
0.2
0.2
0.2
0.2
0.2
0.2
0.2
0.2
0.2
0.2
0.2
0.2
0.2
0.2
0.2
0.2
0.2
0.2
0.2
0.2
0.2
0.2
0.2
0.2
0.2
0.2
0.2
0.2
0.2
0.2
0.2
0.2
0.2
0.2
0.2
0.2
0.2
0.2
0.2
0.2
0.2
0.2
0.2
0.2
0.2
0.2
0.2
0.2
0.2
0.2
0.2
0.2
0.2
0.2
0.2
0.2
0.2
0.2
0.2
0.2
0.2
0.2
0.2
0.2
0.2
0.2
0.2
0.2
0.2
0.2
0.2
0.2
0.2
0.2
0.2
0.2
0.2
0.2
0.2
0.2
0.2
0.2
0.2
0.520262
0.512577
0.501046
0.486035
0.469513
0.456877
0.4481
0.442097
0.437726
0.43356
0.429461
0.422855
0.412144
0.201691
0.2
0.2
0.2
0.2
0.2
0.2
0.2
0.2
0.2
0.2
0.2
0.2
0.2
0.2
0.2
0.2
0.2
0.2
0.2
0.2
0.2
0.2
0.2
0.2
0.2
0.2
0.2
0.2
0.2
0.2
0.200018
0.20184
0.200981
0.200724
0.200941
0.200964
0.200595
0.200261
0.200078
0.200002
0.2
0.2
0.2
0.2
0.2
0.2
0.2
0.2
0.2
0.2
0.2
0.2
0.2
0.2
0.2
0.2
0.2
0.2
0.2
0.2
0.2
0.2
0.2
0.2
0.2
0.2
0.2
0.2
0.2
0.2
0.2
0.2
0.2
0.2
0.2
0.2
0.2
0.2
0.2
0.2
0.2
0.2
0.2
0.2
0.2
0.2
0.2
0.2
0.2
0.2
0.2
0.2
0.2
0.2
0.2
0.2
0.2
0.2
0.2
0.2
0.2
0.2
0.2
0.2
0.2
0.2
0.2
0.2
0.2
0.2
0.2
0.2
0.2
0.2
0.2
0.2
0.2
0.2
0.2
0.2
0.2
0.2
0.2
0.2
0.2
0.2
0.2
0.2
0.2
0.2
0.2
0.2
0.2
0.2
0.2
0.2
0.51825
0.511119
0.500647
0.487185
0.472324
0.460068
0.450924
0.444259
0.439214
0.434762
0.430532
0.424982
0.416145
0.4129
0.219405
0.20009
0.200001
0.2
0.2
0.2
0.2
0.2
0.2
0.2
0.2
0.2
0.2
0.2
0.2
0.2
0.2
0.2
0.2
0.2
0.2
0.2
0.2
0.2
0.2
0.2
0.2
0.2
0.2
0.2
0.200023
0.200795
0.200418
0.200327
0.200434
0.200437
0.200276
0.200127
0.200041
0.200001
0.2
0.2
0.2
0.2
0.2
0.2
0.2
0.2
0.2
0.2
0.2
0.2
0.2
0.2
0.2
0.2
0.2
0.2
0.2
0.2
0.2
0.2
0.2
0.2
0.2
0.2
0.2
0.2
0.2
0.2
0.2
0.2
0.2
0.2
0.2
0.2
0.2
0.2
0.2
0.2
0.2
0.2
0.2
0.2
0.2
0.2
0.2
0.2
0.2
0.2
0.2
0.2
0.2
0.2
0.2
0.2
0.2
0.2
0.2
0.2
0.2
0.2
0.2
0.2
0.2
0.2
0.2
0.2
0.2
0.2
0.2
0.2
0.2
0.2
0.2
0.2
0.2
0.2
0.2
0.2
0.2
0.2
0.2
0.2
0.2
0.2
0.2
0.2
0.2
0.2
0.2
0.2
0.2
0.2
0.2
0.2
0.516131
0.509468
0.499861
0.487635
0.474095
0.462317
0.453034
0.445922
0.440357
0.435579
0.43117
0.426213
0.419389
0.414775
0.410022
0.407084
0.403534
0.39946
0.395119
0.390318
0.384626
0.376102
0.250902
0.201341
0.200002
0.2
0.2
0.2
0.2
0.200388
0.211611
0.242237
0.210486
0.202517
0.200028
0.2
0.2
0.2
0.2
0.2
0.200002
0.2
0.2
0.200012
0.200089
0.200339
0.200175
0.200145
0.200197
0.200196
0.200127
0.200062
0.200024
0.200007
0.2
0.2
0.2
0.2
0.2
0.2
0.2
0.2
0.2
0.2
0.2
0.2
0.2
0.2
0.2
0.2
0.2
0.2
0.2
0.2
0.2
0.2
0.2
0.2
0.2
0.2
0.2
0.2
0.2
0.2
0.2
0.2
0.2
0.2
0.2
0.2
0.2
0.2
0.2
0.2
0.2
0.2
0.2
0.2
0.2
0.2
0.2
0.2
0.2
0.2
0.2
0.2
0.2
0.2
0.2
0.2
0.2
0.2
0.2
0.2
0.2
0.2
0.2
0.2
0.2
0.2
0.2
0.2
0.2
0.2
0.2
0.2
0.2
0.2
0.2
0.2
0.2
0.2
0.2
0.2
0.2
0.2
0.2
0.2
0.2
0.2
0.2
0.2
0.2
0.2
0.2
0.2
0.2
0.2
0.2
0.2
0.513917
0.507641
0.498725
0.487469
0.474969
0.463673
0.454392
0.447008
0.441073
0.436013
0.431445
0.426792
0.421293
0.416663
0.412872
0.409355
0.405682
0.401753
0.397537
0.392933
0.387631
0.380316
0.372529
0.364599
0.231733
0.20024
0.200001
0.200176
0.207959
0.244324
0.315982
0.307492
0.275095
0.236621
0.216902
0.200674
0.200011
0.200154
0.200221
0.200454
0.200076
0.20001
0.200001
0.200003
0.200027
0.200118
0.200067
0.200062
0.200087
0.200087
0.200058
0.200029
0.200011
0.200003
0.2
0.2
0.2
0.2
0.2
0.2
0.2
0.2
0.2
0.2
0.2
0.2
0.2
0.2
0.2
0.2
0.2
0.2
0.2
0.2
0.2
0.2
0.2
0.2
0.2
0.2
0.2
0.2
0.2
0.2
0.2
0.2
0.2
0.2
0.2
0.2
0.2
0.2
0.2
0.2
0.2
0.2
0.2
0.2
0.2
0.2
0.2
0.2
0.2
0.2
0.2
0.2
0.2
0.2
0.2
0.2
0.2
0.2
0.2
0.2
0.2
0.2
0.2
0.2
0.2
0.2
0.2
0.2
0.2
0.2
0.2
0.2
0.2
0.2
0.2
0.2
0.2
0.2
0.2
0.2
0.2
0.2
0.2
0.2
0.2
0.2
0.2
0.2
0.2
0.2
0.2
0.2
0.2
0.2
0.2
0.2
0.511626
0.505659
0.49728
0.486766
0.475064
0.464201
0.454998
0.447467
0.441283
0.436005
0.431294
0.426756
0.421928
0.41748
0.41355
0.409772
0.405925
0.401936
0.397789
0.393473
0.388892
0.383523
0.377729
0.37
0.363046
0.296143
0.22212
0.246084
0.341731
0.341577
0.339893
0.334635
0.321127
0.292922
0.25984
0.246659
0.231492
0.217632
0.208207
0.203236
0.200907
0.200184
0.200027
0.200003
0.200007
0.200038
0.200025
0.200026
0.200037
0.200038
0.200026
0.200013
0.200005
0.200001
0.2
0.2
0.2
0.2
0.2
0.2
0.2
0.2
0.2
0.2
0.2
0.2
0.2
0.2
0.2
0.2
0.2
0.2
0.2
0.2
0.2
0.2
0.2
0.2
0.2
0.2
0.2
0.2
0.2
0.2
0.2
0.2
0.2
0.2
0.2
0.2
0.2
0.2
0.2
0.2
0.2
0.2
0.2
0.2
0.2
0.2
0.2
0.2
0.2
0.2
0.2
0.2
0.2
0.2
0.2
0.2
0.2
0.2
0.2
0.2
0.2
0.2
0.2
0.2
0.2
0.2
0.2
0.2
0.2
0.2
0.2
0.2
0.2
0.2
0.2
0.2
0.2
0.2
0.2
0.2
0.2
0.2
0.2
0.2
0.2
0.2
0.2
0.2
0.2
0.2
0.2
0.2
0.2
0.2
0.2
0.2
0.509279
0.503548
0.495563
0.485588
0.47447
0.46396
0.45486
0.447257
0.440914
0.435472
0.430633
0.426095
0.421542
0.417193
0.413118
0.409139
0.405131
0.401053
0.396922
0.392786
0.388674
0.384461
0.380044
0.374561
0.368322
0.364508
0.362386
0.360383
0.358243
0.355296
0.351808
0.347358
0.33998
0.325942
0.30655
0.292016
0.275083
0.253453
0.230451
0.213244
0.204167
0.20101
0.200195
0.20003
0.200005
0.200012
0.200009
0.20001
0.200016
0.200017
0.200011
0.200006
0.200002
0.2
0.2
0.2
0.2
0.2
0.2
0.2
0.2
0.2
0.2
0.2
0.2
0.2
0.2
0.2
0.2
0.2
0.2
0.2
0.2
0.2
0.2
0.2
0.2
0.2
0.2
0.2
0.2
0.2
0.2
0.2
0.2
0.2
0.2
0.2
0.2
0.2
0.2
0.2
0.2
0.2
0.2
0.2
0.2
0.2
0.2
0.2
0.2
0.2
0.2
0.2
0.2
0.2
0.2
0.2
0.2
0.2
0.2
0.2
0.2
0.2
0.2
0.2
0.2
0.2
0.2
0.2
0.2
0.2
0.2
0.2
0.2
0.2
0.2
0.2
0.2
0.2
0.2
0.2
0.2
0.2
0.2
0.2
0.2
0.2
0.2
0.2
0.2
0.2
0.2
0.2
0.2
0.2
0.2
0.2
0.2
0.2
0.506902
0.501333
0.493609
0.483985
0.473251
0.462987
0.453975
0.446341
0.439894
0.434329
0.429374
0.424773
0.420281
0.41593
0.411723
0.407565
0.403386
0.399173
0.394965
0.39084
0.386886
0.383154
0.379637
0.376114
0.372259
0.367953
0.364217
0.360773
0.357403
0.354749
0.351517
0.347483
0.342117
0.334163
0.322941
0.309596
0.291915
0.267905
0.240109
0.217604
0.205849
0.201595
0.200373
0.200075
0.200013
0.200005
0.200004
0.200004
0.200007
0.200007
0.200005
0.200003
0.200001
0.2
0.2
0.2
0.2
0.2
0.2
0.2
0.2
0.2
0.2
0.2
0.2
0.2
0.2
0.2
0.2
0.2
0.2
0.2
0.2
0.2
0.2
0.2
0.2
0.2
0.2
0.2
0.2
0.2
0.2
0.2
0.2
0.2
0.2
0.2
0.2
0.2
0.2
0.2
0.2
0.2
0.2
0.2
0.2
0.2
0.2
0.2
0.2
0.2
0.2
0.2
0.2
0.2
0.2
0.2
0.2
0.2
0.2
0.2
0.2
0.2
0.2
0.2
0.2
0.2
0.2
0.2
0.2
0.2
0.2
0.2
0.2
0.2
0.2
0.2
0.2
0.2
0.2
0.2
0.2
0.2
0.2
0.2
0.2
0.2
0.2
0.2
0.2
0.2
0.2
0.2
0.2
0.2
0.2
0.2
0.2
0.2
0.504521
0.499043
0.491449
0.481991
0.471438
0.461293
0.452324
0.444667
0.43815
0.432487
0.427421
0.422719
0.418171
0.41373
0.409358
0.404989
0.400578
0.396123
0.391663
0.387265
0.382944
0.378005
0.37185
0.3637
0.351818
0.337671
0.331202
0.327408
0.324405
0.321796
0.319547
0.31726
0.313731
0.307231
0.29613
0.279786
0.259451
0.237909
0.219913
0.20857
0.203178
0.201056
0.200316
0.200085
0.20002
0.200005
0.200002
0.200002
0.200003
0.200003
0.200002
0.200001
0.2
0.2
0.2
0.2
0.2
0.2
0.2
0.2
0.2
0.2
0.2
0.2
0.2
0.2
0.2
0.2
0.2
0.2
0.2
0.2
0.2
0.2
0.2
0.2
0.2
0.2
0.2
0.2
0.2
0.2
0.2
0.2
0.2
0.2
0.2
0.2
0.2
0.2
0.2
0.2
0.2
0.2
0.2
0.2
0.2
0.2
0.2
0.2
0.2
0.2
0.2
0.2
0.2
0.2
0.2
0.2
0.2
0.2
0.2
0.2
0.2
0.2
0.2
0.2
0.2
0.2
0.2
0.2
0.2
0.2
0.2
0.2
0.2
0.2
0.2
0.2
0.2
0.2
0.2
0.2
0.2
0.2
0.2
0.2
0.2
0.2
0.2
0.2
0.2
0.2
0.2
0.2
0.2
0.2
0.2
0.2
0.2
0.2
0.502151
0.496681
0.489082
0.479623
0.469089
0.458866
0.449857
0.442163
0.435587
0.429838
0.424657
0.41982
0.415135
0.410518
0.405905
0.40123
0.396446
0.391528
0.386461
0.380968
0.373244
0.362286
0.347593
0.330165
0.306314
0.281238
0.275031
0.270025
0.267012
0.271192
0.273701
0.274424
0.270896
0.26059
0.243573
0.225586
0.215208
0.208934
0.205086
0.202512
0.201124
0.200468
0.200178
0.200062
0.20002
0.200006
0.200002
0.200001
0.200001
0.200002
0.200001
0.200001
0.2
0.2
0.2
0.2
0.2
0.2
0.2
0.2
0.2
0.2
0.2
0.2
0.2
0.2
0.2
0.2
0.2
0.2
0.2
0.2
0.2
0.2
0.2
0.2
0.2
0.2
0.2
0.2
0.2
0.2
0.2
0.2
0.2
0.2
0.2
0.2
0.2
0.2
0.2
0.2
0.2
0.2
0.2
0.2
0.2
0.2
0.2
0.2
0.2
0.2
0.2
0.2
0.2
0.2
0.2
0.2
0.2
0.2
0.2
0.2
0.2
0.2
0.2
0.2
0.2
0.2
0.2
0.2
0.2
0.2
0.2
0.2
0.2
0.2
0.2
0.2
0.2
0.2
0.2
0.2
0.2
0.2
0.2
0.2
0.2
0.2
0.2
0.2
0.2
0.2
0.2
0.2
0.2
0.2
0.2
0.2
0.2
0.2
0.499762
0.494163
0.486364
0.47669
0.466018
0.455749
0.446742
0.43904
0.432356
0.426235
0.420917
0.4159
0.410994
0.406091
0.4011
0.395927
0.390472
0.384587
0.378012
0.367691
0.352193
0.330306
0.304485
0.282294
0.253721
0.241522
0.209317
0.200953
0.206746
0.250841
0.247792
0.245513
0.237652
0.22379
0.209998
0.203582
0.201799
0.201194
0.200989
0.200591
0.200318
0.200166
0.200078
0.200034
0.200014
0.200005
0.200002
0.200001
0.200001
0.200001
0.200001
0.2
0.2
0.2
0.2
0.2
0.2
0.2
0.2
0.2
0.2
0.2
0.2
0.2
0.2
0.2
0.2
0.2
0.2
0.2
0.2
0.2
0.2
0.2
0.2
0.2
0.2
0.2
0.2
0.2
0.2
0.2
0.2
0.2
0.2
0.2
0.2
0.2
0.2
0.2
0.2
0.2
0.2
0.2
0.2
0.2
0.2
0.2
0.2
0.2
0.2
0.2
0.2
0.2
0.2
0.2
0.2
0.2
0.2
0.2
0.2
0.2
0.2
0.2
0.2
0.2
0.2
0.2
0.2
0.2
0.2
0.2
0.2
0.2
0.2
0.2
0.2
0.2
0.2
0.2
0.2
0.2
0.2
0.2
0.2
0.2
0.2
0.2
0.2
0.2
0.2
0.2
0.2
0.2
0.2
0.2
0.2
0.2
0.2
0.2
0.497375
0.491497
0.483281
0.473152
0.462163
0.451756
0.442708
0.43497
0.428206
0.422012
0.416271
0.410684
0.405418
0.400047
0.394409
0.388297
0.381372
0.372985
0.36022
0.339272
0.311487
0.277129
0.244371
0.230229
0.215059
0.200827
0.200021
0.2
0.200037
0.201226
0.204953
0.222151
0.214941
0.206121
0.201631
0.200462
0.20003
0.20002
0.200252
0.200134
0.200076
0.200051
0.200028
0.200015
0.200008
0.200004
0.200002
0.200001
0.2
0.2
0.2
0.2
0.2
0.2
0.2
0.2
0.2
0.2
0.2
0.2
0.2
0.2
0.2
0.2
0.2
0.2
0.2
0.2
0.2
0.2
0.2
0.2
0.2
0.2
0.2
0.2
0.2
0.2
0.2
0.2
0.2
0.2
0.2
0.2
0.2
0.2
0.2
0.2
0.2
0.2
0.2
0.2
0.2
0.2
0.2
0.2
0.2
0.2
0.2
0.2
0.2
0.2
0.2
0.2
0.2
0.2
0.2
0.2
0.2
0.2
0.2
0.2
0.2
0.2
0.2
0.2
0.2
0.2
0.2
0.2
0.2
0.2
0.2
0.2
0.2
0.2
0.2
0.2
0.2
0.2
0.2
0.2
0.2
0.2
0.2
0.2
0.2
0.2
0.2
0.2
0.2
0.2
0.2
0.2
0.2
0.2
0.2
0.2
0.2
0.2
0.495009
0.488687
0.479808
0.468952
0.457424
0.446736
0.437559
0.429715
0.422804
0.416443
0.410418
0.404327
0.397768
0.391491
0.384468
0.376031
0.364928
0.348666
0.319102
0.281279
0.246068
0.218181
0.20716
0.200323
0.200004
0.200001
0.2
0.2
0.2
0.200001
0.200062
0.200874
0.203274
0.20093
0.200128
0.200002
0.2
0.2
0.200001
0.200004
0.200004
0.200014
0.200008
0.200005
0.200003
0.200002
0.200001
0.200001
0.2
0.2
0.2
0.2
0.2
0.2
0.2
0.2
0.2
0.2
0.2
0.2
0.2
0.2
0.2
0.2
0.2
0.2
0.2
0.2
0.2
0.2
0.2
0.2
0.2
0.2
0.2
0.2
0.2
0.2
0.2
0.2
0.2
0.2
0.2
0.2
0.2
0.2
0.2
0.2
0.2
0.2
0.2
0.2
0.2
0.2
0.2
0.2
0.2
0.2
0.2
0.2
0.2
0.2
0.2
0.2
0.2
0.2
0.2
0.2
0.2
0.2
0.2
0.2
0.2
0.2
0.2
0.2
0.2
0.2
0.2
0.2
0.2
0.2
0.2
0.2
0.2
0.2
0.2
0.2
0.2
0.2
0.2
0.2
0.2
0.2
0.2
0.2
0.2
0.2
0.2
0.2
0.2
0.2
0.2
0.2
0.2
0.2
0.2
0.2
0.2
0.2
0.492682
0.485746
0.475931
0.464021
0.451635
0.440401
0.430909
0.42279
0.415566
0.408826
0.402251
0.395406
0.387444
0.377762
0.366826
0.351559
0.328225
0.290934
0.24437
0.215379
0.205695
0.201476
0.200025
0.2
0.2
0.2
0.2
0.2
0.2
0.2
0.2
0.200005
0.200062
0.200097
0.200001
0.2
0.2
0.2
0.2
0.2
0.2
0.200001
0.2
0.2
0.2
0.200001
0.200001
0.2
0.2
0.2
0.2
0.2
0.2
0.2
0.2
0.2
0.2
0.2
0.2
0.2
0.2
0.2
0.2
0.2
0.2
0.2
0.2
0.2
0.2
0.2
0.2
0.2
0.2
0.2
0.2
0.2
0.2
0.2
0.2
0.2
0.2
0.2
0.2
0.2
0.2
0.2
0.2
0.2
0.2
0.2
0.2
0.2
0.2
0.2
0.2
0.2
0.2
0.2
0.2
0.2
0.2
0.2
0.2
0.2
0.2
0.2
0.2
0.2
0.2
0.2
0.2
0.2
0.2
0.2
0.2
0.2
0.2
0.2
0.2
0.2
0.2
0.2
0.2
0.2
0.2
0.2
0.2
0.2
0.2
0.2
0.2
0.2
0.2
0.2
0.2
0.2
0.2
0.2
0.2
0.2
0.2
0.2
0.2
0.2
0.2
0.2
0.2
0.2
0.2
0.2
0.490423
0.482731
0.4717
0.458297
0.44447
0.432065
0.421781
0.412897
0.404847
0.397112
0.389183
0.380357
0.369328
0.352031
0.329446
0.298599
0.257081
0.217448
0.203649
0.200773
0.200021
0.2
0.2
0.2
0.2
0.2
0.2
0.2
0.2
0.2
0.2
0.2
0.200001
0.20001
0.2
0.2
0.2
0.2
0.2
0.2
0.2
0.2
0.2
0.2
0.2
0.2
0.200001
0.2
0.2
0.2
0.2
0.2
0.2
0.2
0.2
0.2
0.2
0.2
0.2
0.2
0.2
0.2
0.2
0.2
0.2
0.2
0.2
0.2
0.2
0.2
0.2
0.2
0.2
0.2
0.2
0.2
0.2
0.2
0.2
0.2
0.2
0.2
0.2
0.2
0.2
0.2
0.2
0.2
0.2
0.2
0.2
0.2
0.2
0.2
0.2
0.2
0.2
0.2
0.2
0.2
0.2
0.2
0.2
0.2
0.2
0.2
0.2
0.2
0.2
0.2
0.2
0.2
0.2
0.2
0.2
0.2
0.2
0.2
0.2
0.2
0.2
0.2
0.2
0.2
0.2
0.2
0.2
0.2
0.2
0.2
0.2
0.2
0.2
0.2
0.2
0.2
0.2
0.2
0.2
0.2
0.2
0.2
0.2
0.2
0.2
0.2
0.2
0.2
0.2
0.2
0.488286
0.479797
0.467325
0.451755
0.435059
0.419443
0.406694
0.395254
0.384694
0.37437
0.363211
0.349754
0.331464
0.302813
0.262569
0.228746
0.20682
0.201
0.200116
0.200001
0.2
0.2
0.2
0.2
0.2
0.2
0.2
0.2
0.2
0.2
0.2
0.2
0.2
0.200001
0.2
0.2
0.2
0.2
0.2
0.2
0.2
0.2
0.2
0.2
0.2
0.2
0.2
0.2
0.2
0.2
0.2
0.2
0.2
0.2
0.2
0.2
0.2
0.2
0.2
0.2
0.2
0.2
0.2
0.2
0.2
0.2
0.2
0.2
0.2
0.2
0.2
0.2
0.2
0.2
0.2
0.2
0.2
0.2
0.2
0.2
0.2
0.2
0.2
0.2
0.2
0.2
0.2
0.2
0.2
0.2
0.2
0.2
0.2
0.2
0.2
0.2
0.2
0.2
0.2
0.2
0.2
0.2
0.2
0.2
0.2
0.2
0.2
0.2
0.2
0.2
0.2
0.2
0.2
0.2
0.2
0.2
0.2
0.2
0.2
0.2
0.2
0.2
0.2
0.2
0.2
0.2
0.2
0.2
0.2
0.2
0.2
0.2
0.2
0.2
0.2
0.2
0.2
0.2
0.2
0.2
0.2
0.2
0.2
0.2
0.2
0.2
0.2
0.2
0.2
0.2
0.486352
0.477245
0.463363
0.444436
0.419564
0.388763
0.362478
0.336472
0.312063
0.321644
0.3087
0.29176
0.267576
0.236173
0.212185
0.202242
0.200074
0.200001
0.2
0.2
0.2
0.2
0.2
0.2
0.2
0.2
0.2
0.2
0.2
0.2
0.2
0.2
0.2
0.2
0.2
0.2
0.2
0.2
0.2
0.2
0.2
0.2
0.2
0.2
0.2
0.2
0.2
0.2
0.2
0.2
0.2
0.2
0.2
0.2
0.2
0.2
0.2
0.2
0.2
0.2
0.2
0.2
0.2
0.2
0.2
0.2
0.2
0.2
0.2
0.2
0.2
0.2
0.2
0.2
0.2
0.2
0.2
0.2
0.2
0.2
0.2
0.2
0.2
0.2
0.2
0.2
0.2
0.2
0.2
0.2
0.2
0.2
0.2
0.2
0.2
0.2
0.2
0.2
0.2
0.2
0.2
0.2
0.2
0.2
0.2
0.2
0.2
0.2
0.2
0.2
0.2
0.2
0.2
0.2
0.2
0.2
0.2
0.2
0.2
0.2
0.2
0.2
0.2
0.2
0.2
0.2
0.2
0.2
0.2
0.2
0.2
0.2
0.2
0.2
0.2
0.2
0.2
0.2
0.2
0.2
0.2
0.2
0.2
0.2
0.2
0.2
0.2
0.2
0.2
0.2
0.484689
0.475452
0.461185
0.44143
0.415802
0.386037
0.284604
0.205409
0.206814
0.213688
0.222305
0.224707
0.214829
0.204354
0.200795
0.200064
0.200001
0.2
0.2
0.2
0.2
0.2
0.2
0.2
0.2
0.2
0.2
0.2
0.2
0.2
0.2
0.2
0.2
0.2
0.2
0.2
0.2
0.2
0.2
0.2
0.2
0.2
0.2
0.2
0.2
0.2
0.2
0.2
0.2
0.2
0.2
0.2
0.2
0.2
0.2
0.2
0.2
0.2
0.2
0.2
0.2
0.2
0.2
0.2
0.2
0.2
0.2
0.2
0.2
0.2
0.2
0.2
0.2
0.2
0.2
0.2
0.2
0.2
0.2
0.2
0.2
0.2
0.2
0.2
0.2
0.2
0.2
0.2
0.2
0.2
0.2
0.2
0.2
0.2
0.2
0.2
0.2
0.2
0.2
0.2
0.2
0.2
0.2
0.2
0.2
0.2
0.2
0.2
0.2
0.2
0.2
0.2
0.2
0.2
0.2
0.2
0.2
0.2
0.2
0.2
0.2
0.2
0.2
0.2
0.2
0.2
0.2
0.2
0.2
0.2
0.2
0.2
0.2
0.2
0.2
0.2
0.2
0.2
0.2
0.2
0.2
0.2
0.2
0.2
0.2
0.2
0.2
0.2
0.2
0.2
0.483139
0.474142
0.46031
0.441201
0.416469
0.387575
0.329949
0.200193
0.200055
0.200004
0.200177
0.201349
0.201885
0.200063
0.200004
0.2
0.2
0.2
0.2
0.2
0.2
0.2
0.2
0.2
0.2
0.2
0.2
0.2
0.2
0.2
0.2
0.2
0.2
0.2
0.2
0.2
0.2
0.2
0.2
0.2
0.2
0.2
0.2
0.2
0.2
0.2
0.2
0.2
0.2
0.2
0.2
0.2
0.2
0.2
0.2
0.2
0.2
0.2
0.2
0.2
0.2
0.2
0.2
0.2
0.2
0.2
0.2
0.2
0.2
0.2
0.2
0.2
0.2
0.2
0.2
0.2
0.2
0.2
0.2
0.2
0.2
0.2
0.2
0.2
0.2
0.2
0.2
0.2
0.2
0.2
0.2
0.2
0.2
0.2
0.2
0.2
0.2
0.2
0.2
0.2
0.2
0.2
0.2
0.2
0.2
0.2
0.2
0.2
0.2
0.2
0.2
0.2
0.2
0.2
0.2
0.2
0.2
0.2
0.2
0.2
0.2
0.2
0.2
0.2
0.2
0.2
0.2
0.2
0.2
0.2
0.2
0.2
0.2
0.2
0.2
0.2
0.2
0.2
0.2
0.2
0.2
0.2
0.2
0.2
0.2
0.2
0.2
0.2
0.2
0.2
0.481582
0.473009
0.460016
0.442312
0.419878
0.394371
0.384803
0.38089
0.2
0.2
0.200001
0.200011
0.200013
0.2
0.2
0.2
0.2
0.2
0.2
0.2
0.2
0.2
0.2
0.2
0.2
0.2
0.2
0.2
0.2
0.2
0.2
0.2
0.2
0.2
0.2
0.2
0.2
0.2
0.2
0.2
0.2
0.2
0.2
0.2
0.2
0.2
0.2
0.2
0.2
0.2
0.2
0.2
0.2
0.2
0.2
0.2
0.2
0.2
0.2
0.2
0.2
0.2
0.2
0.2
0.2
0.2
0.2
0.2
0.2
0.2
0.2
0.2
0.2
0.2
0.2
0.2
0.2
0.2
0.2
0.2
0.2
0.2
0.2
0.2
0.2
0.2
0.2
0.2
0.2
0.2
0.2
0.2
0.2
0.2
0.2
0.2
0.2
0.2
0.2
0.2
0.2
0.2
0.2
0.2
0.2
0.2
0.2
0.2
0.2
0.2
0.2
0.2
0.2
0.2
0.2
0.2
0.2
0.2
0.2
0.2
0.2
0.2
0.2
0.2
0.2
0.2
0.2
0.2
0.2
0.2
0.2
0.2
0.2
0.2
0.2
0.2
0.2
0.2
0.2
0.2
0.2
0.2
0.2
0.2
0.2
0.2
0.2
0.2
0.2
0.2
0.479981
0.471946
0.460005
0.444019
0.42424
0.4026
0.39247
0.384792
0.359336
0.2
0.2
0.2
0.2
0.2
0.2
0.2
0.2
0.2
0.2
0.2
0.2
0.2
0.2
0.2
0.2
0.2
0.2
0.2
0.2
0.2
0.2
0.2
0.2
0.2
0.2
0.2
0.2
0.2
0.2
0.2
0.2
0.2
0.2
0.2
0.2
0.2
0.2
0.2
0.2
0.2
0.2
0.2
0.2
0.2
0.2
0.2
0.2
0.2
0.2
0.2
0.2
0.2
0.2
0.2
0.2
0.2
0.2
0.2
0.2
0.2
0.2
0.2
0.2
0.2
0.2
0.2
0.2
0.2
0.2
0.2
0.2
0.2
0.2
0.2
0.2
0.2
0.2
0.2
0.2
0.2
0.2
0.2
0.2
0.2
0.2
0.2
0.2
0.2
0.2
0.2
0.2
0.2
0.2
0.2
0.2
0.2
0.2
0.2
0.2
0.2
0.2
0.2
0.2
0.2
0.2
0.2
0.2
0.2
0.2
0.2
0.2
0.2
0.2
0.2
0.2
0.2
0.2
0.2
0.2
0.2
0.2
0.2
0.2
0.2
0.2
0.2
0.2
0.2
0.2
0.2
0.2
0.2
0.2
0.2
0.2
0.2
0.2
0.2
0.2
0.2
0.478302
0.470857
0.460035
0.445804
0.428545
0.409969
0.398463
0.389295
0.385104
0.381809
0.290679
0.2
0.2
0.2
0.2
0.2
0.2
0.2
0.2
0.2
0.2
0.2
0.2
0.2
0.2
0.2
0.2
0.2
0.2
0.2
0.2
0.2
0.2
0.2
0.2
0.2
0.2
0.2
0.2
0.2
0.2
0.2
0.2
0.2
0.2
0.2
0.2
0.2
0.2
0.2
0.2
0.2
0.2
0.2
0.2
0.2
0.2
0.2
0.2
0.2
0.2
0.2
0.2
0.2
0.2
0.2
0.2
0.2
0.2
0.2
0.2
0.2
0.2
0.2
0.2
0.2
0.2
0.2
0.2
0.2
0.2
0.2
0.2
0.2
0.2
0.2
0.2
0.2
0.2
0.2
0.2
0.2
0.2
0.2
0.2
0.2
0.2
0.2
0.2
0.2
0.2
0.2
0.2
0.2
0.2
0.2
0.2
0.2
0.2
0.2
0.2
0.2
0.2
0.2
0.2
0.2
0.2
0.2
0.2
0.2
0.2
0.2
0.2
0.2
0.2
0.2
0.2
0.2
0.2
0.2
0.2
0.2
0.2
0.2
0.2
0.2
0.2
0.2
0.2
0.2
0.2
0.2
0.2
0.2
0.2
0.2
0.2
0.2
0.2
0.2
0.476519
0.469673
0.459944
0.447364
0.432342
0.416253
0.404407
0.395053
0.389751
0.384861
0.379524
0.376206
0.370304
0.272553
0.204435
0.2001
0.200001
0.2
0.2
0.2
0.2
0.2
0.2
0.2
0.2
0.2
0.2
0.2
0.2
0.2
0.2
0.2
0.2
0.2
0.2
0.2
0.2
0.2
0.2
0.2
0.2
0.2
0.2
0.2
0.2
0.2
0.2
0.2
0.2
0.2
0.2
0.2
0.2
0.2
0.2
0.2
0.2
0.2
0.2
0.2
0.2
0.2
0.2
0.2
0.2
0.2
0.2
0.2
0.2
0.2
0.2
0.2
0.2
0.2
0.2
0.2
0.2
0.2
0.2
0.2
0.2
0.2
0.2
0.2
0.2
0.2
0.2
0.2
0.2
0.2
0.2
0.2
0.2
0.2
0.2
0.2
0.2
0.2
0.2
0.2
0.2
0.2
0.2
0.2
0.2
0.2
0.2
0.2
0.2
0.2
0.2
0.2
0.2
0.2
0.2
0.2
0.2
0.2
0.2
0.2
0.2
0.2
0.2
0.2
0.2
0.2
0.2
0.2
0.2
0.2
0.2
0.2
0.2
0.2
0.2
0.2
0.2
0.2
0.2
0.2
0.2
0.2
0.2
0.2
0.2
0.2
0.2
0.2
0.2
0.2
0.47461
0.468344
0.459635
0.448548
0.435462
0.421443
0.409923
0.4006
0.394172
0.388732
0.384123
0.379536
0.373246
0.361213
0.200084
0.200002
0.2
0.2
0.2
0.2
0.2
0.2
0.2
0.2
0.2
0.2
0.2
0.2
0.2
0.2
0.2
0.2
0.2
0.2
0.2
0.2
0.2
0.2
0.2
0.2
0.2
0.2
0.2
0.2
0.2
0.2
0.2
0.2
0.2
0.2
0.2
0.2
0.2
0.2
0.2
0.2
0.2
0.2
0.2
0.2
0.2
0.2
0.2
0.2
0.2
0.2
0.2
0.2
0.2
0.2
0.2
0.2
0.2
0.2
0.2
0.2
0.2
0.2
0.2
0.2
0.2
0.2
0.2
0.2
0.2
0.2
0.2
0.2
0.2
0.2
0.2
0.2
0.2
0.2
0.2
0.2
0.2
0.2
0.2
0.2
0.2
0.2
0.2
0.2
0.2
0.2
0.2
0.2
0.2
0.2
0.2
0.2
0.2
0.2
0.2
0.2
0.2
0.2
0.2
0.2
0.2
0.2
0.2
0.2
0.2
0.2
0.2
0.2
0.2
0.2
0.2
0.2
0.2
0.2
0.2
0.2
0.2
0.2
0.2
0.2
0.2
0.2
0.2
0.2
0.2
0.2
0.2
0.2
0.2
0.2
0.472554
0.466836
0.459056
0.44929
0.437864
0.425592
0.414727
0.405561
0.398459
0.392507
0.387377
0.382274
0.376084
0.365944
0.201537
0.200002
0.2
0.2
0.2
0.2
0.2
0.2
0.2
0.2
0.2
0.2
0.2
0.2
0.2
0.2
0.2
0.2
0.2
0.2
0.2
0.2
0.2
0.2
0.2
0.2
0.2
0.2
0.2
0.2
0.2
0.2
0.2
0.2
0.2
0.2
0.2
0.2
0.2
0.2
0.2
0.2
0.2
0.2
0.2
0.2
0.2
0.2
0.2
0.2
0.2
0.2
0.2
0.2
0.2
0.2
0.2
0.2
0.2
0.2
0.2
0.2
0.2
0.2
0.2
0.2
0.2
0.2
0.2
0.2
0.2
0.2
0.2
0.2
0.2
0.2
0.2
0.2
0.2
0.2
0.2
0.2
0.2
0.2
0.2
0.2
0.2
0.2
0.2
0.2
0.2
0.2
0.2
0.2
0.2
0.2
0.2
0.2
0.2
0.2
0.2
0.2
0.2
0.2
0.2
0.2
0.2
0.2
0.2
0.2
0.2
0.2
0.2
0.2
0.2
0.2
0.2
0.2
0.2
0.2
0.2
0.2
0.2
0.2
0.2
0.2
0.2
0.2
0.2
0.2
0.2
0.2
0.2
0.2
0.2
0.2
0.470333
0.465128
0.458183
0.449573
0.439571
0.428787
0.418725
0.409861
0.402463
0.396114
0.390497
0.385063
0.379057
0.370484
0.36827
0.364594
0.277296
0.212431
0.200866
0.200041
0.204002
0.211111
0.201161
0.200007
0.2
0.2
0.2
0.2
0.2
0.2
0.2
0.200002
0.200004
0.2
0.2
0.2
0.2
0.2
0.2
0.2
0.2
0.2
0.2
0.2
0.2
0.2
0.2
0.2
0.2
0.2
0.2
0.2
0.2
0.2
0.2
0.2
0.2
0.2
0.2
0.2
0.2
0.2
0.2
0.2
0.2
0.2
0.2
0.2
0.2
0.2
0.2
0.2
0.2
0.2
0.2
0.2
0.2
0.2
0.2
0.2
0.2
0.2
0.2
0.2
0.2
0.2
0.2
0.2
0.2
0.2
0.2
0.2
0.2
0.2
0.2
0.2
0.2
0.2
0.2
0.2
0.2
0.2
0.2
0.2
0.2
0.2
0.2
0.2
0.2
0.2
0.2
0.2
0.2
0.2
0.2
0.2
0.2
0.2
0.2
0.2
0.2
0.2
0.2
0.2
0.2
0.2
0.2
0.2
0.2
0.2
0.2
0.2
0.2
0.2
0.2
0.2
0.2
0.2
0.2
0.2
0.2
0.2
0.2
0.2
0.2
0.2
0.2
0.2
0.2
0.2
0.467929
0.463198
0.457
0.449404
0.440628
0.43113
0.421923
0.413494
0.406088
0.399544
0.393645
0.388056
0.382345
0.375594
0.371591
0.367218
0.363842
0.36054
0.357269
0.354068
0.350684
0.346696
0.335794
0.325743
0.208728
0.200011
0.2
0.2
0.2
0.2
0.200019
0.200894
0.201606
0.200211
0.200022
0.2
0.2
0.2
0.2
0.2
0.2
0.2
0.2
0.2
0.2
0.2
0.2
0.2
0.2
0.2
0.2
0.2
0.2
0.2
0.2
0.2
0.2
0.2
0.2
0.2
0.2
0.2
0.2
0.2
0.2
0.2
0.2
0.2
0.2
0.2
0.2
0.2
0.2
0.2
0.2
0.2
0.2
0.2
0.2
0.2
0.2
0.2
0.2
0.2
0.2
0.2
0.2
0.2
0.2
0.2
0.2
0.2
0.2
0.2
0.2
0.2
0.2
0.2
0.2
0.2
0.2
0.2
0.2
0.2
0.2
0.2
0.2
0.2
0.2
0.2
0.2
0.2
0.2
0.2
0.2
0.2
0.2
0.2
0.2
0.2
0.2
0.2
0.2
0.2
0.2
0.2
0.2
0.2
0.2
0.2
0.2
0.2
0.2
0.2
0.2
0.2
0.2
0.2
0.2
0.2
0.2
0.2
0.2
0.2
0.2
0.2
0.2
0.2
0.2
0.2
0.465324
0.461031
0.455501
0.448794
0.441082
0.432708
0.42436
0.416469
0.409268
0.402734
0.396752
0.391141
0.385678
0.379989
0.375396
0.371084
0.367857
0.364762
0.36156
0.358141
0.354381
0.350051
0.343354
0.333055
0.325041
0.247468
0.202469
0.200033
0.200933
0.207526
0.248493
0.227588
0.212145
0.203262
0.200682
0.200172
0.200007
0.2
0.200001
0.200005
0.200002
0.200001
0.2
0.2
0.2
0.2
0.2
0.2
0.2
0.2
0.2
0.2
0.2
0.2
0.2
0.2
0.2
0.2
0.2
0.2
0.2
0.2
0.2
0.2
0.2
0.2
0.2
0.2
0.2
0.2
0.2
0.2
0.2
0.2
0.2
0.2
0.2
0.2
0.2
0.2
0.2
0.2
0.2
0.2
0.2
0.2
0.2
0.2
0.2
0.2
0.2
0.2
0.2
0.2
0.2
0.2
0.2
0.2
0.2
0.2
0.2
0.2
0.2
0.2
0.2
0.2
0.2
0.2
0.2
0.2
0.2
0.2
0.2
0.2
0.2
0.2
0.2
0.2
0.2
0.2
0.2
0.2
0.2
0.2
0.2
0.2
0.2
0.2
0.2
0.2
0.2
0.2
0.2
0.2
0.2
0.2
0.2
0.2
0.2
0.2
0.2
0.2
0.2
0.2
0.2
0.2
0.2
0.2
0.2
0.2
0.462494
0.458607
0.453676
0.447752
0.440971
0.433587
0.426074
0.418788
0.411942
0.405585
0.399682
0.394149
0.38888
0.383727
0.379101
0.374866
0.37126
0.367879
0.364489
0.36095
0.357138
0.35289
0.347575
0.339888
0.331275
0.324008
0.318566
0.312941
0.306184
0.297873
0.287119
0.265152
0.237506
0.215177
0.204693
0.201353
0.200534
0.200202
0.200075
0.200028
0.200008
0.200002
0.200001
0.2
0.2
0.2
0.2
0.2
0.2
0.2
0.2
0.2
0.2
0.2
0.2
0.2
0.2
0.2
0.2
0.2
0.2
0.2
0.2
0.2
0.2
0.2
0.2
0.2
0.2
0.2
0.2
0.2
0.2
0.2
0.2
0.2
0.2
0.2
0.2
0.2
0.2
0.2
0.2
0.2
0.2
0.2
0.2
0.2
0.2
0.2
0.2
0.2
0.2
0.2
0.2
0.2
0.2
0.2
0.2
0.2
0.2
0.2
0.2
0.2
0.2
0.2
0.2
0.2
0.2
0.2
0.2
0.2
0.2
0.2
0.2
0.2
0.2
0.2
0.2
0.2
0.2
0.2
0.2
0.2
0.2
0.2
0.2
0.2
0.2
0.2
0.2
0.2
0.2
0.2
0.2
0.2
0.2
0.2
0.2
0.2
0.2
0.2
0.2
0.2
0.2
0.2
0.2
0.2
0.2
0.2
0.459416
0.455904
0.451512
0.446281
0.440319
0.433814
0.427095
0.420444
0.414049
0.407993
0.402289
0.396913
0.391823
0.38696
0.382435
0.37824
0.374416
0.370794
0.367213
0.363555
0.359718
0.355596
0.350961
0.345277
0.338769
0.333452
0.328359
0.322796
0.316075
0.307034
0.293585
0.271722
0.243716
0.21974
0.20707
0.20234
0.200813
0.200281
0.200095
0.200031
0.200009
0.200002
0.200001
0.2
0.2
0.2
0.2
0.2
0.2
0.2
0.2
0.2
0.2
0.2
0.2
0.2
0.2
0.2
0.2
0.2
0.2
0.2
0.2
0.2
0.2
0.2
0.2
0.2
0.2
0.2
0.2
0.2
0.2
0.2
0.2
0.2
0.2
0.2
0.2
0.2
0.2
0.2
0.2
0.2
0.2
0.2
0.2
0.2
0.2
0.2
0.2
0.2
0.2
0.2
0.2
0.2
0.2
0.2
0.2
0.2
0.2
0.2
0.2
0.2
0.2
0.2
0.2
0.2
0.2
0.2
0.2
0.2
0.2
0.2
0.2
0.2
0.2
0.2
0.2
0.2
0.2
0.2
0.2
0.2
0.2
0.2
0.2
0.2
0.2
0.2
0.2
0.2
0.2
0.2
0.2
0.2
0.2
0.2
0.2
0.2
0.2
0.2
0.2
0.2
0.2
0.2
0.2
0.2
0.2
0.2
0.456057
0.452893
0.448986
0.444374
0.439135
0.433412
0.427436
0.421423
0.415533
0.409859
0.404441
0.399287
0.394388
0.389724
0.385317
0.381163
0.37725
0.37349
0.369786
0.36605
0.362208
0.358193
0.353919
0.349227
0.344147
0.33923
0.334144
0.328353
0.321038
0.310668
0.294885
0.271085
0.2421
0.218694
0.206697
0.202196
0.200709
0.200225
0.20007
0.200021
0.200006
0.200002
0.2
0.2
0.2
0.2
0.2
0.2
0.2
0.2
0.2
0.2
0.2
0.2
0.2
0.2
0.2
0.2
0.2
0.2
0.2
0.2
0.2
0.2
0.2
0.2
0.2
0.2
0.2
0.2
0.2
0.2
0.2
0.2
0.2
0.2
0.2
0.2
0.2
0.2
0.2
0.2
0.2
0.2
0.2
0.2
0.2
0.2
0.2
0.2
0.2
0.2
0.2
0.2
0.2
0.2
0.2
0.2
0.2
0.2
0.2
0.2
0.2
0.2
0.2
0.2
0.2
0.2
0.2
0.2
0.2
0.2
0.2
0.2
0.2
0.2
0.2
0.2
0.2
0.2
0.2
0.2
0.2
0.2
0.2
0.2
0.2
0.2
0.2
0.2
0.2
0.2
0.2
0.2
0.2
0.2
0.2
0.2
0.2
0.2
0.2
0.2
0.2
0.2
0.2
0.2
0.2
0.2
0.2
0.2
0.452375
0.449535
0.446069
0.442007
0.43741
0.432384
0.427094
0.421701
0.416338
0.411093
0.406017
0.401136
0.396456
0.391975
0.387695
0.383604
0.379679
0.375868
0.372108
0.368338
0.364506
0.360564
0.356465
0.35215
0.347581
0.342765
0.337402
0.330876
0.322088
0.309152
0.289472
0.26204
0.23312
0.213385
0.204515
0.201414
0.200431
0.200129
0.200038
0.200011
0.200003
0.200001
0.2
0.2
0.2
0.2
0.2
0.2
0.2
0.2
0.2
0.2
0.2
0.2
0.2
0.2
0.2
0.2
0.2
0.2
0.2
0.2
0.2
0.2
0.2
0.2
0.2
0.2
0.2
0.2
0.2
0.2
0.2
0.2
0.2
0.2
0.2
0.2
0.2
0.2
0.2
0.2
0.2
0.2
0.2
0.2
0.2
0.2
0.2
0.2
0.2
0.2
0.2
0.2
0.2
0.2
0.2
0.2
0.2
0.2
0.2
0.2
0.2
0.2
0.2
0.2
0.2
0.2
0.2
0.2
0.2
0.2
0.2
0.2
0.2
0.2
0.2
0.2
0.2
0.2
0.2
0.2
0.2
0.2
0.2
0.2
0.2
0.2
0.2
0.2
0.2
0.2
0.2
0.2
0.2
0.2
0.2
0.2
0.2
0.2
0.2
0.2
0.2
0.2
0.2
0.2
0.2
0.2
0.2
0.2
0.448316
0.445777
0.442711
0.439139
0.435113
0.43071
0.426046
0.421241
0.416402
0.411606
0.406905
0.40233
0.397899
0.393616
0.389479
0.38548
0.381594
0.377787
0.374016
0.370237
0.366406
0.362477
0.358399
0.3541
0.349465
0.344282
0.338091
0.330039
0.318655
0.301683
0.27697
0.246759
0.221251
0.207576
0.202376
0.200709
0.200207
0.200059
0.200017
0.200005
0.200001
0.2
0.2
0.2
0.2
0.2
0.2
0.2
0.2
0.2
0.2
0.2
0.2
0.2
0.2
0.2
0.2
0.2
0.2
0.2
0.2
0.2
0.2
0.2
0.2
0.2
0.2
0.2
0.2
0.2
0.2
0.2
0.2
0.2
0.2
0.2
0.2
0.2
0.2
0.2
0.2
0.2
0.2
0.2
0.2
0.2
0.2
0.2
0.2
0.2
0.2
0.2
0.2
0.2
0.2
0.2
0.2
0.2
0.2
0.2
0.2
0.2
0.2
0.2
0.2
0.2
0.2
0.2
0.2
0.2
0.2
0.2
0.2
0.2
0.2
0.2
0.2
0.2
0.2
0.2
0.2
0.2
0.2
0.2
0.2
0.2
0.2
0.2
0.2
0.2
0.2
0.2
0.2
0.2
0.2
0.2
0.2
0.2
0.2
0.2
0.2
0.2
0.2
0.2
0.2
0.2
0.2
0.2
0.2
0.2
0.443801
0.441542
0.438837
0.435705
0.432185
0.428335
0.424236
0.419978
0.415641
0.411291
0.406976
0.402726
0.398561
0.394491
0.390516
0.386626
0.382805
0.379024
0.375248
0.371439
0.367547
0.363512
0.359247
0.35462
0.349406
0.343206
0.335308
0.324481
0.308774
0.285875
0.256122
0.227728
0.21043
0.203323
0.200985
0.200283
0.20008
0.200022
0.200006
0.200002
0.2
0.2
0.2
0.2
0.2
0.2
0.2
0.2
0.2
0.2
0.2
0.2
0.2
0.2
0.2
0.2
0.2
0.2
0.2
0.2
0.2
0.2
0.2
0.2
0.2
0.2
0.2
0.2
0.2
0.2
0.2
0.2
0.2
0.2
0.2
0.2
0.2
0.2
0.2
0.2
0.2
0.2
0.2
0.2
0.2
0.2
0.2
0.2
0.2
0.2
0.2
0.2
0.2
0.2
0.2
0.2
0.2
0.2
0.2
0.2
0.2
0.2
0.2
0.2
0.2
0.2
0.2
0.2
0.2
0.2
0.2
0.2
0.2
0.2
0.2
0.2
0.2
0.2
0.2
0.2
0.2
0.2
0.2
0.2
0.2
0.2
0.2
0.2
0.2
0.2
0.2
0.2
0.2
0.2
0.2
0.2
0.2
0.2
0.2
0.2
0.2
0.2
0.2
0.2
0.2
0.2
0.2
0.2
0.2
0.2
0.43871
0.436709
0.43433
0.43159
0.428516
0.425152
0.421555
0.417791
0.41392
0.409993
0.406051
0.40212
0.398221
0.394361
0.390542
0.386755
0.382982
0.379196
0.375358
0.371419
0.367309
0.362928
0.358127
0.35267
0.346165
0.337953
0.326921
0.311306
0.288928
0.259671
0.230624
0.21189
0.203846
0.201143
0.200327
0.200092
0.200026
0.200007
0.200002
0.200001
0.2
0.2
0.2
0.2
0.2
0.2
0.2
0.2
0.2
0.2
0.2
0.2
0.2
0.2
0.2
0.2
0.2
0.2
0.2
0.2
0.2
0.2
0.2
0.2
0.2
0.2
0.2
0.2
0.2
0.2
0.2
0.2
0.2
0.2
0.2
0.2
0.2
0.2
0.2
0.2
0.2
0.2
0.2
0.2
0.2
0.2
0.2
0.2
0.2
0.2
0.2
0.2
0.2
0.2
0.2
0.2
0.2
0.2
0.2
0.2
0.2
0.2
0.2
0.2
0.2
0.2
0.2
0.2
0.2
0.2
0.2
0.2
0.2
0.2
0.2
0.2
0.2
0.2
0.2
0.2
0.2
0.2
0.2
0.2
0.2
0.2
0.2
0.2
0.2
0.2
0.2
0.2
0.2
0.2
0.2
0.2
0.2
0.2
0.2
0.2
0.2
0.2
0.2
0.2
0.2
0.2
0.2
0.2
0.2
0.2
0.432854
0.431088
0.428999
0.4266
0.423912
0.420965
0.417802
0.414468
0.411005
0.407452
0.40384
0.400191
0.396518
0.392827
0.389113
0.385364
0.381554
0.377645
0.373582
0.369287
0.364645
0.359487
0.353555
0.346434
0.337454
0.325521
0.308959
0.285884
0.256783
0.228901
0.211259
0.203677
0.201102
0.200318
0.20009
0.200025
0.200007
0.200002
0.2
0.2
0.2
0.2
0.2
0.2
0.2
0.2
0.2
0.2
0.2
0.2
0.2
0.2
0.2
0.2
0.2
0.2
0.2
0.2
0.2
0.2
0.2
0.2
0.2
0.2
0.2
0.2
0.2
0.2
0.2
0.2
0.2
0.2
0.2
0.2
0.2
0.2
0.2
0.2
0.2
0.2
0.2
0.2
0.2
0.2
0.2
0.2
0.2
0.2
0.2
0.2
0.2
0.2
0.2
0.2
0.2
0.2
0.2
0.2
0.2
0.2
0.2
0.2
0.2
0.2
0.2
0.2
0.2
0.2
0.2
0.2
0.2
0.2
0.2
0.2
0.2
0.2
0.2
0.2
0.2
0.2
0.2
0.2
0.2
0.2
0.2
0.2
0.2
0.2
0.2
0.2
0.2
0.2
0.2
0.2
0.2
0.2
0.2
0.2
0.2
0.2
0.2
0.2
0.2
0.2
0.2
0.2
0.2
0.2
0.2
0.2
0.425922
0.42436
0.422517
0.420403
0.418032
0.415425
0.412611
0.40962
0.40648
0.403218
0.399851
0.396395
0.392853
0.389221
0.385485
0.381618
0.377576
0.373296
0.368686
0.363612
0.357876
0.351178
0.343049
0.332748
0.319124
0.300596
0.275978
0.247499
0.223036
0.208815
0.2029
0.200884
0.200259
0.200074
0.200021
0.200006
0.200002
0.2
0.2
0.2
0.2
0.2
0.2
0.2
0.2
0.2
0.2
0.2
0.2
0.2
0.2
0.2
0.2
0.2
0.2
0.2
0.2
0.2
0.2
0.2
0.2
0.2
0.2
0.2
0.2
0.2
0.2
0.2
0.2
0.2
0.2
0.2
0.2
0.2
0.2
0.2
0.2
0.2
0.2
0.2
0.2
0.2
0.2
0.2
0.2
0.2
0.2
0.2
0.2
0.2
0.2
0.2
0.2
0.2
0.2
0.2
0.2
0.2
0.2
0.2
0.2
0.2
0.2
0.2
0.2
0.2
0.2
0.2
0.2
0.2
0.2
0.2
0.2
0.2
0.2
0.2
0.2
0.2
0.2
0.2
0.2
0.2
0.2
0.2
0.2
0.2
0.2
0.2
0.2
0.2
0.2
0.2
0.2
0.2
0.2
0.2
0.2
0.2
0.2
0.2
0.2
0.2
0.2
0.2
0.2
0.2
0.2
0.2
0.2
0.2
0.417396
0.415995
0.41434
0.412437
0.410296
0.40793
0.405354
0.402586
0.399642
0.396534
0.393269
0.389846
0.386255
0.382476
0.378474
0.374194
0.369557
0.364448
0.358701
0.352068
0.344175
0.334455
0.322051
0.305787
0.284544
0.258885
0.233506
0.215158
0.205682
0.201894
0.200591
0.200177
0.200052
0.200015
0.200004
0.200001
0.2
0.2
0.2
0.2
0.2
0.2
0.2
0.2
0.2
0.2
0.2
0.2
0.2
0.2
0.2
0.2
0.2
0.2
0.2
0.2
0.2
0.2
0.2
0.2
0.2
0.2
0.2
0.2
0.2
0.2
0.2
0.2
0.2
0.2
0.2
0.2
0.2
0.2
0.2
0.2
0.2
0.2
0.2
0.2
0.2
0.2
0.2
0.2
0.2
0.2
0.2
0.2
0.2
0.2
0.2
0.2
0.2
0.2
0.2
0.2
0.2
0.2
0.2
0.2
0.2
0.2
0.2
0.2
0.2
0.2
0.2
0.2
0.2
0.2
0.2
0.2
0.2
0.2
0.2
0.2
0.2
0.2
0.2
0.2
0.2
0.2
0.2
0.2
0.2
0.2
0.2
0.2
0.2
0.2
0.2
0.2
0.2
0.2
0.2
0.2
0.2
0.2
0.2
0.2
0.2
0.2
0.2
0.2
0.2
0.2
0.2
0.2
0.2
0.2
0.406428
0.40512
0.403569
0.401776
0.399747
0.397484
0.394993
0.392278
0.389341
0.386178
0.382778
0.379121
0.375172
0.37088
0.366171
0.360934
0.355016
0.348189
0.340122
0.330333
0.318138
0.302679
0.283254
0.260397
0.237329
0.219053
0.208123
0.203027
0.201033
0.200333
0.200103
0.200031
0.200009
0.200003
0.200001
0.2
0.2
0.2
0.2
0.2
0.2
0.2
0.2
0.2
0.2
0.2
0.2
0.2
0.2
0.2
0.2
0.2
0.2
0.2
0.2
0.2
0.2
0.2
0.2
0.2
0.2
0.2
0.2
0.2
0.2
0.2
0.2
0.2
0.2
0.2
0.2
0.2
0.2
0.2
0.2
0.2
0.2
0.2
0.2
0.2
0.2
0.2
0.2
0.2
0.2
0.2
0.2
0.2
0.2
0.2
0.2
0.2
0.2
0.2
0.2
0.2
0.2
0.2
0.2
0.2
0.2
0.2
0.2
0.2
0.2
0.2
0.2
0.2
0.2
0.2
0.2
0.2
0.2
0.2
0.2
0.2
0.2
0.2
0.2
0.2
0.2
0.2
0.2
0.2
0.2
0.2
0.2
0.2
0.2
0.2
0.2
0.2
0.2
0.2
0.2
0.2
0.2
0.2
0.2
0.2
0.2
0.2
0.2
0.2
0.2
0.2
0.2
0.2
0.2
0.2
0.391611
0.390289
0.388716
0.386888
0.384799
0.382442
0.379809
0.376888
0.37366
0.370097
0.366161
0.361795
0.356917
0.351415
0.345128
0.337836
0.329224
0.318876
0.306272
0.290916
0.272714
0.252702
0.233503
0.218295
0.208605
0.203572
0.201349
0.200475
0.200158
0.200051
0.200016
0.200005
0.200001
0.2
0.2
0.2
0.2
0.2
0.2
0.2
0.2
0.2
0.2
0.2
0.2
0.2
0.2
0.2
0.2
0.2
0.2
0.2
0.2
0.2
0.2
0.2
0.2
0.2
0.2
0.2
0.2
0.2
0.2
0.2
0.2
0.2
0.2
0.2
0.2
0.2
0.2
0.2
0.2
0.2
0.2
0.2
0.2
0.2
0.2
0.2
0.2
0.2
0.2
0.2
0.2
0.2
0.2
0.2
0.2
0.2
0.2
0.2
0.2
0.2
0.2
0.2
0.2
0.2
0.2
0.2
0.2
0.2
0.2
0.2
0.2
0.2
0.2
0.2
0.2
0.2
0.2
0.2
0.2
0.2
0.2
0.2
0.2
0.2
0.2
0.2
0.2
0.2
0.2
0.2
0.2
0.2
0.2
0.2
0.2
0.2
0.2
0.2
0.2
0.2
0.2
0.2
0.2
0.2
0.2
0.2
0.2
0.2
0.2
0.2
0.2
0.2
0.2
0.2
0.2
0.2
0.370516
0.369005
0.367209
0.365109
0.362685
0.359909
0.356752
0.353174
0.349123
0.34453
0.339302
0.333317
0.326412
0.318377
0.30896
0.297885
0.284947
0.270193
0.254209
0.238323
0.224347
0.21376
0.206931
0.203151
0.201313
0.200509
0.200185
0.200064
0.200021
0.200007
0.200002
0.200001
0.2
0.2
0.2
0.2
0.2
0.2
0.2
0.2
0.2
0.2
0.2
0.2
0.2
0.2
0.2
0.2
0.2
0.2
0.2
0.2
0.2
0.2
0.2
0.2
0.2
0.2
0.2
0.2
0.2
0.2
0.2
0.2
0.2
0.2
0.2
0.2
0.2
0.2
0.2
0.2
0.2
0.2
0.2
0.2
0.2
0.2
0.2
0.2
0.2
0.2
0.2
0.2
0.2
0.2
0.2
0.2
0.2
0.2
0.2
0.2
0.2
0.2
0.2
0.2
0.2
0.2
0.2
0.2
0.2
0.2
0.2
0.2
0.2
0.2
0.2
0.2
0.2
0.2
0.2
0.2
0.2
0.2
0.2
0.2
0.2
0.2
0.2
0.2
0.2
0.2
0.2
0.2
0.2
0.2
0.2
0.2
0.2
0.2
0.2
0.2
0.2
0.2
0.2
0.2
0.2
0.2
0.2
0.2
0.2
0.2
0.2
0.2
0.2
0.2
0.2
0.2
0.2
0.2
0.338815
0.336835
0.33449
0.331734
0.328519
0.324792
0.32049
0.31554
0.309853
0.303331
0.295867
0.287361
0.277759
0.267107
0.25563
0.243807
0.232378
0.222208
0.214016
0.208109
0.204307
0.20211
0.20096
0.200407
0.200162
0.200061
0.200022
0.200007
0.200002
0.200001
0.2
0.2
0.2
0.2
0.2
0.2
0.2
0.2
0.2
0.2
0.2
0.2
0.2
0.2
0.2
0.2
0.2
0.2
0.2
0.2
0.2
0.2
0.2
0.2
0.2
0.2
0.2
0.2
0.2
0.2
0.2
0.2
0.2
0.2
0.2
0.2
0.2
0.2
0.2
0.2
0.2
0.2
0.2
0.2
0.2
0.2
0.2
0.2
0.2
0.2
0.2
0.2
0.2
0.2
0.2
0.2
0.2
0.2
0.2
0.2
0.2
0.2
0.2
0.2
0.2
0.2
0.2
0.2
0.2
0.2
0.2
0.2
0.2
0.2
0.2
0.2
0.2
0.2
0.2
0.2
0.2
0.2
0.2
0.2
0.2
0.2
0.2
0.2
0.2
0.2
0.2
0.2
0.2
0.2
0.2
0.2
0.2
0.2
0.2
0.2
0.2
0.2
0.2
0.2
0.2
0.2
0.2
0.2
0.2
0.2
0.2
0.2
0.2
0.2
0.2
0.2
0.2
0.2
0.2
0.2
0.291229
0.288639
0.285596
0.282043
0.277937
0.273248
0.267958
0.262072
0.255626
0.248707
0.241464
0.234121
0.22697
0.220342
0.214549
0.209817
0.206225
0.203702
0.202064
0.201078
0.200529
0.200244
0.200106
0.200043
0.200017
0.200006
0.200002
0.200001
0.2
0.2
0.2
0.2
0.2
0.2
0.2
0.2
0.2
0.2
0.2
0.2
0.2
0.2
0.2
0.2
0.2
0.2
0.2
0.2
0.2
0.2
0.2
0.2
0.2
0.2
0.2
0.2
0.2
0.2
0.2
0.2
0.2
0.2
0.2
0.2
0.2
0.2
0.2
0.2
0.2
0.2
0.2
0.2
0.2
0.2
0.2
0.2
0.2
0.2
0.2
0.2
0.2
0.2
0.2
0.2
0.2
0.2
0.2
0.2
0.2
0.2
0.2
0.2
0.2
0.2
0.2
0.2
0.2
0.2
0.2
0.2
0.2
0.2
0.2
0.2
0.2
0.2
0.2
0.2
0.2
0.2
0.2
0.2
0.2
0.2
0.2
0.2
0.2
0.2
0.2
0.2
0.2
0.2
0.2
0.2
0.2
0.2
0.2
0.2
0.2
0.2
0.2
0.2
0.2
0.2
0.2
0.2
0.2
0.2
0.2
0.2
0.2
0.2
0.2
0.2
0.2
0.2
0.2
0.2
0.2
0.2
0.237051
0.235018
0.232683
0.230063
0.227196
0.224136
0.220959
0.217754
0.214622
0.211668
0.20899
0.206663
0.204735
0.203217
0.202083
0.201282
0.200749
0.200414
0.200217
0.200107
0.20005
0.200022
0.200009
0.200004
0.200001
0.2
0.2
0.2
0.2
0.2
0.2
0.2
0.2
0.2
0.2
0.2
0.2
0.2
0.2
0.2
0.2
0.2
0.2
0.2
0.2
0.2
0.2
0.2
0.2
0.2
0.2
0.2
0.2
0.2
0.2
0.2
0.2
0.2
0.2
0.2
0.2
0.2
0.2
0.2
0.2
0.2
0.2
0.2
0.2
0.2
0.2
0.2
0.2
0.2
0.2
0.2
0.2
0.2
0.2
0.2
0.2
0.2
0.2
0.2
0.2
0.2
0.2
0.2
0.2
0.2
0.2
0.2
0.2
0.2
0.2
0.2
0.2
0.2
0.2
0.2
0.2
0.2
0.2
0.2
0.2
0.2
0.2
0.2
0.2
0.2
0.2
0.2
0.2
0.2
0.2
0.2
0.2
0.2
0.2
0.2
0.2
0.2
0.2
0.2
0.2
0.2
0.2
0.2
0.2
0.2
0.2
0.2
0.2
0.2
0.2
0.2
0.2
0.2
0.2
0.2
0.2
0.2
0.2
0.2
0.2
0.2
0.2
0.2
0.2
0.2
0.207381
0.20679
0.206127
0.205414
0.204679
0.203946
0.203241
0.202587
0.202002
0.201499
0.201083
0.200753
0.200502
0.200321
0.200196
0.200114
0.200063
0.200033
0.200017
0.200008
0.200004
0.200002
0.200001
0.2
0.2
0.2
0.2
0.2
0.2
0.2
0.2
0.2
0.2
0.2
0.2
0.2
0.2
0.2
0.2
0.2
0.2
0.2
0.2
0.2
0.2
0.2
0.2
0.2
0.2
0.2
0.2
0.2
0.2
0.2
0.2
0.2
0.2
0.2
0.2
0.2
0.2
0.2
0.2
0.2
0.2
0.2
0.2
0.2
0.2
0.2
0.2
0.2
0.2
0.2
0.2
0.2
0.2
0.2
0.2
0.2
0.2
0.2
0.2
0.2
0.2
0.2
0.2
0.2
0.2
0.2
0.2
0.2
0.2
0.2
0.2
0.2
0.2
0.2
0.2
0.2
0.2
0.2
0.2
0.2
0.2
0.2
0.2
0.2
0.2
0.2
0.2
0.2
0.2
0.2
0.2
0.2
0.2
0.2
0.2
0.2
0.2
0.2
0.2
0.2
0.2
0.2
0.2
0.2
0.2
0.2
0.2
0.2
0.2
0.2
0.2
0.2
0.2
0.2
0.2
0.2
0.2
0.2
0.2
0.2
0.2
0.2
0.2
0.2
0.2
0.2
0.200746
0.200675
0.200596
0.200513
0.20043
0.200351
0.200278
0.200213
0.200158
0.200113
0.200078
0.200052
0.200033
0.20002
0.200012
0.200007
0.200003
0.200002
0.200001
0.2
0.2
0.2
0.2
0.2
0.2
0.2
0.2
0.2
0.2
0.2
0.2
0.2
0.2
0.2
0.2
0.2
0.2
0.2
0.2
0.2
0.2
0.2
0.2
0.2
0.2
0.2
0.2
0.2
0.2
0.2
0.2
0.2
0.2
0.2
0.2
0.2
0.2
0.2
0.2
0.2
0.2
0.2
0.2
0.2
0.2
0.2
0.2
0.2
0.2
0.2
0.2
0.2
0.2
0.2
0.2
0.2
0.2
0.2
0.2
0.2
0.2
0.2
0.2
0.2
0.2
0.2
0.2
0.2
0.2
0.2
0.2
0.2
0.2
0.2
0.2
0.2
0.2
0.2
0.2
0.2
0.2
0.2
0.2
0.2
0.2
0.2
0.2
0.2
0.2
0.2
0.2
0.2
0.2
0.2
0.2
0.2
0.2
0.2
0.2
0.2
0.2
0.2
0.2
0.2
0.2
0.2
0.2
0.2
0.2
0.2
0.2
0.2
0.2
0.2
0.2
0.2
0.2
0.2
0.2
0.2
0.2
0.2
0.2
0.2
0.2
0.2
0.2
0.2
0.2
0.2
0.200034
0.20003
0.200026
0.200022
0.200018
0.200014
0.200011
0.200008
0.200006
0.200004
0.200003
0.200002
0.200001
0.200001
0.2
0.2
0.2
0.2
0.2
0.2
0.2
0.2
0.2
0.2
0.2
0.2
0.2
0.2
0.2
0.2
0.2
0.2
0.2
0.2
0.2
0.2
0.2
0.2
0.2
0.2
0.2
0.2
0.2
0.2
0.2
0.2
0.2
0.2
0.2
0.2
0.2
0.2
0.2
0.2
0.2
0.2
0.2
0.2
0.2
0.2
0.2
0.2
0.2
0.2
0.2
0.2
0.2
0.2
0.2
0.2
0.2
0.2
0.2
0.2
0.2
0.2
0.2
0.2
0.2
0.2
0.2
0.2
0.2
0.2
0.2
0.2
0.2
0.2
0.2
0.2
0.2
0.2
0.2
0.2
0.2
0.2
0.2
0.2
0.2
0.2
0.2
0.2
0.2
0.2
0.2
0.2
0.2
0.2
0.2
0.2
0.2
0.2
0.2
0.2
0.2
0.2
0.2
0.2
0.2
0.2
0.2
0.2
0.2
0.2
0.2
0.2
0.2
0.2
0.2
0.2
0.2
0.2
0.2
0.2
0.2
0.2
0.2
0.2
0.2
0.2
0.2
0.2
0.2
0.2
0.2
0.2
0.2
0.2
0.2
0.2
)
;

boundaryField
{
    left
    {
        type            fixedValue;
        value           uniform 0;
    }
    right
    {
        type            fixedValue;
        value           uniform 0;
    }
    up
    {
        type            fixedValue;
        value           uniform 0;
    }
    down
    {
        type            fixedValue;
        value           uniform 0;
    }
    front
    {
        type            fixedValue;
        value           uniform 0;
    }
    back
    {
        type            fixedValue;
        value           uniform 0;
    }
}


// ************************************************************************* //
