/*--------------------------------*- C++ -*----------------------------------*\
| =========                 |                                                 |
| \\      /  F ield         | OpenFOAM: The Open Source CFD Toolbox           |
|  \\    /   O peration     | Version:  1.6                                   |
|   \\  /    A nd           | Web:      www.OpenFOAM.org                      |
|    \\/     M anipulation  |                                                 |
\*---------------------------------------------------------------------------*/
FoamFile
{
    version     2.0;
    format      ascii;
    class       vectorField;
    location    "constant/polyMesh";
    object      points;
}
// * * * * * * * * * * * * * * * * * * * * * * * * * * * * * * * * * * * * * //


1922
(
(0 0 -50)
(40 0 -50)
(80 0 -50)
(120 0 -50)
(160 0 -50)
(200 0 -50)
(240 0 -50)
(280 0 -50)
(320 0 -50)
(360 0 -50)
(400 0 -50)
(440 0 -50)
(480 0 -50)
(520 0 -50)
(560 0 -50)
(600 0 -50)
(640 0 -50)
(680 0 -50)
(720 0 -50)
(760 0 -50)
(800 0 -50)
(840 0 -50)
(880 0 -50)
(920 0 -50)
(960 0 -50)
(1000 0 -50)
(1040 0 -50)
(1080 0 -50)
(1120 0 -50)
(1160 0 -50)
(1200 0 -50)
(0 40 -50)
(40 40 -50)
(80 40 -50)
(120 40 -50)
(160 40 -50)
(200 40 -50)
(240 40 -50)
(280 40 -50)
(320 40 -50)
(360 40 -50)
(400 40 -50)
(440 40 -50)
(480 40 -50)
(520 40 -50)
(560 40 -50)
(600 40 -50)
(640 40 -50)
(680 40 -50)
(720 40 -50)
(760 40 -50)
(800 40 -50)
(840 40 -50)
(880 40 -50)
(920 40 -50)
(960 40 -50)
(1000 40 -50)
(1040 40 -50)
(1080 40 -50)
(1120 40 -50)
(1160 40 -50)
(1200 40 -50)
(0 80 -50)
(40 80 -50)
(80 80 -50)
(120 80 -50)
(160 80 -50)
(200 80 -50)
(240 80 -50)
(280 80 -50)
(320 80 -50)
(360 80 -50)
(400 80 -50)
(440 80 -50)
(480 80 -50)
(520 80 -50)
(560 80 -50)
(600 80 -50)
(640 80 -50)
(680 80 -50)
(720 80 -50)
(760 80 -50)
(800 80 -50)
(840 80 -50)
(880 80 -50)
(920 80 -50)
(960 80 -50)
(1000 80 -50)
(1040 80 -50)
(1080 80 -50)
(1120 80 -50)
(1160 80 -50)
(1200 80 -50)
(0 120 -50)
(40 120 -50)
(80 120 -50)
(120 120 -50)
(160 120 -50)
(200 120 -50)
(240 120 -50)
(280 120 -50)
(320 120 -50)
(360 120 -50)
(400 120 -50)
(440 120 -50)
(480 120 -50)
(520 120 -50)
(560 120 -50)
(600 120 -50)
(640 120 -50)
(680 120 -50)
(720 120 -50)
(760 120 -50)
(800 120 -50)
(840 120 -50)
(880 120 -50)
(920 120 -50)
(960 120 -50)
(1000 120 -50)
(1040 120 -50)
(1080 120 -50)
(1120 120 -50)
(1160 120 -50)
(1200 120 -50)
(0 160 -50)
(40 160 -50)
(80 160 -50)
(120 160 -50)
(160 160 -50)
(200 160 -50)
(240 160 -50)
(280 160 -50)
(320 160 -50)
(360 160 -50)
(400 160 -50)
(440 160 -50)
(480 160 -50)
(520 160 -50)
(560 160 -50)
(600 160 -50)
(640 160 -50)
(680 160 -50)
(720 160 -50)
(760 160 -50)
(800 160 -50)
(840 160 -50)
(880 160 -50)
(920 160 -50)
(960 160 -50)
(1000 160 -50)
(1040 160 -50)
(1080 160 -50)
(1120 160 -50)
(1160 160 -50)
(1200 160 -50)
(0 200 -50)
(40 200 -50)
(80 200 -50)
(120 200 -50)
(160 200 -50)
(200 200 -50)
(240 200 -50)
(280 200 -50)
(320 200 -50)
(360 200 -50)
(400 200 -50)
(440 200 -50)
(480 200 -50)
(520 200 -50)
(560 200 -50)
(600 200 -50)
(640 200 -50)
(680 200 -50)
(720 200 -50)
(760 200 -50)
(800 200 -50)
(840 200 -50)
(880 200 -50)
(920 200 -50)
(960 200 -50)
(1000 200 -50)
(1040 200 -50)
(1080 200 -50)
(1120 200 -50)
(1160 200 -50)
(1200 200 -50)
(0 240 -50)
(40 240 -50)
(80 240 -50)
(120 240 -50)
(160 240 -50)
(200 240 -50)
(240 240 -50)
(280 240 -50)
(320 240 -50)
(360 240 -50)
(400 240 -50)
(440 240 -50)
(480 240 -50)
(520 240 -50)
(560 240 -50)
(600 240 -50)
(640 240 -50)
(680 240 -50)
(720 240 -50)
(760 240 -50)
(800 240 -50)
(840 240 -50)
(880 240 -50)
(920 240 -50)
(960 240 -50)
(1000 240 -50)
(1040 240 -50)
(1080 240 -50)
(1120 240 -50)
(1160 240 -50)
(1200 240 -50)
(0 280 -50)
(40 280 -50)
(80 280 -50)
(120 280 -50)
(160 280 -50)
(200 280 -50)
(240 280 -50)
(280 280 -50)
(320 280 -50)
(360 280 -50)
(400 280 -50)
(440 280 -50)
(480 280 -50)
(520 280 -50)
(560 280 -50)
(600 280 -50)
(640 280 -50)
(680 280 -50)
(720 280 -50)
(760 280 -50)
(800 280 -50)
(840 280 -50)
(880 280 -50)
(920 280 -50)
(960 280 -50)
(1000 280 -50)
(1040 280 -50)
(1080 280 -50)
(1120 280 -50)
(1160 280 -50)
(1200 280 -50)
(0 320 -50)
(40 320 -50)
(80 320 -50)
(120 320 -50)
(160 320 -50)
(200 320 -50)
(240 320 -50)
(280 320 -50)
(320 320 -50)
(360 320 -50)
(400 320 -50)
(440 320 -50)
(480 320 -50)
(520 320 -50)
(560 320 -50)
(600 320 -50)
(640 320 -50)
(680 320 -50)
(720 320 -50)
(760 320 -50)
(800 320 -50)
(840 320 -50)
(880 320 -50)
(920 320 -50)
(960 320 -50)
(1000 320 -50)
(1040 320 -50)
(1080 320 -50)
(1120 320 -50)
(1160 320 -50)
(1200 320 -50)
(0 360 -50)
(40 360 -50)
(80 360 -50)
(120 360 -50)
(160 360 -50)
(200 360 -50)
(240 360 -50)
(280 360 -50)
(320 360 -50)
(360 360 -50)
(400 360 -50)
(440 360 -50)
(480 360 -50)
(520 360 -50)
(560 360 -50)
(600 360 -50)
(640 360 -50)
(680 360 -50)
(720 360 -50)
(760 360 -50)
(800 360 -50)
(840 360 -50)
(880 360 -50)
(920 360 -50)
(960 360 -50)
(1000 360 -50)
(1040 360 -50)
(1080 360 -50)
(1120 360 -50)
(1160 360 -50)
(1200 360 -50)
(0 400 -50)
(40 400 -50)
(80 400 -50)
(120 400 -50)
(160 400 -50)
(200 400 -50)
(240 400 -50)
(280 400 -50)
(320 400 -50)
(360 400 -50)
(400 400 -50)
(440 400 -50)
(480 400 -50)
(520 400 -50)
(560 400 -50)
(600 400 -50)
(640 400 -50)
(680 400 -50)
(720 400 -50)
(760 400 -50)
(800 400 -50)
(840 400 -50)
(880 400 -50)
(920 400 -50)
(960 400 -50)
(1000 400 -50)
(1040 400 -50)
(1080 400 -50)
(1120 400 -50)
(1160 400 -50)
(1200 400 -50)
(0 440 -50)
(40 440 -50)
(80 440 -50)
(120 440 -50)
(160 440 -50)
(200 440 -50)
(240 440 -50)
(280 440 -50)
(320 440 -50)
(360 440 -50)
(400 440 -50)
(440 440 -50)
(480 440 -50)
(520 440 -50)
(560 440 -50)
(600 440 -50)
(640 440 -50)
(680 440 -50)
(720 440 -50)
(760 440 -50)
(800 440 -50)
(840 440 -50)
(880 440 -50)
(920 440 -50)
(960 440 -50)
(1000 440 -50)
(1040 440 -50)
(1080 440 -50)
(1120 440 -50)
(1160 440 -50)
(1200 440 -50)
(0 480 -50)
(40 480 -50)
(80 480 -50)
(120 480 -50)
(160 480 -50)
(200 480 -50)
(240 480 -50)
(280 480 -50)
(320 480 -50)
(360 480 -50)
(400 480 -50)
(440 480 -50)
(480 480 -50)
(520 480 -50)
(560 480 -50)
(600 480 -50)
(640 480 -50)
(680 480 -50)
(720 480 -50)
(760 480 -50)
(800 480 -50)
(840 480 -50)
(880 480 -50)
(920 480 -50)
(960 480 -50)
(1000 480 -50)
(1040 480 -50)
(1080 480 -50)
(1120 480 -50)
(1160 480 -50)
(1200 480 -50)
(0 520 -50)
(40 520 -50)
(80 520 -50)
(120 520 -50)
(160 520 -50)
(200 520 -50)
(240 520 -50)
(280 520 -50)
(320 520 -50)
(360 520 -50)
(400 520 -50)
(440 520 -50)
(480 520 -50)
(520 520 -50)
(560 520 -50)
(600 520 -50)
(640 520 -50)
(680 520 -50)
(720 520 -50)
(760 520 -50)
(800 520 -50)
(840 520 -50)
(880 520 -50)
(920 520 -50)
(960 520 -50)
(1000 520 -50)
(1040 520 -50)
(1080 520 -50)
(1120 520 -50)
(1160 520 -50)
(1200 520 -50)
(0 560 -50)
(40 560 -50)
(80 560 -50)
(120 560 -50)
(160 560 -50)
(200 560 -50)
(240 560 -50)
(280 560 -50)
(320 560 -50)
(360 560 -50)
(400 560 -50)
(440 560 -50)
(480 560 -50)
(520 560 -50)
(560 560 -50)
(600 560 -50)
(640 560 -50)
(680 560 -50)
(720 560 -50)
(760 560 -50)
(800 560 -50)
(840 560 -50)
(880 560 -50)
(920 560 -50)
(960 560 -50)
(1000 560 -50)
(1040 560 -50)
(1080 560 -50)
(1120 560 -50)
(1160 560 -50)
(1200 560 -50)
(0 600 -50)
(40 600 -50)
(80 600 -50)
(120 600 -50)
(160 600 -50)
(200 600 -50)
(240 600 -50)
(280 600 -50)
(320 600 -50)
(360 600 -50)
(400 600 -50)
(440 600 -50)
(480 600 -50)
(520 600 -50)
(560 600 -50)
(600 600 -50)
(640 600 -50)
(680 600 -50)
(720 600 -50)
(760 600 -50)
(800 600 -50)
(840 600 -50)
(880 600 -50)
(920 600 -50)
(960 600 -50)
(1000 600 -50)
(1040 600 -50)
(1080 600 -50)
(1120 600 -50)
(1160 600 -50)
(1200 600 -50)
(0 640 -50)
(40 640 -50)
(80 640 -50)
(120 640 -50)
(160 640 -50)
(200 640 -50)
(240 640 -50)
(280 640 -50)
(320 640 -50)
(360 640 -50)
(400 640 -50)
(440 640 -50)
(480 640 -50)
(520 640 -50)
(560 640 -50)
(600 640 -50)
(640 640 -50)
(680 640 -50)
(720 640 -50)
(760 640 -50)
(800 640 -50)
(840 640 -50)
(880 640 -50)
(920 640 -50)
(960 640 -50)
(1000 640 -50)
(1040 640 -50)
(1080 640 -50)
(1120 640 -50)
(1160 640 -50)
(1200 640 -50)
(0 680 -50)
(40 680 -50)
(80 680 -50)
(120 680 -50)
(160 680 -50)
(200 680 -50)
(240 680 -50)
(280 680 -50)
(320 680 -50)
(360 680 -50)
(400 680 -50)
(440 680 -50)
(480 680 -50)
(520 680 -50)
(560 680 -50)
(600 680 -50)
(640 680 -50)
(680 680 -50)
(720 680 -50)
(760 680 -50)
(800 680 -50)
(840 680 -50)
(880 680 -50)
(920 680 -50)
(960 680 -50)
(1000 680 -50)
(1040 680 -50)
(1080 680 -50)
(1120 680 -50)
(1160 680 -50)
(1200 680 -50)
(0 720 -50)
(40 720 -50)
(80 720 -50)
(120 720 -50)
(160 720 -50)
(200 720 -50)
(240 720 -50)
(280 720 -50)
(320 720 -50)
(360 720 -50)
(400 720 -50)
(440 720 -50)
(480 720 -50)
(520 720 -50)
(560 720 -50)
(600 720 -50)
(640 720 -50)
(680 720 -50)
(720 720 -50)
(760 720 -50)
(800 720 -50)
(840 720 -50)
(880 720 -50)
(920 720 -50)
(960 720 -50)
(1000 720 -50)
(1040 720 -50)
(1080 720 -50)
(1120 720 -50)
(1160 720 -50)
(1200 720 -50)
(0 760 -50)
(40 760 -50)
(80 760 -50)
(120 760 -50)
(160 760 -50)
(200 760 -50)
(240 760 -50)
(280 760 -50)
(320 760 -50)
(360 760 -50)
(400 760 -50)
(440 760 -50)
(480 760 -50)
(520 760 -50)
(560 760 -50)
(600 760 -50)
(640 760 -50)
(680 760 -50)
(720 760 -50)
(760 760 -50)
(800 760 -50)
(840 760 -50)
(880 760 -50)
(920 760 -50)
(960 760 -50)
(1000 760 -50)
(1040 760 -50)
(1080 760 -50)
(1120 760 -50)
(1160 760 -50)
(1200 760 -50)
(0 800 -50)
(40 800 -50)
(80 800 -50)
(120 800 -50)
(160 800 -50)
(200 800 -50)
(240 800 -50)
(280 800 -50)
(320 800 -50)
(360 800 -50)
(400 800 -50)
(440 800 -50)
(480 800 -50)
(520 800 -50)
(560 800 -50)
(600 800 -50)
(640 800 -50)
(680 800 -50)
(720 800 -50)
(760 800 -50)
(800 800 -50)
(840 800 -50)
(880 800 -50)
(920 800 -50)
(960 800 -50)
(1000 800 -50)
(1040 800 -50)
(1080 800 -50)
(1120 800 -50)
(1160 800 -50)
(1200 800 -50)
(0 840 -50)
(40 840 -50)
(80 840 -50)
(120 840 -50)
(160 840 -50)
(200 840 -50)
(240 840 -50)
(280 840 -50)
(320 840 -50)
(360 840 -50)
(400 840 -50)
(440 840 -50)
(480 840 -50)
(520 840 -50)
(560 840 -50)
(600 840 -50)
(640 840 -50)
(680 840 -50)
(720 840 -50)
(760 840 -50)
(800 840 -50)
(840 840 -50)
(880 840 -50)
(920 840 -50)
(960 840 -50)
(1000 840 -50)
(1040 840 -50)
(1080 840 -50)
(1120 840 -50)
(1160 840 -50)
(1200 840 -50)
(0 880 -50)
(40 880 -50)
(80 880 -50)
(120 880 -50)
(160 880 -50)
(200 880 -50)
(240 880 -50)
(280 880 -50)
(320 880 -50)
(360 880 -50)
(400 880 -50)
(440 880 -50)
(480 880 -50)
(520 880 -50)
(560 880 -50)
(600 880 -50)
(640 880 -50)
(680 880 -50)
(720 880 -50)
(760 880 -50)
(800 880 -50)
(840 880 -50)
(880 880 -50)
(920 880 -50)
(960 880 -50)
(1000 880 -50)
(1040 880 -50)
(1080 880 -50)
(1120 880 -50)
(1160 880 -50)
(1200 880 -50)
(0 920 -50)
(40 920 -50)
(80 920 -50)
(120 920 -50)
(160 920 -50)
(200 920 -50)
(240 920 -50)
(280 920 -50)
(320 920 -50)
(360 920 -50)
(400 920 -50)
(440 920 -50)
(480 920 -50)
(520 920 -50)
(560 920 -50)
(600 920 -50)
(640 920 -50)
(680 920 -50)
(720 920 -50)
(760 920 -50)
(800 920 -50)
(840 920 -50)
(880 920 -50)
(920 920 -50)
(960 920 -50)
(1000 920 -50)
(1040 920 -50)
(1080 920 -50)
(1120 920 -50)
(1160 920 -50)
(1200 920 -50)
(0 960 -50)
(40 960 -50)
(80 960 -50)
(120 960 -50)
(160 960 -50)
(200 960 -50)
(240 960 -50)
(280 960 -50)
(320 960 -50)
(360 960 -50)
(400 960 -50)
(440 960 -50)
(480 960 -50)
(520 960 -50)
(560 960 -50)
(600 960 -50)
(640 960 -50)
(680 960 -50)
(720 960 -50)
(760 960 -50)
(800 960 -50)
(840 960 -50)
(880 960 -50)
(920 960 -50)
(960 960 -50)
(1000 960 -50)
(1040 960 -50)
(1080 960 -50)
(1120 960 -50)
(1160 960 -50)
(1200 960 -50)
(0 1000 -50)
(40 1000 -50)
(80 1000 -50)
(120 1000 -50)
(160 1000 -50)
(200 1000 -50)
(240 1000 -50)
(280 1000 -50)
(320 1000 -50)
(360 1000 -50)
(400 1000 -50)
(440 1000 -50)
(480 1000 -50)
(520 1000 -50)
(560 1000 -50)
(600 1000 -50)
(640 1000 -50)
(680 1000 -50)
(720 1000 -50)
(760 1000 -50)
(800 1000 -50)
(840 1000 -50)
(880 1000 -50)
(920 1000 -50)
(960 1000 -50)
(1000 1000 -50)
(1040 1000 -50)
(1080 1000 -50)
(1120 1000 -50)
(1160 1000 -50)
(1200 1000 -50)
(0 1040 -50)
(40 1040 -50)
(80 1040 -50)
(120 1040 -50)
(160 1040 -50)
(200 1040 -50)
(240 1040 -50)
(280 1040 -50)
(320 1040 -50)
(360 1040 -50)
(400 1040 -50)
(440 1040 -50)
(480 1040 -50)
(520 1040 -50)
(560 1040 -50)
(600 1040 -50)
(640 1040 -50)
(680 1040 -50)
(720 1040 -50)
(760 1040 -50)
(800 1040 -50)
(840 1040 -50)
(880 1040 -50)
(920 1040 -50)
(960 1040 -50)
(1000 1040 -50)
(1040 1040 -50)
(1080 1040 -50)
(1120 1040 -50)
(1160 1040 -50)
(1200 1040 -50)
(0 1080 -50)
(40 1080 -50)
(80 1080 -50)
(120 1080 -50)
(160 1080 -50)
(200 1080 -50)
(240 1080 -50)
(280 1080 -50)
(320 1080 -50)
(360 1080 -50)
(400 1080 -50)
(440 1080 -50)
(480 1080 -50)
(520 1080 -50)
(560 1080 -50)
(600 1080 -50)
(640 1080 -50)
(680 1080 -50)
(720 1080 -50)
(760 1080 -50)
(800 1080 -50)
(840 1080 -50)
(880 1080 -50)
(920 1080 -50)
(960 1080 -50)
(1000 1080 -50)
(1040 1080 -50)
(1080 1080 -50)
(1120 1080 -50)
(1160 1080 -50)
(1200 1080 -50)
(0 1120 -50)
(40 1120 -50)
(80 1120 -50)
(120 1120 -50)
(160 1120 -50)
(200 1120 -50)
(240 1120 -50)
(280 1120 -50)
(320 1120 -50)
(360 1120 -50)
(400 1120 -50)
(440 1120 -50)
(480 1120 -50)
(520 1120 -50)
(560 1120 -50)
(600 1120 -50)
(640 1120 -50)
(680 1120 -50)
(720 1120 -50)
(760 1120 -50)
(800 1120 -50)
(840 1120 -50)
(880 1120 -50)
(920 1120 -50)
(960 1120 -50)
(1000 1120 -50)
(1040 1120 -50)
(1080 1120 -50)
(1120 1120 -50)
(1160 1120 -50)
(1200 1120 -50)
(0 1160 -50)
(40 1160 -50)
(80 1160 -50)
(120 1160 -50)
(160 1160 -50)
(200 1160 -50)
(240 1160 -50)
(280 1160 -50)
(320 1160 -50)
(360 1160 -50)
(400 1160 -50)
(440 1160 -50)
(480 1160 -50)
(520 1160 -50)
(560 1160 -50)
(600 1160 -50)
(640 1160 -50)
(680 1160 -50)
(720 1160 -50)
(760 1160 -50)
(800 1160 -50)
(840 1160 -50)
(880 1160 -50)
(920 1160 -50)
(960 1160 -50)
(1000 1160 -50)
(1040 1160 -50)
(1080 1160 -50)
(1120 1160 -50)
(1160 1160 -50)
(1200 1160 -50)
(0 1200 -50)
(40 1200 -50)
(80 1200 -50)
(120 1200 -50)
(160 1200 -50)
(200 1200 -50)
(240 1200 -50)
(280 1200 -50)
(320 1200 -50)
(360 1200 -50)
(400 1200 -50)
(440 1200 -50)
(480 1200 -50)
(520 1200 -50)
(560 1200 -50)
(600 1200 -50)
(640 1200 -50)
(680 1200 -50)
(720 1200 -50)
(760 1200 -50)
(800 1200 -50)
(840 1200 -50)
(880 1200 -50)
(920 1200 -50)
(960 1200 -50)
(1000 1200 -50)
(1040 1200 -50)
(1080 1200 -50)
(1120 1200 -50)
(1160 1200 -50)
(1200 1200 -50)
(0 0 50)
(40 0 50)
(80 0 50)
(120 0 50)
(160 0 50)
(200 0 50)
(240 0 50)
(280 0 50)
(320 0 50)
(360 0 50)
(400 0 50)
(440 0 50)
(480 0 50)
(520 0 50)
(560 0 50)
(600 0 50)
(640 0 50)
(680 0 50)
(720 0 50)
(760 0 50)
(800 0 50)
(840 0 50)
(880 0 50)
(920 0 50)
(960 0 50)
(1000 0 50)
(1040 0 50)
(1080 0 50)
(1120 0 50)
(1160 0 50)
(1200 0 50)
(0 40 50)
(40 40 50)
(80 40 50)
(120 40 50)
(160 40 50)
(200 40 50)
(240 40 50)
(280 40 50)
(320 40 50)
(360 40 50)
(400 40 50)
(440 40 50)
(480 40 50)
(520 40 50)
(560 40 50)
(600 40 50)
(640 40 50)
(680 40 50)
(720 40 50)
(760 40 50)
(800 40 50)
(840 40 50)
(880 40 50)
(920 40 50)
(960 40 50)
(1000 40 50)
(1040 40 50)
(1080 40 50)
(1120 40 50)
(1160 40 50)
(1200 40 50)
(0 80 50)
(40 80 50)
(80 80 50)
(120 80 50)
(160 80 50)
(200 80 50)
(240 80 50)
(280 80 50)
(320 80 50)
(360 80 50)
(400 80 50)
(440 80 50)
(480 80 50)
(520 80 50)
(560 80 50)
(600 80 50)
(640 80 50)
(680 80 50)
(720 80 50)
(760 80 50)
(800 80 50)
(840 80 50)
(880 80 50)
(920 80 50)
(960 80 50)
(1000 80 50)
(1040 80 50)
(1080 80 50)
(1120 80 50)
(1160 80 50)
(1200 80 50)
(0 120 50)
(40 120 50)
(80 120 50)
(120 120 50)
(160 120 50)
(200 120 50)
(240 120 50)
(280 120 50)
(320 120 50)
(360 120 50)
(400 120 50)
(440 120 50)
(480 120 50)
(520 120 50)
(560 120 50)
(600 120 50)
(640 120 50)
(680 120 50)
(720 120 50)
(760 120 50)
(800 120 50)
(840 120 50)
(880 120 50)
(920 120 50)
(960 120 50)
(1000 120 50)
(1040 120 50)
(1080 120 50)
(1120 120 50)
(1160 120 50)
(1200 120 50)
(0 160 50)
(40 160 50)
(80 160 50)
(120 160 50)
(160 160 50)
(200 160 50)
(240 160 50)
(280 160 50)
(320 160 50)
(360 160 50)
(400 160 50)
(440 160 50)
(480 160 50)
(520 160 50)
(560 160 50)
(600 160 50)
(640 160 50)
(680 160 50)
(720 160 50)
(760 160 50)
(800 160 50)
(840 160 50)
(880 160 50)
(920 160 50)
(960 160 50)
(1000 160 50)
(1040 160 50)
(1080 160 50)
(1120 160 50)
(1160 160 50)
(1200 160 50)
(0 200 50)
(40 200 50)
(80 200 50)
(120 200 50)
(160 200 50)
(200 200 50)
(240 200 50)
(280 200 50)
(320 200 50)
(360 200 50)
(400 200 50)
(440 200 50)
(480 200 50)
(520 200 50)
(560 200 50)
(600 200 50)
(640 200 50)
(680 200 50)
(720 200 50)
(760 200 50)
(800 200 50)
(840 200 50)
(880 200 50)
(920 200 50)
(960 200 50)
(1000 200 50)
(1040 200 50)
(1080 200 50)
(1120 200 50)
(1160 200 50)
(1200 200 50)
(0 240 50)
(40 240 50)
(80 240 50)
(120 240 50)
(160 240 50)
(200 240 50)
(240 240 50)
(280 240 50)
(320 240 50)
(360 240 50)
(400 240 50)
(440 240 50)
(480 240 50)
(520 240 50)
(560 240 50)
(600 240 50)
(640 240 50)
(680 240 50)
(720 240 50)
(760 240 50)
(800 240 50)
(840 240 50)
(880 240 50)
(920 240 50)
(960 240 50)
(1000 240 50)
(1040 240 50)
(1080 240 50)
(1120 240 50)
(1160 240 50)
(1200 240 50)
(0 280 50)
(40 280 50)
(80 280 50)
(120 280 50)
(160 280 50)
(200 280 50)
(240 280 50)
(280 280 50)
(320 280 50)
(360 280 50)
(400 280 50)
(440 280 50)
(480 280 50)
(520 280 50)
(560 280 50)
(600 280 50)
(640 280 50)
(680 280 50)
(720 280 50)
(760 280 50)
(800 280 50)
(840 280 50)
(880 280 50)
(920 280 50)
(960 280 50)
(1000 280 50)
(1040 280 50)
(1080 280 50)
(1120 280 50)
(1160 280 50)
(1200 280 50)
(0 320 50)
(40 320 50)
(80 320 50)
(120 320 50)
(160 320 50)
(200 320 50)
(240 320 50)
(280 320 50)
(320 320 50)
(360 320 50)
(400 320 50)
(440 320 50)
(480 320 50)
(520 320 50)
(560 320 50)
(600 320 50)
(640 320 50)
(680 320 50)
(720 320 50)
(760 320 50)
(800 320 50)
(840 320 50)
(880 320 50)
(920 320 50)
(960 320 50)
(1000 320 50)
(1040 320 50)
(1080 320 50)
(1120 320 50)
(1160 320 50)
(1200 320 50)
(0 360 50)
(40 360 50)
(80 360 50)
(120 360 50)
(160 360 50)
(200 360 50)
(240 360 50)
(280 360 50)
(320 360 50)
(360 360 50)
(400 360 50)
(440 360 50)
(480 360 50)
(520 360 50)
(560 360 50)
(600 360 50)
(640 360 50)
(680 360 50)
(720 360 50)
(760 360 50)
(800 360 50)
(840 360 50)
(880 360 50)
(920 360 50)
(960 360 50)
(1000 360 50)
(1040 360 50)
(1080 360 50)
(1120 360 50)
(1160 360 50)
(1200 360 50)
(0 400 50)
(40 400 50)
(80 400 50)
(120 400 50)
(160 400 50)
(200 400 50)
(240 400 50)
(280 400 50)
(320 400 50)
(360 400 50)
(400 400 50)
(440 400 50)
(480 400 50)
(520 400 50)
(560 400 50)
(600 400 50)
(640 400 50)
(680 400 50)
(720 400 50)
(760 400 50)
(800 400 50)
(840 400 50)
(880 400 50)
(920 400 50)
(960 400 50)
(1000 400 50)
(1040 400 50)
(1080 400 50)
(1120 400 50)
(1160 400 50)
(1200 400 50)
(0 440 50)
(40 440 50)
(80 440 50)
(120 440 50)
(160 440 50)
(200 440 50)
(240 440 50)
(280 440 50)
(320 440 50)
(360 440 50)
(400 440 50)
(440 440 50)
(480 440 50)
(520 440 50)
(560 440 50)
(600 440 50)
(640 440 50)
(680 440 50)
(720 440 50)
(760 440 50)
(800 440 50)
(840 440 50)
(880 440 50)
(920 440 50)
(960 440 50)
(1000 440 50)
(1040 440 50)
(1080 440 50)
(1120 440 50)
(1160 440 50)
(1200 440 50)
(0 480 50)
(40 480 50)
(80 480 50)
(120 480 50)
(160 480 50)
(200 480 50)
(240 480 50)
(280 480 50)
(320 480 50)
(360 480 50)
(400 480 50)
(440 480 50)
(480 480 50)
(520 480 50)
(560 480 50)
(600 480 50)
(640 480 50)
(680 480 50)
(720 480 50)
(760 480 50)
(800 480 50)
(840 480 50)
(880 480 50)
(920 480 50)
(960 480 50)
(1000 480 50)
(1040 480 50)
(1080 480 50)
(1120 480 50)
(1160 480 50)
(1200 480 50)
(0 520 50)
(40 520 50)
(80 520 50)
(120 520 50)
(160 520 50)
(200 520 50)
(240 520 50)
(280 520 50)
(320 520 50)
(360 520 50)
(400 520 50)
(440 520 50)
(480 520 50)
(520 520 50)
(560 520 50)
(600 520 50)
(640 520 50)
(680 520 50)
(720 520 50)
(760 520 50)
(800 520 50)
(840 520 50)
(880 520 50)
(920 520 50)
(960 520 50)
(1000 520 50)
(1040 520 50)
(1080 520 50)
(1120 520 50)
(1160 520 50)
(1200 520 50)
(0 560 50)
(40 560 50)
(80 560 50)
(120 560 50)
(160 560 50)
(200 560 50)
(240 560 50)
(280 560 50)
(320 560 50)
(360 560 50)
(400 560 50)
(440 560 50)
(480 560 50)
(520 560 50)
(560 560 50)
(600 560 50)
(640 560 50)
(680 560 50)
(720 560 50)
(760 560 50)
(800 560 50)
(840 560 50)
(880 560 50)
(920 560 50)
(960 560 50)
(1000 560 50)
(1040 560 50)
(1080 560 50)
(1120 560 50)
(1160 560 50)
(1200 560 50)
(0 600 50)
(40 600 50)
(80 600 50)
(120 600 50)
(160 600 50)
(200 600 50)
(240 600 50)
(280 600 50)
(320 600 50)
(360 600 50)
(400 600 50)
(440 600 50)
(480 600 50)
(520 600 50)
(560 600 50)
(600 600 50)
(640 600 50)
(680 600 50)
(720 600 50)
(760 600 50)
(800 600 50)
(840 600 50)
(880 600 50)
(920 600 50)
(960 600 50)
(1000 600 50)
(1040 600 50)
(1080 600 50)
(1120 600 50)
(1160 600 50)
(1200 600 50)
(0 640 50)
(40 640 50)
(80 640 50)
(120 640 50)
(160 640 50)
(200 640 50)
(240 640 50)
(280 640 50)
(320 640 50)
(360 640 50)
(400 640 50)
(440 640 50)
(480 640 50)
(520 640 50)
(560 640 50)
(600 640 50)
(640 640 50)
(680 640 50)
(720 640 50)
(760 640 50)
(800 640 50)
(840 640 50)
(880 640 50)
(920 640 50)
(960 640 50)
(1000 640 50)
(1040 640 50)
(1080 640 50)
(1120 640 50)
(1160 640 50)
(1200 640 50)
(0 680 50)
(40 680 50)
(80 680 50)
(120 680 50)
(160 680 50)
(200 680 50)
(240 680 50)
(280 680 50)
(320 680 50)
(360 680 50)
(400 680 50)
(440 680 50)
(480 680 50)
(520 680 50)
(560 680 50)
(600 680 50)
(640 680 50)
(680 680 50)
(720 680 50)
(760 680 50)
(800 680 50)
(840 680 50)
(880 680 50)
(920 680 50)
(960 680 50)
(1000 680 50)
(1040 680 50)
(1080 680 50)
(1120 680 50)
(1160 680 50)
(1200 680 50)
(0 720 50)
(40 720 50)
(80 720 50)
(120 720 50)
(160 720 50)
(200 720 50)
(240 720 50)
(280 720 50)
(320 720 50)
(360 720 50)
(400 720 50)
(440 720 50)
(480 720 50)
(520 720 50)
(560 720 50)
(600 720 50)
(640 720 50)
(680 720 50)
(720 720 50)
(760 720 50)
(800 720 50)
(840 720 50)
(880 720 50)
(920 720 50)
(960 720 50)
(1000 720 50)
(1040 720 50)
(1080 720 50)
(1120 720 50)
(1160 720 50)
(1200 720 50)
(0 760 50)
(40 760 50)
(80 760 50)
(120 760 50)
(160 760 50)
(200 760 50)
(240 760 50)
(280 760 50)
(320 760 50)
(360 760 50)
(400 760 50)
(440 760 50)
(480 760 50)
(520 760 50)
(560 760 50)
(600 760 50)
(640 760 50)
(680 760 50)
(720 760 50)
(760 760 50)
(800 760 50)
(840 760 50)
(880 760 50)
(920 760 50)
(960 760 50)
(1000 760 50)
(1040 760 50)
(1080 760 50)
(1120 760 50)
(1160 760 50)
(1200 760 50)
(0 800 50)
(40 800 50)
(80 800 50)
(120 800 50)
(160 800 50)
(200 800 50)
(240 800 50)
(280 800 50)
(320 800 50)
(360 800 50)
(400 800 50)
(440 800 50)
(480 800 50)
(520 800 50)
(560 800 50)
(600 800 50)
(640 800 50)
(680 800 50)
(720 800 50)
(760 800 50)
(800 800 50)
(840 800 50)
(880 800 50)
(920 800 50)
(960 800 50)
(1000 800 50)
(1040 800 50)
(1080 800 50)
(1120 800 50)
(1160 800 50)
(1200 800 50)
(0 840 50)
(40 840 50)
(80 840 50)
(120 840 50)
(160 840 50)
(200 840 50)
(240 840 50)
(280 840 50)
(320 840 50)
(360 840 50)
(400 840 50)
(440 840 50)
(480 840 50)
(520 840 50)
(560 840 50)
(600 840 50)
(640 840 50)
(680 840 50)
(720 840 50)
(760 840 50)
(800 840 50)
(840 840 50)
(880 840 50)
(920 840 50)
(960 840 50)
(1000 840 50)
(1040 840 50)
(1080 840 50)
(1120 840 50)
(1160 840 50)
(1200 840 50)
(0 880 50)
(40 880 50)
(80 880 50)
(120 880 50)
(160 880 50)
(200 880 50)
(240 880 50)
(280 880 50)
(320 880 50)
(360 880 50)
(400 880 50)
(440 880 50)
(480 880 50)
(520 880 50)
(560 880 50)
(600 880 50)
(640 880 50)
(680 880 50)
(720 880 50)
(760 880 50)
(800 880 50)
(840 880 50)
(880 880 50)
(920 880 50)
(960 880 50)
(1000 880 50)
(1040 880 50)
(1080 880 50)
(1120 880 50)
(1160 880 50)
(1200 880 50)
(0 920 50)
(40 920 50)
(80 920 50)
(120 920 50)
(160 920 50)
(200 920 50)
(240 920 50)
(280 920 50)
(320 920 50)
(360 920 50)
(400 920 50)
(440 920 50)
(480 920 50)
(520 920 50)
(560 920 50)
(600 920 50)
(640 920 50)
(680 920 50)
(720 920 50)
(760 920 50)
(800 920 50)
(840 920 50)
(880 920 50)
(920 920 50)
(960 920 50)
(1000 920 50)
(1040 920 50)
(1080 920 50)
(1120 920 50)
(1160 920 50)
(1200 920 50)
(0 960 50)
(40 960 50)
(80 960 50)
(120 960 50)
(160 960 50)
(200 960 50)
(240 960 50)
(280 960 50)
(320 960 50)
(360 960 50)
(400 960 50)
(440 960 50)
(480 960 50)
(520 960 50)
(560 960 50)
(600 960 50)
(640 960 50)
(680 960 50)
(720 960 50)
(760 960 50)
(800 960 50)
(840 960 50)
(880 960 50)
(920 960 50)
(960 960 50)
(1000 960 50)
(1040 960 50)
(1080 960 50)
(1120 960 50)
(1160 960 50)
(1200 960 50)
(0 1000 50)
(40 1000 50)
(80 1000 50)
(120 1000 50)
(160 1000 50)
(200 1000 50)
(240 1000 50)
(280 1000 50)
(320 1000 50)
(360 1000 50)
(400 1000 50)
(440 1000 50)
(480 1000 50)
(520 1000 50)
(560 1000 50)
(600 1000 50)
(640 1000 50)
(680 1000 50)
(720 1000 50)
(760 1000 50)
(800 1000 50)
(840 1000 50)
(880 1000 50)
(920 1000 50)
(960 1000 50)
(1000 1000 50)
(1040 1000 50)
(1080 1000 50)
(1120 1000 50)
(1160 1000 50)
(1200 1000 50)
(0 1040 50)
(40 1040 50)
(80 1040 50)
(120 1040 50)
(160 1040 50)
(200 1040 50)
(240 1040 50)
(280 1040 50)
(320 1040 50)
(360 1040 50)
(400 1040 50)
(440 1040 50)
(480 1040 50)
(520 1040 50)
(560 1040 50)
(600 1040 50)
(640 1040 50)
(680 1040 50)
(720 1040 50)
(760 1040 50)
(800 1040 50)
(840 1040 50)
(880 1040 50)
(920 1040 50)
(960 1040 50)
(1000 1040 50)
(1040 1040 50)
(1080 1040 50)
(1120 1040 50)
(1160 1040 50)
(1200 1040 50)
(0 1080 50)
(40 1080 50)
(80 1080 50)
(120 1080 50)
(160 1080 50)
(200 1080 50)
(240 1080 50)
(280 1080 50)
(320 1080 50)
(360 1080 50)
(400 1080 50)
(440 1080 50)
(480 1080 50)
(520 1080 50)
(560 1080 50)
(600 1080 50)
(640 1080 50)
(680 1080 50)
(720 1080 50)
(760 1080 50)
(800 1080 50)
(840 1080 50)
(880 1080 50)
(920 1080 50)
(960 1080 50)
(1000 1080 50)
(1040 1080 50)
(1080 1080 50)
(1120 1080 50)
(1160 1080 50)
(1200 1080 50)
(0 1120 50)
(40 1120 50)
(80 1120 50)
(120 1120 50)
(160 1120 50)
(200 1120 50)
(240 1120 50)
(280 1120 50)
(320 1120 50)
(360 1120 50)
(400 1120 50)
(440 1120 50)
(480 1120 50)
(520 1120 50)
(560 1120 50)
(600 1120 50)
(640 1120 50)
(680 1120 50)
(720 1120 50)
(760 1120 50)
(800 1120 50)
(840 1120 50)
(880 1120 50)
(920 1120 50)
(960 1120 50)
(1000 1120 50)
(1040 1120 50)
(1080 1120 50)
(1120 1120 50)
(1160 1120 50)
(1200 1120 50)
(0 1160 50)
(40 1160 50)
(80 1160 50)
(120 1160 50)
(160 1160 50)
(200 1160 50)
(240 1160 50)
(280 1160 50)
(320 1160 50)
(360 1160 50)
(400 1160 50)
(440 1160 50)
(480 1160 50)
(520 1160 50)
(560 1160 50)
(600 1160 50)
(640 1160 50)
(680 1160 50)
(720 1160 50)
(760 1160 50)
(800 1160 50)
(840 1160 50)
(880 1160 50)
(920 1160 50)
(960 1160 50)
(1000 1160 50)
(1040 1160 50)
(1080 1160 50)
(1120 1160 50)
(1160 1160 50)
(1200 1160 50)
(0 1200 50)
(40 1200 50)
(80 1200 50)
(120 1200 50)
(160 1200 50)
(200 1200 50)
(240 1200 50)
(280 1200 50)
(320 1200 50)
(360 1200 50)
(400 1200 50)
(440 1200 50)
(480 1200 50)
(520 1200 50)
(560 1200 50)
(600 1200 50)
(640 1200 50)
(680 1200 50)
(720 1200 50)
(760 1200 50)
(800 1200 50)
(840 1200 50)
(880 1200 50)
(920 1200 50)
(960 1200 50)
(1000 1200 50)
(1040 1200 50)
(1080 1200 50)
(1120 1200 50)
(1160 1200 50)
(1200 1200 50)
)


// ************************************************************************* //
