/*--------------------------------*- C++ -*----------------------------------*\
| =========                 |                                                 |
| \\      /  F ield         | OpenFOAM: The Open Source CFD Toolbox           |
|  \\    /   O peration     | Version:  2.1.0                                 |
|   \\  /    A nd           | Web:      www.OpenFOAM.org                      |
|    \\/     M anipulation  |                                                 |
\*---------------------------------------------------------------------------*/
FoamFile
{
    version     2.0;
    format      ascii;
    class       volScalarField;
    location    "12045";
    object      kr_o;
}
// * * * * * * * * * * * * * * * * * * * * * * * * * * * * * * * * * * * * * //

dimensions      [0 0 0 0 0 0 0];

internalField   nonuniform List<scalar> 
8000
(
0.035199
0.042319
0.0517063
0.0627195
0.0749243
0.08795
0.101476
0.115245
0.129066
0.142806
0.156392
0.169798
0.182998
0.196007
0.208934
0.221919
0.235134
0.248781
0.263099
0.278372
0.294976
0.31338
0.334122
0.357683
0.384926
0.41686
0.453513
0.492222
0.526387
0.548678
0.558504
0.561558
0.56231
0.562467
0.562495
0.562499
0.5625
0.5625
0.5625
0.5625
0.0423184
0.0492421
0.058365
0.0691177
0.0810757
0.093873
0.107208
0.120836
0.134574
0.148296
0.161929
0.175444
0.188799
0.202038
0.215282
0.228684
0.242435
0.256758
0.271915
0.288236
0.306145
0.326145
0.348719
0.374241
0.403488
0.436783
0.472955
0.50824
0.536515
0.553139
0.559875
0.561886
0.562376
0.562478
0.562497
0.5625
0.5625
0.5625
0.5625
0.5625
0.0517067
0.0583638
0.067166
0.0775837
0.0892089
0.101705
0.114792
0.128244
0.141888
0.155603
0.169315
0.182976
0.196531
0.210065
0.223709
0.237634
0.252047
0.267189
0.283355
0.300924
0.320349
0.342095
0.366443
0.393856
0.424729
0.458453
0.492712
0.523266
0.545202
0.556653
0.560904
0.562128
0.562425
0.562487
0.562498
0.5625
0.5625
0.5625
0.5625
0.5625
0.062719
0.0691182
0.0775839
0.0876379
0.0989094
0.111093
0.12394
0.137246
0.150849
0.164634
0.178518
0.192401
0.206281
0.220259
0.234483
0.249146
0.26447
0.280725
0.298256
0.317476
0.33881
0.362512
0.388868
0.418214
0.450062
0.482654
0.51292
0.53707
0.552246
0.559214
0.561614
0.562292
0.562457
0.562492
0.562499
0.5625
0.5625
0.5625
0.5625
0.5625
0.0749244
0.0810759
0.0892087
0.0989091
0.109849
0.121762
0.134433
0.147685
0.161374
0.175387
0.189598
0.203898
0.21834
0.233042
0.248175
0.26395
0.280622
0.298516
0.31802
0.339516
0.363206
0.389357
0.418152
0.448954
0.480021
0.508754
0.532357
0.548621
0.557332
0.560885
0.562058
0.562393
0.562477
0.562496
0.562499
0.5625
0.5625
0.5625
0.5625
0.5625
0.0879498
0.0938727
0.101704
0.111093
0.121762
0.133491
0.146107
0.15947
0.173467
0.187969
0.202786
0.217883
0.233321
0.24924
0.26584
0.283372
0.302159
0.322577
0.344954
0.369462
0.396433
0.425751
0.456339
0.486104
0.512562
0.533671
0.548272
0.556579
0.560374
0.561819
0.562304
0.56245
0.562489
0.562498
0.5625
0.5625
0.5625
0.5625
0.5625
0.5625
0.101475
0.107207
0.114791
0.12394
0.134433
0.146106
0.158847
0.172579
0.18723
0.202628
0.218668
0.235263
0.252474
0.270474
0.289526
0.30997
0.332168
0.356369
0.382934
0.411999
0.442805
0.473428
0.501272
0.524151
0.540982
0.551825
0.557793
0.560613
0.561797
0.562255
0.562422
0.562478
0.562495
0.562499
0.5625
0.5625
0.5625
0.5625
0.5625
0.5625
0.115245
0.120836
0.128244
0.137245
0.147684
0.15947
0.172578
0.187039
0.202837
0.220039
0.23857
0.258034
0.278476
0.300182
0.323529
0.348832
0.376544
0.406909
0.439187
0.471251
0.500121
0.52339
0.540159
0.550895
0.556956
0.560011
0.561427
0.562048
0.562313
0.562425
0.562472
0.562491
0.562498
0.5625
0.5625
0.5625
0.5625
0.5625
0.5625
0.5625
0.129066
0.134574
0.141888
0.150849
0.161374
0.173467
0.18723
0.202837
0.220755
0.241694
0.26595
0.29132
0.318127
0.346837
0.377983
0.411792
0.447059
0.480828
0.509555
0.531092
0.545393
0.55385
0.558362
0.560594
0.561642
0.562118
0.562329
0.562421
0.562462
0.562481
0.562491
0.562496
0.562499
0.5625
0.5625
0.5625
0.5625
0.5625
0.5625
0.5625
0.142806
0.148296
0.155603
0.164633
0.175387
0.187969
0.202628
0.220039
0.241694
0.271028
0.314766
0.354525
0.394963
0.435784
0.474208
0.506407
0.529971
0.545081
0.55372
0.558254
0.560507
0.561587
0.562089
0.562318
0.562419
0.562464
0.562483
0.562492
0.562495
0.562497
0.562497
0.562499
0.5625
0.5625
0.5625
0.5625
0.5625
0.5625
0.5625
0.5625
0.156392
0.161929
0.169315
0.178518
0.189597
0.202786
0.218667
0.23857
0.26595
0.314766
0.552255
0.557574
0.558933
0.560203
0.56115
0.561762
0.56212
0.562313
0.562411
0.562459
0.562482
0.562492
0.562496
0.562498
0.562499
0.5625
0.5625
0.5625
0.5625
0.5625
0.562499
0.5625
0.5625
0.5625
0.5625
0.5625
0.5625
0.5625
0.5625
0.5625
0.169798
0.175444
0.182976
0.192401
0.203898
0.217883
0.235263
0.258034
0.29132
0.354525
0.557574
0.562413
0.562466
0.562478
0.562487
0.562493
0.562497
0.562498
0.562499
0.5625
0.5625
0.5625
0.5625
0.5625
0.5625
0.5625
0.5625
0.5625
0.5625
0.5625
0.5625
0.5625
0.5625
0.5625
0.5625
0.5625
0.5625
0.5625
0.5625
0.5625
0.182998
0.188799
0.196531
0.206281
0.21834
0.233321
0.252474
0.278476
0.318127
0.394963
0.558933
0.562466
0.562499
0.5625
0.5625
0.5625
0.5625
0.5625
0.5625
0.5625
0.5625
0.5625
0.5625
0.5625
0.5625
0.5625
0.5625
0.5625
0.5625
0.5625
0.5625
0.5625
0.5625
0.5625
0.5625
0.5625
0.5625
0.5625
0.5625
0.5625
0.196007
0.202038
0.210065
0.220259
0.233042
0.24924
0.270474
0.300182
0.346837
0.435784
0.560203
0.562478
0.5625
0.5625
0.5625
0.5625
0.5625
0.5625
0.5625
0.5625
0.5625
0.5625
0.5625
0.5625
0.5625
0.5625
0.5625
0.5625
0.5625
0.5625
0.5625
0.5625
0.5625
0.5625
0.5625
0.5625
0.5625
0.5625
0.5625
0.5625
0.208934
0.215281
0.223709
0.234483
0.248175
0.26584
0.289526
0.323529
0.377983
0.474208
0.56115
0.562487
0.5625
0.5625
0.5625
0.5625
0.5625
0.5625
0.5625
0.5625
0.5625
0.5625
0.5625
0.5625
0.5625
0.5625
0.5625
0.5625
0.5625
0.5625
0.5625
0.5625
0.5625
0.5625
0.5625
0.5625
0.5625
0.5625
0.5625
0.5625
0.221919
0.228684
0.237634
0.249145
0.26395
0.283372
0.30997
0.348832
0.411792
0.506407
0.561762
0.562493
0.5625
0.5625
0.5625
0.5625
0.5625
0.5625
0.5625
0.5625
0.5625
0.5625
0.5625
0.5625
0.5625
0.5625
0.5625
0.5625
0.5625
0.5625
0.5625
0.5625
0.5625
0.5625
0.5625
0.5625
0.5625
0.5625
0.5625
0.5625
0.235134
0.242435
0.252047
0.26447
0.280622
0.302159
0.332168
0.376544
0.447059
0.529971
0.56212
0.562497
0.5625
0.5625
0.5625
0.5625
0.5625
0.5625
0.5625
0.5625
0.5625
0.5625
0.5625
0.5625
0.5625
0.5625
0.5625
0.5625
0.5625
0.5625
0.5625
0.5625
0.5625
0.5625
0.5625
0.5625
0.5625
0.5625
0.5625
0.5625
0.248781
0.256758
0.267189
0.280725
0.298516
0.322577
0.356368
0.406909
0.480828
0.545081
0.562313
0.562498
0.5625
0.5625
0.5625
0.5625
0.5625
0.5625
0.5625
0.5625
0.5625
0.5625
0.5625
0.5625
0.5625
0.5625
0.5625
0.5625
0.5625
0.5625
0.5625
0.5625
0.5625
0.5625
0.5625
0.5625
0.5625
0.5625
0.5625
0.5625
0.263098
0.271915
0.283355
0.298256
0.31802
0.344954
0.382934
0.439187
0.509555
0.55372
0.562411
0.562499
0.5625
0.5625
0.5625
0.5625
0.5625
0.5625
0.5625
0.5625
0.5625
0.5625
0.5625
0.5625
0.5625
0.5625
0.5625
0.5625
0.5625
0.5625
0.5625
0.5625
0.5625
0.5625
0.5625
0.5625
0.5625
0.5625
0.5625
0.5625
0.278372
0.288235
0.300924
0.317476
0.339516
0.369462
0.411999
0.471251
0.531092
0.558254
0.562459
0.5625
0.5625
0.5625
0.5625
0.5625
0.5625
0.5625
0.5625
0.5625
0.5625
0.5625
0.5625
0.5625
0.5625
0.5625
0.5625
0.5625
0.5625
0.5625
0.5625
0.5625
0.5625
0.5625
0.5625
0.5625
0.5625
0.5625
0.5625
0.5625
0.294976
0.306144
0.320349
0.33881
0.363206
0.396433
0.442805
0.500121
0.545393
0.560507
0.562482
0.5625
0.5625
0.5625
0.5625
0.5625
0.5625
0.5625
0.5625
0.5625
0.5625
0.5625
0.5625
0.5625
0.5625
0.5625
0.5625
0.5625
0.5625
0.5625
0.5625
0.5625
0.5625
0.5625
0.5625
0.5625
0.5625
0.5625
0.5625
0.5625
0.31338
0.326145
0.342095
0.362511
0.389357
0.425751
0.473428
0.52339
0.55385
0.561587
0.562492
0.5625
0.5625
0.5625
0.5625
0.5625
0.5625
0.5625
0.5625
0.5625
0.5625
0.5625
0.5625
0.5625
0.5625
0.5625
0.5625
0.5625
0.5625
0.5625
0.5625
0.5625
0.5625
0.5625
0.5625
0.5625
0.5625
0.5625
0.5625
0.5625
0.334122
0.348719
0.366443
0.388868
0.418152
0.456339
0.501272
0.540159
0.558362
0.562089
0.562496
0.5625
0.5625
0.5625
0.5625
0.5625
0.5625
0.5625
0.5625
0.5625
0.5625
0.5625
0.5625
0.5625
0.5625
0.5625
0.5625
0.5625
0.5625
0.5625
0.5625
0.5625
0.5625
0.5625
0.5625
0.5625
0.5625
0.5625
0.5625
0.5625
0.357683
0.374241
0.393856
0.418214
0.448954
0.486104
0.524151
0.550895
0.560594
0.562318
0.562498
0.5625
0.5625
0.5625
0.5625
0.5625
0.5625
0.5625
0.5625
0.5625
0.5625
0.5625
0.5625
0.5625
0.5625
0.5625
0.5625
0.5625
0.5625
0.5625
0.5625
0.5625
0.5625
0.5625
0.5625
0.5625
0.5625
0.5625
0.5625
0.5625
0.384926
0.403488
0.424729
0.450062
0.480021
0.512562
0.540982
0.556956
0.561642
0.562419
0.562499
0.5625
0.5625
0.5625
0.5625
0.5625
0.5625
0.5625
0.5625
0.5625
0.5625
0.5625
0.5625
0.5625
0.5625
0.5625
0.5625
0.5625
0.5625
0.5625
0.5625
0.5625
0.5625
0.5625
0.5625
0.5625
0.5625
0.5625
0.5625
0.5625
0.41686
0.436783
0.458453
0.482654
0.508754
0.533671
0.551825
0.560011
0.562118
0.562464
0.5625
0.5625
0.5625
0.5625
0.5625
0.5625
0.5625
0.5625
0.5625
0.5625
0.5625
0.5625
0.5625
0.5625
0.5625
0.5625
0.5625
0.5625
0.5625
0.5625
0.5625
0.5625
0.5625
0.5625
0.5625
0.5625
0.5625
0.5625
0.5625
0.5625
0.453512
0.472955
0.492712
0.51292
0.532357
0.548272
0.557793
0.561427
0.562329
0.562483
0.5625
0.5625
0.5625
0.5625
0.5625
0.5625
0.5625
0.5625
0.5625
0.5625
0.5625
0.5625
0.5625
0.5625
0.5625
0.5625
0.5625
0.5625
0.5625
0.5625
0.5625
0.5625
0.5625
0.5625
0.5625
0.5625
0.5625
0.5625
0.5625
0.5625
0.492222
0.50824
0.523266
0.53707
0.548621
0.556579
0.560613
0.562048
0.562421
0.562492
0.5625
0.5625
0.5625
0.5625
0.5625
0.5625
0.5625
0.5625
0.5625
0.5625
0.5625
0.5625
0.5625
0.5625
0.5625
0.5625
0.5625
0.5625
0.5625
0.5625
0.5625
0.5625
0.5625
0.5625
0.5625
0.5625
0.5625
0.5625
0.5625
0.5625
0.526387
0.536515
0.545202
0.552246
0.557332
0.560374
0.561797
0.562313
0.562462
0.562495
0.5625
0.5625
0.5625
0.5625
0.5625
0.5625
0.5625
0.5625
0.5625
0.5625
0.5625
0.5625
0.5625
0.5625
0.5625
0.5625
0.5625
0.5625
0.5625
0.5625
0.5625
0.5625
0.5625
0.5625
0.5625
0.5625
0.5625
0.5625
0.5625
0.5625
0.548678
0.553139
0.556653
0.559214
0.560885
0.561819
0.562255
0.562425
0.562481
0.562497
0.5625
0.5625
0.5625
0.5625
0.5625
0.5625
0.5625
0.5625
0.5625
0.5625
0.5625
0.5625
0.5625
0.5625
0.5625
0.5625
0.5625
0.5625
0.5625
0.5625
0.5625
0.5625
0.5625
0.5625
0.5625
0.5625
0.5625
0.5625
0.5625
0.5625
0.558504
0.559875
0.560904
0.561614
0.562058
0.562304
0.562422
0.562472
0.562491
0.562497
0.562499
0.5625
0.5625
0.5625
0.5625
0.5625
0.5625
0.5625
0.5625
0.5625
0.5625
0.5625
0.5625
0.5625
0.5625
0.5625
0.5625
0.5625
0.5625
0.5625
0.5625
0.5625
0.5625
0.5625
0.5625
0.5625
0.5625
0.5625
0.5625
0.5625
0.561558
0.561886
0.562128
0.562292
0.562393
0.56245
0.562478
0.562491
0.562496
0.562499
0.5625
0.5625
0.5625
0.5625
0.5625
0.5625
0.5625
0.5625
0.5625
0.5625
0.5625
0.5625
0.5625
0.5625
0.5625
0.5625
0.5625
0.5625
0.5625
0.5625
0.5625
0.5625
0.5625
0.5625
0.5625
0.5625
0.5625
0.5625
0.5625
0.5625
0.56231
0.562376
0.562425
0.562457
0.562477
0.562489
0.562495
0.562498
0.562499
0.5625
0.5625
0.5625
0.5625
0.5625
0.5625
0.5625
0.5625
0.5625
0.5625
0.5625
0.5625
0.5625
0.5625
0.5625
0.5625
0.5625
0.5625
0.5625
0.5625
0.5625
0.5625
0.5625
0.5625
0.5625
0.5625
0.5625
0.5625
0.5625
0.5625
0.5625
0.562467
0.562478
0.562487
0.562492
0.562496
0.562498
0.562499
0.5625
0.5625
0.5625
0.5625
0.5625
0.5625
0.5625
0.5625
0.5625
0.5625
0.5625
0.5625
0.5625
0.5625
0.5625
0.5625
0.5625
0.5625
0.5625
0.5625
0.5625
0.5625
0.5625
0.5625
0.5625
0.5625
0.5625
0.5625
0.5625
0.5625
0.5625
0.5625
0.5625
0.562495
0.562497
0.562498
0.562499
0.562499
0.5625
0.5625
0.5625
0.5625
0.5625
0.5625
0.5625
0.5625
0.5625
0.5625
0.5625
0.5625
0.5625
0.5625
0.5625
0.5625
0.5625
0.5625
0.5625
0.5625
0.5625
0.5625
0.5625
0.5625
0.5625
0.5625
0.5625
0.5625
0.5625
0.5625
0.5625
0.5625
0.5625
0.5625
0.5625
0.562499
0.5625
0.5625
0.5625
0.5625
0.5625
0.5625
0.5625
0.5625
0.5625
0.5625
0.5625
0.5625
0.5625
0.5625
0.5625
0.5625
0.5625
0.5625
0.5625
0.5625
0.5625
0.5625
0.5625
0.5625
0.5625
0.5625
0.5625
0.5625
0.5625
0.5625
0.5625
0.5625
0.5625
0.5625
0.5625
0.5625
0.5625
0.5625
0.5625
0.5625
0.5625
0.5625
0.5625
0.5625
0.5625
0.5625
0.5625
0.5625
0.5625
0.5625
0.5625
0.5625
0.5625
0.5625
0.5625
0.5625
0.5625
0.5625
0.5625
0.5625
0.5625
0.5625
0.5625
0.5625
0.5625
0.5625
0.5625
0.5625
0.5625
0.5625
0.5625
0.5625
0.5625
0.5625
0.5625
0.5625
0.5625
0.5625
0.5625
0.5625
0.5625
0.5625
0.5625
0.5625
0.5625
0.5625
0.5625
0.5625
0.5625
0.5625
0.5625
0.5625
0.5625
0.5625
0.5625
0.5625
0.5625
0.5625
0.5625
0.5625
0.5625
0.5625
0.5625
0.5625
0.5625
0.5625
0.5625
0.5625
0.5625
0.5625
0.5625
0.5625
0.5625
0.5625
0.5625
0.5625
0.5625
0.5625
0.5625
0.5625
0.5625
0.5625
0.5625
0.5625
0.5625
0.5625
0.5625
0.5625
0.5625
0.5625
0.5625
0.5625
0.5625
0.5625
0.5625
0.5625
0.5625
0.5625
0.5625
0.5625
0.5625
0.5625
0.5625
0.5625
0.5625
0.5625
0.5625
0.5625
0.5625
0.5625
0.5625
0.5625
0.5625
0.5625
0.5625
0.5625
0.5625
0.5625
0.5625
0.5625
0.5625
0.5625
0.5625
0.5625
0.5625
0.5625
0.5625
0.5625
0.5625
0.5625
0.5625
0.5625
0.5625
0.5625
0.5625
0.5625
0.5625
0.5625
0.5625
0.5625
0.5625
0.5625
0.5625
0.5625
0.5625
0.5625
0.5625
0.5625
0.5625
0.5625
0.5625
0.5625
0.5625
0.5625
0.5625
0.5625
0.5625
0.5625
0.5625
0.012612
0.0182475
0.0262156
0.0360141
0.0471388
0.0591655
0.0717663
0.0846461
0.0975388
0.110247
0.122644
0.134662
0.146322
0.157667
0.168692
0.179445
0.189987
0.200385
0.210715
0.221065
0.231542
0.242307
0.253642
0.266176
0.280692
0.298361
0.321426
0.35395
0.401823
0.46552
0.523175
0.551805
0.560267
0.562112
0.562443
0.562493
0.562499
0.5625
0.5625
0.5625
0.018246
0.0240704
0.0320774
0.0417863
0.052761
0.0646326
0.0770977
0.0898545
0.102646
0.115282
0.127636
0.139648
0.15135
0.162755
0.173864
0.184724
0.195394
0.205942
0.216445
0.226991
0.237697
0.248749
0.260514
0.273732
0.289196
0.308309
0.333677
0.369779
0.421806
0.485085
0.534066
0.55517
0.560994
0.562239
0.562462
0.562495
0.5625
0.5625
0.5625
0.5625
0.0262176
0.0320754
0.0399988
0.0495232
0.0602668
0.0719192
0.0841771
0.0967483
0.10939
0.121917
0.134205
0.146203
0.157948
0.1694
0.180574
0.191515
0.202281
0.212938
0.223563
0.234252
0.245144
0.256492
0.268861
0.282935
0.299635
0.320675
0.34911
0.389684
0.445558
0.505142
0.543467
0.557812
0.561546
0.562334
0.562476
0.562497
0.5625
0.5625
0.5625
0.5625
0.036013
0.0417856
0.0495236
0.0588003
0.0692888
0.0806935
0.0927163
0.105087
0.11758
0.130012
0.142259
0.154301
0.166102
0.177619
0.188872
0.199901
0.210764
0.221528
0.232278
0.243136
0.25431
0.26625
0.279558
0.294896
0.313478
0.337427
0.370256
0.416252
0.473816
0.524498
0.550981
0.559741
0.561938
0.562401
0.562485
0.562498
0.5625
0.5625
0.5625
0.5625
0.0471385
0.0527616
0.0602677
0.0692892
0.0795197
0.0906694
0.102468
0.114673
0.12707
0.139479
0.151797
0.163973
0.175894
0.187538
0.198921
0.210086
0.221096
0.232032
0.243017
0.254255
0.266178
0.279279
0.294108
0.311626
0.333452
0.36219
0.40135
0.452255
0.505092
0.541033
0.556358
0.561028
0.562194
0.562445
0.562492
0.562499
0.5625
0.5625
0.5625
0.5625
0.0591656
0.0646334
0.0719201
0.080694
0.0906695
0.101589
0.113219
0.125344
0.137766
0.150323
0.162919
0.175361
0.18754
0.199433
0.211063
0.222489
0.233803
0.24515
0.256783
0.269163
0.282668
0.297852
0.315621
0.337398
0.365292
0.40185
0.447816
0.49647
0.533574
0.552614
0.559666
0.561792
0.562346
0.562471
0.562496
0.562499
0.5625
0.5625
0.5625
0.5625
0.0717665
0.0770984
0.0841778
0.0927167
0.102469
0.113219
0.124778
0.136972
0.149646
0.162695
0.175856
0.188839
0.201524
0.213902
0.226038
0.238058
0.250174
0.26278
0.276242
0.290983
0.307687
0.327387
0.351564
0.382051
0.420135
0.463904
0.505588
0.535715
0.551941
0.558842
0.561363
0.56219
0.562428
0.562486
0.562498
0.5625
0.5625
0.5625
0.5625
0.5625
0.0846462
0.0898549
0.0967487
0.105088
0.114673
0.125344
0.136972
0.149468
0.162821
0.17686
0.191195
0.205275
0.218981
0.232411
0.245795
0.259538
0.274024
0.289675
0.307165
0.327485
0.351991
0.382228
0.418972
0.460082
0.499091
0.528709
0.546623
0.555644
0.559683
0.561389
0.562093
0.562374
0.562468
0.562493
0.562499
0.5625
0.5625
0.5625
0.5625
0.5625
0.0975388
0.102646
0.10939
0.11758
0.127071
0.137766
0.149646
0.162821
0.177396
0.193445
0.210648
0.227202
0.24336
0.259706
0.276804
0.295186
0.315666
0.339416
0.367884
0.402157
0.441368
0.481004
0.514313
0.537162
0.550277
0.556885
0.55996
0.561335
0.561945
0.562225
0.562367
0.562451
0.562486
0.562497
0.5625
0.5625
0.5625
0.5625
0.5625
0.5625
0.110247
0.115282
0.121918
0.130012
0.139479
0.150323
0.162695
0.17686
0.193445
0.214087
0.24234
0.266264
0.290454
0.31645
0.34553
0.3788
0.416354
0.455875
0.492373
0.520975
0.540102
0.551296
0.55719
0.560067
0.561402
0.562003
0.562267
0.562382
0.562432
0.562452
0.562461
0.562482
0.562495
0.562499
0.5625
0.5625
0.5625
0.5625
0.5625
0.5625
0.122643
0.127636
0.134205
0.142259
0.151797
0.162919
0.175856
0.191195
0.210648
0.24234
0.539767
0.548806
0.550286
0.552611
0.55513
0.557449
0.559333
0.560681
0.561533
0.562017
0.562271
0.562395
0.562453
0.56248
0.562491
0.562496
0.562498
0.562499
0.562499
0.562499
0.562485
0.562494
0.562498
0.5625
0.5625
0.5625
0.5625
0.5625
0.5625
0.5625
0.134662
0.139648
0.146203
0.154301
0.163973
0.175361
0.188839
0.205275
0.227202
0.266265
0.548806
0.562154
0.562336
0.562373
0.562411
0.562444
0.562468
0.562483
0.562491
0.562496
0.562498
0.562499
0.5625
0.5625
0.5625
0.5625
0.5625
0.5625
0.5625
0.5625
0.562495
0.562498
0.562499
0.5625
0.5625
0.5625
0.5625
0.5625
0.5625
0.5625
0.146322
0.15135
0.157948
0.166102
0.175894
0.18754
0.201524
0.218981
0.24336
0.290454
0.550286
0.562336
0.562497
0.562499
0.562499
0.5625
0.5625
0.5625
0.5625
0.5625
0.5625
0.5625
0.5625
0.5625
0.5625
0.5625
0.5625
0.5625
0.5625
0.5625
0.562498
0.562499
0.5625
0.5625
0.5625
0.5625
0.5625
0.5625
0.5625
0.5625
0.157667
0.162755
0.1694
0.177619
0.187538
0.199433
0.213902
0.232411
0.259706
0.31645
0.552611
0.562373
0.562499
0.5625
0.5625
0.5625
0.5625
0.5625
0.5625
0.5625
0.5625
0.5625
0.5625
0.5625
0.5625
0.5625
0.5625
0.5625
0.5625
0.5625
0.5625
0.5625
0.5625
0.5625
0.5625
0.5625
0.5625
0.5625
0.5625
0.5625
0.168692
0.173864
0.180574
0.188872
0.198921
0.211063
0.226038
0.245795
0.276804
0.34553
0.55513
0.562411
0.562499
0.5625
0.5625
0.5625
0.5625
0.5625
0.5625
0.5625
0.5625
0.5625
0.5625
0.5625
0.5625
0.5625
0.5625
0.5625
0.5625
0.5625
0.5625
0.5625
0.5625
0.5625
0.5625
0.5625
0.5625
0.5625
0.5625
0.5625
0.179445
0.184724
0.191515
0.199901
0.210086
0.222489
0.238058
0.259538
0.295186
0.3788
0.557449
0.562444
0.5625
0.5625
0.5625
0.5625
0.5625
0.5625
0.5625
0.5625
0.5625
0.5625
0.5625
0.5625
0.5625
0.5625
0.5625
0.5625
0.5625
0.5625
0.5625
0.5625
0.5625
0.5625
0.5625
0.5625
0.5625
0.5625
0.5625
0.5625
0.189987
0.195394
0.202281
0.210764
0.221096
0.233803
0.250174
0.274024
0.315666
0.416354
0.559333
0.562468
0.5625
0.5625
0.5625
0.5625
0.5625
0.5625
0.5625
0.5625
0.5625
0.5625
0.5625
0.5625
0.5625
0.5625
0.5625
0.5625
0.5625
0.5625
0.5625
0.5625
0.5625
0.5625
0.5625
0.5625
0.5625
0.5625
0.5625
0.5625
0.200385
0.205942
0.212938
0.221527
0.232032
0.24515
0.26278
0.289675
0.339416
0.455875
0.560681
0.562483
0.5625
0.5625
0.5625
0.5625
0.5625
0.5625
0.5625
0.5625
0.5625
0.5625
0.5625
0.5625
0.5625
0.5625
0.5625
0.5625
0.5625
0.5625
0.5625
0.5625
0.5625
0.5625
0.5625
0.5625
0.5625
0.5625
0.5625
0.5625
0.210715
0.216445
0.223563
0.232278
0.243017
0.256783
0.276242
0.307165
0.367884
0.492373
0.561533
0.562491
0.5625
0.5625
0.5625
0.5625
0.5625
0.5625
0.5625
0.5625
0.5625
0.5625
0.5625
0.5625
0.5625
0.5625
0.5625
0.5625
0.5625
0.5625
0.5625
0.5625
0.5625
0.5625
0.5625
0.5625
0.5625
0.5625
0.5625
0.5625
0.221065
0.226991
0.234252
0.243136
0.254255
0.269163
0.290983
0.327485
0.402157
0.520975
0.562017
0.562496
0.5625
0.5625
0.5625
0.5625
0.5625
0.5625
0.5625
0.5625
0.5625
0.5625
0.5625
0.5625
0.5625
0.5625
0.5625
0.5625
0.5625
0.5625
0.5625
0.5625
0.5625
0.5625
0.5625
0.5625
0.5625
0.5625
0.5625
0.5625
0.231542
0.237697
0.245144
0.25431
0.266177
0.282668
0.307686
0.351991
0.441368
0.540102
0.562271
0.562498
0.5625
0.5625
0.5625
0.5625
0.5625
0.5625
0.5625
0.5625
0.5625
0.5625
0.5625
0.5625
0.5625
0.5625
0.5625
0.5625
0.5625
0.5625
0.5625
0.5625
0.5625
0.5625
0.5625
0.5625
0.5625
0.5625
0.5625
0.5625
0.242307
0.248749
0.256492
0.26625
0.279279
0.297852
0.327387
0.382228
0.481004
0.551296
0.562395
0.562499
0.5625
0.5625
0.5625
0.5625
0.5625
0.5625
0.5625
0.5625
0.5625
0.5625
0.5625
0.5625
0.5625
0.5625
0.5625
0.5625
0.5625
0.5625
0.5625
0.5625
0.5625
0.5625
0.5625
0.5625
0.5625
0.5625
0.5625
0.5625
0.253642
0.260514
0.268861
0.279558
0.294108
0.315621
0.351564
0.418972
0.514313
0.55719
0.562453
0.5625
0.5625
0.5625
0.5625
0.5625
0.5625
0.5625
0.5625
0.5625
0.5625
0.5625
0.5625
0.5625
0.5625
0.5625
0.5625
0.5625
0.5625
0.5625
0.5625
0.5625
0.5625
0.5625
0.5625
0.5625
0.5625
0.5625
0.5625
0.5625
0.266176
0.273732
0.282935
0.294896
0.311626
0.337398
0.38205
0.460082
0.537162
0.560067
0.56248
0.5625
0.5625
0.5625
0.5625
0.5625
0.5625
0.5625
0.5625
0.5625
0.5625
0.5625
0.5625
0.5625
0.5625
0.5625
0.5625
0.5625
0.5625
0.5625
0.5625
0.5625
0.5625
0.5625
0.5625
0.5625
0.5625
0.5625
0.5625
0.5625
0.280692
0.289196
0.299635
0.313478
0.333452
0.365292
0.420134
0.499091
0.550277
0.561402
0.562491
0.5625
0.5625
0.5625
0.5625
0.5625
0.5625
0.5625
0.5625
0.5625
0.5625
0.5625
0.5625
0.5625
0.5625
0.5625
0.5625
0.5625
0.5625
0.5625
0.5625
0.5625
0.5625
0.5625
0.5625
0.5625
0.5625
0.5625
0.5625
0.5625
0.298361
0.308309
0.320675
0.337427
0.362189
0.40185
0.463904
0.528709
0.556885
0.562003
0.562496
0.5625
0.5625
0.5625
0.5625
0.5625
0.5625
0.5625
0.5625
0.5625
0.5625
0.5625
0.5625
0.5625
0.5625
0.5625
0.5625
0.5625
0.5625
0.5625
0.5625
0.5625
0.5625
0.5625
0.5625
0.5625
0.5625
0.5625
0.5625
0.5625
0.321426
0.333677
0.34911
0.370256
0.401349
0.447816
0.505588
0.546623
0.55996
0.562267
0.562498
0.5625
0.5625
0.5625
0.5625
0.5625
0.5625
0.5625
0.5625
0.5625
0.5625
0.5625
0.5625
0.5625
0.5625
0.5625
0.5625
0.5625
0.5625
0.5625
0.5625
0.5625
0.5625
0.5625
0.5625
0.5625
0.5625
0.5625
0.5625
0.5625
0.35395
0.369779
0.389684
0.416252
0.452255
0.49647
0.535715
0.555644
0.561335
0.562382
0.562499
0.5625
0.5625
0.5625
0.5625
0.5625
0.5625
0.5625
0.5625
0.5625
0.5625
0.5625
0.5625
0.5625
0.5625
0.5625
0.5625
0.5625
0.5625
0.5625
0.5625
0.5625
0.5625
0.5625
0.5625
0.5625
0.5625
0.5625
0.5625
0.5625
0.401823
0.421806
0.445558
0.473816
0.505092
0.533574
0.551941
0.559683
0.561945
0.562432
0.562499
0.5625
0.5625
0.5625
0.5625
0.5625
0.5625
0.5625
0.5625
0.5625
0.5625
0.5625
0.5625
0.5625
0.5625
0.5625
0.5625
0.5625
0.5625
0.5625
0.5625
0.5625
0.5625
0.5625
0.5625
0.5625
0.5625
0.5625
0.5625
0.5625
0.46552
0.485085
0.505142
0.524498
0.541033
0.552614
0.558842
0.561389
0.562225
0.562452
0.562499
0.5625
0.5625
0.5625
0.5625
0.5625
0.5625
0.5625
0.5625
0.5625
0.5625
0.5625
0.5625
0.5625
0.5625
0.5625
0.5625
0.5625
0.5625
0.5625
0.5625
0.5625
0.5625
0.5625
0.5625
0.5625
0.5625
0.5625
0.5625
0.5625
0.523175
0.534066
0.543467
0.550981
0.556358
0.559666
0.561363
0.562093
0.562367
0.562461
0.562485
0.562495
0.562498
0.5625
0.5625
0.5625
0.5625
0.5625
0.5625
0.5625
0.5625
0.5625
0.5625
0.5625
0.5625
0.5625
0.5625
0.5625
0.5625
0.5625
0.5625
0.5625
0.5625
0.5625
0.5625
0.5625
0.5625
0.5625
0.5625
0.5625
0.551805
0.55517
0.557812
0.559741
0.561028
0.561792
0.56219
0.562374
0.562451
0.562482
0.562494
0.562498
0.562499
0.5625
0.5625
0.5625
0.5625
0.5625
0.5625
0.5625
0.5625
0.5625
0.5625
0.5625
0.5625
0.5625
0.5625
0.5625
0.5625
0.5625
0.5625
0.5625
0.5625
0.5625
0.5625
0.5625
0.5625
0.5625
0.5625
0.5625
0.560267
0.560994
0.561546
0.561938
0.562194
0.562346
0.562428
0.562468
0.562486
0.562495
0.562498
0.562499
0.5625
0.5625
0.5625
0.5625
0.5625
0.5625
0.5625
0.5625
0.5625
0.5625
0.5625
0.5625
0.5625
0.5625
0.5625
0.5625
0.5625
0.5625
0.5625
0.5625
0.5625
0.5625
0.5625
0.5625
0.5625
0.5625
0.5625
0.5625
0.562112
0.562239
0.562334
0.562401
0.562445
0.562471
0.562486
0.562493
0.562497
0.562499
0.5625
0.5625
0.5625
0.5625
0.5625
0.5625
0.5625
0.5625
0.5625
0.5625
0.5625
0.5625
0.5625
0.5625
0.5625
0.5625
0.5625
0.5625
0.5625
0.5625
0.5625
0.5625
0.5625
0.5625
0.5625
0.5625
0.5625
0.5625
0.5625
0.5625
0.562443
0.562462
0.562476
0.562485
0.562492
0.562496
0.562498
0.562499
0.5625
0.5625
0.5625
0.5625
0.5625
0.5625
0.5625
0.5625
0.5625
0.5625
0.5625
0.5625
0.5625
0.5625
0.5625
0.5625
0.5625
0.5625
0.5625
0.5625
0.5625
0.5625
0.5625
0.5625
0.5625
0.5625
0.5625
0.5625
0.5625
0.5625
0.5625
0.5625
0.562493
0.562495
0.562497
0.562498
0.562499
0.562499
0.5625
0.5625
0.5625
0.5625
0.5625
0.5625
0.5625
0.5625
0.5625
0.5625
0.5625
0.5625
0.5625
0.5625
0.5625
0.5625
0.5625
0.5625
0.5625
0.5625
0.5625
0.5625
0.5625
0.5625
0.5625
0.5625
0.5625
0.5625
0.5625
0.5625
0.5625
0.5625
0.5625
0.5625
0.562499
0.5625
0.5625
0.5625
0.5625
0.5625
0.5625
0.5625
0.5625
0.5625
0.5625
0.5625
0.5625
0.5625
0.5625
0.5625
0.5625
0.5625
0.5625
0.5625
0.5625
0.5625
0.5625
0.5625
0.5625
0.5625
0.5625
0.5625
0.5625
0.5625
0.5625
0.5625
0.5625
0.5625
0.5625
0.5625
0.5625
0.5625
0.5625
0.5625
0.5625
0.5625
0.5625
0.5625
0.5625
0.5625
0.5625
0.5625
0.5625
0.5625
0.5625
0.5625
0.5625
0.5625
0.5625
0.5625
0.5625
0.5625
0.5625
0.5625
0.5625
0.5625
0.5625
0.5625
0.5625
0.5625
0.5625
0.5625
0.5625
0.5625
0.5625
0.5625
0.5625
0.5625
0.5625
0.5625
0.5625
0.5625
0.5625
0.5625
0.5625
0.5625
0.5625
0.5625
0.5625
0.5625
0.5625
0.5625
0.5625
0.5625
0.5625
0.5625
0.5625
0.5625
0.5625
0.5625
0.5625
0.5625
0.5625
0.5625
0.5625
0.5625
0.5625
0.5625
0.5625
0.5625
0.5625
0.5625
0.5625
0.5625
0.5625
0.5625
0.5625
0.5625
0.5625
0.5625
0.5625
0.5625
0.5625
0.5625
0.5625
0.5625
0.5625
0.5625
0.5625
0.5625
0.5625
0.5625
0.5625
0.5625
0.5625
0.5625
0.5625
0.5625
0.5625
0.5625
0.5625
0.5625
0.5625
0.5625
0.5625
0.5625
0.5625
0.5625
0.5625
0.5625
0.5625
0.5625
0.5625
0.5625
0.5625
0.5625
0.5625
0.5625
0.5625
0.5625
0.5625
0.5625
0.5625
0.5625
0.00331691
0.00716398
0.0135328
0.022105
0.032345
0.0437115
0.0557486
0.0681316
0.080609
0.0929559
0.105016
0.1167
0.127972
0.138838
0.149348
0.159535
0.169453
0.179172
0.188771
0.198346
0.208016
0.217939
0.228344
0.239537
0.251949
0.266291
0.283801
0.306793
0.339687
0.389834
0.459893
0.523634
0.553046
0.560771
0.562242
0.562469
0.562497
0.5625
0.5625
0.5625
0.00716099
0.0117794
0.0186258
0.0273891
0.0376356
0.048916
0.0608469
0.0731438
0.0855446
0.0978281
0.109842
0.121497
0.132756
0.143632
0.154165
0.164386
0.174352
0.184134
0.193814
0.203493
0.213298
0.2234
0.234051
0.245568
0.258426
0.273412
0.291927
0.3166
0.352392
0.406643
0.477336
0.533138
0.55571
0.561278
0.562319
0.562478
0.562498
0.5625
0.5625
0.5625
0.0135368
0.0186246
0.0257607
0.0345948
0.0447535
0.0558703
0.0676394
0.0797933
0.0920659
0.104244
0.116177
0.127773
0.138992
0.149856
0.160383
0.170608
0.180592
0.190406
0.200139
0.209898
0.219824
0.230113
0.241027
0.2529
0.266266
0.282019
0.301773
0.328575
0.36801
0.42669
0.495696
0.541649
0.557894
0.561682
0.562379
0.562485
0.562499
0.5625
0.5625
0.5625
0.0221049
0.0273864
0.0345937
0.0433592
0.0533494
0.0642696
0.0758627
0.0878533
0.0999881
0.112061
0.123921
0.135469
0.146667
0.157524
0.168046
0.178278
0.188282
0.198137
0.207941
0.217816
0.227927
0.238494
0.249773
0.262149
0.276238
0.293091
0.314623
0.344439
0.388675
0.451329
0.514413
0.548857
0.559588
0.561986
0.562424
0.562491
0.562499
0.5625
0.5625
0.5625
0.0323437
0.0376332
0.0447522
0.053349
0.0631354
0.0738681
0.0852866
0.0971309
0.109165
0.121188
0.133036
0.144596
0.155836
0.166729
0.177294
0.18758
0.197661
0.20763
0.217604
0.227734
0.238211
0.249247
0.261152
0.274387
0.289706
0.308409
0.332866
0.367364
0.417699
0.481153
0.532028
0.554473
0.560809
0.562199
0.562455
0.562494
0.562499
0.5625
0.5625
0.5625
0.0437105
0.0489144
0.0558693
0.0642692
0.0738679
0.0844246
0.0956991
0.107461
0.119493
0.131592
0.143569
0.155294
0.16669
0.17773
0.188449
0.198917
0.209227
0.219501
0.229896
0.240576
0.25175
0.263695
0.276815
0.291733
0.309468
0.331759
0.361612
0.40344
0.458781
0.513582
0.546292
0.558342
0.561607
0.562337
0.562475
0.562497
0.5625
0.5625
0.5625
0.5625
0.0557479
0.0608459
0.0676387
0.0758623
0.0852865
0.095699
0.106901
0.118703
0.130918
0.143337
0.155734
0.167881
0.179661
0.191079
0.202202
0.21314
0.224035
0.235041
0.246337
0.258151
0.270786
0.284674
0.300461
0.319149
0.342306
0.372281
0.411727
0.460292
0.508175
0.540599
0.555453
0.560607
0.56207
0.562418
0.562487
0.562498
0.5625
0.5625
0.5625
0.5625
0.0681312
0.0731431
0.0797928
0.087853
0.0971308
0.107461
0.118703
0.130738
0.143445
0.15666
0.170063
0.183136
0.195778
0.208072
0.22017
0.232249
0.24449
0.257123
0.270444
0.284866
0.30099
0.319698
0.34227
0.370407
0.405649
0.447308
0.489676
0.523767
0.544876
0.555373
0.559923
0.561721
0.562308
0.562461
0.562494
0.562499
0.5625
0.5625
0.5625
0.5625
0.0806087
0.0855442
0.0920656
0.0999878
0.109165
0.119493
0.130918
0.143445
0.157156
0.172144
0.188068
0.203251
0.21788
0.232301
0.246816
0.261716
0.277346
0.294199
0.313006
0.334821
0.361028
0.392954
0.430575
0.470464
0.505935
0.531606
0.54701
0.555042
0.558905
0.560738
0.561665
0.562201
0.562419
0.562483
0.562497
0.5625
0.5625
0.5625
0.5625
0.5625
0.0929557
0.0978278
0.104244
0.112061
0.121187
0.131592
0.143337
0.15666
0.172144
0.191191
0.216569
0.237469
0.257794
0.278719
0.30105
0.325612
0.35329
0.384808
0.420013
0.456778
0.490911
0.518385
0.537661
0.549592
0.556175
0.559484
0.561047
0.561757
0.56207
0.562202
0.562258
0.562392
0.562468
0.562493
0.562499
0.5625
0.5625
0.5625
0.5625
0.5625
0.105016
0.109841
0.116176
0.123921
0.133036
0.143569
0.155734
0.170063
0.188068
0.216569
0.533521
0.543665
0.544539
0.546708
0.54944
0.55231
0.555038
0.557414
0.559294
0.560631
0.561484
0.561981
0.562248
0.562383
0.562446
0.562475
0.562488
0.562494
0.562496
0.562496
0.562407
0.562462
0.562489
0.562498
0.5625
0.5625
0.5625
0.5625
0.5625
0.5625
0.1167
0.121496
0.127773
0.135469
0.144596
0.155294
0.16788
0.183136
0.203251
0.237469
0.543665
0.561921
0.5622
0.562242
0.562299
0.562355
0.562404
0.562441
0.562466
0.562482
0.562491
0.562496
0.562498
0.562499
0.5625
0.5625
0.5625
0.5625
0.5625
0.5625
0.562469
0.562488
0.562497
0.562499
0.5625
0.5625
0.5625
0.5625
0.5625
0.5625
0.127972
0.132756
0.138992
0.146667
0.155835
0.16669
0.179661
0.195778
0.21788
0.257794
0.544539
0.5622
0.562493
0.562497
0.562498
0.562498
0.562499
0.562499
0.5625
0.5625
0.5625
0.5625
0.5625
0.5625
0.5625
0.5625
0.5625
0.5625
0.5625
0.5625
0.562491
0.562496
0.562499
0.5625
0.5625
0.5625
0.5625
0.5625
0.5625
0.5625
0.138838
0.143632
0.149856
0.157524
0.166729
0.17773
0.191079
0.208072
0.232301
0.278719
0.546708
0.562242
0.562497
0.5625
0.5625
0.5625
0.5625
0.5625
0.5625
0.5625
0.5625
0.5625
0.5625
0.5625
0.5625
0.5625
0.5625
0.5625
0.5625
0.5625
0.562497
0.562499
0.5625
0.5625
0.5625
0.5625
0.5625
0.5625
0.5625
0.5625
0.149348
0.154165
0.160383
0.168046
0.177294
0.188449
0.202202
0.22017
0.246816
0.30105
0.54944
0.562299
0.562498
0.5625
0.5625
0.5625
0.5625
0.5625
0.5625
0.5625
0.5625
0.5625
0.5625
0.5625
0.5625
0.5625
0.5625
0.5625
0.5625
0.5625
0.562499
0.5625
0.5625
0.5625
0.5625
0.5625
0.5625
0.5625
0.5625
0.5625
0.159535
0.164386
0.170608
0.178278
0.18758
0.198917
0.213139
0.232249
0.261716
0.325612
0.55231
0.562355
0.562498
0.5625
0.5625
0.5625
0.5625
0.5625
0.5625
0.5625
0.5625
0.5625
0.5625
0.5625
0.5625
0.5625
0.5625
0.5625
0.5625
0.5625
0.5625
0.5625
0.5625
0.5625
0.5625
0.5625
0.5625
0.5625
0.5625
0.5625
0.169453
0.174352
0.180592
0.188282
0.197661
0.209227
0.224035
0.24449
0.277346
0.35329
0.555038
0.562404
0.562499
0.5625
0.5625
0.5625
0.5625
0.5625
0.5625
0.5625
0.5625
0.5625
0.5625
0.5625
0.5625
0.5625
0.5625
0.5625
0.5625
0.5625
0.5625
0.5625
0.5625
0.5625
0.5625
0.5625
0.5625
0.5625
0.5625
0.5625
0.179172
0.184134
0.190406
0.198137
0.20763
0.219501
0.235041
0.257123
0.294199
0.384808
0.557414
0.562441
0.562499
0.5625
0.5625
0.5625
0.5625
0.5625
0.5625
0.5625
0.5625
0.5625
0.5625
0.5625
0.5625
0.5625
0.5625
0.5625
0.5625
0.5625
0.5625
0.5625
0.5625
0.5625
0.5625
0.5625
0.5625
0.5625
0.5625
0.5625
0.188771
0.193814
0.200139
0.207941
0.217603
0.229896
0.246337
0.270444
0.313006
0.420013
0.559294
0.562466
0.5625
0.5625
0.5625
0.5625
0.5625
0.5625
0.5625
0.5625
0.5625
0.5625
0.5625
0.5625
0.5625
0.5625
0.5625
0.5625
0.5625
0.5625
0.5625
0.5625
0.5625
0.5625
0.5625
0.5625
0.5625
0.5625
0.5625
0.5625
0.198346
0.203493
0.209898
0.217816
0.227734
0.240576
0.258151
0.284866
0.334821
0.456778
0.560631
0.562482
0.5625
0.5625
0.5625
0.5625
0.5625
0.5625
0.5625
0.5625
0.5625
0.5625
0.5625
0.5625
0.5625
0.5625
0.5625
0.5625
0.5625
0.5625
0.5625
0.5625
0.5625
0.5625
0.5625
0.5625
0.5625
0.5625
0.5625
0.5625
0.208016
0.213298
0.219824
0.227927
0.23821
0.25175
0.270786
0.30099
0.361028
0.490911
0.561484
0.562491
0.5625
0.5625
0.5625
0.5625
0.5625
0.5625
0.5625
0.5625
0.5625
0.5625
0.5625
0.5625
0.5625
0.5625
0.5625
0.5625
0.5625
0.5625
0.5625
0.5625
0.5625
0.5625
0.5625
0.5625
0.5625
0.5625
0.5625
0.5625
0.217938
0.2234
0.230113
0.238494
0.249247
0.263695
0.284674
0.319698
0.392954
0.518385
0.561981
0.562496
0.5625
0.5625
0.5625
0.5625
0.5625
0.5625
0.5625
0.5625
0.5625
0.5625
0.5625
0.5625
0.5625
0.5625
0.5625
0.5625
0.5625
0.5625
0.5625
0.5625
0.5625
0.5625
0.5625
0.5625
0.5625
0.5625
0.5625
0.5625
0.228344
0.234051
0.241027
0.249773
0.261152
0.276814
0.300461
0.34227
0.430575
0.537661
0.562248
0.562498
0.5625
0.5625
0.5625
0.5625
0.5625
0.5625
0.5625
0.5625
0.5625
0.5625
0.5625
0.5625
0.5625
0.5625
0.5625
0.5625
0.5625
0.5625
0.5625
0.5625
0.5625
0.5625
0.5625
0.5625
0.5625
0.5625
0.5625
0.5625
0.239537
0.245568
0.2529
0.262149
0.274387
0.291733
0.319149
0.370407
0.470464
0.549592
0.562383
0.562499
0.5625
0.5625
0.5625
0.5625
0.5625
0.5625
0.5625
0.5625
0.5625
0.5625
0.5625
0.5625
0.5625
0.5625
0.5625
0.5625
0.5625
0.5625
0.5625
0.5625
0.5625
0.5625
0.5625
0.5625
0.5625
0.5625
0.5625
0.5625
0.251949
0.258426
0.266265
0.276238
0.289706
0.309468
0.342306
0.405649
0.505935
0.556175
0.562446
0.5625
0.5625
0.5625
0.5625
0.5625
0.5625
0.5625
0.5625
0.5625
0.5625
0.5625
0.5625
0.5625
0.5625
0.5625
0.5625
0.5625
0.5625
0.5625
0.5625
0.5625
0.5625
0.5625
0.5625
0.5625
0.5625
0.5625
0.5625
0.5625
0.266291
0.273412
0.282018
0.293091
0.308409
0.331759
0.372281
0.447308
0.531606
0.559484
0.562475
0.5625
0.5625
0.5625
0.5625
0.5625
0.5625
0.5625
0.5625
0.5625
0.5625
0.5625
0.5625
0.5625
0.5625
0.5625
0.5625
0.5625
0.5625
0.5625
0.5625
0.5625
0.5625
0.5625
0.5625
0.5625
0.5625
0.5625
0.5625
0.5625
0.283801
0.291927
0.301773
0.314623
0.332866
0.361612
0.411727
0.489676
0.54701
0.561047
0.562488
0.5625
0.5625
0.5625
0.5625
0.5625
0.5625
0.5625
0.5625
0.5625
0.5625
0.5625
0.5625
0.5625
0.5625
0.5625
0.5625
0.5625
0.5625
0.5625
0.5625
0.5625
0.5625
0.5625
0.5625
0.5625
0.5625
0.5625
0.5625
0.5625
0.306793
0.3166
0.328575
0.344439
0.367364
0.40344
0.460292
0.523767
0.555042
0.561757
0.562494
0.5625
0.5625
0.5625
0.5625
0.5625
0.5625
0.5625
0.5625
0.5625
0.5625
0.5625
0.5625
0.5625
0.5625
0.5625
0.5625
0.5625
0.5625
0.5625
0.5625
0.5625
0.5625
0.5625
0.5625
0.5625
0.5625
0.5625
0.5625
0.5625
0.339686
0.352392
0.36801
0.388675
0.417699
0.458781
0.508175
0.544876
0.558905
0.56207
0.562496
0.5625
0.5625
0.5625
0.5625
0.5625
0.5625
0.5625
0.5625
0.5625
0.5625
0.5625
0.5625
0.5625
0.5625
0.5625
0.5625
0.5625
0.5625
0.5625
0.5625
0.5625
0.5625
0.5625
0.5625
0.5625
0.5625
0.5625
0.5625
0.5625
0.389834
0.406643
0.42669
0.451329
0.481152
0.513582
0.540599
0.555373
0.560738
0.562202
0.562496
0.5625
0.5625
0.5625
0.5625
0.5625
0.5625
0.5625
0.5625
0.5625
0.5625
0.5625
0.5625
0.5625
0.5625
0.5625
0.5625
0.5625
0.5625
0.5625
0.5625
0.5625
0.5625
0.5625
0.5625
0.5625
0.5625
0.5625
0.5625
0.5625
0.459893
0.477336
0.495696
0.514413
0.532028
0.546292
0.555453
0.559923
0.561665
0.562258
0.562407
0.562469
0.562491
0.562497
0.562499
0.5625
0.5625
0.5625
0.5625
0.5625
0.5625
0.5625
0.5625
0.5625
0.5625
0.5625
0.5625
0.5625
0.5625
0.5625
0.5625
0.5625
0.5625
0.5625
0.5625
0.5625
0.5625
0.5625
0.5625
0.5625
0.523634
0.533138
0.541649
0.548857
0.554473
0.558342
0.560607
0.561721
0.562201
0.562392
0.562462
0.562488
0.562496
0.562499
0.5625
0.5625
0.5625
0.5625
0.5625
0.5625
0.5625
0.5625
0.5625
0.5625
0.5625
0.5625
0.5625
0.5625
0.5625
0.5625
0.5625
0.5625
0.5625
0.5625
0.5625
0.5625
0.5625
0.5625
0.5625
0.5625
0.553046
0.55571
0.557894
0.559588
0.560809
0.561607
0.56207
0.562308
0.562419
0.562468
0.562489
0.562497
0.562499
0.5625
0.5625
0.5625
0.5625
0.5625
0.5625
0.5625
0.5625
0.5625
0.5625
0.5625
0.5625
0.5625
0.5625
0.5625
0.5625
0.5625
0.5625
0.5625
0.5625
0.5625
0.5625
0.5625
0.5625
0.5625
0.5625
0.5625
0.560771
0.561278
0.561682
0.561986
0.562199
0.562337
0.562418
0.562461
0.562483
0.562493
0.562498
0.562499
0.5625
0.5625
0.5625
0.5625
0.5625
0.5625
0.5625
0.5625
0.5625
0.5625
0.5625
0.5625
0.5625
0.5625
0.5625
0.5625
0.5625
0.5625
0.5625
0.5625
0.5625
0.5625
0.5625
0.5625
0.5625
0.5625
0.5625
0.5625
0.562242
0.562319
0.562379
0.562424
0.562455
0.562475
0.562487
0.562494
0.562497
0.562499
0.5625
0.5625
0.5625
0.5625
0.5625
0.5625
0.5625
0.5625
0.5625
0.5625
0.5625
0.5625
0.5625
0.5625
0.5625
0.5625
0.5625
0.5625
0.5625
0.5625
0.5625
0.5625
0.5625
0.5625
0.5625
0.5625
0.5625
0.5625
0.5625
0.5625
0.562469
0.562478
0.562485
0.562491
0.562494
0.562497
0.562498
0.562499
0.5625
0.5625
0.5625
0.5625
0.5625
0.5625
0.5625
0.5625
0.5625
0.5625
0.5625
0.5625
0.5625
0.5625
0.5625
0.5625
0.5625
0.5625
0.5625
0.5625
0.5625
0.5625
0.5625
0.5625
0.5625
0.5625
0.5625
0.5625
0.5625
0.5625
0.5625
0.5625
0.562497
0.562498
0.562499
0.562499
0.562499
0.5625
0.5625
0.5625
0.5625
0.5625
0.5625
0.5625
0.5625
0.5625
0.5625
0.5625
0.5625
0.5625
0.5625
0.5625
0.5625
0.5625
0.5625
0.5625
0.5625
0.5625
0.5625
0.5625
0.5625
0.5625
0.5625
0.5625
0.5625
0.5625
0.5625
0.5625
0.5625
0.5625
0.5625
0.5625
0.5625
0.5625
0.5625
0.5625
0.5625
0.5625
0.5625
0.5625
0.5625
0.5625
0.5625
0.5625
0.5625
0.5625
0.5625
0.5625
0.5625
0.5625
0.5625
0.5625
0.5625
0.5625
0.5625
0.5625
0.5625
0.5625
0.5625
0.5625
0.5625
0.5625
0.5625
0.5625
0.5625
0.5625
0.5625
0.5625
0.5625
0.5625
0.5625
0.5625
0.5625
0.5625
0.5625
0.5625
0.5625
0.5625
0.5625
0.5625
0.5625
0.5625
0.5625
0.5625
0.5625
0.5625
0.5625
0.5625
0.5625
0.5625
0.5625
0.5625
0.5625
0.5625
0.5625
0.5625
0.5625
0.5625
0.5625
0.5625
0.5625
0.5625
0.5625
0.5625
0.5625
0.5625
0.5625
0.5625
0.5625
0.5625
0.5625
0.5625
0.5625
0.5625
0.5625
0.5625
0.5625
0.5625
0.5625
0.5625
0.5625
0.5625
0.5625
0.5625
0.5625
0.5625
0.5625
0.5625
0.5625
0.5625
0.5625
0.5625
0.5625
0.5625
0.5625
0.5625
0.5625
0.5625
0.5625
0.5625
0.5625
0.5625
0.5625
0.5625
0.5625
0.5625
0.5625
0.5625
0.5625
0.5625
0.5625
0.5625
0.000254743
0.00187504
0.00633488
0.0135782
0.0229435
0.033737
0.045374
0.0574272
0.069622
0.081752
0.0936451
0.105195
0.116351
0.127107
0.137486
0.147535
0.157308
0.166869
0.176296
0.185676
0.195117
0.204752
0.214755
0.225358
0.236905
0.249932
0.26532
0.284645
0.31094
0.350051
0.410333
0.486277
0.539589
0.557933
0.561797
0.562413
0.562492
0.562499
0.5625
0.5625
0.00186985
0.00499944
0.0105702
0.0183726
0.0279439
0.0387536
0.0503279
0.0623084
0.07445
0.0865328
0.0983866
0.109906
0.121043
0.131791
0.14217
0.152232
0.162026
0.17162
0.181091
0.190532
0.200053
0.209796
0.219942
0.230737
0.242552
0.255964
0.271934
0.292219
0.320225
0.362369
0.42624
0.499924
0.545066
0.559136
0.561988
0.562437
0.562494
0.5625
0.5625
0.5625
0.00633918
0.0105732
0.0169045
0.025087
0.0347519
0.0454901
0.0569321
0.0687941
0.0808354
0.0928296
0.104609
0.116069
0.127158
0.137866
0.14822
0.158262
0.168046
0.177642
0.187129
0.196605
0.206185
0.21602
0.226297
0.237281
0.24937
0.26319
0.279807
0.301213
0.331292
0.377078
0.444389
0.513548
0.549882
0.560139
0.562144
0.562456
0.562496
0.5625
0.5625
0.5625
0.0135827
0.0183753
0.0250877
0.0334198
0.0430474
0.0536472
0.0649362
0.0766727
0.0886034
0.100507
0.112218
0.123624
0.13467
0.145344
0.155673
0.165697
0.175473
0.185074
0.194587
0.204114
0.213782
0.223744
0.234203
0.245447
0.257907
0.272273
0.289763
0.312686
0.345544
0.395842
0.46554
0.526778
0.553939
0.560937
0.562266
0.562471
0.562497
0.5625
0.5625
0.5625
0.0229463
0.0279456
0.0347525
0.0430476
0.0525429
0.0629812
0.0741375
0.0857644
0.0976166
0.109478
0.121176
0.132584
0.143638
0.154325
0.164668
0.174713
0.184525
0.194185
0.203789
0.213451
0.223303
0.233514
0.244311
0.256012
0.269097
0.284367
0.303268
0.328563
0.365485
0.421136
0.489874
0.538891
0.557157
0.561537
0.562356
0.562482
0.562498
0.5625
0.5625
0.5625
0.0337386
0.0387546
0.0454905
0.0536474
0.0629812
0.0732862
0.0843406
0.0959123
0.107775
0.119713
0.131528
0.143064
0.154241
0.165045
0.175505
0.185679
0.195645
0.205501
0.215354
0.225332
0.235591
0.24633
0.257816
0.270425
0.284752
0.301802
0.323389
0.352891
0.395946
0.455924
0.515791
0.548863
0.559493
0.561954
0.562417
0.56249
0.562499
0.5625
0.5625
0.5625
0.0453749
0.0503284
0.0569324
0.0649362
0.0741375
0.0843406
0.0953515
0.106978
0.119022
0.131266
0.143462
0.15537
0.166891
0.178019
0.188807
0.199339
0.209717
0.220054
0.230488
0.241184
0.252345
0.264236
0.277223
0.291859
0.309013
0.33011
0.357513
0.394784
0.444592
0.499345
0.538585
0.555792
0.560987
0.562217
0.562456
0.562494
0.562499
0.5625
0.5625
0.5625
0.0574277
0.0623087
0.0687943
0.0766727
0.0857644
0.0959123
0.106978
0.118835
0.131354
0.144347
0.157473
0.170236
0.182524
0.194395
0.205961
0.217347
0.228695
0.240166
0.251957
0.264317
0.277582
0.292238
0.308994
0.328895
0.353426
0.384388
0.422891
0.466702
0.507923
0.537323
0.553006
0.559646
0.56181
0.562364
0.562478
0.562497
0.5625
0.5625
0.5625
0.5625
0.0696223
0.0744502
0.0808355
0.0886034
0.0976166
0.107775
0.119022
0.131354
0.144825
0.159479
0.174964
0.189624
0.203612
0.217212
0.230669
0.244205
0.258047
0.272463
0.287838
0.30475
0.324056
0.34694
0.374767
0.408391
0.446545
0.484405
0.515603
0.536858
0.549259
0.55586
0.55937
0.561397
0.562208
0.56244
0.56249
0.562499
0.5625
0.5625
0.5625
0.5625
0.0817522
0.0865329
0.0928296
0.100507
0.109478
0.119713
0.131266
0.144347
0.159479
0.177942
0.202083
0.221598
0.240184
0.258907
0.278393
0.29921
0.321985
0.347415
0.376115
0.408181
0.442424
0.475938
0.505133
0.527625
0.542978
0.55225
0.557252
0.559726
0.560876
0.561375
0.561598
0.562104
0.562386
0.562476
0.562496
0.562499
0.5625
0.5625
0.5625
0.5625
0.0936452
0.0983866
0.104609
0.112218
0.121176
0.131528
0.143462
0.157473
0.174964
0.202083
0.529486
0.540208
0.540569
0.542473
0.545136
0.548115
0.551136
0.553991
0.556509
0.558561
0.560089
0.561121
0.561759
0.562123
0.562316
0.562412
0.562457
0.562477
0.562485
0.562486
0.562155
0.562362
0.562461
0.562492
0.562499
0.5625
0.5625
0.5625
0.5625
0.5625
0.105195
0.109907
0.116069
0.123624
0.132584
0.143064
0.15537
0.170236
0.189624
0.221598
0.540208
0.561727
0.56208
0.562121
0.562185
0.562257
0.562325
0.562382
0.562425
0.562456
0.562475
0.562487
0.562494
0.562497
0.562499
0.562499
0.5625
0.5625
0.5625
0.5625
0.562387
0.562456
0.562488
0.562497
0.5625
0.5625
0.5625
0.5625
0.5625
0.5625
0.116351
0.121044
0.127158
0.13467
0.143637
0.154241
0.166891
0.182524
0.203612
0.240184
0.540569
0.56208
0.56249
0.562495
0.562496
0.562497
0.562498
0.562499
0.562499
0.5625
0.5625
0.5625
0.5625
0.5625
0.5625
0.5625
0.5625
0.5625
0.5625
0.5625
0.562466
0.562487
0.562496
0.562499
0.5625
0.5625
0.5625
0.5625
0.5625
0.5625
0.127107
0.131791
0.137866
0.145344
0.154325
0.165045
0.178019
0.194395
0.217212
0.258908
0.542473
0.562121
0.562495
0.5625
0.5625
0.5625
0.5625
0.5625
0.5625
0.5625
0.5625
0.5625
0.5625
0.5625
0.5625
0.5625
0.5625
0.5625
0.5625
0.5625
0.562491
0.562496
0.562499
0.5625
0.5625
0.5625
0.5625
0.5625
0.5625
0.5625
0.137486
0.14217
0.14822
0.155673
0.164668
0.175505
0.188807
0.205961
0.230669
0.278393
0.545136
0.562185
0.562496
0.5625
0.5625
0.5625
0.5625
0.5625
0.5625
0.5625
0.5625
0.5625
0.5625
0.5625
0.5625
0.5625
0.5625
0.5625
0.5625
0.5625
0.562498
0.562499
0.5625
0.5625
0.5625
0.5625
0.5625
0.5625
0.5625
0.5625
0.147535
0.152232
0.158262
0.165697
0.174713
0.185679
0.199339
0.217347
0.244205
0.29921
0.548115
0.562257
0.562497
0.5625
0.5625
0.5625
0.5625
0.5625
0.5625
0.5625
0.5625
0.5625
0.5625
0.5625
0.5625
0.5625
0.5625
0.5625
0.5625
0.5625
0.562499
0.5625
0.5625
0.5625
0.5625
0.5625
0.5625
0.5625
0.5625
0.5625
0.157308
0.162026
0.168046
0.175473
0.184525
0.195645
0.209717
0.228695
0.258047
0.321985
0.551136
0.562325
0.562498
0.5625
0.5625
0.5625
0.5625
0.5625
0.5625
0.5625
0.5625
0.5625
0.5625
0.5625
0.5625
0.5625
0.5625
0.5625
0.5625
0.5625
0.5625
0.5625
0.5625
0.5625
0.5625
0.5625
0.5625
0.5625
0.5625
0.5625
0.166869
0.17162
0.177642
0.185074
0.194185
0.205501
0.220054
0.240166
0.272463
0.347415
0.553991
0.562382
0.562499
0.5625
0.5625
0.5625
0.5625
0.5625
0.5625
0.5625
0.5625
0.5625
0.5625
0.5625
0.5625
0.5625
0.5625
0.5625
0.5625
0.5625
0.5625
0.5625
0.5625
0.5625
0.5625
0.5625
0.5625
0.5625
0.5625
0.5625
0.176296
0.181091
0.187129
0.194587
0.203789
0.215354
0.230488
0.251957
0.287838
0.376115
0.556509
0.562425
0.562499
0.5625
0.5625
0.5625
0.5625
0.5625
0.5625
0.5625
0.5625
0.5625
0.5625
0.5625
0.5625
0.5625
0.5625
0.5625
0.5625
0.5625
0.5625
0.5625
0.5625
0.5625
0.5625
0.5625
0.5625
0.5625
0.5625
0.5625
0.185676
0.190532
0.196605
0.204114
0.213451
0.225332
0.241184
0.264317
0.30475
0.408181
0.558561
0.562456
0.5625
0.5625
0.5625
0.5625
0.5625
0.5625
0.5625
0.5625
0.5625
0.5625
0.5625
0.5625
0.5625
0.5625
0.5625
0.5625
0.5625
0.5625
0.5625
0.5625
0.5625
0.5625
0.5625
0.5625
0.5625
0.5625
0.5625
0.5625
0.195117
0.200053
0.206185
0.213782
0.223303
0.235591
0.252345
0.277582
0.324056
0.442424
0.560089
0.562475
0.5625
0.5625
0.5625
0.5625
0.5625
0.5625
0.5625
0.5625
0.5625
0.5625
0.5625
0.5625
0.5625
0.5625
0.5625
0.5625
0.5625
0.5625
0.5625
0.5625
0.5625
0.5625
0.5625
0.5625
0.5625
0.5625
0.5625
0.5625
0.204752
0.209796
0.21602
0.223744
0.233514
0.24633
0.264236
0.292238
0.34694
0.475938
0.561121
0.562487
0.5625
0.5625
0.5625
0.5625
0.5625
0.5625
0.5625
0.5625
0.5625
0.5625
0.5625
0.5625
0.5625
0.5625
0.5625
0.5625
0.5625
0.5625
0.5625
0.5625
0.5625
0.5625
0.5625
0.5625
0.5625
0.5625
0.5625
0.5625
0.214755
0.219942
0.226297
0.234203
0.244311
0.257816
0.277223
0.308994
0.374767
0.505133
0.561759
0.562494
0.5625
0.5625
0.5625
0.5625
0.5625
0.5625
0.5625
0.5625
0.5625
0.5625
0.5625
0.5625
0.5625
0.5625
0.5625
0.5625
0.5625
0.5625
0.5625
0.5625
0.5625
0.5625
0.5625
0.5625
0.5625
0.5625
0.5625
0.5625
0.225358
0.230737
0.237281
0.245447
0.256012
0.270425
0.291859
0.328895
0.408391
0.527625
0.562123
0.562497
0.5625
0.5625
0.5625
0.5625
0.5625
0.5625
0.5625
0.5625
0.5625
0.5625
0.5625
0.5625
0.5625
0.5625
0.5625
0.5625
0.5625
0.5625
0.5625
0.5625
0.5625
0.5625
0.5625
0.5625
0.5625
0.5625
0.5625
0.5625
0.236905
0.242552
0.24937
0.257907
0.269097
0.284752
0.309013
0.353426
0.446545
0.542978
0.562316
0.562499
0.5625
0.5625
0.5625
0.5625
0.5625
0.5625
0.5625
0.5625
0.5625
0.5625
0.5625
0.5625
0.5625
0.5625
0.5625
0.5625
0.5625
0.5625
0.5625
0.5625
0.5625
0.5625
0.5625
0.5625
0.5625
0.5625
0.5625
0.5625
0.249932
0.255964
0.26319
0.272273
0.284367
0.301802
0.33011
0.384388
0.484405
0.55225
0.562412
0.562499
0.5625
0.5625
0.5625
0.5625
0.5625
0.5625
0.5625
0.5625
0.5625
0.5625
0.5625
0.5625
0.5625
0.5625
0.5625
0.5625
0.5625
0.5625
0.5625
0.5625
0.5625
0.5625
0.5625
0.5625
0.5625
0.5625
0.5625
0.5625
0.26532
0.271934
0.279807
0.289763
0.303268
0.323389
0.357513
0.422891
0.515603
0.557252
0.562457
0.5625
0.5625
0.5625
0.5625
0.5625
0.5625
0.5625
0.5625
0.5625
0.5625
0.5625
0.5625
0.5625
0.5625
0.5625
0.5625
0.5625
0.5625
0.5625
0.5625
0.5625
0.5625
0.5625
0.5625
0.5625
0.5625
0.5625
0.5625
0.5625
0.284645
0.292219
0.301213
0.312686
0.328563
0.352891
0.394784
0.466701
0.536858
0.559726
0.562477
0.5625
0.5625
0.5625
0.5625
0.5625
0.5625
0.5625
0.5625
0.5625
0.5625
0.5625
0.5625
0.5625
0.5625
0.5625
0.5625
0.5625
0.5625
0.5625
0.5625
0.5625
0.5625
0.5625
0.5625
0.5625
0.5625
0.5625
0.5625
0.5625
0.31094
0.320225
0.331292
0.345544
0.365485
0.395946
0.444592
0.507923
0.549259
0.560876
0.562485
0.5625
0.5625
0.5625
0.5625
0.5625
0.5625
0.5625
0.5625
0.5625
0.5625
0.5625
0.5625
0.5625
0.5625
0.5625
0.5625
0.5625
0.5625
0.5625
0.5625
0.5625
0.5625
0.5625
0.5625
0.5625
0.5625
0.5625
0.5625
0.5625
0.350051
0.362369
0.377078
0.395842
0.421136
0.455924
0.499345
0.537322
0.55586
0.561375
0.562486
0.5625
0.5625
0.5625
0.5625
0.5625
0.5625
0.5625
0.5625
0.5625
0.5625
0.5625
0.5625
0.5625
0.5625
0.5625
0.5625
0.5625
0.5625
0.5625
0.5625
0.5625
0.5625
0.5625
0.5625
0.5625
0.5625
0.5625
0.5625
0.5625
0.410333
0.426239
0.444389
0.46554
0.489874
0.515791
0.538585
0.553006
0.55937
0.561598
0.562155
0.562387
0.562466
0.562491
0.562498
0.562499
0.5625
0.5625
0.5625
0.5625
0.5625
0.5625
0.5625
0.5625
0.5625
0.5625
0.5625
0.5625
0.5625
0.5625
0.5625
0.5625
0.5625
0.5625
0.5625
0.5625
0.5625
0.5625
0.5625
0.5625
0.486277
0.499924
0.513548
0.526778
0.538891
0.548863
0.555792
0.559646
0.561397
0.562104
0.562362
0.562456
0.562487
0.562496
0.562499
0.5625
0.5625
0.5625
0.5625
0.5625
0.5625
0.5625
0.5625
0.5625
0.5625
0.5625
0.5625
0.5625
0.5625
0.5625
0.5625
0.5625
0.5625
0.5625
0.5625
0.5625
0.5625
0.5625
0.5625
0.5625
0.539589
0.545066
0.549882
0.553939
0.557157
0.559493
0.560987
0.56181
0.562208
0.562386
0.562461
0.562488
0.562496
0.562499
0.5625
0.5625
0.5625
0.5625
0.5625
0.5625
0.5625
0.5625
0.5625
0.5625
0.5625
0.5625
0.5625
0.5625
0.5625
0.5625
0.5625
0.5625
0.5625
0.5625
0.5625
0.5625
0.5625
0.5625
0.5625
0.5625
0.557933
0.559136
0.560139
0.560937
0.561537
0.561954
0.562217
0.562364
0.56244
0.562476
0.562492
0.562497
0.562499
0.5625
0.5625
0.5625
0.5625
0.5625
0.5625
0.5625
0.5625
0.5625
0.5625
0.5625
0.5625
0.5625
0.5625
0.5625
0.5625
0.5625
0.5625
0.5625
0.5625
0.5625
0.5625
0.5625
0.5625
0.5625
0.5625
0.5625
0.561797
0.561988
0.562144
0.562266
0.562356
0.562417
0.562456
0.562478
0.56249
0.562496
0.562499
0.5625
0.5625
0.5625
0.5625
0.5625
0.5625
0.5625
0.5625
0.5625
0.5625
0.5625
0.5625
0.5625
0.5625
0.5625
0.5625
0.5625
0.5625
0.5625
0.5625
0.5625
0.5625
0.5625
0.5625
0.5625
0.5625
0.5625
0.5625
0.5625
0.562413
0.562437
0.562456
0.562471
0.562482
0.56249
0.562494
0.562497
0.562499
0.562499
0.5625
0.5625
0.5625
0.5625
0.5625
0.5625
0.5625
0.5625
0.5625
0.5625
0.5625
0.5625
0.5625
0.5625
0.5625
0.5625
0.5625
0.5625
0.5625
0.5625
0.5625
0.5625
0.5625
0.5625
0.5625
0.5625
0.5625
0.5625
0.5625
0.5625
0.562492
0.562494
0.562496
0.562497
0.562498
0.562499
0.562499
0.5625
0.5625
0.5625
0.5625
0.5625
0.5625
0.5625
0.5625
0.5625
0.5625
0.5625
0.5625
0.5625
0.5625
0.5625
0.5625
0.5625
0.5625
0.5625
0.5625
0.5625
0.5625
0.5625
0.5625
0.5625
0.5625
0.5625
0.5625
0.5625
0.5625
0.5625
0.5625
0.5625
0.562499
0.5625
0.5625
0.5625
0.5625
0.5625
0.5625
0.5625
0.5625
0.5625
0.5625
0.5625
0.5625
0.5625
0.5625
0.5625
0.5625
0.5625
0.5625
0.5625
0.5625
0.5625
0.5625
0.5625
0.5625
0.5625
0.5625
0.5625
0.5625
0.5625
0.5625
0.5625
0.5625
0.5625
0.5625
0.5625
0.5625
0.5625
0.5625
0.5625
0.5625
0.5625
0.5625
0.5625
0.5625
0.5625
0.5625
0.5625
0.5625
0.5625
0.5625
0.5625
0.5625
0.5625
0.5625
0.5625
0.5625
0.5625
0.5625
0.5625
0.5625
0.5625
0.5625
0.5625
0.5625
0.5625
0.5625
0.5625
0.5625
0.5625
0.5625
0.5625
0.5625
0.5625
0.5625
0.5625
0.5625
0.5625
0.5625
0.5625
0.5625
0.5625
0.5625
0.5625
0.5625
0.5625
0.5625
0.5625
0.5625
0.5625
0.5625
0.5625
0.5625
0.5625
0.5625
0.5625
0.5625
0.5625
0.5625
0.5625
0.5625
0.5625
0.5625
0.5625
0.5625
0.5625
0.5625
0.5625
0.5625
0.5625
0.5625
0.5625
0.5625
0.5625
0.5625
0.5625
0.5625
0.5625
0.5625
0.5625
4.35397e-07
0.000229043
0.00265798
0.00853822
0.0170945
0.0273862
0.0386878
0.0504864
0.062453
0.07439
0.0861318
0.097562
0.108621
0.119295
0.129598
0.139567
0.149255
0.158723
0.168045
0.177301
0.18659
0.196029
0.205769
0.216011
0.227046
0.239316
0.253538
0.270953
0.293895
0.326988
0.378491
0.453181
0.522846
0.553794
0.561115
0.562326
0.562483
0.562499
0.5625
0.5625
0.000222322
0.00172241
0.0059393
0.0128456
0.0218316
0.0322493
0.0435405
0.0552861
0.0672095
0.0791133
0.090824
0.102227
0.113265
0.123922
0.134214
0.144178
0.153869
0.163349
0.172691
0.18198
0.191314
0.200816
0.210643
0.221005
0.232212
0.244735
0.259345
0.277397
0.301484
0.336731
0.391715
0.467717
0.530872
0.555876
0.561464
0.562371
0.562487
0.562499
0.5625
0.5625
0.00265246
0.00593846
0.0115052
0.019124
0.0283814
0.0388191
0.0500194
0.0616556
0.0734961
0.0853268
0.0969724
0.108318
0.119305
0.129917
0.140168
0.150098
0.15976
0.169219
0.178549
0.187838
0.197188
0.206725
0.216613
0.227074
0.238435
0.2512
0.266203
0.284945
0.310349
0.348158
0.407058
0.483203
0.538357
0.557675
0.561758
0.562408
0.562491
0.562499
0.5625
0.5625
0.00853512
0.0128449
0.0191238
0.0270992
0.0364412
0.0468034
0.057871
0.0693949
0.0811466
0.0929019
0.104485
0.115779
0.126718
0.137284
0.147494
0.157387
0.167018
0.176454
0.185773
0.195066
0.204442
0.214031
0.224004
0.234599
0.246163
0.259238
0.27474
0.294369
0.321481
0.36256
0.425726
0.499673
0.545117
0.55917
0.561995
0.562438
0.562494
0.5625
0.5625
0.5625
0.0170927
0.021831
0.0283811
0.0364411
0.0457228
0.0559536
0.0668984
0.0783386
0.0900323
0.101757
0.113331
0.124623
0.135559
0.14612
0.156322
0.16621
0.175843
0.185295
0.194649
0.204003
0.213471
0.223193
0.233356
0.244215
0.256144
0.26974
0.286043
0.307032
0.336636
0.382091
0.449146
0.516689
0.550934
0.560354
0.562177
0.56246
0.562496
0.5625
0.5625
0.5625
0.0273851
0.0322488
0.0388189
0.0468033
0.0559535
0.0660603
0.0769302
0.0883394
0.100058
0.111864
0.123553
0.13496
0.145999
0.156649
0.166934
0.176908
0.186639
0.196212
0.205719
0.21527
0.224994
0.235052
0.245654
0.257088
0.269778
0.284428
0.302284
0.32573
0.359395
0.410546
0.478332
0.533011
0.555562
0.56123
0.562309
0.562476
0.562498
0.5625
0.5625
0.5625
0.0386869
0.0435402
0.0500192
0.0578709
0.0668984
0.0769302
0.0877821
0.0992619
0.111168
0.123275
0.135328
0.147082
0.158426
0.169352
0.179904
0.190156
0.200193
0.210115
0.220034
0.230085
0.240431
0.251277
0.262886
0.275633
0.290094
0.307207
0.328588
0.357126
0.397545
0.453175
0.511243
0.546514
0.558826
0.561818
0.562396
0.562487
0.562499
0.5625
0.5625
0.5625
0.0504858
0.0552859
0.0616554
0.0693948
0.0783385
0.0883394
0.0992619
0.110978
0.12335
0.136183
0.149125
0.161671
0.173706
0.185277
0.19648
0.207424
0.218228
0.22902
0.239955
0.251223
0.263065
0.275808
0.289918
0.306073
0.325269
0.348946
0.378986
0.417071
0.462279
0.507017
0.539246
0.555315
0.560778
0.562168
0.562448
0.562493
0.562499
0.5625
0.5625
0.5625
0.0624526
0.0672092
0.073496
0.0811465
0.0900322
0.100058
0.111168
0.12335
0.136647
0.15108
0.166259
0.180552
0.194094
0.207149
0.219938
0.232648
0.245463
0.258579
0.272243
0.286822
0.30287
0.321204
0.342943
0.369392
0.401457
0.438263
0.475724
0.507903
0.531134
0.54579
0.554465
0.559684
0.561767
0.562352
0.562476
0.562497
0.5625
0.5625
0.5625
0.5625
0.0743897
0.0791131
0.0853267
0.0929019
0.101757
0.111864
0.123275
0.136183
0.15108
0.169141
0.192462
0.211073
0.228551
0.245896
0.263669
0.282316
0.302306
0.324177
0.348524
0.375873
0.406319
0.438928
0.471333
0.500371
0.523534
0.539878
0.550019
0.555588
0.558349
0.559597
0.560176
0.561492
0.562215
0.562441
0.56249
0.562499
0.5625
0.5625
0.5625
0.5625
0.0861315
0.0908239
0.0969723
0.104485
0.113331
0.123553
0.135328
0.149124
0.166259
0.192462
0.52631
0.537464
0.537417
0.539087
0.541646
0.544633
0.547778
0.55088
0.553771
0.556309
0.558383
0.559942
0.561013
0.561686
0.562076
0.562286
0.562391
0.56244
0.562461
0.562464
0.561618
0.562151
0.562402
0.562479
0.562497
0.5625
0.5625
0.5625
0.5625
0.5625
0.0975618
0.102227
0.108318
0.115779
0.124623
0.13496
0.147082
0.161671
0.180552
0.211073
0.537464
0.561559
0.561973
0.56201
0.562079
0.562161
0.562243
0.562317
0.562376
0.562422
0.562453
0.562474
0.562486
0.562493
0.562497
0.562498
0.562499
0.5625
0.5625
0.5625
0.562213
0.56239
0.562469
0.562494
0.562499
0.5625
0.5625
0.5625
0.5625
0.5625
0.108621
0.113265
0.119305
0.126718
0.135559
0.145999
0.158426
0.173706
0.194094
0.228551
0.537417
0.561973
0.562486
0.562493
0.562494
0.562496
0.562497
0.562498
0.562499
0.562499
0.5625
0.5625
0.5625
0.5625
0.5625
0.5625
0.5625
0.5625
0.5625
0.5625
0.562416
0.562468
0.562491
0.562498
0.5625
0.5625
0.5625
0.5625
0.5625
0.5625
0.119295
0.123922
0.129917
0.137284
0.14612
0.156649
0.169352
0.185277
0.207149
0.245896
0.539087
0.56201
0.562493
0.5625
0.5625
0.5625
0.5625
0.5625
0.5625
0.5625
0.5625
0.5625
0.5625
0.5625
0.5625
0.5625
0.5625
0.5625
0.5625
0.5625
0.562477
0.562491
0.562498
0.562499
0.5625
0.5625
0.5625
0.5625
0.5625
0.5625
0.129597
0.134214
0.140168
0.147494
0.156322
0.166934
0.179904
0.19648
0.219938
0.263669
0.541646
0.562079
0.562494
0.5625
0.5625
0.5625
0.5625
0.5625
0.5625
0.5625
0.5625
0.5625
0.5625
0.5625
0.5625
0.5625
0.5625
0.5625
0.5625
0.5625
0.562494
0.562498
0.562499
0.5625
0.5625
0.5625
0.5625
0.5625
0.5625
0.5625
0.139567
0.144178
0.150098
0.157387
0.16621
0.176908
0.190156
0.207424
0.232648
0.282317
0.544633
0.562161
0.562496
0.5625
0.5625
0.5625
0.5625
0.5625
0.5625
0.5625
0.5625
0.5625
0.5625
0.5625
0.5625
0.5625
0.5625
0.5625
0.5625
0.5625
0.562498
0.562499
0.5625
0.5625
0.5625
0.5625
0.5625
0.5625
0.5625
0.5625
0.149255
0.153869
0.15976
0.167018
0.175843
0.186639
0.200193
0.218228
0.245463
0.302306
0.547778
0.562243
0.562497
0.5625
0.5625
0.5625
0.5625
0.5625
0.5625
0.5625
0.5625
0.5625
0.5625
0.5625
0.5625
0.5625
0.5625
0.5625
0.5625
0.5625
0.5625
0.5625
0.5625
0.5625
0.5625
0.5625
0.5625
0.5625
0.5625
0.5625
0.158723
0.163349
0.169219
0.176454
0.185295
0.196212
0.210115
0.22902
0.258579
0.324177
0.55088
0.562317
0.562498
0.5625
0.5625
0.5625
0.5625
0.5625
0.5625
0.5625
0.5625
0.5625
0.5625
0.5625
0.5625
0.5625
0.5625
0.5625
0.5625
0.5625
0.5625
0.5625
0.5625
0.5625
0.5625
0.5625
0.5625
0.5625
0.5625
0.5625
0.168045
0.172691
0.178549
0.185773
0.194649
0.205719
0.220034
0.239955
0.272243
0.348524
0.553771
0.562376
0.562499
0.5625
0.5625
0.5625
0.5625
0.5625
0.5625
0.5625
0.5625
0.5625
0.5625
0.5625
0.5625
0.5625
0.5625
0.5625
0.5625
0.5625
0.5625
0.5625
0.5625
0.5625
0.5625
0.5625
0.5625
0.5625
0.5625
0.5625
0.177301
0.18198
0.187838
0.195066
0.204003
0.21527
0.230085
0.251223
0.286822
0.375873
0.556309
0.562422
0.562499
0.5625
0.5625
0.5625
0.5625
0.5625
0.5625
0.5625
0.5625
0.5625
0.5625
0.5625
0.5625
0.5625
0.5625
0.5625
0.5625
0.5625
0.5625
0.5625
0.5625
0.5625
0.5625
0.5625
0.5625
0.5625
0.5625
0.5625
0.18659
0.191314
0.197188
0.204442
0.213471
0.224994
0.240431
0.263065
0.30287
0.406319
0.558383
0.562453
0.5625
0.5625
0.5625
0.5625
0.5625
0.5625
0.5625
0.5625
0.5625
0.5625
0.5625
0.5625
0.5625
0.5625
0.5625
0.5625
0.5625
0.5625
0.5625
0.5625
0.5625
0.5625
0.5625
0.5625
0.5625
0.5625
0.5625
0.5625
0.196029
0.200816
0.206725
0.214031
0.223193
0.235052
0.251277
0.275808
0.321204
0.438928
0.559942
0.562474
0.5625
0.5625
0.5625
0.5625
0.5625
0.5625
0.5625
0.5625
0.5625
0.5625
0.5625
0.5625
0.5625
0.5625
0.5625
0.5625
0.5625
0.5625
0.5625
0.5625
0.5625
0.5625
0.5625
0.5625
0.5625
0.5625
0.5625
0.5625
0.205769
0.210643
0.216613
0.224004
0.233356
0.245654
0.262886
0.289918
0.342943
0.471333
0.561013
0.562486
0.5625
0.5625
0.5625
0.5625
0.5625
0.5625
0.5625
0.5625
0.5625
0.5625
0.5625
0.5625
0.5625
0.5625
0.5625
0.5625
0.5625
0.5625
0.5625
0.5625
0.5625
0.5625
0.5625
0.5625
0.5625
0.5625
0.5625
0.5625
0.216011
0.221005
0.227074
0.234599
0.244215
0.257087
0.275633
0.306073
0.369392
0.500371
0.561686
0.562493
0.5625
0.5625
0.5625
0.5625
0.5625
0.5625
0.5625
0.5625
0.5625
0.5625
0.5625
0.5625
0.5625
0.5625
0.5625
0.5625
0.5625
0.5625
0.5625
0.5625
0.5625
0.5625
0.5625
0.5625
0.5625
0.5625
0.5625
0.5625
0.227046
0.232212
0.238435
0.246163
0.256144
0.269778
0.290094
0.325269
0.401457
0.523534
0.562076
0.562497
0.5625
0.5625
0.5625
0.5625
0.5625
0.5625
0.5625
0.5625
0.5625
0.5625
0.5625
0.5625
0.5625
0.5625
0.5625
0.5625
0.5625
0.5625
0.5625
0.5625
0.5625
0.5625
0.5625
0.5625
0.5625
0.5625
0.5625
0.5625
0.239316
0.244735
0.2512
0.259238
0.26974
0.284428
0.307207
0.348946
0.438263
0.539878
0.562286
0.562498
0.5625
0.5625
0.5625
0.5625
0.5625
0.5625
0.5625
0.5625
0.5625
0.5625
0.5625
0.5625
0.5625
0.5625
0.5625
0.5625
0.5625
0.5625
0.5625
0.5625
0.5625
0.5625
0.5625
0.5625
0.5625
0.5625
0.5625
0.5625
0.253538
0.259345
0.266203
0.27474
0.286043
0.302284
0.328588
0.378986
0.475724
0.550019
0.562391
0.562499
0.5625
0.5625
0.5625
0.5625
0.5625
0.5625
0.5625
0.5625
0.5625
0.5625
0.5625
0.5625
0.5625
0.5625
0.5625
0.5625
0.5625
0.5625
0.5625
0.5625
0.5625
0.5625
0.5625
0.5625
0.5625
0.5625
0.5625
0.5625
0.270953
0.277397
0.284945
0.294369
0.307032
0.32573
0.357126
0.417071
0.507903
0.555588
0.56244
0.5625
0.5625
0.5625
0.5625
0.5625
0.5625
0.5625
0.5625
0.5625
0.5625
0.5625
0.5625
0.5625
0.5625
0.5625
0.5625
0.5625
0.5625
0.5625
0.5625
0.5625
0.5625
0.5625
0.5625
0.5625
0.5625
0.5625
0.5625
0.5625
0.293895
0.301484
0.310349
0.321481
0.336636
0.359395
0.397545
0.462279
0.531134
0.558349
0.562461
0.5625
0.5625
0.5625
0.5625
0.5625
0.5625
0.5625
0.5625
0.5625
0.5625
0.5625
0.5625
0.5625
0.5625
0.5625
0.5625
0.5625
0.5625
0.5625
0.5625
0.5625
0.5625
0.5625
0.5625
0.5625
0.5625
0.5625
0.5625
0.5625
0.326988
0.336731
0.348158
0.36256
0.382091
0.410546
0.453175
0.507017
0.54579
0.559597
0.562464
0.5625
0.5625
0.5625
0.5625
0.5625
0.5625
0.5625
0.5625
0.5625
0.5625
0.5625
0.5625
0.5625
0.5625
0.5625
0.5625
0.5625
0.5625
0.5625
0.5625
0.5625
0.5625
0.5625
0.5625
0.5625
0.5625
0.5625
0.5625
0.5625
0.378491
0.391715
0.407058
0.425726
0.449146
0.478332
0.511243
0.539246
0.554465
0.560176
0.561618
0.562213
0.562416
0.562477
0.562494
0.562498
0.5625
0.5625
0.5625
0.5625
0.5625
0.5625
0.5625
0.5625
0.5625
0.5625
0.5625
0.5625
0.5625
0.5625
0.5625
0.5625
0.5625
0.5625
0.5625
0.5625
0.5625
0.5625
0.5625
0.5625
0.453181
0.467717
0.483203
0.499673
0.516689
0.53301
0.546514
0.555315
0.559684
0.561492
0.562151
0.56239
0.562468
0.562491
0.562498
0.562499
0.5625
0.5625
0.5625
0.5625
0.5625
0.5625
0.5625
0.5625
0.5625
0.5625
0.5625
0.5625
0.5625
0.5625
0.5625
0.5625
0.5625
0.5625
0.5625
0.5625
0.5625
0.5625
0.5625
0.5625
0.522845
0.530872
0.538357
0.545117
0.550934
0.555562
0.558826
0.560778
0.561767
0.562215
0.562402
0.562469
0.562491
0.562498
0.562499
0.5625
0.5625
0.5625
0.5625
0.5625
0.5625
0.5625
0.5625
0.5625
0.5625
0.5625
0.5625
0.5625
0.5625
0.5625
0.5625
0.5625
0.5625
0.5625
0.5625
0.5625
0.5625
0.5625
0.5625
0.5625
0.553794
0.555876
0.557675
0.55917
0.560354
0.56123
0.561818
0.562168
0.562352
0.562441
0.562479
0.562494
0.562498
0.562499
0.5625
0.5625
0.5625
0.5625
0.5625
0.5625
0.5625
0.5625
0.5625
0.5625
0.5625
0.5625
0.5625
0.5625
0.5625
0.5625
0.5625
0.5625
0.5625
0.5625
0.5625
0.5625
0.5625
0.5625
0.5625
0.5625
0.561115
0.561464
0.561758
0.561995
0.562177
0.562309
0.562396
0.562448
0.562476
0.56249
0.562497
0.562499
0.5625
0.5625
0.5625
0.5625
0.5625
0.5625
0.5625
0.5625
0.5625
0.5625
0.5625
0.5625
0.5625
0.5625
0.5625
0.5625
0.5625
0.5625
0.5625
0.5625
0.5625
0.5625
0.5625
0.5625
0.5625
0.5625
0.5625
0.5625
0.562326
0.562371
0.562408
0.562438
0.56246
0.562476
0.562487
0.562493
0.562497
0.562499
0.5625
0.5625
0.5625
0.5625
0.5625
0.5625
0.5625
0.5625
0.5625
0.5625
0.5625
0.5625
0.5625
0.5625
0.5625
0.5625
0.5625
0.5625
0.5625
0.5625
0.5625
0.5625
0.5625
0.5625
0.5625
0.5625
0.5625
0.5625
0.5625
0.5625
0.562483
0.562487
0.562491
0.562494
0.562496
0.562498
0.562499
0.562499
0.5625
0.5625
0.5625
0.5625
0.5625
0.5625
0.5625
0.5625
0.5625
0.5625
0.5625
0.5625
0.5625
0.5625
0.5625
0.5625
0.5625
0.5625
0.5625
0.5625
0.5625
0.5625
0.5625
0.5625
0.5625
0.5625
0.5625
0.5625
0.5625
0.5625
0.5625
0.5625
0.562499
0.562499
0.562499
0.5625
0.5625
0.5625
0.5625
0.5625
0.5625
0.5625
0.5625
0.5625
0.5625
0.5625
0.5625
0.5625
0.5625
0.5625
0.5625
0.5625
0.5625
0.5625
0.5625
0.5625
0.5625
0.5625
0.5625
0.5625
0.5625
0.5625
0.5625
0.5625
0.5625
0.5625
0.5625
0.5625
0.5625
0.5625
0.5625
0.5625
0.5625
0.5625
0.5625
0.5625
0.5625
0.5625
0.5625
0.5625
0.5625
0.5625
0.5625
0.5625
0.5625
0.5625
0.5625
0.5625
0.5625
0.5625
0.5625
0.5625
0.5625
0.5625
0.5625
0.5625
0.5625
0.5625
0.5625
0.5625
0.5625
0.5625
0.5625
0.5625
0.5625
0.5625
0.5625
0.5625
0.5625
0.5625
0.5625
0.5625
0.5625
0.5625
0.5625
0.5625
0.5625
0.5625
0.5625
0.5625
0.5625
0.5625
0.5625
0.5625
0.5625
0.5625
0.5625
0.5625
0.5625
0.5625
0.5625
0.5625
0.5625
0.5625
0.5625
0.5625
0.5625
0.5625
0.5625
0.5625
0.5625
0.5625
0.5625
0.5625
0.5625
0.5625
0.5625
0.5625
0.5625
0.5625
0.5625
0.5625
)
;

boundaryField
{
    left
    {
        type            fixedValue;
        value           uniform 1;
    }
    right
    {
        type            fixedValue;
        value           uniform 1;
    }
    up
    {
        type            fixedValue;
        value           uniform 1;
    }
    down
    {
        type            fixedValue;
        value           uniform 1;
    }
    front
    {
        type            fixedValue;
        value           uniform 1;
    }
    back
    {
        type            fixedValue;
        value           uniform 1;
    }
}


// ************************************************************************* //
