/*--------------------------------*- C++ -*----------------------------------*\
| =========                 |                                                 |
| \\      /  F ield         | OpenFOAM: The Open Source CFD Toolbox           |
|  \\    /   O peration     | Version:  2.1.0                                 |
|   \\  /    A nd           | Web:      www.OpenFOAM.org                      |
|    \\/     M anipulation  |                                                 |
\*---------------------------------------------------------------------------*/
FoamFile
{
    version     2.0;
    format      ascii;
    class       volScalarField;
    location    "12045";
    object      kr_w;
}
// * * * * * * * * * * * * * * * * * * * * * * * * * * * * * * * * * * * * * //

dimensions      [0 0 0 0 0 0 0];

internalField   nonuniform List<scalar> 
8000
(
0.32304
0.300341
0.274817
0.249536
0.225773
0.203965
0.184227
0.166506
0.150667
0.136527
0.123891
0.11256
0.102378
0.093191
0.0848151
0.0770917
0.0698842
0.0630779
0.0565794
0.0503015
0.0441628
0.0380998
0.0320894
0.0261812
0.0203908
0.0147932
0.00965789
0.00542208
0.00247936
0.000882295
0.000247231
5.77177e-05
1.15917e-05
2.00529e-06
2.94375e-07
3.57191e-08
3.44113e-09
2.46796e-10
1.17131e-11
2.76236e-13
0.300342
0.28111
0.259025
0.23661
0.215082
0.195001
0.176589
0.159884
0.14482
0.131272
0.119082
0.108093
0.0981822
0.0891938
0.0809571
0.0733234
0.0661657
0.0593801
0.0528778
0.0465737
0.0403963
0.0343051
0.0283226
0.02254
0.0169959
0.0118494
0.00739597
0.00396066
0.00172535
0.000589073
0.000161741
3.75975e-05
7.56744e-06
1.31515e-06
1.94121e-07
2.36868e-08
2.2941e-09
1.6532e-10
7.87911e-12
1.86487e-13
0.274816
0.259028
0.240436
0.221058
0.202015
0.183914
0.167057
0.15156
0.137427
0.124592
0.11295
0.102394
0.092837
0.0841157
0.0760782
0.0685904
0.0615399
0.0548347
0.0483876
0.0421225
0.0359888
0.0299875
0.0242059
0.0187062
0.0135844
0.00905545
0.00537504
0.0027219
0.00111661
0.000363896
9.80343e-05
2.27656e-05
4.61256e-06
8.09163e-07
1.2062e-07
1.48544e-08
1.45022e-09
1.052e-10
5.0406e-12
1.19942e-13
0.249537
0.236609
0.221058
0.204453
0.187778
0.171628
0.156337
0.142073
0.128897
0.1168
0.105732
0.0956579
0.0864763
0.0780429
0.0702244
0.0629047
0.0559893
0.04939
0.0430277
0.0368474
0.0308403
0.0250784
0.019635
0.0145808
0.0100905
0.00637111
0.00356169
0.00168548
0.000647137
0.00020288
5.42839e-05
1.27328e-05
2.62207e-06
4.67998e-07
7.08772e-08
8.84533e-09
8.72645e-10
6.37977e-11
3.07398e-12
7.3486e-14
0.225773
0.215082
0.202015
0.187778
0.173199
0.158817
0.144967
0.131846
0.119556
0.108137
0.0976176
0.0879934
0.0791548
0.0709834
0.0633672
0.0562123
0.0494297
0.0429388
0.0366837
0.0306556
0.0249226
0.0195426
0.0145905
0.0102314
0.00664286
0.00391622
0.00202895
0.00088613
0.000320954
9.92094e-05
2.70188e-05
6.532e-06
1.38848e-06
2.54894e-07
3.94892e-08
5.01271e-09
5.00434e-10
3.68651e-11
1.78416e-12
4.28361e-14
0.203966
0.195002
0.183915
0.171628
0.158817
0.145951
0.133342
0.121195
0.109638
0.0987727
0.0887094
0.0794219
0.0708362
0.0628597
0.0554048
0.0483815
0.0417085
0.035334
0.0292602
0.0235509
0.018238
0.0134318
0.0093108
0.00602205
0.00359182
0.00193216
0.000909399
0.000368604
0.000130793
4.16704e-05
1.19955e-05
3.07529e-06
6.87781e-07
1.31334e-07
2.09273e-08
2.7062e-09
2.73142e-10
2.02275e-11
9.80338e-13
2.35978e-14
0.184227
0.176589
0.167058
0.156337
0.144968
0.133342
0.121736
0.110338
0.0993015
0.0888118
0.0789642
0.069817
0.0613414
0.0534678
0.0461038
0.0391685
0.0326217
0.0264873
0.0207801
0.0155717
0.0110327
0.00734438
0.00457761
0.00265265
0.00140811
0.000674624
0.000291872
0.000115992
4.30672e-05
1.49792e-05
4.78332e-06
1.34354e-06
3.21872e-07
6.44116e-08
1.0568e-08
1.38881e-09
1.41135e-10
1.04564e-11
5.0507e-13
1.21387e-14
0.166507
0.159885
0.151561
0.142073
0.131847
0.121195
0.110338
0.0994386
0.0886762
0.0781695
0.0681113
0.0588067
0.0502609
0.0423726
0.0350571
0.0282949
0.022064
0.0164139
0.0115194
0.00758283
0.00468224
0.00271211
0.00146587
0.000735539
0.000344683
0.000153294
6.57979e-05
2.76314e-05
1.14317e-05
4.61352e-06
1.73729e-06
5.5314e-07
1.43689e-07
3.01366e-08
5.06459e-09
6.71721e-10
6.82482e-11
5.02579e-12
2.40566e-13
5.77245e-15
0.150667
0.144821
0.137427
0.128898
0.119556
0.109638
0.0993015
0.0886763
0.0777575
0.0665347
0.055358
0.045457
0.0366516
0.0287884
0.0217702
0.0156055
0.0104749
0.00655913
0.00384727
0.00212298
0.00110359
0.000543153
0.00025612
0.000117157
5.25364e-05
2.3373e-05
1.04812e-05
4.83238e-06
2.33207e-06
1.17426e-06
5.78187e-07
2.16747e-07
6.11924e-08
1.33224e-08
2.26779e-09
3.00662e-10
3.03108e-11
2.20549e-12
1.04193e-13
2.47663e-15
0.136528
0.131272
0.124592
0.1168
0.108137
0.0987728
0.0888118
0.0781696
0.0665347
0.0532405
0.0376722
0.0269214
0.0185041
0.0119881
0.00725988
0.00412025
0.00220693
0.00112485
0.00055152
0.000262901
0.000122515
5.59483e-05
2.51199e-05
1.11481e-05
4.93261e-06
2.20852e-06
1.02639e-06
5.16217e-07
2.98315e-07
2.09374e-07
1.73011e-07
8.00854e-08
2.42521e-08
5.38998e-09
9.19472e-10
1.2114e-10
1.20793e-11
8.66991e-13
4.04833e-14
9.62075e-16
0.123891
0.119082
0.11295
0.105732
0.0976177
0.0887095
0.0789642
0.0681114
0.055358
0.0376722
0.000646556
0.000305693
0.000220395
0.000141342
8.28221e-05
4.5181e-05
2.32656e-05
1.1442e-05
5.43129e-06
2.50724e-06
1.13043e-06
4.99589e-07
2.17492e-07
9.39582e-08
4.07585e-08
1.81091e-08
8.52465e-09
4.5084e-09
2.95919e-09
2.79668e-09
6.88088e-08
2.88892e-08
8.60526e-09
1.91713e-09
3.27565e-10
4.30238e-11
4.25796e-12
3.02479e-13
1.40406e-14
2.85765e-16
0.11256
0.108093
0.102394
0.095658
0.0879935
0.0794219
0.0698171
0.0588067
0.045457
0.0269213
0.000305693
5.31396e-06
2.06139e-06
1.32046e-06
7.65906e-07
4.10822e-07
2.07509e-07
1.00023e-07
4.64711e-08
2.09495e-08
9.20752e-09
3.96475e-09
1.68329e-09
7.11137e-10
3.032e-10
1.33441e-10
6.28989e-11
3.37239e-11
2.25151e-11
2.02094e-11
2.34363e-08
9.44874e-09
2.75932e-09
6.10749e-10
1.04062e-10
1.36161e-11
1.33914e-12
9.44357e-14
4.43253e-15
7.62039e-17
0.102378
0.0981823
0.0928371
0.0864764
0.0791549
0.0708362
0.0613415
0.0502609
0.0366516
0.0185041
0.000220395
2.0614e-06
3.13553e-08
1.05063e-08
6.07517e-09
3.24628e-09
1.62413e-09
7.72425e-10
3.52862e-10
1.55933e-10
6.70403e-11
2.82096e-11
1.17046e-11
4.83819e-12
2.0227e-12
8.75021e-13
4.05741e-13
2.12707e-13
1.3511e-13
1.05711e-13
7.18579e-09
2.83635e-09
8.13786e-10
1.7819e-10
3.01412e-11
3.91798e-12
3.82645e-13
2.69063e-14
1.27959e-15
0
0.093191
0.0891939
0.0841158
0.078043
0.0709834
0.0628598
0.0534678
0.0423726
0.0287884
0.0119881
0.000141342
1.32046e-06
1.05064e-08
1.43735e-10
4.29398e-11
2.27673e-11
1.13412e-11
5.34288e-12
2.40711e-12
1.04523e-12
4.40576e-13
1.81559e-13
7.36987e-14
2.9837e-14
1.22149e-14
5.15012e-15
2.30517e-15
1.09543e-15
6.09631e-16
3.90545e-16
2.04348e-09
7.94588e-10
2.24231e-10
4.84569e-11
8.11042e-12
1.04452e-12
1.0124e-13
7.18222e-15
3.07991e-16
0
0.0848152
0.0809572
0.0760783
0.0702245
0.0633673
0.0554048
0.0461038
0.0350571
0.0217702
0.00725987
8.28221e-05
7.65906e-07
6.07517e-09
4.29398e-11
5.37015e-13
1.46242e-13
7.20127e-14
3.37742e-14
1.50185e-14
6.40113e-15
2.62904e-15
9.6525e-16
2.60363e-16
1.20656e-16
0
0
0
0
0
0
5.48623e-10
2.10513e-10
5.84402e-11
1.2446e-11
2.05686e-12
2.62056e-13
2.52838e-14
1.84159e-15
5.39778e-17
0
0.0770918
0.0733234
0.0685905
0.0629047
0.0562124
0.0483815
0.0391685
0.0282949
0.0156055
0.00412025
4.5181e-05
4.10822e-07
3.24628e-09
2.27673e-11
1.46242e-13
1.56853e-15
1.27007e-16
1.20656e-16
0
0
0
0
0
0
0
0
0
0
0
0
1.4058e-10
5.32491e-11
1.45405e-11
3.04949e-12
4.97189e-13
6.27508e-14
6.08679e-15
4.28647e-16
0
0
0.0698843
0.0661657
0.0615399
0.0559893
0.0494298
0.0417086
0.0326217
0.022064
0.0104749
0.00220693
2.32656e-05
2.07509e-07
1.62413e-09
1.13412e-11
7.20127e-14
1.27007e-16
0
0
0
0
0
0
0
0
0
0
0
0
0
0
3.46217e-11
1.29465e-11
3.47768e-12
7.18311e-13
1.15652e-13
1.45835e-14
1.44787e-15
8.57294e-17
0
0
0.063078
0.0593801
0.0548348
0.04939
0.0429388
0.0353341
0.0264874
0.0164139
0.00655913
0.00112485
1.1442e-05
1.00023e-07
7.72425e-10
5.34288e-12
3.37742e-14
1.20656e-16
0
0
0
0
0
0
0
0
0
0
0
0
0
0
8.23253e-12
3.03985e-12
8.0378e-13
1.6374e-13
2.61919e-14
3.37202e-15
3.07991e-16
0
0
0
0.0565794
0.0528779
0.0483877
0.0430278
0.0366837
0.0292602
0.0207802
0.0115194
0.00384727
0.00055152
5.43129e-06
4.64711e-08
3.52862e-10
2.40711e-12
1.50185e-14
0
0
0
0
0
0
0
0
0
0
0
0
0
0
0
1.89585e-12
6.91713e-13
1.80387e-13
3.64572e-14
5.90263e-15
7.8109e-16
3.49268e-17
0
0
0
0.0503015
0.0465738
0.0421225
0.0368475
0.0306556
0.023551
0.0155717
0.00758283
0.00212298
0.000262901
2.50724e-06
2.09495e-08
1.55933e-10
1.04523e-12
6.40113e-15
0
0
0
0
0
0
0
0
0
0
0
0
0
0
0
4.23834e-13
1.53065e-13
3.95498e-14
8.01094e-15
1.33039e-15
1.20656e-16
0
0
0
0
0.0441628
0.0403964
0.0359888
0.0308403
0.0249226
0.018238
0.0110327
0.00468224
0.0011036
0.000122515
1.13043e-06
9.20753e-09
6.70404e-11
4.40576e-13
2.62904e-15
0
0
0
0
0
0
0
0
0
0
0
0
0
0
0
9.2248e-14
3.3117e-14
8.56977e-15
1.77809e-15
2.50838e-16
0
0
0
0
0
0.0380998
0.0343051
0.0299875
0.0250784
0.0195427
0.0134319
0.00734438
0.00271211
0.000543154
5.59484e-05
4.9959e-07
3.96475e-09
2.82096e-11
1.81559e-13
9.6525e-16
0
0
0
0
0
0
0
0
0
0
0
0
0
0
0
1.96289e-14
7.07744e-15
1.86382e-15
3.68319e-16
9.52549e-18
0
0
0
0
0
0.0320894
0.0283226
0.0242059
0.019635
0.0145905
0.00931081
0.00457762
0.00146587
0.00025612
2.51199e-05
2.17492e-07
1.68329e-09
1.17046e-11
7.36987e-14
2.60363e-16
0
0
0
0
0
0
0
0
0
0
0
0
0
0
0
4.17852e-15
1.51138e-15
3.8102e-16
5.71529e-17
0
0
0
0
0
0
0.0261812
0.02254
0.0187062
0.0145809
0.0102314
0.00602206
0.00265265
0.00073554
0.000117157
1.11481e-05
9.39582e-08
7.11138e-10
4.83819e-12
2.9837e-14
1.20656e-16
0
0
0
0
0
0
0
0
0
0
0
0
0
0
0
8.6682e-16
2.69889e-16
6.03281e-17
0
0
0
0
0
0
0
0.0203909
0.0169959
0.0135844
0.0100905
0.00664287
0.00359183
0.00140811
0.000344684
5.25365e-05
4.93261e-06
4.07586e-08
3.032e-10
2.02273e-12
1.22149e-14
0
0
0
0
0
0
0
0
0
0
0
0
0
0
0
0
1.20656e-16
9.52549e-18
0
0
0
0
0
0
0
0
0.0147932
0.0118494
0.00905546
0.00637111
0.00391623
0.00193216
0.000674625
0.000153294
2.33731e-05
2.20852e-06
1.81091e-08
1.33441e-10
8.75021e-13
5.15012e-15
0
0
0
0
0
0
0
0
0
0
0
0
0
0
0
0
0
0
0
0
0
0
0
0
0
0
0.0096579
0.00739598
0.00537505
0.0035617
0.00202895
0.000909401
0.000291872
6.5798e-05
1.04812e-05
1.0264e-06
8.52465e-09
6.2899e-11
4.05741e-13
2.30517e-15
0
0
0
0
0
0
0
0
0
0
0
0
0
0
0
0
0
0
0
0
0
0
0
0
0
0
0.00542209
0.00396067
0.0027219
0.00168548
0.000886131
0.000368605
0.000115992
2.76314e-05
4.83238e-06
5.16218e-07
4.50841e-09
3.3724e-11
2.12707e-13
1.09543e-15
0
0
0
0
0
0
0
0
0
0
0
0
0
0
0
0
0
0
0
0
0
0
0
0
0
0
0.00247936
0.00172535
0.00111661
0.000647138
0.000320954
0.000130793
4.30672e-05
1.14317e-05
2.33207e-06
2.98316e-07
2.9592e-09
2.25152e-11
1.3511e-13
6.09631e-16
0
0
0
0
0
0
0
0
0
0
0
0
0
0
0
0
0
0
0
0
0
0
0
0
0
0
0.000882296
0.000589074
0.000363896
0.000202881
9.92096e-05
4.16704e-05
1.49792e-05
4.61353e-06
1.17427e-06
2.09374e-07
2.79669e-09
2.02094e-11
1.05711e-13
3.90545e-16
0
0
0
0
0
0
0
0
0
0
0
0
0
0
0
0
0
0
0
0
0
0
0
0
0
0
0.000247231
0.000161741
9.80345e-05
5.4284e-05
2.70188e-05
1.19956e-05
4.78333e-06
1.73729e-06
5.78188e-07
1.73012e-07
6.88088e-08
2.34364e-08
7.1858e-09
2.04348e-09
5.48623e-10
1.4058e-10
3.46218e-11
8.23257e-12
1.89586e-12
4.23834e-13
9.2248e-14
1.96289e-14
4.17852e-15
8.6682e-16
1.20656e-16
0
0
0
0
0
0
0
0
0
0
0
0
0
0
0
5.77178e-05
3.75975e-05
2.27656e-05
1.27329e-05
6.53202e-06
3.07529e-06
1.34355e-06
5.53141e-07
2.16747e-07
8.00855e-08
2.88892e-08
9.44875e-09
2.83635e-09
7.94589e-10
2.10513e-10
5.32492e-11
1.29466e-11
3.03986e-12
6.91713e-13
1.53065e-13
3.3117e-14
7.07744e-15
1.51138e-15
2.69889e-16
9.52549e-18
0
0
0
0
0
0
0
0
0
0
0
0
0
0
0
1.15917e-05
7.56745e-06
4.61257e-06
2.62207e-06
1.38848e-06
6.87783e-07
3.21873e-07
1.43689e-07
6.11925e-08
2.42521e-08
8.60527e-09
2.75932e-09
8.13787e-10
2.24232e-10
5.84403e-11
1.45405e-11
3.47768e-12
8.0378e-13
1.80387e-13
3.95498e-14
8.56977e-15
1.86382e-15
3.8102e-16
6.03281e-17
0
0
0
0
0
0
0
0
0
0
0
0
0
0
0
0
2.0053e-06
1.31515e-06
8.09164e-07
4.67999e-07
2.54895e-07
1.31334e-07
6.44117e-08
3.01366e-08
1.33224e-08
5.38999e-09
1.91713e-09
6.10749e-10
1.7819e-10
4.84569e-11
1.2446e-11
3.04949e-12
7.18311e-13
1.6374e-13
3.64572e-14
8.01094e-15
1.77809e-15
3.68319e-16
5.71529e-17
0
0
0
0
0
0
0
0
0
0
0
0
0
0
0
0
0
2.94376e-07
1.94122e-07
1.20621e-07
7.08774e-08
3.94893e-08
2.09274e-08
1.0568e-08
5.0646e-09
2.26779e-09
9.19473e-10
3.27566e-10
1.04062e-10
3.01413e-11
8.11042e-12
2.05686e-12
4.97189e-13
1.15652e-13
2.61919e-14
5.90263e-15
1.33039e-15
2.50838e-16
9.52549e-18
0
0
0
0
0
0
0
0
0
0
0
0
0
0
0
0
0
0
3.57191e-08
2.36868e-08
1.48544e-08
8.84534e-09
5.01272e-09
2.70621e-09
1.38882e-09
6.71722e-10
3.00663e-10
1.2114e-10
4.30238e-11
1.36161e-11
3.918e-12
1.04452e-12
2.62056e-13
6.27508e-14
1.45835e-14
3.37202e-15
7.8109e-16
1.20656e-16
0
0
0
0
0
0
0
0
0
0
0
0
0
0
0
0
0
0
0
0
3.44114e-09
2.2941e-09
1.45022e-09
8.72647e-10
5.00435e-10
2.73142e-10
1.41136e-10
6.82484e-11
3.03109e-11
1.20793e-11
4.25798e-12
1.33914e-12
3.82645e-13
1.0124e-13
2.52838e-14
6.08679e-15
1.44787e-15
3.07991e-16
3.49268e-17
0
0
0
0
0
0
0
0
0
0
0
0
0
0
0
0
0
0
0
0
0
2.46796e-10
1.6532e-10
1.05201e-10
6.37978e-11
3.68652e-11
2.02276e-11
1.04565e-11
5.02579e-12
2.20551e-12
8.66991e-13
3.02479e-13
9.44357e-14
2.69063e-14
7.18222e-15
1.84159e-15
4.28647e-16
8.57294e-17
0
0
0
0
0
0
0
0
0
0
0
0
0
0
0
0
0
0
0
0
0
0
0
1.17131e-11
7.87911e-12
5.04062e-12
3.07398e-12
1.78416e-12
9.80338e-13
5.05073e-13
2.40566e-13
1.04193e-13
4.04833e-14
1.40406e-14
4.43253e-15
1.27959e-15
3.07991e-16
5.39778e-17
0
0
0
0
0
0
0
0
0
0
0
0
0
0
0
0
0
0
0
0
0
0
0
0
0
2.76236e-13
1.86487e-13
1.19942e-13
7.3486e-14
4.28361e-14
2.35978e-14
1.21387e-14
5.77245e-15
2.47663e-15
9.62075e-16
2.85765e-16
7.62039e-17
0
0
0
0
0
0
0
0
0
0
0
0
0
0
0
0
0
0
0
0
0
0
0
0
0
0
0
0
0.431367
0.39638
0.357535
0.320264
0.286698
0.257234
0.23157
0.209207
0.189709
0.172694
0.157808
0.144729
0.133137
0.122767
0.113456
0.10503
0.0973432
0.0902738
0.0837164
0.0775801
0.071781
0.0662294
0.0608009
0.0552624
0.0494028
0.0429916
0.035671
0.0270576
0.0172839
0.00822695
0.00272902
0.000675925
0.000137395
2.375e-05
3.47155e-06
4.18769e-07
4.00694e-08
2.85286e-09
1.34407e-10
3.14403e-12
0.396388
0.367063
0.334167
0.301926
0.272201
0.245552
0.221909
0.201025
0.182635
0.166462
0.152225
0.139649
0.128437
0.118381
0.109326
0.101113
0.0936059
0.0866904
0.0802675
0.0742507
0.0685579
0.0630934
0.0577068
0.0521416
0.0462236
0.039698
0.0322101
0.0234827
0.0140261
0.00612428
0.0019032
0.000458309
9.2468e-05
1.59783e-05
2.34031e-06
2.83149e-07
2.71832e-08
1.9419e-09
9.17843e-11
2.15371e-12
0.357526
0.334174
0.307373
0.280379
0.254806
0.231284
0.209966
0.190835
0.173782
0.158639
0.145205
0.13325
0.122521
0.112882
0.10418
0.0962732
0.0890363
0.0823628
0.0761605
0.0703459
0.0648317
0.0595001
0.0541353
0.0485466
0.0425579
0.0358925
0.0282266
0.019481
0.01067
0.00423148
0.00123546
0.000290695
5.84447e-05
1.01326e-05
1.49221e-06
1.81601e-07
1.75307e-08
1.25844e-09
5.97255e-11
1.40653e-12
0.320267
0.301929
0.280378
0.258049
0.236279
0.215725
0.196711
0.179369
0.163704
0.149645
0.137063
0.125757
0.115579
0.106417
0.0981309
0.0905918
0.0836865
0.0773153
0.0713889
0.0658182
0.0604938
0.0552311
0.0498405
0.0441906
0.0380697
0.0312049
0.0233806
0.0148892
0.00730233
0.00262555
0.000729887
0.000170034
3.44055e-05
6.03103e-06
8.98294e-07
1.10424e-07
1.07472e-08
7.7634e-10
3.7015e-11
8.74735e-13
0.286699
0.2722
0.254804
0.236279
0.217716
0.199784
0.182876
0.167201
0.152847
0.139818
0.128028
0.117353
0.107744
0.099081
0.0912398
0.0841028
0.0775623
0.0715197
0.0658771
0.0605189
0.0552618
0.0499484
0.0444673
0.0386465
0.0322712
0.0251509
0.0173664
0.0098144
0.00423586
0.00140455
0.000382582
9.0359e-05
1.87196e-05
3.35808e-06
5.09917e-07
6.36137e-08
6.25635e-09
4.55022e-10
2.17817e-11
5.15929e-13
0.257234
0.24555
0.231282
0.215724
0.199783
0.184071
0.168983
0.154761
0.141544
0.129383
0.118242
0.108157
0.0990794
0.090901
0.0835033
0.0767681
0.0705818
0.0648285
0.059369
0.0540098
0.0486478
0.0431663
0.0374104
0.0312125
0.0244591
0.0172792
0.0103773
0.00501943
0.00193928
0.000623183
0.000174693
4.33372e-05
9.40852e-06
1.75188e-06
2.73288e-07
3.4712e-08
3.451e-09
2.52348e-10
1.20988e-11
2.86444e-13
0.23157
0.221908
0.209965
0.19671
0.182875
0.168983
0.155394
0.142352
0.130011
0.118431
0.107774
0.098154
0.0895283
0.0817819
0.0747774
0.0683732
0.062418
0.0567174
0.0511391
0.045578
0.0398978
0.0339523
0.0276292
0.0209546
0.0142826
0.00841305
0.00419213
0.00178317
0.000666995
0.000226106
6.97286e-05
1.89489e-05
4.4124e-06
8.62111e-07
1.3863e-07
1.7913e-08
1.79483e-09
1.31425e-10
6.28343e-12
1.48096e-13
0.209207
0.201024
0.190834
0.179368
0.167201
0.154761
0.142352
0.130176
0.118325
0.106999
0.0964964
0.0871134
0.0787821
0.0713182
0.0645143
0.0581372
0.0520241
0.0460499
0.0400658
0.0339247
0.0275263
0.0209195
0.0144627
0.00886102
0.00477657
0.0023021
0.0010202
0.000428046
0.000173627
6.81413e-05
2.49238e-05
7.72268e-06
1.95845e-06
4.0232e-07
6.64261e-08
8.67955e-09
8.70938e-10
6.34768e-11
3.0096e-12
7.03267e-14
0.189709
0.182635
0.173782
0.163704
0.152847
0.141544
0.130011
0.118325
0.106588
0.094938
0.0837572
0.0741346
0.0657075
0.058063
0.0509169
0.0440893
0.0373967
0.0306815
0.0238916
0.0172259
0.0112246
0.0065409
0.00344531
0.00167882
0.000776275
0.000349164
0.000156421
7.14731e-05
3.39961e-05
1.68167e-05
8.12357e-06
2.98407e-06
8.26407e-07
1.76852e-07
2.96592e-08
3.88286e-09
3.8735e-10
2.79389e-11
1.30764e-12
3.02117e-14
0.172694
0.166462
0.158638
0.149644
0.139818
0.129383
0.118431
0.106999
0.094938
0.0816707
0.066213
0.0552249
0.0457684
0.0371581
0.0291151
0.0216046
0.0148732
0.00936743
0.00540755
0.002903
0.00146987
0.000709243
0.000329913
0.000149816
6.73037e-05
3.04397e-05
1.42363e-05
7.18287e-06
4.15141e-06
2.9041e-06
2.38395e-06
1.0874e-06
3.24272e-07
7.10638e-08
1.19756e-08
1.56158e-09
1.54387e-10
1.10004e-11
5.07705e-13
1.16687e-14
0.157808
0.152225
0.145205
0.137063
0.128027
0.118242
0.107774
0.0964964
0.0837572
0.0662129
0.00149351
0.000873772
0.000775669
0.000623343
0.000460908
0.000313559
0.000195438
0.000111756
5.9249e-05
2.95476e-05
1.40323e-05
6.41438e-06
2.85393e-06
1.25063e-06
5.47665e-07
2.44836e-07
1.15697e-07
6.13125e-08
4.02523e-08
3.7958e-08
9.34741e-07
3.87446e-07
1.13962e-07
2.51027e-08
4.24745e-09
5.53353e-10
5.43977e-11
3.83955e-12
1.75215e-13
4.04198e-15
0.144729
0.139649
0.13325
0.125757
0.117353
0.108157
0.098154
0.0871134
0.0741346
0.0552249
0.000873773
2.11407e-05
1.00035e-05
7.78051e-06
5.42642e-06
3.42819e-06
1.98204e-06
1.0603e-06
5.31586e-07
2.52765e-07
1.15157e-07
5.07722e-08
2.18937e-08
9.34527e-09
4.01189e-09
1.77373e-09
8.38602e-10
4.50505e-10
3.01001e-10
2.69829e-10
3.14347e-07
1.2538e-07
3.62413e-08
7.94939e-09
1.34415e-09
1.74781e-10
1.70999e-11
1.19767e-12
5.42318e-14
1.25419e-15
0.133137
0.128437
0.122521
0.115579
0.107744
0.0990794
0.0895284
0.0787822
0.0657075
0.0457684
0.000775669
1.00035e-05
1.87546e-07
7.42307e-08
4.98604e-08
3.02453e-08
1.67396e-08
8.59033e-09
4.1452e-09
1.90284e-09
8.39413e-10
3.59364e-10
1.50856e-10
6.28552e-11
2.64206e-11
1.14722e-11
5.33319e-12
2.80061e-12
1.78034e-12
1.39206e-12
9.53526e-08
3.73087e-08
1.0617e-08
2.30839e-09
3.88205e-10
5.02265e-11
4.88345e-12
3.39466e-13
1.53487e-14
3.20692e-16
0.122767
0.118381
0.112882
0.106417
0.099081
0.090901
0.0817819
0.0713182
0.058063
0.0371581
0.000623343
7.78051e-06
7.42308e-08
1.15211e-09
3.8881e-10
2.27899e-10
1.22658e-10
6.11788e-11
2.87016e-11
1.28177e-11
5.50559e-12
2.29684e-12
9.40293e-13
3.82274e-13
1.56926e-13
6.64593e-14
3.00021e-14
1.50884e-14
8.86823e-15
6.03599e-15
2.68828e-08
1.03802e-08
2.91064e-09
6.25634e-10
1.04267e-10
1.33809e-11
1.29026e-12
8.90951e-14
4.07056e-15
6.66784e-17
0.113456
0.109326
0.10418
0.0981309
0.0912398
0.0835033
0.0747774
0.0645143
0.0509169
0.0291151
0.000460908
5.42642e-06
4.98604e-08
3.8881e-10
5.21075e-12
1.53373e-12
8.01421e-13
3.91387e-13
1.79721e-13
7.85281e-14
3.30376e-14
1.34849e-14
5.3819e-15
2.09243e-15
7.7474e-16
2.09561e-16
1.20656e-16
0
0
0
7.16962e-09
2.73612e-09
7.55912e-10
1.60357e-10
2.64197e-11
3.35501e-12
3.20377e-13
2.20769e-14
1.03828e-15
0
0.10503
0.101113
0.0962732
0.0905918
0.0841028
0.0767681
0.0683732
0.0581372
0.0440893
0.0216046
0.000313559
3.42819e-06
3.02453e-08
2.27899e-10
1.53373e-12
1.84604e-14
4.82307e-15
2.24484e-15
9.14447e-16
2.50838e-16
1.20656e-16
0
0
0
0
0
0
0
0
0
1.82837e-09
6.89712e-10
1.87677e-10
3.92519e-11
6.38382e-12
8.01176e-13
7.58832e-14
5.29935e-15
1.9686e-16
0
0.0973433
0.0936059
0.0890363
0.0836865
0.0775623
0.0705818
0.062418
0.0520241
0.0373967
0.0148731
0.000195438
1.98204e-06
1.67396e-08
1.22658e-10
8.01421e-13
4.82307e-15
0
0
0
0
0
0
0
0
0
0
0
0
0
0
4.48873e-10
1.67353e-10
4.48443e-11
9.24289e-12
1.48327e-12
1.84029e-13
1.73808e-14
1.25419e-15
0
0
0.0902738
0.0866904
0.0823628
0.0773153
0.0715197
0.0648285
0.0567175
0.0460499
0.0306816
0.00936742
0.000111756
1.0603e-06
8.59034e-09
6.11789e-11
3.91387e-13
2.24484e-15
0
0
0
0
0
0
0
0
0
0
0
0
0
0
1.06552e-10
3.92621e-11
1.03626e-11
2.1055e-12
3.3371e-13
4.11152e-14
3.9372e-15
2.50838e-16
0
0
0.0837165
0.0802675
0.0761606
0.0713889
0.0658771
0.059369
0.0511391
0.0400658
0.0238916
0.00540755
5.9249e-05
5.31587e-07
4.1452e-09
2.87016e-11
1.79721e-13
9.14447e-16
0
0
0
0
0
0
0
0
0
0
0
0
0
0
2.45232e-11
8.93318e-12
2.3242e-12
4.66168e-13
7.3232e-14
9.07779e-15
8.76345e-16
9.52549e-18
0
0
0.0775801
0.0742507
0.0703459
0.0658182
0.0605189
0.0540098
0.045578
0.0339247
0.0172259
0.002903
2.95476e-05
2.52765e-07
1.90284e-09
1.28177e-11
7.85281e-14
2.50838e-16
0
0
0
0
0
0
0
0
0
0
0
0
0
0
5.48117e-12
1.97522e-12
5.07471e-13
1.00859e-13
1.58345e-14
2.00988e-15
1.46058e-16
0
0
0
0.071781
0.0685579
0.0648317
0.0604938
0.0552618
0.0486479
0.0398978
0.0275263
0.0112246
0.00146987
1.40323e-05
1.15157e-07
8.39414e-10
5.50559e-12
3.30376e-14
1.20656e-16
0
0
0
0
0
0
0
0
0
0
0
0
0
0
1.19072e-12
4.2511e-13
1.08219e-13
2.15054e-14
3.43235e-15
4.19122e-16
0
0
0
0
0.0662294
0.0630934
0.0595002
0.0552311
0.0499484
0.0431663
0.0339523
0.0209195
0.00654091
0.000709244
6.41438e-06
5.07723e-08
3.59365e-10
2.29681e-12
1.34849e-14
0
0
0
0
0
0
0
0
0
0
0
0
0
0
0
2.51575e-13
8.92538e-14
2.26834e-14
4.59764e-15
7.42988e-16
7.62039e-17
0
0
0
0
0.0608009
0.0577068
0.0541353
0.0498405
0.0444673
0.0374105
0.0276293
0.0144627
0.00344531
0.000329913
2.85393e-06
2.18937e-08
1.50856e-10
9.40293e-13
5.3819e-15
0
0
0
0
0
0
0
0
0
0
0
0
0
0
0
5.17869e-14
1.83747e-14
4.75322e-15
9.7795e-16
1.20656e-16
0
0
0
0
0
0.0552624
0.0521416
0.0485466
0.0441906
0.0386466
0.0312125
0.0209546
0.00886103
0.00167882
0.000149816
1.25064e-06
9.34528e-09
6.28552e-11
3.82274e-13
2.09243e-15
0
0
0
0
0
0
0
0
0
0
0
0
0
0
0
1.04495e-14
3.74987e-15
9.87476e-16
1.65109e-16
0
0
0
0
0
0
0.0494028
0.0462236
0.042558
0.0380697
0.0322712
0.0244591
0.0142826
0.00477658
0.000776276
6.73038e-05
5.47666e-07
4.0119e-09
2.64206e-11
1.56926e-13
7.7474e-16
0
0
0
0
0
0
0
0
0
0
0
0
0
0
0
2.09561e-15
7.55689e-16
1.55583e-16
0
0
0
0
0
0
0
0.0429916
0.0396981
0.0358925
0.0312049
0.0251509
0.0172793
0.00841306
0.00230211
0.000349165
3.04397e-05
2.44837e-07
1.77373e-09
1.14722e-11
6.64593e-14
2.09561e-16
0
0
0
0
0
0
0
0
0
0
0
0
0
0
0
3.90545e-16
1.20656e-16
0
0
0
0
0
0
0
0
0.035671
0.0322101
0.0282266
0.0233806
0.0173664
0.0103773
0.00419214
0.0010202
0.000156421
1.42363e-05
1.15697e-07
8.38603e-10
5.33319e-12
3.00021e-14
1.20656e-16
0
0
0
0
0
0
0
0
0
0
0
0
0
0
0
4.44523e-17
0
0
0
0
0
0
0
0
0
0.0270576
0.0234828
0.019481
0.0148893
0.00981441
0.00501943
0.00178318
0.000428046
7.14732e-05
7.18288e-06
6.13126e-08
4.50506e-10
2.80061e-12
1.50884e-14
0
0
0
0
0
0
0
0
0
0
0
0
0
0
0
0
0
0
0
0
0
0
0
0
0
0
0.0172839
0.0140262
0.01067
0.00730234
0.00423587
0.00193928
0.000666997
0.000173627
3.39961e-05
4.15141e-06
4.02524e-08
3.01001e-10
1.78034e-12
8.86823e-15
0
0
0
0
0
0
0
0
0
0
0
0
0
0
0
0
0
0
0
0
0
0
0
0
0
0
0.00822696
0.00612429
0.00423149
0.00262555
0.00140455
0.000623185
0.000226107
6.81414e-05
1.68167e-05
2.9041e-06
3.7958e-08
2.69829e-10
1.39206e-12
6.03599e-15
0
0
0
0
0
0
0
0
0
0
0
0
0
0
0
0
0
0
0
0
0
0
0
0
0
0
0.00272902
0.0019032
0.00123546
0.000729889
0.000382582
0.000174694
6.97287e-05
2.49238e-05
8.12358e-06
2.38395e-06
9.34742e-07
3.14347e-07
9.53528e-08
2.68828e-08
7.16962e-09
1.82837e-09
4.48874e-10
1.06552e-10
2.45232e-11
5.48118e-12
1.19072e-12
2.51575e-13
5.17869e-14
1.04495e-14
2.09561e-15
3.90545e-16
4.44523e-17
0
0
0
0
0
0
0
0
0
0
0
0
0
0.000675926
0.00045831
0.000290696
0.000170035
9.03592e-05
4.33373e-05
1.8949e-05
7.72269e-06
2.98407e-06
1.0874e-06
3.87447e-07
1.25381e-07
3.73088e-08
1.03803e-08
2.73612e-09
6.89713e-10
1.67353e-10
3.92621e-11
8.93319e-12
1.97522e-12
4.2511e-13
8.92538e-14
1.83747e-14
3.74987e-15
7.55689e-16
1.20656e-16
0
0
0
0
0
0
0
0
0
0
0
0
0
0
0.000137395
9.24682e-05
5.84448e-05
3.44056e-05
1.87196e-05
9.40854e-06
4.4124e-06
1.95846e-06
8.26408e-07
3.24272e-07
1.13963e-07
3.62413e-08
1.06171e-08
2.91064e-09
7.55913e-10
1.87678e-10
4.48443e-11
1.03626e-11
2.3242e-12
5.07471e-13
1.08219e-13
2.26834e-14
4.75322e-15
9.87476e-16
1.55583e-16
0
0
0
0
0
0
0
0
0
0
0
0
0
0
0
2.375e-05
1.59784e-05
1.01327e-05
6.03104e-06
3.35809e-06
1.75188e-06
8.62113e-07
4.02321e-07
1.76852e-07
7.10639e-08
2.51028e-08
7.9494e-09
2.30839e-09
6.25634e-10
1.60358e-10
3.92519e-11
9.2429e-12
2.1055e-12
4.66168e-13
1.00859e-13
2.15054e-14
4.59764e-15
9.7795e-16
1.65109e-16
0
0
0
0
0
0
0
0
0
0
0
0
0
0
0
0
3.47156e-06
2.34031e-06
1.49221e-06
8.98296e-07
5.09918e-07
2.73289e-07
1.3863e-07
6.64262e-08
2.96593e-08
1.19756e-08
4.24746e-09
1.34415e-09
3.88206e-10
1.04268e-10
2.64197e-11
6.38382e-12
1.48327e-12
3.3371e-13
7.3232e-14
1.58345e-14
3.43235e-15
7.42988e-16
1.20656e-16
0
0
0
0
0
0
0
0
0
0
0
0
0
0
0
0
0
4.18769e-07
2.8315e-07
1.81601e-07
1.10425e-07
6.36138e-08
3.47121e-08
1.7913e-08
8.67956e-09
3.88286e-09
1.56159e-09
5.53354e-10
1.74781e-10
5.02265e-11
1.33809e-11
3.35501e-12
8.01186e-13
1.84029e-13
4.11152e-14
9.07779e-15
2.00988e-15
4.19122e-16
7.62039e-17
0
0
0
0
0
0
0
0
0
0
0
0
0
0
0
0
0
0
4.00695e-08
2.71832e-08
1.75307e-08
1.07473e-08
6.25636e-09
3.45101e-09
1.79484e-09
8.70939e-10
3.8735e-10
1.54387e-10
5.43978e-11
1.70999e-11
4.88347e-12
1.29026e-12
3.20377e-13
7.58832e-14
1.73808e-14
3.9372e-15
8.76345e-16
1.46058e-16
0
0
0
0
0
0
0
0
0
0
0
0
0
0
0
0
0
0
0
0
2.85287e-09
1.94191e-09
1.25844e-09
7.76341e-10
4.55023e-10
2.52349e-10
1.31425e-10
6.34769e-11
2.7939e-11
1.10004e-11
3.83957e-12
1.19767e-12
3.39466e-13
8.90951e-14
2.20769e-14
5.29935e-15
1.25419e-15
2.50838e-16
9.52549e-18
0
0
0
0
0
0
0
0
0
0
0
0
0
0
0
0
0
0
0
0
0
1.34407e-10
9.17844e-11
5.97256e-11
3.70151e-11
2.17817e-11
1.20988e-11
6.28346e-12
3.00961e-12
1.30764e-12
5.07705e-13
1.75215e-13
5.42318e-14
1.53487e-14
4.07056e-15
1.03828e-15
1.9686e-16
0
0
0
0
0
0
0
0
0
0
0
0
0
0
0
0
0
0
0
0
0
0
0
0
3.14403e-12
2.15371e-12
1.40653e-12
8.74735e-13
5.15929e-13
2.86444e-13
1.48096e-13
7.03267e-14
3.02117e-14
1.16687e-14
4.04198e-15
1.25419e-15
3.20692e-16
6.66784e-17
0
0
0
0
0
0
0
0
0
0
0
0
0
0
0
0
0
0
0
0
0
0
0
0
0
0
0.515865
0.475097
0.425074
0.376344
0.333181
0.296271
0.265032
0.238531
0.215867
0.196355
0.179463
0.164753
0.151857
0.140462
0.130288
0.121139
0.112838
0.105236
0.0982027
0.091622
0.0853868
0.0793895
0.0735087
0.0676201
0.0615856
0.0552139
0.0482195
0.0401861
0.030611
0.0194528
0.00888346
0.002693
0.000595116
0.000106238
1.57786e-05
1.9223e-06
1.85181e-07
1.3249e-08
6.26588e-10
1.47055e-11
0.475125
0.43729
0.394295
0.352562
0.314886
0.281963
0.253542
0.229014
0.207763
0.1893
0.173208
0.159122
0.146723
0.135723
0.125879
0.117008
0.108944
0.101544
0.0946842
0.0882533
0.0821456
0.0762527
0.0704515
0.0646249
0.0586318
0.0522706
0.0452402
0.0371126
0.0274299
0.0164587
0.00692494
0.00197133
0.000423863
7.49644e-05
1.10964e-05
1.35023e-06
1.30053e-07
9.3094e-09
4.40662e-10
1.0354e-11
0.425047
0.394302
0.359506
0.325131
0.293296
0.264748
0.239499
0.21725
0.19768
0.180489
0.165382
0.152075
0.140306
0.129816
0.120406
0.111908
0.104167
0.0970487
0.0904354
0.0842188
0.0782939
0.0725485
0.0668688
0.0611436
0.0552245
0.0488949
0.0418376
0.0336179
0.0238643
0.0132926
0.00509197
0.00136148
0.00028551
5.01207e-05
7.40749e-06
9.01816e-07
8.6972e-08
6.23474e-09
2.95551e-10
6.95438e-12
0.376345
0.352574
0.325136
0.297291
0.270762
0.2463
0.224093
0.204116
0.186275
0.170417
0.156358
0.143894
0.132809
0.122892
0.113981
0.105915
0.09855
0.0917608
0.0854336
0.0794615
0.0737368
0.0681505
0.0626075
0.0569912
0.0511409
0.0448262
0.0377164
0.0293901
0.0196716
0.00993048
0.00343701
0.00087037
0.000179578
3.14856e-05
4.66775e-06
5.70499e-07
5.52151e-08
3.96921e-09
1.88529e-10
4.44243e-12
0.333185
0.314894
0.2933
0.270763
0.248661
0.227687
0.208176
0.190289
0.174069
0.159478
0.146428
0.134791
0.124385
0.115061
0.106666
0.0990507
0.0920786
0.0856278
0.0795857
0.0738424
0.0682951
0.0628564
0.0574266
0.0518782
0.0460385
0.0396658
0.0324308
0.0240047
0.0146613
0.00652551
0.00205339
0.000503036
0.000103886
1.84079e-05
2.75932e-06
3.40288e-07
3.3144e-08
2.39187e-09
1.13826e-10
2.68381e-12
0.296274
0.281968
0.26475
0.246301
0.227688
0.209565
0.192342
0.176261
0.161447
0.147955
0.135784
0.124867
0.115094
0.106332
0.0984308
0.0912425
0.0846335
0.0784806
0.072666
0.0670951
0.0616786
0.0563221
0.0509129
0.0453092
0.039328
0.0327338
0.0252812
0.0170042
0.00901611
0.00350627
0.00104258
0.00025738
5.46885e-05
9.96183e-06
1.52502e-06
1.90743e-07
1.87322e-08
1.35686e-09
6.45998e-11
1.52084e-12
0.265034
0.253545
0.2395
0.224093
0.208176
0.192342
0.176988
0.162374
0.148673
0.13601
0.124475
0.114117
0.104867
0.0965779
0.0890873
0.082241
0.0758953
0.0699325
0.0642514
0.0587543
0.0533396
0.0478918
0.0422783
0.0363456
0.0299333
0.0229508
0.0156161
0.00883619
0.00396629
0.00143497
0.000440258
0.000116325
2.62932e-05
5.00759e-06
7.88695e-07
1.00244e-07
9.9159e-09
7.19029e-10
3.4132e-11
7.99363e-13
0.238532
0.229015
0.217251
0.204117
0.190289
0.176261
0.162375
0.148865
0.135905
0.123654
0.112347
0.102276
0.0933456
0.0853518
0.0780941
0.0714045
0.0651513
0.0592155
0.0534803
0.0478199
0.0421001
0.0361819
0.0299425
0.0233484
0.0166268
0.0104427
0.00566884
0.00268257
0.00113884
0.000445335
0.000158759
4.76988e-05
1.17566e-05
2.35783e-06
3.81784e-07
4.91206e-08
4.87019e-09
3.51771e-10
1.65695e-11
3.8442e-13
0.215868
0.207764
0.197681
0.186275
0.174069
0.161447
0.148673
0.135905
0.123216
0.110682
0.0987026
0.0884092
0.0794238
0.0713765
0.0640198
0.0571801
0.0507036
0.0444351
0.038216
0.0319007
0.0254135
0.0188718
0.0127258
0.00766985
0.00416165
0.00208472
0.000994072
0.000466503
0.000222156
0.000108283
5.11446e-05
1.83147e-05
4.9521e-06
1.03819e-06
1.71199e-07
2.21141e-08
2.1834e-09
1.56285e-10
7.27409e-12
1.66655e-13
0.196355
0.1893
0.18049
0.170418
0.159478
0.147955
0.13601
0.123654
0.110682
0.0964995
0.0801939
0.068675
0.0589144
0.0501661
0.04208
0.0344571
0.0272149
0.0204139
0.0143014
0.00925749
0.00554863
0.00311106
0.00164311
0.000821527
0.000394233
0.00018603
8.91884e-05
4.54965e-05
2.62963e-05
1.82455e-05
1.47825e-05
6.60738e-06
1.93193e-06
4.16236e-07
6.91731e-08
8.92154e-09
8.74735e-10
6.19547e-11
2.84659e-12
6.44399e-14
0.179463
0.173208
0.165382
0.156358
0.146429
0.135784
0.124475
0.112347
0.0987026
0.0801939
0.00194319
0.00122183
0.00116184
0.00101442
0.000831605
0.000642943
0.00046675
0.000315774
0.000197885
0.000114888
6.22519e-05
3.17809e-05
1.54126e-05
7.17964e-06
3.27252e-06
1.49896e-06
7.17213e-07
3.81381e-07
2.495e-07
2.33243e-07
5.71157e-06
2.32718e-06
6.73722e-07
1.46411e-07
2.45042e-08
3.16561e-09
3.09284e-10
2.17376e-11
9.88168e-13
2.22103e-14
0.164753
0.159122
0.152075
0.143894
0.134791
0.124867
0.114117
0.102276
0.0884092
0.068675
0.00122183
3.54642e-05
1.83604e-05
1.57501e-05
1.23042e-05
8.84202e-06
5.87836e-06
3.62166e-06
2.07329e-06
1.10921e-06
5.58929e-07
2.67345e-07
1.22482e-07
5.44841e-08
2.40065e-08
1.07715e-08
5.12586e-09
2.7548e-09
1.83285e-09
1.63e-09
1.89544e-06
7.45364e-07
2.12735e-07
4.61755e-08
7.74379e-09
1.00082e-09
9.75088e-11
6.81081e-12
3.06959e-13
6.90281e-15
0.151857
0.146723
0.140306
0.132809
0.124385
0.115094
0.104867
0.0933456
0.0794238
0.0589143
0.00116184
1.83604e-05
4.0399e-07
1.77655e-07
1.33795e-07
9.17581e-08
5.75548e-08
3.33023e-08
1.79155e-08
9.03599e-09
4.30862e-09
1.95897e-09
8.58429e-10
3.67966e-10
1.57374e-10
6.89733e-11
3.21796e-11
1.6889e-11
1.06957e-11
8.30543e-12
5.68635e-07
2.19948e-07
6.19736e-08
1.33682e-08
2.23492e-09
2.87987e-10
2.79317e-11
1.938e-12
8.67613e-14
1.98448e-15
0.140462
0.135724
0.129816
0.122893
0.115061
0.106333
0.0965779
0.0853518
0.0713765
0.0501661
0.00101442
1.57501e-05
1.77655e-07
3.15346e-09
1.18946e-09
7.81187e-10
4.69723e-10
2.59524e-10
1.33208e-10
6.41552e-11
2.9263e-11
1.27654e-11
5.38916e-12
2.23505e-12
9.2771e-13
3.95035e-13
1.78463e-13
8.95333e-14
5.26188e-14
3.56444e-14
1.58937e-07
6.08141e-08
1.69244e-08
3.61715e-09
6.00469e-10
7.68808e-11
7.40481e-12
5.09731e-13
2.27437e-14
5.11201e-16
0.130288
0.125879
0.120407
0.113981
0.106666
0.0984308
0.0890873
0.0780941
0.0640199
0.0420799
0.000831605
1.23042e-05
1.33795e-07
1.18946e-09
1.77023e-11
5.77678e-12
3.3271e-12
1.77238e-12
8.7604e-13
4.06348e-13
1.78673e-13
7.53276e-14
3.08054e-14
1.24466e-14
5.02628e-15
2.02575e-15
8.22367e-16
3.27042e-16
1.20656e-16
1.17481e-16
4.21227e-08
1.59629e-08
4.38596e-09
9.26883e-10
1.52367e-10
1.93315e-11
1.84505e-12
1.25997e-13
5.66132e-15
1.17481e-16
0.121139
0.117008
0.111908
0.105915
0.0990507
0.0912425
0.082241
0.0714045
0.0571801
0.0344571
0.000642943
8.84203e-06
9.17582e-08
7.81188e-10
5.77678e-12
7.46576e-14
2.14609e-14
1.10146e-14
5.25807e-15
2.31469e-15
8.95396e-16
2.38137e-16
1.20656e-16
0
0
0
0
0
0
0
1.06979e-08
4.01465e-09
1.08836e-09
2.27125e-10
3.69078e-11
4.63217e-12
4.37645e-13
2.97322e-14
1.37485e-15
0
0.112838
0.108944
0.104167
0.09855
0.0920786
0.0846335
0.0758953
0.0651513
0.0507036
0.0272149
0.00046675
5.87836e-06
5.75549e-08
4.69724e-10
3.32711e-12
2.14609e-14
1.20656e-16
0
0
0
0
0
0
0
0
0
0
0
0
0
2.62072e-09
9.73556e-10
2.60297e-10
5.36043e-11
8.60369e-12
1.06748e-12
9.9951e-14
6.852e-15
2.8894e-16
0
0.105236
0.101544
0.0970487
0.0917609
0.0856278
0.0784806
0.0699326
0.0592155
0.0444351
0.0204138
0.000315774
3.62166e-06
3.33023e-08
2.59524e-10
1.77238e-12
1.10146e-14
0
0
0
0
0
0
0
0
0
0
0
0
0
0
6.21836e-10
2.28615e-10
6.02814e-11
1.22508e-11
1.94239e-12
2.38452e-13
2.22611e-14
1.58758e-15
2.54013e-17
0
0.0982027
0.0946843
0.0904355
0.0854337
0.0795857
0.072666
0.0642514
0.0534803
0.038216
0.0143014
0.000197885
2.07329e-06
1.79155e-08
1.33208e-10
8.7604e-13
5.25807e-15
0
0
0
0
0
0
0
0
0
0
0
0
0
0
1.43273e-10
5.21318e-11
1.35639e-11
2.72257e-12
4.26996e-13
5.21203e-14
4.93738e-15
3.36567e-16
0
0
0.091622
0.0882534
0.0842189
0.0794615
0.0738424
0.0670951
0.0587543
0.0478199
0.0319007
0.00925749
0.000114888
1.10921e-06
9.03599e-09
6.41552e-11
4.06348e-13
2.31469e-15
0
0
0
0
0
0
0
0
0
0
0
0
0
0
3.20989e-11
1.15645e-11
2.97263e-12
5.90492e-13
9.19432e-14
1.12782e-14
1.09861e-15
5.39778e-17
0
0
0.0853869
0.0821457
0.0782939
0.0737369
0.0682952
0.0616786
0.0533396
0.0421002
0.0254135
0.00554863
6.2252e-05
5.5893e-07
4.30862e-09
2.9263e-11
1.78673e-13
8.95396e-16
0
0
0
0
0
0
0
0
0
0
0
0
0
0
6.99624e-12
2.49805e-12
6.35807e-13
1.25492e-13
1.95939e-14
2.45758e-15
1.9686e-16
0
0
0
0.0793895
0.0762527
0.0725485
0.0681506
0.0628564
0.0563222
0.0478918
0.036182
0.0188718
0.00311106
3.17809e-05
2.67345e-07
1.95897e-09
1.27654e-11
7.53276e-14
2.38137e-16
0
0
0
0
0
0
0
0
0
0
0
0
0
0
1.48312e-12
5.25725e-13
1.33039e-13
2.63094e-14
4.21344e-15
5.30252e-16
0
0
0
0
0.0735087
0.0704516
0.0668688
0.0626075
0.0574266
0.0509129
0.0422783
0.0299426
0.0127258
0.00164311
1.54126e-05
1.22482e-07
8.5843e-10
5.38916e-12
3.08054e-14
1.20656e-16
0
0
0
0
0
0
0
0
0
0
0
0
0
0
3.05597e-13
1.07914e-13
2.73731e-14
5.53113e-15
9.11272e-16
1.14306e-16
0
0
0
0
0.0676201
0.064625
0.0611436
0.0569912
0.0518782
0.0453093
0.0363456
0.0233484
0.00766985
0.000821528
7.17964e-06
5.44841e-08
3.67967e-10
2.23505e-12
1.24466e-14
0
0
0
0
0
0
0
0
0
0
0
0
0
0
0
6.1233e-14
2.16959e-14
5.60416e-15
1.17481e-15
1.55583e-16
0
0
0
0
0
0.0615856
0.0586319
0.0552245
0.0511409
0.0460385
0.039328
0.0299334
0.0166268
0.00416165
0.000394233
3.27252e-06
2.40065e-08
1.57375e-10
9.2771e-13
5.02628e-15
0
0
0
0
0
0
0
0
0
0
0
0
0
0
0
1.19862e-14
4.33092e-15
1.14306e-15
1.9686e-16
0
0
0
0
0
0
0.0552139
0.0522706
0.0488949
0.0448263
0.0396659
0.0327339
0.0229508
0.0104427
0.00208472
0.00018603
1.49896e-06
1.07715e-08
6.89734e-11
3.95035e-13
2.02575e-15
0
0
0
0
0
0
0
0
0
0
0
0
0
0
0
2.33375e-15
8.44593e-16
1.87335e-16
0
0
0
0
0
0
0
0.0482195
0.0452402
0.0418377
0.0377164
0.0324308
0.0252812
0.0156161
0.00566885
0.000994073
8.91885e-05
7.17214e-07
5.12586e-09
3.21797e-11
1.78463e-13
8.22367e-16
0
0
0
0
0
0
0
0
0
0
0
0
0
0
0
4.19122e-16
1.20656e-16
0
0
0
0
0
0
0
0
0.0401862
0.0371126
0.0336179
0.0293901
0.0240047
0.0170042
0.0088362
0.00268258
0.000466504
4.54966e-05
3.81382e-07
2.75481e-09
1.68891e-11
8.95333e-14
3.27042e-16
0
0
0
0
0
0
0
0
0
0
0
0
0
0
0
5.39778e-17
0
0
0
0
0
0
0
0
0
0.030611
0.0274299
0.0238644
0.0196717
0.0146613
0.00901612
0.00396629
0.00113884
0.000222156
2.62963e-05
2.49501e-07
1.83285e-09
1.06957e-11
5.26188e-14
1.20656e-16
0
0
0
0
0
0
0
0
0
0
0
0
0
0
0
0
0
0
0
0
0
0
0
0
0
0.0194528
0.0164588
0.0132927
0.00993049
0.00652552
0.00350627
0.00143497
0.000445336
0.000108283
1.82455e-05
2.33243e-07
1.63001e-09
8.30543e-12
3.56444e-14
1.17481e-16
0
0
0
0
0
0
0
0
0
0
0
0
0
0
0
0
0
0
0
0
0
0
0
0
0
0.00888347
0.00692495
0.00509198
0.00343702
0.00205339
0.00104258
0.000440259
0.000158759
5.11446e-05
1.47826e-05
5.71158e-06
1.89544e-06
5.68636e-07
1.58937e-07
4.21228e-08
1.06979e-08
2.62072e-09
6.21837e-10
1.43273e-10
3.20989e-11
6.99625e-12
1.48312e-12
3.05597e-13
6.1233e-14
1.19862e-14
2.33375e-15
4.19122e-16
5.39778e-17
0
0
0
0
0
0
0
0
0
0
0
0
0.002693
0.00197133
0.00136148
0.000870371
0.000503037
0.00025738
0.000116325
4.76989e-05
1.83147e-05
6.60739e-06
2.32718e-06
7.45365e-07
2.19948e-07
6.08142e-08
1.59629e-08
4.01466e-09
9.73557e-10
2.28615e-10
5.21319e-11
1.15645e-11
2.49805e-12
5.25725e-13
1.07914e-13
2.16959e-14
4.33092e-15
8.44593e-16
1.20656e-16
0
0
0
0
0
0
0
0
0
0
0
0
0
0.000595117
0.000423864
0.000285511
0.000179578
0.000103886
5.46886e-05
2.62932e-05
1.17566e-05
4.95211e-06
1.93193e-06
6.73723e-07
2.12735e-07
6.19737e-08
1.69244e-08
4.38596e-09
1.08837e-09
2.60297e-10
6.02815e-11
1.35639e-11
2.97263e-12
6.35807e-13
1.33039e-13
2.73731e-14
5.60416e-15
1.14306e-15
1.87335e-16
0
0
0
0
0
0
0
0
0
0
0
0
0
0
0.000106238
7.49645e-05
5.01207e-05
3.14857e-05
1.84079e-05
9.96185e-06
5.0076e-06
2.35783e-06
1.03819e-06
4.16237e-07
1.46411e-07
4.61756e-08
1.33683e-08
3.61715e-09
9.26884e-10
2.27125e-10
5.36043e-11
1.22508e-11
2.72257e-12
5.90492e-13
1.25492e-13
2.63094e-14
5.53113e-15
1.17481e-15
1.9686e-16
0
0
0
0
0
0
0
0
0
0
0
0
0
0
0
1.57786e-05
1.10964e-05
7.4075e-06
4.66776e-06
2.75933e-06
1.52502e-06
7.88696e-07
3.81785e-07
1.71199e-07
6.91732e-08
2.45043e-08
7.7438e-09
2.23492e-09
6.0047e-10
1.52367e-10
3.69079e-11
8.60369e-12
1.94239e-12
4.26996e-13
9.19432e-14
1.95939e-14
4.21344e-15
9.11272e-16
1.55583e-16
0
0
0
0
0
0
0
0
0
0
0
0
0
0
0
0
1.92231e-06
1.35023e-06
9.01817e-07
5.705e-07
3.40289e-07
1.90743e-07
1.00244e-07
4.91206e-08
2.21141e-08
8.92156e-09
3.16561e-09
1.00082e-09
2.87987e-10
7.6881e-11
1.93316e-11
4.63219e-12
1.06748e-12
2.38452e-13
5.21203e-14
1.12782e-14
2.45758e-15
5.30252e-16
1.14306e-16
0
0
0
0
0
0
0
0
0
0
0
0
0
0
0
0
0
1.85181e-07
1.30053e-07
8.69721e-08
5.52152e-08
3.3144e-08
1.87322e-08
9.91591e-09
4.8702e-09
2.1834e-09
8.74736e-10
3.09285e-10
9.75089e-11
2.79317e-11
7.40484e-12
1.84506e-12
4.37645e-13
9.9951e-14
2.22611e-14
4.93738e-15
1.09861e-15
1.9686e-16
0
0
0
0
0
0
0
0
0
0
0
0
0
0
0
0
0
0
0
1.3249e-08
9.30941e-09
6.23475e-09
3.96921e-09
2.39188e-09
1.35686e-09
7.1903e-10
3.51772e-10
1.56285e-10
6.19548e-11
2.17377e-11
6.81088e-12
1.938e-12
5.09731e-13
1.25997e-13
2.97322e-14
6.852e-15
1.58758e-15
3.36567e-16
5.39778e-17
0
0
0
0
0
0
0
0
0
0
0
0
0
0
0
0
0
0
0
0
6.26589e-10
4.40663e-10
2.95551e-10
1.88529e-10
1.13826e-10
6.46e-11
3.4132e-11
1.65696e-11
7.27415e-12
2.84662e-12
9.88168e-13
3.06959e-13
8.67613e-14
2.27437e-14
5.66132e-15
1.37485e-15
2.8894e-16
2.54013e-17
0
0
0
0
0
0
0
0
0
0
0
0
0
0
0
0
0
0
0
0
0
0
1.47055e-11
1.0354e-11
6.9544e-12
4.44247e-12
2.68387e-12
1.52084e-12
7.99363e-13
3.8442e-13
1.66655e-13
6.44399e-14
2.22103e-14
6.90281e-15
1.98448e-15
5.11201e-16
1.17481e-16
0
0
0
0
0
0
0
0
0
0
0
0
0
0
0
0
0
0
0
0
0
0
0
0
0
0.558384
0.534451
0.483008
0.424771
0.372316
0.328151
0.291552
0.26115
0.235637
0.213952
0.195337
0.179227
0.165172
0.152806
0.141828
0.131987
0.123083
0.114946
0.107434
0.100421
0.0937942
0.0874468
0.0812709
0.0751549
0.0689653
0.0625322
0.0556259
0.0479025
0.0388623
0.0279965
0.0158443
0.0060047
0.00150605
0.000283081
4.30435e-05
5.32135e-06
5.18227e-07
3.74025e-08
1.78207e-09
4.21029e-11
0.534522
0.496684
0.446324
0.395688
0.350267
0.311285
0.278305
0.250406
0.22663
0.206191
0.188512
0.173125
0.159645
0.147744
0.13715
0.12763
0.119
0.1111
0.103793
0.0969604
0.0904918
0.0842817
0.0782258
0.0722124
0.0661073
0.0597395
0.0528701
0.0451359
0.0360255
0.0251104
0.0133594
0.00470021
0.00112587
0.000207699
3.13372e-05
3.8578e-06
3.74706e-07
2.69988e-08
1.28512e-09
3.03494e-11
0.482966
0.4463
0.40402
0.362473
0.324585
0.291228
0.262285
0.237238
0.215486
0.196542
0.180003
0.165511
0.152751
0.141442
0.131343
0.122246
0.113981
0.1064
0.0993736
0.0927876
0.0865366
0.0805186
0.0746341
0.0687718
0.0627979
0.05654
0.049744
0.0420252
0.0328622
0.0219547
0.0108232
0.00350913
0.000802358
0.000145307
2.17613e-05
2.6691e-06
2.58696e-07
1.86151e-08
8.85308e-10
2.08975e-11
0.424741
0.395673
0.36247
0.329282
0.298198
0.270039
0.24493
0.222657
0.20295
0.185557
0.170223
0.156694
0.144722
0.134072
0.124529
0.115915
0.108071
0.100858
0.0941557
0.0878549
0.081854
0.0760587
0.0703717
0.0646837
0.0588635
0.0527318
0.0460179
0.0383154
0.0291117
0.0183446
0.00822466
0.00244937
0.000537411
9.59687e-05
1.43086e-05
1.7523e-06
1.69719e-07
1.22056e-08
5.80106e-10
1.36844e-11
0.372302
0.35026
0.324583
0.298198
0.272739
0.248985
0.227197
0.207412
0.189599
0.173669
0.159492
0.146904
0.135718
0.125735
0.116772
0.108662
0.101258
0.0944303
0.0880633
0.0820533
0.0763073
0.0707342
0.0652392
0.0597177
0.0540374
0.0480068
0.0413399
0.0336213
0.0244163
0.0141286
0.0056495
0.00155547
0.000331975
5.90457e-05
8.82265e-06
1.08338e-06
1.05111e-07
7.5626e-09
3.592e-10
8.46217e-12
0.328145
0.311282
0.291227
0.270039
0.248985
0.228752
0.209701
0.192034
0.175854
0.161191
0.148023
0.136276
0.125811
0.116457
0.108046
0.100419
0.0934356
0.0869702
0.080914
0.0751697
0.0696463
0.0642549
0.0589047
0.0534882
0.0478627
0.041828
0.0350977
0.0273102
0.0183259
0.00936141
0.003323
0.000869956
0.000185474
3.34239e-05
5.05686e-06
6.26215e-07
6.102e-08
4.39456e-09
2.08415e-10
4.89526e-12
0.29155
0.278303
0.262284
0.244929
0.227197
0.209701
0.192844
0.176888
0.162
0.148302
0.135889
0.124799
0.114928
0.106112
0.0981768
0.0909627
0.0843306
0.0781608
0.0723464
0.0667901
0.0614011
0.0560894
0.0507518
0.0452642
0.0394729
0.0331894
0.0262205
0.0185367
0.0107964
0.00475321
0.00157725
0.000418634
9.28804e-05
1.73324e-05
2.68391e-06
3.3666e-07
3.29728e-08
2.37387e-09
1.12141e-10
2.61833e-12
0.261149
0.250406
0.237237
0.222657
0.207412
0.192034
0.176888
0.162219
0.148208
0.135031
0.122938
0.112207
0.102728
0.0942865
0.0866786
0.0797358
0.0733174
0.0673019
0.0615816
0.0560548
0.0506109
0.0451291
0.0394788
0.033528
0.0271824
0.0204956
0.0138611
0.00809219
0.0039881
0.00166734
0.000597749
0.000175933
4.22766e-05
8.29193e-06
1.31907e-06
1.67422e-07
1.64321e-08
1.17827e-09
5.52293e-11
1.27698e-12
0.235637
0.226629
0.215486
0.20295
0.189599
0.175854
0.162
0.148208
0.13457
0.121187
0.108466
0.0975987
0.088177
0.0798154
0.0722491
0.065291
0.0588011
0.0526547
0.0467194
0.0408518
0.0349045
0.0287627
0.0224308
0.0161658
0.0105415
0.00619293
0.00333846
0.00170066
0.000843643
0.000414242
0.000193143
6.76376e-05
1.78705e-05
3.67244e-06
5.95991e-07
7.60431e-08
7.43943e-09
5.29044e-10
2.4518e-11
5.5975e-13
0.213951
0.206191
0.196542
0.185557
0.173669
0.161191
0.148302
0.135031
0.121187
0.106171
0.0891648
0.0772753
0.0672929
0.0584172
0.0502934
0.0427023
0.0355069
0.0286448
0.0221523
0.0162008
0.0110835
0.0070738
0.00423226
0.00238453
0.00126923
0.000646855
0.000326017
0.000170952
9.97592e-05
6.89888e-05
5.52847e-05
2.42421e-05
6.95142e-06
1.47279e-06
2.41491e-07
3.08262e-08
2.99956e-09
2.11335e-10
9.67759e-12
2.18115e-13
0.195336
0.188512
0.180003
0.170223
0.159492
0.148023
0.135889
0.122938
0.108466
0.0891648
0.0022434
0.00146244
0.00143707
0.00130419
0.0011211
0.000919904
0.000719702
0.000534005
0.000373016
0.000243664
0.000148447
8.45983e-05
4.53856e-05
2.30871e-05
1.12688e-05
5.40644e-06
2.6575e-06
1.4294e-06
9.34875e-07
8.67038e-07
2.11022e-05
8.45523e-06
2.40938e-06
5.16649e-07
8.55568e-08
1.09643e-08
1.06509e-09
7.45775e-11
3.38238e-12
7.54609e-14
0.179227
0.173125
0.165511
0.156694
0.146904
0.136276
0.124799
0.112207
0.0975987
0.0772753
0.00146244
4.73332e-05
2.57018e-05
2.31994e-05
1.92372e-05
1.48289e-05
1.06978e-05
7.22838e-06
4.56977e-06
2.7028e-06
1.49924e-06
7.8372e-07
3.88498e-07
1.84286e-07
8.50417e-08
3.92732e-08
1.89632e-08
1.02291e-08
6.77797e-09
5.973e-09
6.92144e-06
2.68346e-06
7.56215e-07
1.62438e-07
2.70223e-08
3.47188e-09
3.36927e-10
2.34797e-11
1.05649e-12
2.34295e-14
0.165172
0.159645
0.152751
0.144722
0.135718
0.125811
0.114928
0.102728
0.088177
0.0672928
0.00143707
2.57019e-05
6.27704e-07
2.92926e-07
2.35566e-07
1.74e-07
1.18479e-07
7.48389e-08
4.40256e-08
2.42168e-08
1.25185e-08
6.11841e-09
2.84912e-09
1.27904e-09
5.64222e-10
2.51699e-10
1.1831e-10
6.20938e-11
3.91185e-11
3.01069e-11
2.05576e-06
7.85915e-07
2.1923e-07
4.69149e-08
7.79717e-09
1.0007e-09
9.68293e-11
6.71115e-12
2.99729e-13
6.69007e-15
0.152806
0.147744
0.141443
0.134072
0.125735
0.116457
0.106112
0.0942865
0.0798154
0.0584172
0.00130419
2.31994e-05
2.92927e-07
5.71913e-09
2.31093e-09
1.63524e-09
1.06456e-09
6.38066e-10
3.54749e-10
1.84185e-10
8.99086e-11
4.15704e-11
1.83786e-11
7.87662e-12
3.33734e-12
1.43612e-12
6.50921e-13
3.26004e-13
1.90396e-13
1.27877e-13
5.70055e-07
2.16068e-07
5.96658e-08
1.26775e-08
2.09607e-09
2.6773e-10
2.5761e-11
1.77287e-12
7.86774e-14
1.79079e-15
0.141828
0.13715
0.131343
0.124529
0.116772
0.108046
0.0981768
0.0866786
0.0722491
0.0502934
0.0011211
1.92372e-05
2.35566e-07
2.31094e-09
3.73582e-11
1.31138e-11
8.14242e-12
4.67283e-12
2.47921e-12
1.22646e-12
5.70399e-13
2.51549e-13
1.06533e-13
4.38427e-14
1.79714e-14
7.45846e-15
3.25454e-15
1.5209e-15
7.8109e-16
4.19122e-16
1.50197e-07
5.64957e-08
1.54328e-08
3.24817e-09
5.32653e-10
6.75122e-11
6.44421e-12
4.39779e-13
1.94923e-14
4.19122e-16
0.131987
0.12763
0.122246
0.115915
0.108662
0.100419
0.0909627
0.0797359
0.065291
0.0427023
0.000919905
1.48289e-05
1.74e-07
1.63524e-09
1.31138e-11
1.80981e-13
5.56511e-14
3.05133e-14
1.55647e-14
7.42671e-15
3.29264e-15
1.32087e-15
4.47698e-16
1.20656e-16
0
0
0
0
0
0
3.79955e-08
1.41775e-08
3.82766e-09
7.96752e-10
1.29332e-10
1.62342e-11
1.53474e-12
1.03904e-13
4.67702e-15
7.93791e-17
0.123083
0.119
0.113981
0.108071
0.101258
0.0934357
0.0843306
0.0733174
0.0588011
0.0355069
0.000719702
1.06978e-05
1.1848e-07
1.06456e-09
8.14242e-12
5.56511e-14
4.41348e-16
1.14306e-16
0
0
0
0
0
0
0
0
0
0
0
0
9.28758e-09
3.43576e-09
9.16149e-10
1.88437e-10
3.02466e-11
3.75628e-12
3.51545e-13
2.37693e-14
1.09543e-15
0
0.114946
0.1111
0.1064
0.100858
0.0944303
0.0869702
0.0781608
0.0673019
0.0526547
0.0286448
0.000534005
7.22839e-06
7.48389e-08
6.38066e-10
4.67283e-12
3.05133e-14
1.14306e-16
0
0
0
0
0
0
0
0
0
0
0
0
0
2.20233e-09
8.07356e-10
2.12579e-10
4.31969e-11
6.85544e-12
8.42453e-13
7.82265e-14
5.3819e-15
1.9686e-16
0
0.107434
0.103793
0.0993736
0.0941557
0.0880633
0.080914
0.0723464
0.0615817
0.0467194
0.0221523
0.000373016
4.56977e-06
4.40256e-08
3.54749e-10
2.47921e-12
1.55647e-14
0
0
0
0
0
0
0
0
0
0
0
0
0
0
5.07798e-10
1.84452e-10
4.79731e-11
9.63662e-12
1.51344e-12
1.8442e-13
1.71173e-14
1.20974e-15
0
0
0.100421
0.0969604
0.0927876
0.0878549
0.0820533
0.0751698
0.0667901
0.0560548
0.0408518
0.0162008
0.000243665
2.7028e-06
2.42168e-08
1.84185e-10
1.22646e-12
7.42671e-15
0
0
0
0
0
0
0
0
0
0
0
0
0
0
1.13988e-10
4.10372e-11
1.05534e-11
2.09886e-12
3.26962e-13
3.97181e-14
3.76574e-15
2.25437e-16
0
0
0.0937942
0.0904918
0.0865366
0.081854
0.0763073
0.0696463
0.0614011
0.0506109
0.0349045
0.0110835
0.000148447
1.49924e-06
1.25185e-08
8.99088e-11
5.70399e-13
3.29264e-15
0
0
0
0
0
0
0
0
0
0
0
0
0
0
2.49185e-11
8.89794e-12
2.26693e-12
4.47663e-13
6.95456e-14
8.55389e-15
8.41418e-16
0
0
0
0.0874468
0.0842817
0.0805186
0.0760588
0.0707342
0.0642549
0.0560894
0.0451291
0.0287627
0.0070738
8.45983e-05
7.8372e-07
6.11841e-09
4.15704e-11
2.51549e-13
1.32087e-15
0
0
0
0
0
0
0
0
0
0
0
0
0
0
5.30236e-12
1.88061e-12
4.76189e-13
9.38896e-14
1.47486e-14
1.88287e-15
1.36532e-16
0
0
0
0.0812709
0.0782258
0.0746341
0.0703718
0.0652392
0.0589047
0.0507518
0.0394788
0.0224308
0.00423226
4.53856e-05
3.88498e-07
2.84912e-09
1.83786e-11
1.06533e-13
4.47698e-16
0
0
0
0
0
0
0
0
0
0
0
0
0
0
1.09693e-12
3.87316e-13
9.80268e-14
1.95368e-14
3.18469e-15
4.03246e-16
0
0
0
0
0.0751549
0.0722125
0.0687718
0.0646837
0.0597178
0.0534882
0.0452642
0.033528
0.0161658
0.00238453
2.30871e-05
1.84286e-07
1.27904e-09
7.87662e-12
4.38427e-14
1.20656e-16
0
0
0
0
0
0
0
0
0
0
0
0
0
0
2.20213e-13
7.7782e-14
1.9886e-14
4.11184e-15
6.8901e-16
7.62039e-17
0
0
0
0
0.0689654
0.0661073
0.062798
0.0588635
0.0540374
0.0478627
0.0394729
0.0271825
0.0105415
0.00126923
1.12688e-05
8.50418e-08
5.64222e-10
3.33734e-12
1.79714e-14
0
0
0
0
0
0
0
0
0
0
0
0
0
0
0
4.28584e-14
1.53138e-14
4.05151e-15
8.76345e-16
1.20656e-16
0
0
0
0
0
0.0625322
0.0597395
0.05654
0.0527318
0.0480068
0.041828
0.0331894
0.0204956
0.00619294
0.000646856
5.40644e-06
3.92733e-08
2.51699e-10
1.43612e-12
7.45846e-15
0
0
0
0
0
0
0
0
0
0
0
0
0
0
0
8.15382e-15
2.98148e-15
8.16017e-16
1.36532e-16
0
0
0
0
0
0
0.055626
0.0528701
0.0497441
0.046018
0.0413399
0.0350977
0.0262205
0.0138611
0.00333847
0.000326017
2.6575e-06
1.89632e-08
1.1831e-10
6.50921e-13
3.25454e-15
0
0
0
0
0
0
0
0
0
0
0
0
0
0
0
1.49868e-15
5.62004e-16
1.20656e-16
0
0
0
0
0
0
0
0.0479025
0.0451359
0.0420252
0.0383154
0.0336213
0.0273102
0.0185367
0.0080922
0.00170067
0.000170952
1.4294e-06
1.02292e-08
6.20939e-11
3.26004e-13
1.5209e-15
0
0
0
0
0
0
0
0
0
0
0
0
0
0
0
2.25437e-16
8.89046e-17
0
0
0
0
0
0
0
0
0.0388623
0.0360255
0.0328622
0.0291117
0.0244163
0.0183259
0.0107964
0.00398811
0.000843644
9.97593e-05
9.34876e-07
6.77797e-09
3.91185e-11
1.90396e-13
7.8109e-16
0
0
0
0
0
0
0
0
0
0
0
0
0
0
0
0
0
0
0
0
0
0
0
0
0
0.0279965
0.0251104
0.0219547
0.0183446
0.0141286
0.00936142
0.00475322
0.00166734
0.000414243
6.89889e-05
8.67039e-07
5.97301e-09
3.0107e-11
1.27877e-13
4.19122e-16
0
0
0
0
0
0
0
0
0
0
0
0
0
0
0
0
0
0
0
0
0
0
0
0
0
0.0158443
0.0133594
0.0108232
0.00822467
0.00564951
0.00332301
0.00157725
0.00059775
0.000193143
5.52848e-05
2.11023e-05
6.92145e-06
2.05576e-06
5.70056e-07
1.50197e-07
3.79956e-08
9.28759e-09
2.20233e-09
5.07798e-10
1.13988e-10
2.49185e-11
5.30236e-12
1.09693e-12
2.20213e-13
4.28584e-14
8.15382e-15
1.49868e-15
2.25437e-16
0
0
0
0
0
0
0
0
0
0
0
0
0.00600471
0.00470021
0.00350914
0.00244938
0.00155547
0.000869958
0.000418634
0.000175934
6.76377e-05
2.42421e-05
8.45524e-06
2.68346e-06
7.85916e-07
2.16069e-07
5.64958e-08
1.41776e-08
3.43576e-09
8.07357e-10
1.84452e-10
4.10372e-11
8.89795e-12
1.88061e-12
3.87316e-13
7.7782e-14
1.53138e-14
2.98148e-15
5.62004e-16
8.89046e-17
0
0
0
0
0
0
0
0
0
0
0
0
0.00150605
0.00112587
0.000802359
0.000537411
0.000331976
0.000185474
9.28806e-05
4.22767e-05
1.78705e-05
6.95143e-06
2.40939e-06
7.56216e-07
2.1923e-07
5.96658e-08
1.54328e-08
3.82766e-09
9.1615e-10
2.12579e-10
4.79731e-11
1.05534e-11
2.26693e-12
4.76189e-13
9.80268e-14
1.9886e-14
4.05151e-15
8.16017e-16
1.20656e-16
0
0
0
0
0
0
0
0
0
0
0
0
0
0.000283081
0.000207699
0.000145308
9.59689e-05
5.90458e-05
3.34239e-05
1.73325e-05
8.29195e-06
3.67244e-06
1.4728e-06
5.16649e-07
1.62438e-07
4.69149e-08
1.26775e-08
3.24817e-09
7.96753e-10
1.88437e-10
4.3197e-11
9.63662e-12
2.09886e-12
4.47663e-13
9.38896e-14
1.95368e-14
4.11184e-15
8.76345e-16
1.36532e-16
0
0
0
0
0
0
0
0
0
0
0
0
0
0
4.30436e-05
3.13373e-05
2.17614e-05
1.43086e-05
8.82266e-06
5.05687e-06
2.68391e-06
1.31907e-06
5.95992e-07
2.41492e-07
8.55569e-08
2.70223e-08
7.79718e-09
2.09608e-09
5.32654e-10
1.29332e-10
3.02466e-11
6.85544e-12
1.51344e-12
3.26962e-13
6.95456e-14
1.47486e-14
3.18469e-15
6.8901e-16
1.20656e-16
0
0
0
0
0
0
0
0
0
0
0
0
0
0
0
5.32136e-06
3.85781e-06
2.6691e-06
1.7523e-06
1.08338e-06
6.26216e-07
3.3666e-07
1.67422e-07
7.60432e-08
3.08263e-08
1.09643e-08
3.47189e-09
1.0007e-09
2.6773e-10
6.75123e-11
1.62342e-11
3.75628e-12
8.42453e-13
1.8442e-13
3.97181e-14
8.55389e-15
1.88287e-15
4.03246e-16
7.62039e-17
0
0
0
0
0
0
0
0
0
0
0
0
0
0
0
0
5.18228e-07
3.74706e-07
2.58696e-07
1.69719e-07
1.05111e-07
6.10201e-08
3.29728e-08
1.64321e-08
7.43944e-09
2.99956e-09
1.06509e-09
3.36928e-10
9.68294e-11
2.5761e-11
6.44425e-12
1.53475e-12
3.51551e-13
7.82265e-14
1.71173e-14
3.76574e-15
8.41418e-16
1.36532e-16
0
0
0
0
0
0
0
0
0
0
0
0
0
0
0
0
0
0
3.74026e-08
2.69989e-08
1.86151e-08
1.22056e-08
7.56261e-09
4.39457e-09
2.37387e-09
1.17827e-09
5.29045e-10
2.11336e-10
7.45776e-11
2.34797e-11
6.71116e-12
1.77287e-12
4.39792e-13
1.03923e-13
2.37693e-14
5.3819e-15
1.20974e-15
2.25437e-16
0
0
0
0
0
0
0
0
0
0
0
0
0
0
0
0
0
0
0
0
1.78207e-09
1.28513e-09
8.8531e-10
5.80107e-10
3.592e-10
2.08415e-10
1.12142e-10
5.52294e-11
2.4518e-11
9.6776e-12
3.38239e-12
1.05649e-12
2.99729e-13
7.86774e-14
1.94923e-14
4.67702e-15
1.09543e-15
1.9686e-16
0
0
0
0
0
0
0
0
0
0
0
0
0
0
0
0
0
0
0
0
0
0
4.21029e-11
3.03494e-11
2.08976e-11
1.36844e-11
8.46217e-12
4.89526e-12
2.61833e-12
1.27698e-12
5.5975e-13
2.18115e-13
7.54609e-14
2.34295e-14
6.69007e-15
1.79079e-15
4.19122e-16
7.93791e-17
0
0
0
0
0
0
0
0
0
0
0
0
0
0
0
0
0
0
0
0
0
0
0
0
0.562493
0.558795
0.524082
0.462826
0.402916
0.352574
0.311495
0.277899
0.2501
0.226738
0.206827
0.189676
0.174764
0.16168
0.150091
0.13973
0.130375
0.121843
0.113983
0.106661
0.0997613
0.0931759
0.0868002
0.0805239
0.0742205
0.0677322
0.0608489
0.053271
0.0445421
0.0340654
0.0216672
0.00969906
0.00275491
0.00054671
8.49797e-05
1.06411e-05
1.04633e-06
7.61179e-08
3.65141e-09
8.67919e-11
0.558902
0.536556
0.486933
0.429746
0.377681
0.333533
0.296765
0.26612
0.240349
0.218412
0.199549
0.183203
0.168927
0.156357
0.145196
0.135194
0.126145
0.117878
0.110249
0.103132
0.0964137
0.0899907
0.0837607
0.0776141
0.071424
0.0650313
0.058223
0.0506836
0.0419344
0.0313896
0.0191012
0.00797718
0.00213939
0.000413256
6.35191e-05
7.90427e-06
7.73862e-07
5.61178e-08
2.68575e-09
6.37355e-11
0.524153
0.486941
0.439292
0.391592
0.34848
0.311077
0.279097
0.251799
0.228367
0.208112
0.190515
0.175154
0.161667
0.149747
0.13913
0.129591
0.120944
0.113028
0.105708
0.0988667
0.0923957
0.086196
0.0801683
0.074205
0.0681804
0.0619355
0.0552511
0.0477904
0.0390487
0.0284608
0.0163888
0.00631499
0.00159344
0.000299306
4.54623e-05
5.62037e-06
5.47797e-07
3.95907e-08
1.88981e-09
4.47587e-11
0.462853
0.429751
0.391593
0.353776
0.318829
0.287609
0.260141
0.236075
0.214964
0.196435
0.180167
0.165861
0.153236
0.142034
0.132026
0.123013
0.114824
0.107312
0.100351
0.0938288
0.0876449
0.0817046
0.0759123
0.0701638
0.0643359
0.0582704
0.0517369
0.0443753
0.035655
0.0250675
0.0134356
0.00472318
0.00112237
0.00020562
3.0918e-05
3.80134e-06
3.69059e-07
2.6587e-08
1.26552e-09
2.98997e-11
0.402927
0.377684
0.348481
0.318829
0.29058
0.264553
0.240968
0.219746
0.200753
0.183842
0.168845
0.155568
0.143801
0.13333
0.123953
0.11549
0.107783
0.100697
0.0941129
0.0879256
0.0820412
0.0763691
0.0708175
0.0652864
0.0596576
0.0537708
0.0473813
0.0401088
0.0314149
0.0209465
0.0102069
0.00324918
0.000733015
0.000132039
1.97539e-05
2.4228e-06
2.34693e-07
1.68627e-08
8.00198e-10
1.88453e-11
0.352579
0.333534
0.311078
0.287609
0.264553
0.242647
0.222203
0.203359
0.186178
0.170663
0.156775
0.14442
0.133445
0.123664
0.114892
0.106963
0.0997254
0.0930523
0.0868315
0.0809639
0.0753582
0.0699271
0.0645829
0.0592316
0.0537548
0.0479841
0.0416669
0.0344235
0.0257861
0.0158093
0.00681976
0.00198072
0.000433276
7.79309e-05
1.17077e-05
1.43997e-06
1.39528e-07
1.00052e-08
4.73048e-10
1.10895e-11
0.311498
0.296766
0.279097
0.260141
0.240968
0.222203
0.204227
0.187285
0.171535
0.15709
0.14404
0.132416
0.122103
0.11292
0.104683
0.0972245
0.0903997
0.084085
0.0781722
0.0725637
0.0671682
0.0618996
0.0566713
0.0513808
0.0458981
0.0400522
0.0336141
0.0263106
0.0180384
0.00969981
0.0037033
0.00102756
0.000227085
4.1754e-05
6.37634e-06
7.90997e-07
7.68159e-08
5.49561e-09
2.5846e-10
6.01677e-12
0.277901
0.266121
0.251799
0.236075
0.219746
0.203359
0.187285
0.171773
0.157004
0.14316
0.130496
0.119302
0.109449
0.100711
0.0928719
0.085757
0.0792206
0.0731404
0.0674083
0.0619248
0.056594
0.0513114
0.0459618
0.0404196
0.0345555
0.0282669
0.021567
0.01476
0.0086021
0.00406692
0.00153031
0.00044905
0.000105769
2.03305e-05
3.18171e-06
3.98803e-07
3.87739e-08
2.7611e-09
1.28791e-10
2.96794e-12
0.2501
0.24035
0.228367
0.214964
0.200753
0.186178
0.171535
0.157004
0.142684
0.128685
0.115449
0.104197
0.0944923
0.0859294
0.0782281
0.0711921
0.0646757
0.0585635
0.0527441
0.0470932
0.041472
0.0357363
0.0297703
0.023566
0.0173475
0.0116456
0.00709664
0.00398979
0.00211981
0.00107659
0.000503555
0.0001736
4.49112e-05
9.05522e-06
1.44722e-06
1.82481e-07
1.76937e-08
1.25005e-09
5.76678e-11
1.31219e-12
0.226739
0.218412
0.208112
0.196435
0.183842
0.170663
0.15709
0.14316
0.128685
0.113091
0.0956159
0.0834972
0.0733959
0.0644654
0.0563331
0.0487815
0.0416597
0.0348697
0.0283706
0.0222021
0.0165133
0.0115548
0.0075738
0.00465946
0.00270089
0.00148569
0.00079329
0.000431609
0.00025695
0.000178998
0.000143062
6.18044e-05
1.74063e-05
3.62891e-06
5.87306e-07
7.42116e-08
7.16607e-09
5.02088e-10
2.29042e-11
5.1457e-13
0.206828
0.199549
0.190515
0.180167
0.168845
0.156775
0.14404
0.130496
0.115449
0.0956158
0.00248534
0.00165718
0.00166056
0.00154157
0.00136174
0.00115544
0.000942494
0.000736567
0.000548197
0.000385709
0.000254838
0.000157564
9.13089e-05
4.9881e-05
2.59356e-05
1.30796e-05
6.6465e-06
3.64063e-06
2.39748e-06
2.2213e-06
5.40549e-05
2.13455e-05
5.99213e-06
1.2683e-06
2.07835e-07
2.64181e-08
2.55074e-09
1.77833e-10
8.04238e-12
1.78816e-13
0.189677
0.183203
0.175154
0.165861
0.155568
0.14442
0.132416
0.119302
0.104197
0.0834972
0.00165718
5.76828e-05
3.22293e-05
2.99876e-05
2.57642e-05
2.07058e-05
1.56864e-05
1.12161e-05
7.55629e-06
4.78505e-06
2.84478e-06
1.58985e-06
8.38682e-07
4.20647e-07
2.03239e-07
9.69846e-08
4.77441e-08
2.59735e-08
1.72238e-08
1.51118e-08
1.75338e-05
6.71058e-06
1.86805e-06
3.97134e-07
6.55229e-08
8.36582e-09
8.08172e-10
5.61475e-11
2.52138e-12
5.56479e-14
0.174765
0.168927
0.161668
0.153236
0.143801
0.133445
0.122103
0.109449
0.0944923
0.0733959
0.00166056
3.22294e-05
8.42991e-07
4.07904e-07
3.41455e-07
2.64044e-07
1.89314e-07
1.26578e-07
7.91117e-08
4.62897e-08
2.54135e-08
1.31413e-08
6.43839e-09
3.01725e-09
1.37494e-09
6.26312e-10
2.97564e-10
1.56667e-10
9.8504e-11
7.53934e-11
5.15564e-06
1.94952e-06
5.38469e-07
1.143e-07
1.8877e-08
2.4115e-09
2.32601e-10
1.60901e-11
7.17584e-13
1.5825e-14
0.16168
0.156358
0.149747
0.142034
0.13333
0.123664
0.11292
0.100711
0.0859294
0.0644654
0.00154157
2.99876e-05
4.07904e-07
8.48767e-09
3.58119e-09
2.65735e-09
1.82207e-09
1.15389e-09
6.78736e-10
3.72485e-10
1.91599e-10
9.28971e-11
4.27838e-11
1.89368e-11
8.20484e-12
3.57665e-12
1.62975e-12
8.16519e-13
4.75338e-13
3.17548e-13
1.41776e-06
5.3253e-07
1.45905e-07
3.08081e-08
5.07004e-09
6.45506e-10
6.19884e-11
4.26169e-12
1.88697e-13
4.21027e-15
0.150091
0.145196
0.13913
0.132026
0.123953
0.114892
0.104683
0.0928719
0.0782281
0.0563331
0.00136174
2.57643e-05
3.41456e-07
3.5812e-09
6.12916e-11
2.25701e-11
1.47425e-11
8.91325e-12
4.97989e-12
2.58798e-12
1.25901e-12
5.77708e-13
2.52241e-13
1.06416e-13
4.40586e-14
1.84985e-14
8.06492e-15
3.80067e-15
2.0321e-15
1.17481e-15
3.71104e-07
1.38568e-07
3.76218e-08
7.88149e-09
1.28823e-09
1.62951e-10
1.55391e-11
1.05989e-12
4.67162e-14
1.05415e-15
0.13973
0.135194
0.129591
0.123013
0.11549
0.106963
0.0972245
0.085757
0.0711921
0.0487815
0.00115544
2.07058e-05
2.64045e-07
2.65736e-09
2.25701e-11
3.26893e-13
1.05342e-13
6.06329e-14
3.24692e-14
1.61171e-14
7.48069e-15
3.23549e-15
1.30817e-15
4.47698e-16
1.20656e-16
0
0
0
0
0
9.34209e-08
3.46564e-08
9.31338e-09
1.93224e-09
3.12999e-10
3.92499e-11
3.70987e-12
2.50879e-13
1.10877e-14
1.9686e-16
0.130375
0.126145
0.120944
0.114824
0.107783
0.0997255
0.0903997
0.0792206
0.0646757
0.0416597
0.000942494
1.56864e-05
1.89314e-07
1.82207e-09
1.47425e-11
1.05342e-13
1.18751e-15
1.20656e-16
1.20656e-16
0
0
0
0
0
0
0
0
0
0
0
2.27586e-08
8.38133e-09
2.22742e-09
4.57161e-10
7.33029e-11
9.10197e-12
8.52004e-13
5.72831e-14
2.60998e-15
0
0.121844
0.117879
0.113028
0.107312
0.100697
0.0930523
0.084085
0.0731404
0.0585635
0.0348697
0.000736567
1.12161e-05
1.26578e-07
1.15389e-09
8.91328e-12
6.06329e-14
1.20656e-16
0
0
0
0
0
0
0
0
0
0
0
0
0
5.38565e-09
1.96776e-09
5.16953e-10
1.04926e-10
1.66485e-11
2.04665e-12
1.89897e-13
1.27991e-14
5.81055e-16
0
0.113983
0.110249
0.105708
0.100351
0.0941129
0.0868316
0.0781722
0.0674083
0.0527441
0.0283706
0.000548197
7.5563e-06
7.91117e-08
6.78737e-10
4.97989e-12
3.24692e-14
1.20656e-16
0
0
0
0
0
0
0
0
0
0
0
0
0
1.24072e-09
4.4963e-10
1.1679e-10
2.34526e-11
3.68483e-12
4.49035e-13
4.15026e-14
2.86717e-15
1.20656e-16
0
0.106661
0.103132
0.0988667
0.0938288
0.0879257
0.0809639
0.0725637
0.0619248
0.0470932
0.0222021
0.000385709
4.78505e-06
4.62898e-08
3.72485e-10
2.58798e-12
1.61171e-14
0
0
0
0
0
0
0
0
0
0
0
0
0
0
2.78561e-10
1.0014e-10
2.57399e-11
5.12085e-12
7.98204e-13
9.67822e-14
9.03017e-15
6.31858e-16
0
0
0.0997613
0.0964137
0.0923958
0.0876449
0.0820412
0.0753582
0.0671682
0.056594
0.041472
0.0165133
0.000254838
2.84479e-06
2.54136e-08
1.91599e-10
1.25901e-12
7.48069e-15
0
0
0
0
0
0
0
0
0
0
0
0
0
0
6.09615e-11
2.17527e-11
5.54264e-12
1.09519e-12
1.70014e-13
2.0664e-14
2.00035e-15
1.20656e-16
0
0
0.093176
0.0899908
0.0861961
0.0817047
0.0763691
0.0699271
0.0618996
0.0513114
0.0357363
0.0115548
0.000157564
1.58985e-06
1.31413e-08
9.28972e-11
5.77708e-13
3.23549e-15
0
0
0
0
0
0
0
0
0
0
0
0
0
0
1.29959e-11
4.60858e-12
1.16745e-12
2.30101e-13
3.58698e-14
4.48016e-15
4.22297e-16
0
0
0
0.0868002
0.0837607
0.0801683
0.0759123
0.0708175
0.064583
0.0566713
0.0459618
0.0297703
0.00757381
9.13089e-05
8.38683e-07
6.4384e-09
4.27839e-11
2.52241e-13
1.30817e-15
0
0
0
0
0
0
0
0
0
0
0
0
0
0
2.69492e-12
9.51774e-13
2.40817e-13
4.77481e-14
7.60769e-15
9.7795e-16
7.93791e-17
0
0
0
0.0805239
0.0776141
0.074205
0.0701638
0.0652864
0.0592316
0.0513808
0.0404196
0.023566
0.00465946
4.9881e-05
4.20647e-07
3.01725e-09
1.89369e-11
1.06416e-13
4.47698e-16
0
0
0
0
0
0
0
0
0
0
0
0
0
0
5.42369e-13
1.91459e-13
4.87832e-14
9.88746e-15
1.65109e-15
1.80984e-16
0
0
0
0
0.0742205
0.071424
0.0681805
0.0643359
0.0596576
0.0537549
0.0458981
0.0345555
0.0173475
0.00270089
2.59356e-05
2.03239e-07
1.37494e-09
8.20486e-12
4.40586e-14
1.20656e-16
0
0
0
0
0
0
0
0
0
0
0
0
0
0
1.05666e-13
3.75717e-14
9.8049e-15
2.08291e-15
3.42918e-16
0
0
0
0
0
0.0677322
0.0650313
0.0619355
0.0582704
0.0537708
0.0479841
0.0400522
0.0282669
0.0116457
0.00148569
1.30796e-05
9.69848e-08
6.26312e-10
3.57665e-12
1.84985e-14
0
0
0
0
0
0
0
0
0
0
0
0
0
0
0
1.99527e-14
7.2362e-15
2.00035e-15
4.22297e-16
5.71529e-17
0
0
0
0
0
0.0608489
0.058223
0.0552511
0.051737
0.0473814
0.0416669
0.0336141
0.0215671
0.00709664
0.000793291
6.64651e-06
4.77441e-08
2.97565e-10
1.62975e-12
8.06492e-15
0
0
0
0
0
0
0
0
0
0
0
0
0
0
0
3.67366e-15
1.38755e-15
3.90545e-16
7.62039e-17
0
0
0
0
0
0
0.053271
0.0506836
0.0477904
0.0443754
0.0401089
0.0344236
0.0263106
0.01476
0.00398979
0.000431609
3.64063e-06
2.59735e-08
1.56667e-10
8.16519e-13
3.80067e-15
0
0
0
0
0
0
0
0
0
0
0
0
0
0
0
6.31858e-16
2.09561e-16
5.71529e-17
0
0
0
0
0
0
0
0.0445421
0.0419344
0.0390487
0.035655
0.0314149
0.0257861
0.0180384
0.00860211
0.00211981
0.000256951
2.39749e-06
1.72238e-08
9.85041e-11
4.75338e-13
2.0321e-15
0
0
0
0
0
0
0
0
0
0
0
0
0
0
0
8.89046e-17
0
0
0
0
0
0
0
0
0
0.0340654
0.0313896
0.0284609
0.0250675
0.0209465
0.0158093
0.00969983
0.00406693
0.00107659
0.000178998
2.2213e-06
1.51118e-08
7.53935e-11
3.17548e-13
1.17481e-15
0
0
0
0
0
0
0
0
0
0
0
0
0
0
0
0
0
0
0
0
0
0
0
0
0
0.0216672
0.0191012
0.0163889
0.0134356
0.0102069
0.00681978
0.00370331
0.00153031
0.000503556
0.000143062
5.40549e-05
1.75338e-05
5.15565e-06
1.41776e-06
3.71105e-07
9.3421e-08
2.27586e-08
5.38566e-09
1.24072e-09
2.78561e-10
6.09616e-11
1.2996e-11
2.69492e-12
5.42369e-13
1.05666e-13
1.99527e-14
3.67366e-15
6.31858e-16
8.89046e-17
0
0
0
0
0
0
0
0
0
0
0
0.00969908
0.00797719
0.006315
0.00472319
0.00324919
0.00198073
0.00102756
0.000449051
0.0001736
6.18045e-05
2.13456e-05
6.71059e-06
1.94953e-06
5.32531e-07
1.38568e-07
3.46564e-08
8.38134e-09
1.96776e-09
4.49631e-10
1.0014e-10
2.17528e-11
4.60862e-12
9.51806e-13
1.91459e-13
3.75717e-14
7.2362e-15
1.38755e-15
2.09561e-16
0
0
0
0
0
0
0
0
0
0
0
0
0.00275492
0.0021394
0.00159345
0.00112237
0.000733016
0.000433277
0.000227085
0.000105769
4.49112e-05
1.74064e-05
5.99214e-06
1.86805e-06
5.3847e-07
1.45905e-07
3.76218e-08
9.31339e-09
2.22743e-09
5.16954e-10
1.1679e-10
2.574e-11
5.54265e-12
1.16745e-12
2.40817e-13
4.87832e-14
9.8049e-15
2.00035e-15
3.90545e-16
5.71529e-17
0
0
0
0
0
0
0
0
0
0
0
0
0.000546711
0.000413256
0.000299306
0.00020562
0.000132039
7.7931e-05
4.17541e-05
2.03305e-05
9.05523e-06
3.62892e-06
1.2683e-06
3.97135e-07
1.143e-07
3.08082e-08
7.8815e-09
1.93224e-09
4.57162e-10
1.04926e-10
2.34527e-11
5.12085e-12
1.09519e-12
2.30101e-13
4.77481e-14
9.88746e-15
2.08291e-15
4.22297e-16
7.62039e-17
0
0
0
0
0
0
0
0
0
0
0
0
0
8.49799e-05
6.35192e-05
4.54624e-05
3.09181e-05
1.97539e-05
1.17077e-05
6.37635e-06
3.18172e-06
1.44722e-06
5.87307e-07
2.07835e-07
6.5523e-08
1.8877e-08
5.07005e-09
1.28824e-09
3.13e-10
7.3303e-11
1.66485e-11
3.68483e-12
7.98204e-13
1.70014e-13
3.58698e-14
7.60769e-15
1.65109e-15
3.42918e-16
5.71529e-17
0
0
0
0
0
0
0
0
0
0
0
0
0
0
1.06411e-05
7.90428e-06
5.62038e-06
3.80135e-06
2.42281e-06
1.43998e-06
7.90998e-07
3.98804e-07
1.82481e-07
7.42118e-08
2.64182e-08
8.36583e-09
2.4115e-09
6.45507e-10
1.62951e-10
3.925e-11
9.10199e-12
2.04665e-12
4.49035e-13
9.67822e-14
2.0664e-14
4.48016e-15
9.7795e-16
1.80984e-16
0
0
0
0
0
0
0
0
0
0
0
0
0
0
0
0
1.04633e-06
7.73863e-07
5.47798e-07
3.6906e-07
2.34694e-07
1.39528e-07
7.6816e-08
3.8774e-08
1.76937e-08
7.16608e-09
2.55074e-09
8.08173e-10
2.32602e-10
6.19884e-11
1.55391e-11
3.70987e-12
8.52004e-13
1.89897e-13
4.15026e-14
9.03017e-15
2.00035e-15
4.22297e-16
7.93791e-17
0
0
0
0
0
0
0
0
0
0
0
0
0
0
0
0
0
7.6118e-08
5.61179e-08
3.95907e-08
2.65871e-08
1.68627e-08
1.00052e-08
5.49562e-09
2.7611e-09
1.25006e-09
5.02088e-10
1.77834e-10
5.61477e-11
1.60902e-11
4.26169e-12
1.05989e-12
2.50879e-13
5.72831e-14
1.27991e-14
2.86717e-15
6.31858e-16
1.20656e-16
0
0
0
0
0
0
0
0
0
0
0
0
0
0
0
0
0
0
0
3.65142e-09
2.68576e-09
1.88982e-09
1.26552e-09
8.002e-10
4.73049e-10
2.5846e-10
1.28791e-10
5.76679e-11
2.29042e-11
8.04239e-12
2.52138e-12
7.17584e-13
1.88697e-13
4.67162e-14
1.10877e-14
2.60998e-15
5.81055e-16
1.20656e-16
0
0
0
0
0
0
0
0
0
0
0
0
0
0
0
0
0
0
0
0
0
8.6792e-11
6.37357e-11
4.47587e-11
2.98998e-11
1.88454e-11
1.10895e-11
6.01682e-12
2.96794e-12
1.31219e-12
5.1458e-13
1.78825e-13
5.56479e-14
1.5825e-14
4.21027e-15
1.05415e-15
1.9686e-16
0
0
0
0
0
0
0
0
0
0
0
0
0
0
0
0
0
0
0
0
0
0
0
0
)
;

boundaryField
{
    left
    {
        type            fixedValue;
        value           uniform 0;
    }
    right
    {
        type            fixedValue;
        value           uniform 0;
    }
    up
    {
        type            fixedValue;
        value           uniform 0;
    }
    down
    {
        type            fixedValue;
        value           uniform 0;
    }
    front
    {
        type            fixedValue;
        value           uniform 0;
    }
    back
    {
        type            fixedValue;
        value           uniform 0;
    }
}


// ************************************************************************* //
