/*--------------------------------*- C++ -*----------------------------------*\
| =========                 |                                                 |
| \\      /  F ield         | OpenFOAM: The Open Source CFD Toolbox           |
|  \\    /   O peration     | Version:  2.1.0                                 |
|   \\  /    A nd           | Web:      www.OpenFOAM.org                      |
|    \\/     M anipulation  |                                                 |
\*---------------------------------------------------------------------------*/
FoamFile
{
    version     2.0;
    format      ascii;
    class       volScalarField;
    location    "12045";
    object      kr_w;
}
// * * * * * * * * * * * * * * * * * * * * * * * * * * * * * * * * * * * * * //

dimensions      [0 0 0 0 0 0 0];

internalField   nonuniform List<scalar> 
15000
(
0.562498
0.561733
0.55277
0.528299
0.494793
0.460269
0.428103
0.399085
0.373131
0.349928
0.329138
0.310447
0.293586
0.278324
0.264459
0.251815
0.240235
0.229587
0.219768
0.210691
0.202281
0.194471
0.187202
0.180422
0.174081
0.168137
0.162548
0.157282
0.152305
0.147589
0.143108
0.138838
0.134761
0.130856
0.127108
0.123501
0.120022
0.116657
0.113396
0.110229
0.107145
0.104135
0.101191
0.0983048
0.0954708
0.0926813
0.08993
0.0872107
0.0845173
0.0818436
0.0791829
0.0765281
0.0738707
0.0712011
0.0685081
0.0657776
0.062992
0.0601286
0.0571572
0.0540351
0.0507022
0.0470729
0.0430231
0.0383729
0.0328713
0.0262325
0.018407
0.0103755
0.00439462
0.00146453
0.000427596
0.000117642
3.14057e-05
8.21067e-06
2.10785e-06
5.31791e-07
1.31883e-07
3.21532e-08
7.70664e-09
1.81604e-09
4.20748e-10
9.58493e-11
2.14721e-11
4.73103e-12
1.02562e-12
2.18893e-13
4.60748e-14
9.60804e-15
2.00035e-15
3.8102e-16
3.17516e-18
0
0
0
0
0
0
0
0
0
0
0
0
0
0
0
0
0
0
0
0
0
0
0
0
0
0
0
0
0
0
0
0
0
0
0
0
0
0
0
0
0
0
0
0
0
0
0
0
0
0
0
0
0
0
0
0
0
0
0
0.561739
0.556624
0.539557
0.511264
0.478698
0.446599
0.416789
0.389702
0.365264
0.343243
0.323374
0.305411
0.289129
0.274332
0.260841
0.248499
0.237164
0.226722
0.217077
0.208148
0.199865
0.192168
0.185001
0.178312
0.172054
0.166185
0.160667
0.155466
0.15055
0.145891
0.141463
0.137245
0.133216
0.129357
0.125653
0.122089
0.11865
0.115325
0.112101
0.10897
0.105918
0.102939
0.100025
0.0971669
0.0943579
0.0915912
0.08886
0.0861578
0.0834781
0.0808143
0.0781592
0.0755046
0.0728421
0.0701614
0.0674501
0.0646926
0.0618699
0.0589574
0.0559207
0.0527121
0.0492649
0.0454842
0.0412332
0.0363169
0.0304785
0.0234821
0.0155207
0.00803922
0.00315185
0.0010083
0.000290619
7.98186e-05
2.13353e-05
5.58739e-06
1.43657e-06
3.62859e-07
9.00639e-08
2.19691e-08
5.26685e-09
1.24106e-09
2.87454e-10
6.54506e-11
1.46517e-11
3.22538e-12
6.98469e-13
1.48947e-13
3.13103e-14
6.51861e-15
1.34944e-15
2.44488e-16
3.17516e-18
0
0
0
0
0
0
0
0
0
0
0
0
0
0
0
0
0
0
0
0
0
0
0
0
0
0
0
0
0
0
0
0
0
0
0
0
0
0
0
0
0
0
0
0
0
0
0
0
0
0
0
0
0
0
0
0
0
0
0
0.552897
0.539698
0.516919
0.488507
0.458697
0.429835
0.402876
0.378098
0.35548
0.334887
0.316144
0.299075
0.28351
0.26929
0.256267
0.244307
0.233287
0.223107
0.213684
0.204947
0.196834
0.189289
0.182259
0.175694
0.169549
0.163785
0.158365
0.153255
0.148424
0.143846
0.139495
0.135349
0.131389
0.127596
0.123955
0.120451
0.117069
0.113799
0.110628
0.107546
0.104542
0.101609
0.0987368
0.0959182
0.0931455
0.0904116
0.0877094
0.085032
0.0823728
0.0797243
0.0770794
0.0744296
0.0717659
0.0690771
0.0663496
0.0635672
0.060709
0.0577474
0.0546443
0.0513462
0.0477785
0.0438345
0.039362
0.034148
0.0279333
0.0205721
0.0126112
0.00593122
0.00215353
0.000663678
0.000188968
5.17607e-05
1.38348e-05
3.62466e-06
9.32213e-07
2.35473e-07
5.84304e-08
1.4245e-08
3.41229e-09
8.03195e-10
1.8579e-10
4.22371e-11
9.43836e-12
2.07362e-12
4.48104e-13
9.53438e-14
1.99972e-14
4.17216e-15
8.69995e-16
1.36532e-16
0
0
0
0
0
0
0
0
0
0
0
0
0
0
0
0
0
0
0
0
0
0
0
0
0
0
0
0
0
0
0
0
0
0
0
0
0
0
0
0
0
0
0
0
0
0
0
0
0
0
0
0
0
0
0
0
0
0
0
0
0.528823
0.511761
0.488826
0.463114
0.436906
0.411482
0.387454
0.365066
0.344366
0.325303
0.307786
0.291704
0.276938
0.263368
0.250876
0.23935
0.22869
0.218814
0.209652
0.201145
0.193237
0.185875
0.17901
0.172596
0.166591
0.160958
0.155659
0.150663
0.145941
0.141465
0.13721
0.133157
0.129285
0.125577
0.122016
0.118588
0.11528
0.11208
0.108976
0.105959
0.103017
0.100142
0.0973241
0.0945561
0.09183
0.0891383
0.0864735
0.0838286
0.0811963
0.0785692
0.0759396
0.0732987
0.0706366
0.0679415
0.0651991
0.0623917
0.0594966
0.0564828
0.0533074
0.0499099
0.0462056
0.0420738
0.0373424
0.0317796
0.025141
0.0174514
0.00974621
0.00413415
0.00139957
0.000418059
0.000117754
3.21418e-05
8.57912e-06
2.24559e-06
5.76964e-07
1.45565e-07
3.60691e-08
8.77874e-09
2.09887e-09
4.92979e-10
1.13762e-10
2.5795e-11
5.7479e-12
1.25903e-12
2.71248e-13
5.75371e-14
1.20497e-14
2.50203e-15
5.01676e-16
3.49268e-17
0
0
0
0
0
0
0
0
0
0
0
0
0
0
0
0
0
0
0
0
0
0
0
0
0
0
0
0
0
0
0
0
0
0
0
0
0
0
0
0
0
0
0
0
0
0
0
0
0
0
0
0
0
0
0
0
0
0
0
0
0.495924
0.479715
0.459479
0.437345
0.414755
0.392583
0.371325
0.351231
0.332406
0.314872
0.298601
0.283537
0.269605
0.256719
0.244789
0.233726
0.223455
0.213912
0.205041
0.196791
0.189113
0.181959
0.175283
0.169044
0.163201
0.157719
0.152563
0.147703
0.143108
0.138754
0.134616
0.130673
0.126906
0.123298
0.119834
0.116499
0.11328
0.110165
0.107143
0.104204
0.101337
0.0985321
0.0957811
0.0930752
0.0904059
0.0877657
0.085147
0.0825421
0.0799433
0.0773432
0.0747336
0.072105
0.0694467
0.0667465
0.0639888
0.0611546
0.0582189
0.0551459
0.0518867
0.0483724
0.0445057
0.0401473
0.0351025
0.0291243
0.0220242
0.0141365
0.00706688
0.00270629
0.000863684
0.000251693
7.02323e-05
1.90906e-05
5.08227e-06
1.3273e-06
3.40255e-07
8.56378e-08
2.11649e-08
5.13689e-09
1.22449e-09
2.86689e-10
6.59331e-11
1.48961e-11
3.30658e-12
7.21372e-13
1.54757e-13
3.27201e-14
6.87423e-15
1.42565e-15
2.66714e-16
3.17516e-18
0
0
0
0
0
0
0
0
0
0
0
0
0
0
0
0
0
0
0
0
0
0
0
0
0
0
0
0
0
0
0
0
0
0
0
0
0
0
0
0
0
0
0
0
0
0
0
0
0
0
0
0
0
0
0
0
0
0
0
0
0.462107
0.448243
0.431187
0.412453
0.393096
0.373814
0.355045
0.337052
0.319982
0.303906
0.288844
0.274782
0.261678
0.249477
0.238114
0.227525
0.217659
0.208467
0.199907
0.191932
0.184502
0.177572
0.171103
0.165056
0.159393
0.15408
0.149086
0.144379
0.139931
0.135716
0.131711
0.127895
0.12425
0.120758
0.117405
0.114177
0.111061
0.108046
0.10512
0.102273
0.0994935
0.0967724
0.0941
0.0914672
0.0888656
0.0862871
0.0837235
0.0811666
0.0786084
0.076041
0.0734554
0.0708419
0.0681891
0.0654836
0.0627091
0.0598445
0.0568605
0.0537164
0.0503557
0.0466981
0.0426302
0.0379902
0.0325579
0.0260879
0.0185373
0.0107441
0.0047489
0.00165781
0.000505161
0.000144456
3.99769e-05
1.08147e-05
2.86832e-06
7.46499e-07
1.90698e-07
4.78238e-08
1.17753e-08
2.84689e-09
6.75892e-10
1.57587e-10
3.60851e-11
8.11586e-12
1.7931e-12
3.89294e-13
8.31734e-14
1.75206e-14
3.65779e-15
7.58864e-16
1.07956e-16
0
0
0
0
0
0
0
0
0
0
0
0
0
0
0
0
0
0
0
0
0
0
0
0
0
0
0
0
0
0
0
0
0
0
0
0
0
0
0
0
0
0
0
0
0
0
0
0
0
0
0
0
0
0
0
0
0
0
0
0
0
0.430708
0.419141
0.404876
0.389023
0.3724
0.355589
0.338987
0.32286
0.30738
0.292649
0.27872
0.265607
0.253297
0.241758
0.230948
0.22083
0.211372
0.202539
0.194296
0.186605
0.179432
0.172739
0.166488
0.160645
0.155176
0.150049
0.145231
0.140693
0.136407
0.132348
0.128491
0.124817
0.121308
0.117946
0.114719
0.111612
0.108613
0.105711
0.102895
0.100153
0.0974747
0.0948501
0.0922688
0.0897215
0.0871995
0.0846933
0.0821941
0.0796937
0.0771836
0.0746548
0.0720978
0.069502
0.0668556
0.0641443
0.0613496
0.0584472
0.0554034
0.0521709
0.0486825
0.0448435
0.0405191
0.0355207
0.029607
0.0225809
0.0147142
0.00751115
0.00293247
0.000948763
0.000279426
7.87579e-05
2.16309e-05
5.82001e-06
1.53624e-06
3.97963e-07
1.01188e-07
2.52558e-08
6.18854e-09
1.48887e-09
3.51725e-10
8.15934e-11
1.85878e-11
4.15858e-12
9.13828e-13
1.9733e-13
4.19376e-14
8.78568e-15
1.83842e-15
3.52443e-16
3.17516e-18
0
0
0
0
0
0
0
0
0
0
0
0
0
0
0
0
0
0
0
0
0
0
0
0
0
0
0
0
0
0
0
0
0
0
0
0
0
0
0
0
0
0
0
0
0
0
0
0
0
0
0
0
0
0
0
0
0
0
0
0
0
0.402507
0.392817
0.380797
0.367274
0.352894
0.338147
0.32339
0.308884
0.294809
0.281287
0.268388
0.256148
0.244575
0.233655
0.223372
0.213711
0.204653
0.196173
0.188245
0.18084
0.173927
0.167474
0.161448
0.155818
0.150553
0.145621
0.140991
0.136636
0.132527
0.128637
0.124944
0.121426
0.118065
0.114848
0.111758
0.108785
0.105916
0.103141
0.100448
0.0978251
0.0952622
0.0927477
0.0902715
0.0878234
0.085393
0.0829705
0.080547
0.0781131
0.0756592
0.0731754
0.0706518
0.0680767
0.0654373
0.0627174
0.0598963
0.0569459
0.053826
0.0504796
0.0468261
0.0427512
0.0380934
0.0326342
0.0261325
0.0185529
0.0107426
0.00474549
0.00165821
0.000506935
0.000145742
4.06108e-05
1.10722e-05
2.9609e-06
7.77025e-07
2.00126e-07
5.05889e-08
1.25527e-08
3.05783e-09
7.31379e-10
1.71779e-10
3.96205e-11
8.97421e-12
1.9962e-12
4.36131e-13
9.36641e-14
1.98098e-14
4.15311e-15
8.50944e-16
1.36532e-16
0
0
0
0
0
0
0
0
0
0
0
0
0
0
0
0
0
0
0
0
0
0
0
0
0
0
0
0
0
0
0
0
0
0
0
0
0
0
0
0
0
0
0
0
0
0
0
0
0
0
0
0
0
0
0
0
0
0
0
0
0
0
0.377413
0.369183
0.358915
0.347237
0.334665
0.321612
0.308399
0.295273
0.282414
0.269949
0.257964
0.246506
0.235595
0.225242
0.215452
0.206223
0.197546
0.189407
0.181785
0.174658
0.168
0.161785
0.155983
0.150567
0.14551
0.14078
0.13635
0.132189
0.128269
0.124563
0.121046
0.117698
0.114499
0.111437
0.108498
0.10567
0.102944
0.100308
0.0977519
0.0952631
0.0928302
0.0904415
0.0880856
0.085751
0.0834266
0.081102
0.078767
0.0764106
0.0740222
0.0715912
0.0691063
0.0665548
0.063922
0.0611899
0.0583343
0.055321
0.0521006
0.0486039
0.0447318
0.0403438
0.0352458
0.0291965
0.022022
0.0140839
0.00701314
0.00268193
0.000859109
0.000252593
7.13818e-05
1.96979e-05
5.33036e-06
1.41561e-06
3.68959e-07
9.43715e-08
2.36899e-08
5.83751e-09
1.41232e-09
3.35559e-10
7.83066e-11
1.79492e-11
4.04109e-12
8.9364e-13
1.94164e-13
4.15057e-14
8.7444e-15
1.81937e-15
3.52443e-16
3.17516e-18
0
0
0
0
0
0
0
0
0
0
0
0
0
0
0
0
0
0
0
0
0
0
0
0
0
0
0
0
0
0
0
0
0
0
0
0
0
0
0
0
0
0
0
0
0
0
0
0
0
0
0
0
0
0
0
0
0
0
0
0
0
0
0.355111
0.348001
0.339086
0.328852
0.317717
0.306035
0.294091
0.282116
0.270285
0.258725
0.247527
0.236746
0.22642
0.216577
0.207236
0.198407
0.190086
0.182266
0.174933
0.168069
0.161654
0.155664
0.150078
0.144872
0.140021
0.135496
0.131272
0.127316
0.123598
0.12009
0.116764
0.113598
0.110574
0.107679
0.1049
0.102229
0.0996572
0.0971741
0.0947689
0.0924295
0.0901434
0.0878976
0.0856793
0.0834755
0.0812743
0.079064
0.0768322
0.0745669
0.0722559
0.0698871
0.0674475
0.0649226
0.0622957
0.0595457
0.056643
0.0535451
0.0501903
0.0464914
0.0423235
0.0375128
0.0318307
0.0250507
0.0172445
0.00952403
0.00400318
0.00135459
0.000408495
0.000117025
3.26409e-05
8.9263e-06
2.39643e-06
6.315e-07
1.63296e-07
4.14324e-08
1.03169e-08
2.52206e-09
6.05515e-10
1.42825e-10
3.31044e-11
7.54033e-12
1.68771e-12
3.71189e-13
8.02523e-14
1.70951e-14
3.61016e-15
7.42988e-16
9.52549e-17
0
0
0
0
0
0
0
0
0
0
0
0
0
0
0
0
0
0
0
0
0
0
0
0
0
0
0
0
0
0
0
0
0
0
0
0
0
0
0
0
0
0
0
0
0
0
0
0
0
0
0
0
0
0
0
0
0
0
0
0
0
0
0
0.335265
0.329012
0.321134
0.312017
0.302009
0.291415
0.280494
0.269457
0.258471
0.247662
0.237119
0.226911
0.217091
0.207699
0.198761
0.190292
0.182295
0.174766
0.167695
0.161069
0.154872
0.149088
0.1437
0.13869
0.134035
0.129714
0.125698
0.121957
0.118456
0.115161
0.112041
0.109072
0.106235
0.103517
0.100909
0.0984047
0.095998
0.0936809
0.0914424
0.0892701
0.08715
0.0850673
0.0830071
0.0809552
0.0788979
0.0768214
0.0747116
0.0725551
0.0703369
0.0680424
0.0656567
0.0631626
0.0605404
0.0577643
0.0547963
0.0515824
0.0480432
0.0440662
0.0394915
0.0341043
0.0276607
0.0200758
0.0120375
0.00552796
0.00198292
0.000614269
0.000178151
5.01148e-05
1.38232e-05
3.74645e-06
9.97308e-07
2.60556e-07
6.67782e-08
1.67894e-08
4.14264e-09
1.00378e-09
2.39001e-10
5.59498e-11
1.28816e-11
2.91704e-12
6.49677e-13
1.4232e-13
3.07007e-14
6.54401e-15
1.36532e-15
2.66714e-16
3.17516e-18
0
0
0
0
0
0
0
0
0
0
0
0
0
0
0
0
0
0
0
0
0
0
0
0
0
0
0
0
0
0
0
0
0
0
0
0
0
0
0
0
0
0
0
0
0
0
0
0
0
0
0
0
0
0
0
0
0
0
0
0
0
0
0
0.317571
0.311972
0.30488
0.296613
0.287469
0.277719
0.267597
0.257299
0.246983
0.236769
0.226756
0.217024
0.207634
0.19863
0.190044
0.181892
0.174179
0.166902
0.160057
0.153633
0.147621
0.142009
0.136789
0.131947
0.127469
0.123339
0.119531
0.116013
0.112744
0.109684
0.106792
0.104038
0.101401
0.0988693
0.0964396
0.0941106
0.0918802
0.0897429
0.0876888
0.0857045
0.0837739
0.0818791
0.0800027
0.0781284
0.0762406
0.0743238
0.0723614
0.0703366
0.068232
0.0660291
0.0637089
0.0612512
0.058632
0.0558169
0.0527573
0.0493817
0.0455851
0.041218
0.0360753
0.0299073
0.0225439
0.0143782
0.0071183
0.0026991
0.000857488
0.00025085
7.08623e-05
1.96422e-05
5.36111e-06
1.43991e-06
3.79947e-07
9.83595e-08
2.49656e-08
6.21406e-09
1.51798e-09
3.64329e-10
8.60063e-11
1.99867e-11
4.57436e-12
1.03121e-12
2.28977e-13
5.01073e-14
1.0821e-14
2.31787e-15
4.76275e-16
2.22261e-17
0
0
0
0
0
0
0
0
0
0
0
0
0
0
0
0
0
0
0
0
0
0
0
0
0
0
0
0
0
0
0
0
0
0
0
0
0
0
0
0
0
0
0
0
0
0
0
0
0
0
0
0
0
0
0
0
0
0
0
0
0
0
0
0
0.301773
0.296666
0.290155
0.282516
0.274012
0.264888
0.255361
0.245613
0.235794
0.226034
0.216437
0.207089
0.198053
0.189376
0.181087
0.173201
0.165723
0.158653
0.151986
0.145717
0.139839
0.134349
0.129245
0.124522
0.12018
0.116212
0.112601
0.109315
0.106303
0.103507
0.100873
0.0983584
0.0959386
0.0936053
0.091361
0.0892134
0.0871684
0.0852255
0.0833767
0.0816073
0.0798969
0.0782229
0.0765644
0.0749021
0.0732184
0.071496
0.0697153
0.0678552
0.0658932
0.0638051
0.0615679
0.0591554
0.0565354
0.0536634
0.0504734
0.0468671
0.0427025
0.0377794
0.0318439
0.0246737
0.0164649
0.00864843
0.00343747
0.00111356
0.000326277
9.18168e-05
2.53855e-05
6.93871e-06
1.87459e-06
4.99232e-07
1.30648e-07
3.35197e-08
8.4237e-09
2.07453e-09
5.01417e-10
1.19168e-10
2.78975e-11
6.44133e-12
1.4679e-12
3.30233e-13
7.33685e-14
1.61203e-14
3.49903e-15
7.42988e-16
1.07956e-16
0
0
0
0
0
0
0
0
0
0
0
0
0
0
0
0
0
0
0
0
0
0
0
0
0
0
0
0
0
0
0
0
0
0
0
0
0
0
0
0
0
0
0
0
0
0
0
0
0
0
0
0
0
0
0
0
0
0
0
0
0
0
0
0
0
0.287652
0.282904
0.276807
0.269605
0.261543
0.252846
0.243719
0.234337
0.224861
0.215425
0.206139
0.197087
0.188332
0.179917
0.171865
0.16419
0.156893
0.149973
0.143425
0.137244
0.131428
0.125979
0.120904
0.116047
0.111487
0.107406
0.104
0.101025
0.0983813
0.0959784
0.0937246
0.0915551
0.0894351
0.0873581
0.0853391
0.0834039
0.0815745
0.0798604
0.0782579
0.0767508
0.0753124
0.0739127
0.0725239
0.0711242
0.0696948
0.0682168
0.0666682
0.0650216
0.0632458
0.0613098
0.0591817
0.0568265
0.0542008
0.0512436
0.047863
0.0439211
0.0392206
0.0335008
0.0265013
0.018281
0.0100396
0.0041371
0.00135473
0.000393511
0.000108935
2.96315e-05
8.00922e-06
2.15698e-06
5.77328e-07
1.52757e-07
3.97252e-08
1.01132e-08
2.51691e-09
6.13009e-10
1.46514e-10
3.44763e-11
8.00971e-12
1.84086e-12
4.19017e-13
9.45437e-14
2.11688e-14
4.73099e-15
1.04145e-15
2.00035e-16
3.17516e-18
0
0
0
0
0
0
0
0
0
0
0
0
0
0
0
0
0
0
0
0
0
0
0
0
0
0
0
0
0
0
0
0
0
0
0
0
0
0
0
0
0
0
0
0
0
0
0
0
0
0
0
0
0
0
0
0
0
0
0
0
0
0
0
0
0
0.275024
0.270525
0.264695
0.257763
0.249958
0.241495
0.232578
0.223396
0.214119
0.204887
0.195811
0.186971
0.178424
0.170206
0.162331
0.154806
0.147629
0.140789
0.134279
0.128093
0.122228
0.116684
0.11097
0.105377
0.10003
0.0951419
0.0910632
0.0884586
0.0863907
0.0846873
0.0831479
0.0816383
0.0800862
0.0784816
0.076864
0.0752991
0.073847
0.0725357
0.0713646
0.0703113
0.069335
0.0683839
0.0674175
0.0664119
0.0653528
0.0642257
0.0630075
0.0616646
0.0601554
0.0584357
0.0564614
0.0541854
0.0515482
0.0484634
0.0447981
0.0403558
0.0348671
0.0280388
0.019829
0.0112542
0.0047581
0.00156099
0.000444664
0.000119102
3.10579e-05
8.05664e-06
2.10885e-06
5.60199e-07
1.49621e-07
3.97479e-08
1.03788e-08
2.64383e-09
6.5543e-10
1.58473e-10
3.75627e-11
8.77877e-12
2.03191e-12
4.67108e-13
1.06863e-13
2.43821e-14
5.55336e-15
1.26372e-15
2.66714e-16
3.17516e-18
0
0
0
0
0
0
0
0
0
0
0
0
0
0
0
0
0
0
0
0
0
0
0
0
0
0
0
0
0
0
0
0
0
0
0
0
0
0
0
0
0
0
0
0
0
0
0
0
0
0
0
0
0
0
0
0
0
0
0
0
0
0
0
0
0
0
0.263732
0.259387
0.253694
0.246872
0.23914
0.230721
0.221835
0.212691
0.203474
0.194329
0.185366
0.176658
0.168252
0.160166
0.152406
0.144967
0.137831
0.130982
0.1244
0.11807
0.111983
0.105345
0.0985407
0.0915364
0.0843917
0.0776774
0.0718382
0.0691906
0.0679688
0.0674477
0.06713
0.0667283
0.0660792
0.0651517
0.0640391
0.0629183
0.0619654
0.0612533
0.0607912
0.0605446
0.0604298
0.0603237
0.0601401
0.0598441
0.0594318
0.0589026
0.0582394
0.0574015
0.0563297
0.0549611
0.0532356
0.0510899
0.0484417
0.0451657
0.0410677
0.0358697
0.0292493
0.0210869
0.0122622
0.00527547
0.00172304
0.000477834
0.000122368
3.01541e-05
7.43732e-06
1.85912e-06
4.75189e-07
1.24888e-07
3.37301e-08
9.14187e-09
2.42686e-09
6.23241e-10
1.54306e-10
3.70043e-11
8.68173e-12
2.01386e-12
4.64904e-13
1.07228e-13
2.47758e-14
5.78832e-15
1.37167e-15
3.07991e-16
3.17516e-18
0
0
0
0
0
0
0
0
0
0
0
0
0
0
0
0
0
0
0
0
0
0
0
0
0
0
0
0
0
0
0
0
0
0
0
0
0
0
0
0
0
0
0
0
0
0
0
0
0
0
0
0
0
0
0
0
0
0
0
0
0
0
0
0
0
0
0
0.253597
0.249296
0.243603
0.236741
0.228942
0.220453
0.211516
0.202208
0.192785
0.183612
0.174673
0.166026
0.157695
0.149682
0.141972
0.134539
0.12735
0.120368
0.113554
0.106865
0.0994883
0.0913373
0.0823514
0.0728672
0.0628926
0.0541379
0.0455107
0.0427032
0.0424748
0.0437593
0.0452618
0.0464665
0.0470202
0.0468055
0.0459871
0.0449225
0.0443325
0.0442095
0.044596
0.0454833
0.0467413
0.0480438
0.0491709
0.0500566
0.0507237
0.0512065
0.0515022
0.0515534
0.0512586
0.0505133
0.0492294
0.0473219
0.0446768
0.0411105
0.0363423
0.0300249
0.0219827
0.0130087
0.00565917
0.00183496
0.000494906
0.000121232
2.80672e-05
6.45575e-06
1.49968e-06
3.58176e-07
8.95589e-08
2.37073e-08
6.612e-09
1.8829e-09
5.17977e-10
1.35391e-10
3.34853e-11
7.91377e-12
1.82359e-12
4.18331e-13
9.63567e-14
2.23849e-14
5.27712e-15
1.26689e-15
2.9529e-16
3.17516e-18
0
0
0
0
0
0
0
0
0
0
0
0
0
0
0
0
0
0
0
0
0
0
0
0
0
0
0
0
0
0
0
0
0
0
0
0
0
0
0
0
0
0
0
0
0
0
0
0
0
0
0
0
0
0
0
0
0
0
0
0
0
0
0
0
0
0
0
0
0.244491
0.240113
0.234265
0.227181
0.219121
0.210371
0.201202
0.191742
0.18228
0.173031
0.163548
0.154896
0.146585
0.138584
0.130849
0.123327
0.115953
0.108658
0.101352
0.0937674
0.0843141
0.0731844
0.0609433
0.049502
0.0376633
0.0299382
0.020845
0.01906
0.0190831
0.0218417
0.0246259
0.0269438
0.0282204
0.0280636
0.0258313
0.0216965
0.0206453
0.0208089
0.0219172
0.0241001
0.0273247
0.0307139
0.0337032
0.0361948
0.0383221
0.0402292
0.0419629
0.0434344
0.0444295
0.0447341
0.0441929
0.0426811
0.0400348
0.0359865
0.0301754
0.0223926
0.0134065
0.00586263
0.00188545
0.000496716
0.000116994
2.53877e-05
5.38573e-06
1.13914e-06
2.44703e-07
5.47959e-08
1.32451e-08
3.66284e-09
1.09618e-09
3.49826e-10
1.02568e-10
2.76625e-11
6.81162e-12
1.56037e-12
3.46414e-13
7.81439e-14
1.79873e-14
4.21662e-15
1.00018e-15
2.15911e-16
3.17516e-18
0
0
0
0
0
0
0
0
0
0
0
0
0
0
0
0
0
0
0
0
0
0
0
0
0
0
0
0
0
0
0
0
0
0
0
0
0
0
0
0
0
0
0
0
0
0
0
0
0
0
0
0
0
0
0
0
0
0
0
0
0
0
0
0
0
0
0
0
0
0.236305
0.231729
0.225561
0.218054
0.209513
0.200282
0.190686
0.180932
0.171309
0.161937
0.152557
0.14339
0.134702
0.126631
0.118774
0.111022
0.103259
0.0953416
0.0870732
0.0767317
0.0641668
0.0495779
0.03549
0.0259502
0.0156116
0.0131733
0.00976558
0.00160055
0.00215519
0.0156793
0.0164792
0.0175106
0.0178002
0.0163829
0.0118805
0.00694875
0.00538353
0.00468837
0.00496621
0.00668021
0.0105603
0.015027
0.0188604
0.0219815
0.0247538
0.0275224
0.0304533
0.033446
0.0360465
0.0377449
0.038192
0.037151
0.0343526
0.0294307
0.0221623
0.0133628
0.00583595
0.00185854
0.000480792
0.000110205
2.31061e-05
4.53457e-06
8.71852e-07
1.65951e-07
3.1902e-08
6.40375e-09
1.39799e-09
4.35822e-10
1.46609e-10
6.09523e-11
1.92859e-11
5.46374e-12
1.32025e-12
2.80697e-13
5.5813e-14
1.22974e-14
2.864e-15
6.79485e-16
1.17481e-16
3.17516e-18
0
0
0
0
0
0
0
0
0
0
0
0
0
0
0
0
0
0
0
0
0
0
0
0
0
0
0
0
0
0
0
0
0
0
0
0
0
0
0
0
0
0
0
0
0
0
0
0
0
0
0
0
0
0
0
0
0
0
0
0
0
0
0
0
0
0
0
0
0
0
0.228943
0.224042
0.217368
0.209193
0.199889
0.189905
0.179664
0.169464
0.15956
0.149995
0.140615
0.13147
0.122371
0.113483
0.105324
0.0970975
0.0885643
0.0794233
0.0692218
0.0552753
0.0398681
0.0244661
0.0128829
0.00920566
0.00486638
0.000144634
1.06118e-06
1.58844e-06
1.17488e-05
0.000172003
0.00269706
0.0122226
0.011596
0.00862931
0.00408656
0.00198669
0.000132327
2.97827e-06
0.000107706
0.00116726
0.00793421
0.0097216
0.0114055
0.012794
0.0142708
0.0162808
0.0191791
0.0230341
0.0271038
0.0302408
0.0316671
0.030892
0.0274685
0.0211408
0.0128217
0.00555935
0.00174618
0.00044396
9.97968e-05
2.04812e-05
3.83382e-06
6.80474e-07
1.1702e-07
1.95023e-08
3.19372e-09
5.36827e-10
1.09162e-10
4.56394e-12
1.79978e-12
9.31935e-12
2.90466e-12
9.71537e-13
2.27142e-13
4.00515e-14
6.51861e-15
1.53043e-15
3.52443e-16
3.17516e-18
0
0
0
0
0
0
0
0
0
0
0
0
0
0
0
0
0
0
0
0
0
0
0
0
0
0
0
0
0
0
0
0
0
0
0
0
0
0
0
0
0
0
0
0
0
0
0
0
0
0
0
0
0
0
0
0
0
0
0
0
0
0
0
0
0
0
0
0
0
0
0
0
0.222317
0.216955
0.209548
0.200378
0.189918
0.178807
0.167661
0.156852
0.14656
0.136751
0.127287
0.118086
0.108956
0.0992988
0.0897714
0.080559
0.0704884
0.0589249
0.0449276
0.0280747
0.0149869
0.00559286
0.0021719
9.1526e-05
6.97476e-07
1.49548e-07
2.05147e-09
1.84412e-09
1.58353e-08
2.48467e-07
5.36028e-06
0.0010604
0.00530823
0.00283032
0.000676453
8.07768e-06
1.92832e-08
1.93276e-09
1.34515e-07
3.02257e-06
0.000999509
0.00663038
0.00645023
0.00610978
0.00606672
0.00679353
0.0088918
0.0131049
0.0187429
0.0232141
0.0252152
0.0240132
0.0192141
0.0117913
0.00506766
0.0015621
0.000387739
8.49958e-05
1.71246e-05
3.18217e-06
5.36561e-07
8.65171e-08
1.32496e-08
1.87645e-09
2.41256e-10
3.67171e-11
4.12501e-13
1.84159e-16
3.17516e-16
6.53131e-15
4.05056e-14
1.27394e-13
2.9202e-14
3.25772e-15
2.66714e-16
0
0
0
0
0
0
0
0
0
0
0
0
0
0
0
0
0
0
0
0
0
0
0
0
0
0
0
0
0
0
0
0
0
0
0
0
0
0
0
0
0
0
0
0
0
0
0
0
0
0
0
0
0
0
0
0
0
0
0
0
0
0
0
0
0
0
0
0
0
0
0
0
0
0
0
0.216347
0.210386
0.20196
0.191316
0.179086
0.16628
0.153882
0.142278
0.131503
0.121405
0.111773
0.102399
0.0930072
0.0830652
0.0712781
0.0596915
0.0469117
0.0316271
0.0138765
0.00432696
0.00143831
0.000336719
2.75618e-06
1.3414e-07
1.95055e-09
2.56448e-10
3.40843e-12
2.39287e-12
2.16491e-11
3.1178e-10
6.53158e-09
1.0373e-05
0.000219573
0.00062044
2.84484e-05
2.00042e-07
3.57861e-10
1.6265e-12
1.31737e-10
4.3177e-09
3.891e-06
0.00120088
0.000340271
0.000161936
0.000200287
0.000696159
0.00201828
0.011219
0.0153537
0.0185762
0.0193428
0.0164177
0.0103398
0.004438
0.00134081
0.00032101
6.71317e-05
1.29233e-05
2.35593e-06
4.02244e-07
6.27761e-08
9.37857e-09
1.30195e-09
1.5372e-10
1.28019e-11
7.36733e-14
3.17516e-18
0
0
0
0
2.09561e-15
2.57188e-15
9.52549e-17
0
0
0
0
0
0
0
0
0
0
0
0
0
0
0
0
0
0
0
0
0
0
0
0
0
0
0
0
0
0
0
0
0
0
0
0
0
0
0
0
0
0
0
0
0
0
0
0
0
0
0
0
0
0
0
0
0
0
0
0
0
0
0
0
0
0
0
0
0
0
0
0
0
0
0
0
0.210969
0.204291
0.194494
0.18163
0.166541
0.150991
0.136799
0.124153
0.112809
0.10239
0.0925072
0.082796
0.0728434
0.0620688
0.0494882
0.0335627
0.0192243
0.00679902
0.0011531
0.000197048
5.42959e-06
7.88988e-07
8.8522e-09
2.92696e-10
4.49286e-12
4.75062e-13
5.54384e-15
3.09896e-15
3.09896e-14
4.22227e-13
1.33721e-11
1.61678e-08
5.36483e-06
0.000109607
3.36028e-06
1.63641e-08
3.30673e-11
5.07867e-14
1.41892e-13
6.14622e-12
7.27053e-06
0.000159893
8.89291e-06
3.28667e-07
6.57563e-07
3.19694e-05
0.000223166
0.00945185
0.0125494
0.0142416
0.0129865
0.00856266
0.00374564
0.00111999
0.000256177
4.95049e-05
8.62259e-06
1.41327e-06
2.35375e-07
3.79246e-08
5.75003e-09
8.23714e-10
1.09496e-10
1.1592e-11
7.88469e-13
3.0037e-15
0
0
0
0
0
3.17516e-18
9.52549e-18
0
0
0
0
0
0
0
0
0
0
0
0
0
0
0
0
0
0
0
0
0
0
0
0
0
0
0
0
0
0
0
0
0
0
0
0
0
0
0
0
0
0
0
0
0
0
0
0
0
0
0
0
0
0
0
0
0
0
0
0
0
0
0
0
0
0
0
0
0
0
0
0
0
0
0
0
0
0.206145
0.198729
0.187209
0.170937
0.150731
0.129958
0.112922
0.0989209
0.0872679
0.0769337
0.0671513
0.0574275
0.0472857
0.0362172
0.0237481
0.0108443
0.00305329
0.000385605
2.52027e-05
5.73408e-07
1.48114e-08
3.08835e-09
2.94049e-11
7.32313e-13
1.02875e-14
5.33427e-16
0
0
0
7.62039e-17
9.27148e-14
1.71352e-10
1.25511e-07
1.48382e-05
1.50656e-07
1.10339e-10
3.08077e-13
2.22261e-16
3.17516e-18
6.00741e-15
7.13532e-07
1.26517e-05
9.59307e-08
5.45922e-10
1.02133e-09
1.57019e-06
9.59719e-05
0.00741333
0.00940555
0.00932437
0.00658868
0.00303361
0.000922138
0.000202875
3.52324e-05
5.16976e-06
6.80304e-07
7.43971e-08
1.1634e-08
1.85427e-09
2.92829e-10
4.73533e-11
8.52951e-12
9.83567e-13
8.0592e-14
3.71494e-16
0
0
0
0
0
0
0
0
0
0
0
0
0
0
0
0
0
0
0
0
0
0
0
0
0
0
0
0
0
0
0
0
0
0
0
0
0
0
0
0
0
0
0
0
0
0
0
0
0
0
0
0
0
0
0
0
0
0
0
0
0
0
0
0
0
0
0
0
0
0
0
0
0
0
0
0
0
0
0
0
0
0
0
0
0.20186
0.193942
0.18071
0.159062
0.126195
0.0875085
0.060553
0.041374
0.04884
0.0432307
0.0359261
0.0284783
0.0207802
0.0127905
0.00577476
0.00159681
0.000198739
2.66649e-06
6.53299e-08
2.52158e-09
4.82985e-11
9.42104e-12
9.39753e-14
1.65744e-15
0
0
0
0
0
0
3.17516e-18
4.21643e-13
4.69605e-10
2.049e-06
5.92042e-09
1.76847e-12
2.57188e-15
0
0
0
4.9644e-08
5.22298e-07
2.86317e-10
8.84467e-13
9.15193e-13
4.93719e-08
0.000196604
0.00516316
0.00582339
0.00463132
0.00238597
0.000783111
0.000174
2.75329e-05
3.04607e-06
2.56271e-07
1.80482e-08
1.00223e-09
1.29451e-11
1.36407e-12
9.90737e-13
3.90091e-13
5.75308e-13
8.40688e-14
1.38278e-14
8.57294e-17
0
0
0
0
0
0
0
0
0
0
0
0
0
0
0
0
0
0
0
0
0
0
0
0
0
0
0
0
0
0
0
0
0
0
0
0
0
0
0
0
0
0
0
0
0
0
0
0
0
0
0
0
0
0
0
0
0
0
0
0
0
0
0
0
0
0
0
0
0
0
0
0
0
0
0
0
0
0
0
0
0
0
0
0
0.198075
0.190252
0.177054
0.155271
0.122777
0.0855928
0.0170919
0.00524869
0.00761511
0.0098998
0.00826121
0.00581842
0.00452068
0.00194907
0.000617399
0.000148431
1.7683e-06
1.29386e-08
2.162e-10
8.31395e-12
1.51062e-13
2.58998e-14
3.17516e-18
0
0
0
0
0
0
0
0
3.01641e-16
1.01701e-12
2.66978e-07
1.05668e-09
2.80459e-13
3.17516e-18
0
0
0
3.20398e-09
1.60485e-08
5.81901e-12
4.42618e-15
3.8737e-16
1.3768e-09
0.000972754
0.00310054
0.00283555
0.00173508
0.000672918
0.000169053
2.84965e-05
3.16354e-06
1.98198e-07
9.03266e-10
2.97815e-11
1.13352e-12
2.29469e-14
2.43853e-15
1.73681e-15
5.23902e-16
4.7945e-16
1.25736e-15
2.18451e-15
3.17516e-18
0
0
0
0
0
0
0
0
0
0
0
0
0
0
0
0
0
0
0
0
0
0
0
0
0
0
0
0
0
0
0
0
0
0
0
0
0
0
0
0
0
0
0
0
0
0
0
0
0
0
0
0
0
0
0
0
0
0
0
0
0
0
0
0
0
0
0
0
0
0
0
0
0
0
0
0
0
0
0
0
0
0
0
0
0.19453
0.18708
0.174647
0.154332
0.124473
0.0908615
0.0824499
0.000106495
7.81132e-05
7.4596e-08
3.50549e-06
8.66262e-05
0.000706207
4.49068e-05
6.69465e-06
5.83932e-07
1.10808e-08
6.73746e-11
7.7514e-13
2.47123e-14
3.17516e-18
0
0
0
0
0
0
0
0
0
0
0
1.51455e-15
3.16019e-08
7.37101e-11
2.53823e-14
0
0
0
0
1.90863e-10
4.32582e-10
4.19757e-14
0
0
1.12435e-06
0.000460058
0.00139973
0.00108548
0.000524421
0.000161114
3.24462e-05
4.21848e-06
3.59264e-07
1.18086e-09
1.84309e-12
6.25094e-14
1.8543e-15
0
0
0
0
0
0
2.34962e-16
0
0
0
0
0
0
0
0
0
0
0
0
0
0
0
0
0
0
0
0
0
0
0
0
0
0
0
0
0
0
0
0
0
0
0
0
0
0
0
0
0
0
0
0
0
0
0
0
0
0
0
0
0
0
0
0
0
0
0
0
0
0
0
0
0
0
0
0
0
0
0
0
0
0
0
0
0
0
0
0
0
0
0
0
0
0.191067
0.184087
0.172641
0.154269
0.12779
0.0984399
0.087742
0.084949
8.72092e-07
8.32601e-10
3.05634e-08
7.73079e-07
6.9953e-06
3.72329e-07
5.45146e-08
2.78862e-09
5.27094e-11
3.08486e-13
2.4036e-15
0
0
0
0
0
0
0
0
0
0
0
0
0
0
3.46338e-09
3.88713e-12
3.60381e-15
0
0
0
0
1.06691e-11
1.01735e-11
1.07638e-15
0
0
9.54574e-07
0.000211914
0.000571336
0.00036335
0.000135654
3.38153e-05
5.77198e-06
6.63353e-07
3.6295e-09
6.44307e-12
1.28626e-14
3.17516e-18
0
0
0
0
0
0
0
0
0
0
0
0
0
0
0
0
0
0
0
0
0
0
0
0
0
0
0
0
0
0
0
0
0
0
0
0
0
0
0
0
0
0
0
0
0
0
0
0
0
0
0
0
0
0
0
0
0
0
0
0
0
0
0
0
0
0
0
0
0
0
0
0
0
0
0
0
0
0
0
0
0
0
0
0
0
0
0
0
0
0
0
0
0
0.187617
0.181138
0.170733
0.154387
0.131283
0.105767
0.0931299
0.0875181
0.0848163
0.00017586
2.03825e-10
5.7716e-09
5.73739e-08
2.43063e-09
3.12235e-10
1.30231e-11
2.23503e-13
8.44593e-16
0
0
0
0
0
0
0
0
0
0
0
0
0
0
0
3.55831e-10
2.78405e-13
3.17516e-18
0
0
0
0
5.59356e-13
2.2102e-13
0
0
1.7669e-10
6.80586e-07
9.80876e-05
0.000234205
0.000114075
2.84484e-05
5.91752e-06
1.17565e-06
1.48009e-08
1.71368e-11
4.02769e-14
3.17516e-18
0
0
0
0
0
0
0
0
0
0
0
0
0
0
0
0
0
0
0
0
0
0
0
0
0
0
0
0
0
0
0
0
0
0
0
0
0
0
0
0
0
0
0
0
0
0
0
0
0
0
0
0
0
0
0
0
0
0
0
0
0
0
0
0
0
0
0
0
0
0
0
0
0
0
0
0
0
0
0
0
0
0
0
0
0
0
0
0
0
0
0
0
0
0
0.184135
0.178146
0.168739
0.154285
0.134213
0.111937
0.0982903
0.0907436
0.0864101
0.0830021
0.028228
0.000503413
1.99346e-07
1.15886e-11
1.33249e-12
5.46319e-14
4.9215e-16
0
0
0
0
0
0
0
0
0
0
0
0
0
0
0
0
3.44692e-11
7.8109e-15
0
0
0
0
0
2.76049e-14
4.4611e-15
0
0
4.77266e-09
5.07767e-07
4.43259e-05
0.000109392
5.57788e-05
2.25892e-06
3.15281e-07
1.63074e-07
8.30838e-10
8.70004e-13
1.43835e-15
0
0
0
0
0
0
0
0
0
0
0
0
0
0
0
0
0
0
0
0
0
0
0
0
0
0
0
0
0
0
0
0
0
0
0
0
0
0
0
0
0
0
0
0
0
0
0
0
0
0
0
0
0
0
0
0
0
0
0
0
0
0
0
0
0
0
0
0
0
0
0
0
0
0
0
0
0
0
0
0
0
0
0
0
0
0
0
0
0
0
0
0
0
0
0
0.180599
0.175066
0.16656
0.153773
0.136292
0.116735
0.102873
0.0941044
0.0885405
0.0845193
0.0799153
0.0759265
0.0700435
0.0153099
0.000522455
3.59818e-06
1.95383e-09
7.7948e-13
0
0
0
0
0
0
0
0
0
0
0
0
0
0
0
3.18689e-12
3.17516e-18
0
0
0
0
0
1.22244e-15
3.17516e-18
0
2.52676e-13
1.01066e-09
1.7686e-07
1.91583e-05
5.0777e-05
2.77289e-05
6.73626e-07
2.31695e-08
1.54016e-08
2.05505e-11
3.85909e-14
3.17516e-18
0
0
0
0
0
0
0
0
0
0
0
0
0
0
0
0
0
0
0
0
0
0
0
0
0
0
0
0
0
0
0
0
0
0
0
0
0
0
0
0
0
0
0
0
0
0
0
0
0
0
0
0
0
0
0
0
0
0
0
0
0
0
0
0
0
0
0
0
0
0
0
0
0
0
0
0
0
0
0
0
0
0
0
0
0
0
0
0
0
0
0
0
0
0
0
0.177
0.171879
0.16416
0.152791
0.137463
0.12018
0.106618
0.0971861
0.0907561
0.0861293
0.0821439
0.0779105
0.0721503
0.0627018
2.23908e-05
6.53862e-08
4.63876e-11
1.28566e-13
3.17516e-18
0
0
0
0
0
0
0
0
0
0
0
0
0
2.75922e-15
2.84647e-13
0
0
0
0
0
0
0
0
5.08026e-17
7.55689e-13
1.34781e-09
1.19183e-07
7.69391e-06
2.1773e-05
1.43571e-05
4.29137e-06
4.94808e-07
8.08433e-10
2.18337e-13
4.25472e-16
0
0
0
0
0
0
0
0
0
0
0
0
0
0
0
0
0
0
0
0
0
0
0
0
0
0
0
0
0
0
0
0
0
0
0
0
0
0
0
0
0
0
0
0
0
0
0
0
0
0
0
0
0
0
0
0
0
0
0
0
0
0
0
0
0
0
0
0
0
0
0
0
0
0
0
0
0
0
0
0
0
0
0
0
0
0
0
0
0
0
0
0
0
0
0
0
0.173346
0.168585
0.161536
0.151344
0.137776
0.122378
0.109389
0.0996811
0.0926572
0.0874371
0.0831026
0.0787444
0.0733919
0.0652024
0.0022239
4.95636e-06
5.38428e-09
4.79753e-12
5.80102e-15
0
0
0
0
0
0
0
0
0
0
0
0
0
0
2.28802e-14
0
0
0
0
0
0
0
0
5.13106e-15
3.79564e-12
1.4202e-09
8.66191e-08
2.47595e-06
7.90282e-06
5.97839e-06
1.84554e-06
2.3972e-07
1.503e-11
4.74687e-15
0
0
0
0
0
0
0
0
0
0
0
0
0
0
0
0
0
0
0
0
0
0
0
0
0
0
0
0
0
0
0
0
0
0
0
0
0
0
0
0
0
0
0
0
0
0
0
0
0
0
0
0
0
0
0
0
0
0
0
0
0
0
0
0
0
0
0
0
0
0
0
0
0
0
0
0
0
0
0
0
0
0
0
0
0
0
0
0
0
0
0
0
0
0
0
0
0
0.169651
0.1652
0.158709
0.149477
0.137324
0.123472
0.111162
0.101438
0.0940488
0.0883621
0.0836552
0.0792077
0.0742861
0.0674481
0.063162
0.0393487
0.00743843
0.000520967
2.13141e-05
6.56969e-07
0.000209493
1.19914e-05
4.46858e-07
6.0258e-09
1.29604e-12
3.17516e-18
0
0
0
0
0
6.29055e-08
1.93967e-10
1.09668e-12
8.36021e-15
0
0
0
0
4.78783e-14
3.17516e-18
0
1.04399e-14
3.04329e-12
2.3533e-10
8.21114e-09
2.04029e-07
3.51253e-06
2.3697e-06
7.01823e-07
9.19936e-08
5.83903e-11
1.30055e-13
2.38137e-16
0
0
0
0
0
0
0
0
0
0
0
0
0
0
0
0
0
0
0
0
0
0
0
0
0
0
0
0
0
0
0
0
0
0
0
0
0
0
0
0
0
0
0
0
0
0
0
0
0
0
0
0
0
0
0
0
0
0
0
0
0
0
0
0
0
0
0
0
0
0
0
0
0
0
0
0
0
0
0
0
0
0
0
0
0
0
0
0
0
0
0
0
0
0
0
0
0.165937
0.161745
0.155709
0.147243
0.136214
0.123611
0.11199
0.102413
0.0948527
0.0888659
0.083899
0.0794077
0.0748678
0.0693874
0.0650987
0.0614832
0.0575792
0.054526
0.0517538
0.0492276
0.0466492
0.0435416
0.0389995
0.0326066
0.00231755
2.42772e-05
4.28697e-08
5.62688e-11
6.62974e-14
0
2.53835e-05
3.8347e-05
6.72664e-05
7.86163e-06
1.16775e-06
2.28298e-08
2.25979e-10
2.03682e-12
1.74697e-14
8.95804e-10
1.29053e-09
1.22971e-10
1.05283e-11
9.40214e-13
3.19741e-11
1.04621e-09
4.56279e-08
1.45733e-06
8.82848e-07
2.43193e-07
3.11741e-08
6.80816e-11
1.66188e-13
3.39742e-16
0
0
0
0
0
0
0
0
0
0
0
0
0
0
0
0
0
0
0
0
0
0
0
0
0
0
0
0
0
0
0
0
0
0
0
0
0
0
0
0
0
0
0
0
0
0
0
0
0
0
0
0
0
0
0
0
0
0
0
0
0
0
0
0
0
0
0
0
0
0
0
0
0
0
0
0
0
0
0
0
0
0
0
0
0
0
0
0
0
0
0
0
0
0
0
0
0.162231
0.15825
0.152573
0.144702
0.134541
0.122929
0.111946
0.102614
0.0950316
0.0888958
0.0837831
0.0792785
0.0750052
0.0704494
0.0665277
0.0634304
0.0604354
0.057551
0.0547146
0.0518858
0.0489902
0.0458662
0.0420133
0.0361753
0.0313909
0.00620552
0.000383439
1.58799e-05
5.4004e-07
0.000402877
0.00416056
0.00176668
0.000626715
0.000144968
3.0901e-05
8.63359e-06
1.99157e-06
1.26924e-07
3.10999e-07
7.91515e-08
1.77447e-08
2.88309e-09
3.67205e-10
3.69441e-11
4.83201e-12
9.83808e-09
1.20408e-07
5.66295e-07
3.09393e-07
7.97665e-08
9.73234e-09
2.41181e-11
6.01249e-14
2.22261e-17
0
0
0
0
0
0
0
0
0
0
0
0
0
0
0
0
0
0
0
0
0
0
0
0
0
0
0
0
0
0
0
0
0
0
0
0
0
0
0
0
0
0
0
0
0
0
0
0
0
0
0
0
0
0
0
0
0
0
0
0
0
0
0
0
0
0
0
0
0
0
0
0
0
0
0
0
0
0
0
0
0
0
0
0
0
0
0
0
0
0
0
0
0
0
0
0
0.158565
0.154747
0.149336
0.141902
0.132387
0.121533
0.111107
0.10206
0.0945589
0.0883905
0.0832219
0.0787237
0.0746087
0.0705574
0.0669036
0.0637465
0.0607695
0.0578742
0.0550254
0.0522101
0.04941
0.0465666
0.0434556
0.0392673
0.0345374
0.0313039
0.0281873
0.0115163
0.0184368
0.015565
0.0123349
0.00701728
0.00282979
0.000852973
0.000229278
6.30305e-05
1.66282e-05
5.96304e-06
2.14506e-06
5.82568e-07
1.38921e-07
2.72487e-08
4.35043e-09
5.50158e-10
4.93723e-11
1.70222e-09
3.17233e-08
1.71269e-07
9.74843e-08
2.49062e-08
2.96679e-09
7.60208e-12
1.88001e-14
3.17516e-18
0
0
0
0
0
0
0
0
0
0
0
0
0
0
0
0
0
0
0
0
0
0
0
0
0
0
0
0
0
0
0
0
0
0
0
0
0
0
0
0
0
0
0
0
0
0
0
0
0
0
0
0
0
0
0
0
0
0
0
0
0
0
0
0
0
0
0
0
0
0
0
0
0
0
0
0
0
0
0
0
0
0
0
0
0
0
0
0
0
0
0
0
0
0
0
0
0.154971
0.151267
0.146031
0.138885
0.129809
0.1195
0.109525
0.100767
0.0934104
0.0872911
0.0821314
0.0776549
0.0736251
0.0698132
0.0662957
0.0630805
0.0600266
0.05706
0.0541589
0.051329
0.0485882
0.045951
0.0433752
0.0405568
0.0373017
0.0343347
0.0307965
0.0290669
0.0271995
0.0240743
0.0195821
0.0133095
0.00685233
0.00260135
0.000816225
0.00024269
7.22929e-05
2.34271e-05
7.51836e-06
2.16293e-06
5.48698e-07
1.20329e-07
2.24572e-08
3.47284e-09
4.18537e-10
3.08523e-10
6.75743e-09
4.7427e-08
2.90135e-08
7.63676e-09
9.22967e-10
2.48759e-12
6.00741e-15
0
0
0
0
0
0
0
0
0
0
0
0
0
0
0
0
0
0
0
0
0
0
0
0
0
0
0
0
0
0
0
0
0
0
0
0
0
0
0
0
0
0
0
0
0
0
0
0
0
0
0
0
0
0
0
0
0
0
0
0
0
0
0
0
0
0
0
0
0
0
0
0
0
0
0
0
0
0
0
0
0
0
0
0
0
0
0
0
0
0
0
0
0
0
0
0
0
0.151483
0.147841
0.142687
0.135681
0.126842
0.116869
0.107229
0.0987368
0.0915591
0.0855435
0.0804377
0.0759951
0.0720076
0.0682896
0.064811
0.0615325
0.0583726
0.0552793
0.0522325
0.0492324
0.0462275
0.043092
0.0400869
0.0378633
0.035851
0.0337637
0.0314501
0.0292714
0.0267187
0.0230817
0.017689
0.0107298
0.00473162
0.00162549
0.000501832
0.000152858
4.75003e-05
1.50604e-05
4.72399e-06
1.41937e-06
3.972e-07
1.00957e-07
2.27973e-08
4.45281e-09
7.20608e-10
1.38604e-10
1.48572e-09
1.24468e-08
8.543e-09
2.40998e-09
3.02464e-10
1.14642e-12
2.05751e-15
0
0
0
0
0
0
0
0
0
0
0
0
0
0
0
0
0
0
0
0
0
0
0
0
0
0
0
0
0
0
0
0
0
0
0
0
0
0
0
0
0
0
0
0
0
0
0
0
0
0
0
0
0
0
0
0
0
0
0
0
0
0
0
0
0
0
0
0
0
0
0
0
0
0
0
0
0
0
0
0
0
0
0
0
0
0
0
0
0
0
0
0
0
0
0
0
0
0.148094
0.144433
0.139247
0.132248
0.123527
0.113802
0.104246
0.0959479
0.0889685
0.0830937
0.0780722
0.0736711
0.0696973
0.0659881
0.0624687
0.0590739
0.0557272
0.0523584
0.0488927
0.044948
0.0397462
0.0334864
0.0265553
0.0204042
0.0185931
0.0175765
0.0164032
0.0142633
0.0112485
0.00822561
0.00490004
0.0022589
0.00081972
0.000265381
8.71551e-05
2.98566e-05
1.05756e-05
3.80431e-06
1.37655e-06
4.9055e-07
1.63414e-07
4.97386e-08
1.37037e-08
3.36671e-09
7.14357e-10
1.33176e-10
3.46143e-10
3.22943e-09
2.53409e-09
7.89705e-10
1.06232e-10
8.67483e-13
3.8864e-15
0
0
0
0
0
0
0
0
0
0
0
0
0
0
0
0
0
0
0
0
0
0
0
0
0
0
0
0
0
0
0
0
0
0
0
0
0
0
0
0
0
0
0
0
0
0
0
0
0
0
0
0
0
0
0
0
0
0
0
0
0
0
0
0
0
0
0
0
0
0
0
0
0
0
0
0
0
0
0
0
0
0
0
0
0
0
0
0
0
0
0
0
0
0
0
0
0
0.144818
0.141031
0.135643
0.128437
0.119629
0.110023
0.100736
0.0927213
0.085828
0.0798842
0.0749604
0.0705981
0.0666073
0.0628342
0.0591771
0.0555305
0.0517557
0.0476525
0.0429201
0.0356529
0.0269217
0.0182469
0.0104134
0.00511185
0.00335835
0.00252974
0.00213575
0.00176979
0.00151799
0.00152436
0.000941701
0.000427081
0.000147279
4.39077e-05
1.42881e-05
4.99976e-06
1.86428e-06
7.39928e-07
3.13659e-07
1.37458e-07
5.43687e-08
1.93411e-08
6.33425e-09
1.91677e-09
5.21528e-10
1.22336e-10
9.7289e-11
8.49395e-10
7.66048e-10
2.68968e-10
3.9889e-11
3.74653e-13
1.61933e-15
0
0
0
0
0
0
0
0
0
0
0
0
0
0
0
0
0
0
0
0
0
0
0
0
0
0
0
0
0
0
0
0
0
0
0
0
0
0
0
0
0
0
0
0
0
0
0
0
0
0
0
0
0
0
0
0
0
0
0
0
0
0
0
0
0
0
0
0
0
0
0
0
0
0
0
0
0
0
0
0
0
0
0
0
0
0
0
0
0
0
0
0
0
0
0
0
0
0.141674
0.137626
0.131831
0.124179
0.115085
0.10549
0.0964642
0.0887257
0.0820569
0.0763127
0.0711112
0.0666588
0.0625867
0.0586315
0.0546245
0.0503358
0.0453992
0.0392369
0.0302556
0.0194368
0.0102693
0.00467352
0.00161987
0.000657363
5.6647e-05
2.0173e-06
4.25203e-08
1.70244e-05
6.38473e-05
0.000445763
0.0002153
9.92351e-05
2.96473e-05
6.98062e-06
2.26997e-06
7.7665e-07
2.85984e-07
1.16984e-07
5.73342e-08
3.43043e-08
1.6021e-08
6.39663e-09
2.4087e-09
8.82515e-10
3.05934e-10
9.35783e-11
3.98876e-11
2.32058e-10
2.38078e-10
9.51996e-11
1.61245e-11
2.12431e-13
8.7317e-16
0
0
0
0
0
0
0
0
0
0
0
0
0
0
0
0
0
0
0
0
0
0
0
0
0
0
0
0
0
0
0
0
0
0
0
0
0
0
0
0
0
0
0
0
0
0
0
0
0
0
0
0
0
0
0
0
0
0
0
0
0
0
0
0
0
0
0
0
0
0
0
0
0
0
0
0
0
0
0
0
0
0
0
0
0
0
0
0
0
0
0
0
0
0
0
0
0
0.138664
0.134183
0.127724
0.119355
0.109784
0.100126
0.0913455
0.0838709
0.0774321
0.0718413
0.0666955
0.0618852
0.0572943
0.0528091
0.0478364
0.041836
0.0340465
0.0237323
0.0116486
0.00417815
0.00125085
0.00046571
0.000129001
2.65881e-06
2.1993e-08
4.98681e-10
2.8995e-11
1.26801e-08
2.12905e-07
6.90411e-06
6.7362e-06
1.84718e-05
3.32558e-06
4.15486e-07
1.10384e-08
1.3768e-10
1.70813e-11
5.95336e-10
2.10628e-09
8.54474e-09
4.37507e-09
1.79199e-09
7.38998e-10
3.23602e-10
1.45116e-10
6.04107e-11
2.25532e-11
6.81525e-11
7.65736e-11
3.48845e-11
7.11652e-12
1.81864e-13
4.12771e-16
0
0
0
0
0
0
0
0
0
0
0
0
0
0
0
0
0
0
0
0
0
0
0
0
0
0
0
0
0
0
0
0
0
0
0
0
0
0
0
0
0
0
0
0
0
0
0
0
0
0
0
0
0
0
0
0
0
0
0
0
0
0
0
0
0
0
0
0
0
0
0
0
0
0
0
0
0
0
0
0
0
0
0
0
0
0
0
0
0
0
0
0
0
0
0
0
0
0.135782
0.13064
0.123188
0.113786
0.103551
0.0937724
0.0852045
0.07796
0.0717015
0.0661551
0.0609233
0.0558004
0.0500791
0.0437695
0.0364966
0.0272774
0.0162864
0.00628963
0.00154615
0.000325495
7.6474e-05
2.19504e-06
1.59163e-08
2.40676e-09
3.80556e-11
4.71286e-13
2.08005e-14
5.95677e-12
1.0313e-10
5.5942e-09
9.20925e-08
1.67048e-06
2.71116e-07
1.47605e-08
7.87029e-11
5.66005e-14
5.24855e-15
2.92896e-13
8.55863e-12
2.79392e-10
8.75396e-10
3.34345e-10
1.46173e-10
7.76284e-11
4.8275e-11
3.1601e-11
1.3211e-11
2.22913e-11
2.55266e-11
1.30206e-11
3.49381e-12
6.9003e-13
3.71494e-16
0
0
0
0
0
0
0
0
0
0
0
0
0
0
0
0
0
0
0
0
0
0
0
0
0
0
0
0
0
0
0
0
0
0
0
0
0
0
0
0
0
0
0
0
0
0
0
0
0
0
0
0
0
0
0
0
0
0
0
0
0
0
0
0
0
0
0
0
0
0
0
0
0
0
0
0
0
0
0
0
0
0
0
0
0
0
0
0
0
0
0
0
0
0
0
0
0
0.133011
0.126918
0.118051
0.107214
0.0960735
0.0860727
0.0775937
0.0704281
0.0641299
0.0583121
0.0525362
0.0464104
0.0391772
0.0293748
0.0193084
0.00975288
0.0032075
0.000547293
7.88339e-05
1.19278e-05
8.51994e-08
2.93837e-09
3.54164e-11
3.41083e-12
5.41778e-14
3.01641e-16
0
3.39742e-15
4.57668e-14
2.05636e-12
8.60603e-11
1.80154e-08
2.09511e-08
1.15412e-10
1.88751e-13
9.52549e-18
0
3.17516e-18
5.56289e-15
7.28348e-12
2.76279e-11
1.71856e-12
5.46696e-13
2.47149e-12
3.99649e-12
1.55833e-11
6.62863e-12
8.03585e-12
8.70643e-12
4.63509e-12
1.35135e-12
2.51416e-13
8.19192e-16
0
0
0
0
0
0
0
0
0
0
0
0
0
0
0
0
0
0
0
0
0
0
0
0
0
0
0
0
0
0
0
0
0
0
0
0
0
0
0
0
0
0
0
0
0
0
0
0
0
0
0
0
0
0
0
0
0
0
0
0
0
0
0
0
0
0
0
0
0
0
0
0
0
0
0
0
0
0
0
0
0
0
0
0
0
0
0
0
0
0
0
0
0
0
0
0
0
0.130346
0.122972
0.11213
0.0992065
0.0866018
0.0760099
0.0671825
0.0596422
0.0528196
0.0462055
0.0393073
0.0316685
0.0227757
0.0126982
0.00500093
0.00145896
0.000236086
2.35409e-05
1.95927e-06
1.19013e-08
1.67051e-10
5.75377e-12
6.85042e-14
5.27712e-15
0
0
0
0
0
7.33463e-16
6.10108e-14
1.38889e-10
1.60984e-09
9.81072e-12
5.73117e-15
0
0
0
0
2.33174e-13
6.52858e-13
2.76557e-15
5.65179e-16
5.59623e-14
1.94104e-13
7.13523e-12
3.05899e-12
2.98831e-12
3.00033e-12
1.61345e-12
4.87851e-13
8.98857e-14
6.31858e-16
0
0
0
0
0
0
0
0
0
0
0
0
0
0
0
0
0
0
0
0
0
0
0
0
0
0
0
0
0
0
0
0
0
0
0
0
0
0
0
0
0
0
0
0
0
0
0
0
0
0
0
0
0
0
0
0
0
0
0
0
0
0
0
0
0
0
0
0
0
0
0
0
0
0
0
0
0
0
0
0
0
0
0
0
0
0
0
0
0
0
0
0
0
0
0
0
0
0.12784
0.118911
0.105301
0.0888208
0.0730063
0.0607657
0.0507197
0.0424332
0.0352822
0.0284814
0.0215539
0.0144228
0.00760758
0.00274752
0.000656663
9.36362e-05
1.04918e-06
9.46907e-09
4.89495e-09
3.67272e-11
3.84461e-13
1.1148e-14
3.17516e-18
0
0
0
0
0
0
0
7.27112e-16
1.51371e-12
1.06663e-10
8.05891e-13
4.9215e-16
0
0
0
0
8.48721e-15
1.1383e-14
0
0
8.12842e-16
6.93456e-15
3.09026e-12
1.32865e-12
1.11096e-12
1.03435e-12
5.56968e-13
1.74326e-13
3.29868e-14
2.00035e-16
0
0
0
0
0
0
0
0
0
0
0
0
0
0
0
0
0
0
0
0
0
0
0
0
0
0
0
0
0
0
0
0
0
0
0
0
0
0
0
0
0
0
0
0
0
0
0
0
0
0
0
0
0
0
0
0
0
0
0
0
0
0
0
0
0
0
0
0
0
0
0
0
0
0
0
0
0
0
0
0
0
0
0
0
0
0
0
0
0
0
0
0
0
0
0
0
0
0.12566
0.115313
0.0980514
0.0740967
0.0486292
0.0321023
0.0199094
0.0116671
0.013021
0.0100809
0.0065248
0.00339353
0.00128905
0.000328734
4.37537e-05
3.4283e-06
1.19851e-08
3.93786e-11
1.44505e-11
1.01421e-13
7.11237e-16
0
0
0
0
0
0
0
0
0
0
2.38455e-15
7.09587e-12
3.33075e-14
0
0
0
0
0
2.15911e-16
9.52549e-18
0
0
0
9.52549e-17
1.27906e-12
5.50246e-13
4.07831e-13
3.54091e-13
1.91097e-13
6.28778e-14
1.30213e-14
1.84159e-16
0
0
0
0
0
0
0
0
0
0
0
0
0
0
0
0
0
0
0
0
0
0
0
0
0
0
0
0
0
0
0
0
0
0
0
0
0
0
0
0
0
0
0
0
0
0
0
0
0
0
0
0
0
0
0
0
0
0
0
0
0
0
0
0
0
0
0
0
0
0
0
0
0
0
0
0
0
0
0
0
0
0
0
0
0
0
0
0
0
0
0
0
0
0
0
0
0
0.124014
0.113565
0.0961275
0.0724005
0.0481227
0.0055879
0.000253863
0.000163196
0.000466799
0.00112678
0.00076349
0.000339871
0.00010986
3.18274e-05
2.61324e-07
8.19002e-09
4.79962e-11
1.59958e-13
3.46887e-14
3.17516e-18
0
0
0
0
0
0
0
0
0
0
0
0
4.43567e-13
9.39848e-16
0
0
0
0
0
0
0
0
0
0
0
5.09592e-13
2.19004e-13
1.47074e-13
1.19545e-13
6.46844e-14
2.27754e-14
5.8169e-15
1.08908e-15
0
0
0
0
0
0
0
0
0
0
0
0
0
0
0
0
0
0
0
0
0
0
0
0
0
0
0
0
0
0
0
0
0
0
0
0
0
0
0
0
0
0
0
0
0
0
0
0
0
0
0
0
0
0
0
0
0
0
0
0
0
0
0
0
0
0
0
0
0
0
0
0
0
0
0
0
0
0
0
0
0
0
0
0
0
0
0
0
0
0
0
0
0
0
0
0
0
0.122526
0.112529
0.0960629
0.0740254
0.051829
0.0497701
3.0416e-06
1.35218e-06
2.47289e-06
1.27831e-05
1.0152e-05
5.27528e-06
3.25265e-07
1.30022e-07
1.2377e-09
2.25709e-11
1.47236e-13
2.76239e-16
0
0
0
0
0
0
0
0
0
0
0
0
0
0
2.66714e-14
0
0
0
0
0
0
0
0
0
0
0
0
1.96409e-13
8.41768e-14
5.19743e-14
3.95943e-14
2.1226e-14
7.6839e-15
2.05116e-15
3.27042e-16
0
0
0
0
0
0
0
0
0
0
0
0
0
0
0
0
0
0
0
0
0
0
0
0
0
0
0
0
0
0
0
0
0
0
0
0
0
0
0
0
0
0
0
0
0
0
0
0
0
0
0
0
0
0
0
0
0
0
0
0
0
0
0
0
0
0
0
0
0
0
0
0
0
0
0
0
0
0
0
0
0
0
0
0
0
0
0
0
0
0
0
0
0
0
0
0
0
0.121023
0.111682
0.0966228
0.0768407
0.0571599
0.0521985
0.0507428
7.44336e-09
1.67468e-08
1.46158e-07
8.92542e-08
4.19018e-08
1.29239e-09
4.62536e-10
4.55877e-12
6.18077e-14
1.46058e-16
0
0
0
0
0
0
0
0
0
0
0
0
0
0
0
1.5082e-15
0
0
0
0
0
0
0
0
0
0
0
0
7.35685e-14
3.14055e-14
1.80286e-14
1.28943e-14
6.82025e-15
2.47663e-15
6.47733e-16
3.49268e-17
0
0
0
0
0
0
0
0
0
0
0
0
0
0
0
0
0
0
0
0
0
0
0
0
0
0
0
0
0
0
0
0
0
0
0
0
0
0
0
0
0
0
0
0
0
0
0
0
0
0
0
0
0
0
0
0
0
0
0
0
0
0
0
0
0
0
0
0
0
0
0
0
0
0
0
0
0
0
0
0
0
0
0
0
0
0
0
0
0
0
0
0
0
0
0
0
0
0.119465
0.110854
0.0973112
0.0798213
0.0624057
0.0553042
0.0521546
0.0506337
0.00159099
1.05254e-09
6.05936e-10
2.48161e-10
4.91069e-12
1.44593e-12
1.5444e-14
3.17516e-18
0
0
0
0
0
0
0
0
0
0
0
0
0
0
0
0
3.17516e-18
0
0
0
0
0
0
0
0
0
0
0
0
2.69254e-14
1.14433e-14
6.20427e-15
4.15311e-15
2.17816e-15
7.8109e-16
1.74634e-16
0
0
0
0
0
0
0
0
0
0
0
0
0
0
0
0
0
0
0
0
0
0
0
0
0
0
0
0
0
0
0
0
0
0
0
0
0
0
0
0
0
0
0
0
0
0
0
0
0
0
0
0
0
0
0
0
0
0
0
0
0
0
0
0
0
0
0
0
0
0
0
0
0
0
0
0
0
0
0
0
0
0
0
0
0
0
0
0
0
0
0
0
0
0
0
0
0
0
0.117824
0.109937
0.0978396
0.0824366
0.066956
0.058622
0.054164
0.0516379
0.0498095
0.0474316
0.0118155
0.000699126
1.33103e-14
3.19104e-15
0
0
0
0
0
0
0
0
0
0
0
0
0
0
0
0
0
0
0
0
0
0
0
0
0
0
0
0
0
0
0
9.7033e-15
4.12771e-15
2.12101e-15
1.34309e-15
6.8266e-16
2.31787e-16
3.17516e-18
0
0
0
0
0
0
0
0
0
0
0
0
0
0
0
0
0
0
0
0
0
0
0
0
0
0
0
0
0
0
0
0
0
0
0
0
0
0
0
0
0
0
0
0
0
0
0
0
0
0
0
0
0
0
0
0
0
0
0
0
0
0
0
0
0
0
0
0
0
0
0
0
0
0
0
0
0
0
0
0
0
0
0
0
0
0
0
0
0
0
0
0
0
0
0
0
0
0
0.116084
0.108871
0.0980663
0.0844676
0.0706334
0.0617657
0.0563978
0.053073
0.0508269
0.0483092
0.0452634
0.0409818
0.0356559
0
0
0
0
0
0
0
0
0
0
0
0
0
0
0
0
0
0
0
0
0
0
0
0
0
0
0
0
0
0
0
0
3.45775e-15
1.45105e-15
6.95361e-16
4.06421e-16
1.84159e-16
3.17516e-18
0
0
0
0
0
0
0
0
0
0
0
0
0
0
0
0
0
0
0
0
0
0
0
0
0
0
0
0
0
0
0
0
0
0
0
0
0
0
0
0
0
0
0
0
0
0
0
0
0
0
0
0
0
0
0
0
0
0
0
0
0
0
0
0
0
0
0
0
0
0
0
0
0
0
0
0
0
0
0
0
0
0
0
0
0
0
0
0
0
0
0
0
0
0
0
0
0
0
0
0.11424
0.107631
0.0979402
0.0858575
0.0734149
0.0644515
0.0584908
0.0545088
0.0516804
0.0490319
0.0463665
0.042751
0.0371
4.37236e-05
0
0
0
0
0
0
0
0
0
0
0
0
0
0
0
0
0
0
0
0
0
0
0
0
0
0
0
0
0
0
0
1.21609e-15
4.9215e-16
1.93685e-16
7.62039e-17
3.17516e-18
0
0
0
0
0
0
0
0
0
0
0
0
0
0
0
0
0
0
0
0
0
0
0
0
0
0
0
0
0
0
0
0
0
0
0
0
0
0
0
0
0
0
0
0
0
0
0
0
0
0
0
0
0
0
0
0
0
0
0
0
0
0
0
0
0
0
0
0
0
0
0
0
0
0
0
0
0
0
0
0
0
0
0
0
0
0
0
0
0
0
0
0
0
0
0
0
0
0
0
0
0.112292
0.106211
0.0974592
0.0866286
0.0753505
0.0665352
0.060225
0.0557402
0.0524083
0.0495102
0.0467412
0.0434552
0.0386067
0.0361143
0.000531902
7.95768e-07
2.30914e-09
7.89891e-12
2.38423e-14
0
0
0
0
0
0
0
0
0
0
0
0
0
0
0
0
0
0
0
0
0
0
0
0
0
0
4.03246e-16
1.30182e-16
3.17516e-18
0
0
0
0
0
0
0
0
0
0
0
0
0
0
0
0
0
0
0
0
0
0
0
0
0
0
0
0
0
0
0
0
0
0
0
0
0
0
0
0
0
0
0
0
0
0
0
0
0
0
0
0
0
0
0
0
0
0
0
0
0
0
0
0
0
0
0
0
0
0
0
0
0
0
0
0
0
0
0
0
0
0
0
0
0
0
0
0
0
0
0
0
0
0
0
0
0
0
0
0
0
0
0.110247
0.104621
0.0966455
0.0868358
0.0765226
0.0679755
0.0614957
0.056659
0.052938
0.0497824
0.0468771
0.0437995
0.039853
0.0368643
0.0344286
0.0320744
0.0289714
0.024712
0.0187344
0.0112
0.00452986
0.00106885
1.85621e-05
5.99659e-08
1.28253e-11
3.45775e-15
0
0
0
7.24693e-13
1.10368e-11
1.34945e-11
8.20535e-13
6.48368e-14
1.52408e-16
0
0
0
0
0
0
0
0
0
0
1.07956e-16
3.17516e-18
0
0
0
0
0
0
0
0
0
0
0
0
0
0
0
0
0
0
0
0
0
0
0
0
0
0
0
0
0
0
0
0
0
0
0
0
0
0
0
0
0
0
0
0
0
0
0
0
0
0
0
0
0
0
0
0
0
0
0
0
0
0
0
0
0
0
0
0
0
0
0
0
0
0
0
0
0
0
0
0
0
0
0
0
0
0
0
0
0
0
0
0
0
0
0
0
0
0
0
0
0
0
0
0.108119
0.102874
0.0955323
0.0865438
0.0770201
0.0687855
0.0622607
0.0572004
0.0531991
0.0498254
0.0467919
0.0438065
0.0404454
0.0374503
0.0349117
0.0321501
0.0287098
0.0240144
0.0175465
0.010025
0.00410252
0.0012398
0.000376481
7.9738e-05
8.57244e-07
8.7814e-10
6.36081e-13
7.93232e-12
2.98506e-10
6.40213e-10
1.25546e-09
2.64961e-10
3.46323e-11
4.37436e-12
6.19033e-13
7.32193e-15
0
4.12771e-16
2.76239e-16
3.33392e-16
0
0
0
0
0
0
0
0
0
0
0
0
0
0
0
0
0
0
0
0
0
0
0
0
0
0
0
0
0
0
0
0
0
0
0
0
0
0
0
0
0
0
0
0
0
0
0
0
0
0
0
0
0
0
0
0
0
0
0
0
0
0
0
0
0
0
0
0
0
0
0
0
0
0
0
0
0
0
0
0
0
0
0
0
0
0
0
0
0
0
0
0
0
0
0
0
0
0
0
0
0
0
0
0
0
0
0
0
0
0
0.105922
0.100992
0.0941557
0.0858151
0.0769246
0.068999
0.0625065
0.0573202
0.0531284
0.0495838
0.0464314
0.043447
0.0403495
0.0373742
0.0345351
0.0313895
0.027418
0.0219789
0.0148997
0.00772632
0.00298822
0.000951364
0.000284813
7.78075e-05
2.13895e-05
8.54588e-07
2.10878e-08
1.98483e-08
9.1033e-08
2.93232e-08
9.49052e-09
2.19189e-09
4.11655e-10
7.24903e-11
1.3102e-11
3.28796e-12
7.64681e-13
1.66496e-13
3.38822e-14
6.3535e-15
8.22367e-16
3.17516e-18
0
0
0
0
0
0
0
0
0
0
0
0
0
0
0
0
0
0
0
0
0
0
0
0
0
0
0
0
0
0
0
0
0
0
0
0
0
0
0
0
0
0
0
0
0
0
0
0
0
0
0
0
0
0
0
0
0
0
0
0
0
0
0
0
0
0
0
0
0
0
0
0
0
0
0
0
0
0
0
0
0
0
0
0
0
0
0
0
0
0
0
0
0
0
0
0
0
0
0
0
0
0
0
0
0
0
0
0
0.103677
0.0989992
0.0925518
0.0847046
0.0763035
0.0686526
0.0622305
0.0569851
0.0526695
0.048994
0.0457297
0.0426842
0.0396378
0.0365904
0.0334284
0.0297245
0.024845
0.0182802
0.0107448
0.00471548
0.00163677
0.000512173
0.000159325
5.14929e-05
1.8045e-05
7.36027e-06
2.9414e-06
1.15144e-06
4.39417e-07
1.35725e-07
3.80613e-08
9.47235e-09
2.11942e-09
4.45085e-10
9.41899e-11
2.17253e-11
4.95339e-12
1.08308e-12
2.22293e-13
4.14867e-14
6.42653e-15
7.90616e-16
3.17516e-18
0
0
0
0
0
0
0
0
0
0
0
0
0
0
0
0
0
0
0
0
0
0
0
0
0
0
0
0
0
0
0
0
0
0
0
0
0
0
0
0
0
0
0
0
0
0
0
0
0
0
0
0
0
0
0
0
0
0
0
0
0
0
0
0
0
0
0
0
0
0
0
0
0
0
0
0
0
0
0
0
0
0
0
0
0
0
0
0
0
0
0
0
0
0
0
0
0
0
0
0
0
0
0
0
0
0
0
0.101407
0.0969199
0.0907537
0.0832571
0.0752085
0.0677752
0.0614312
0.0561652
0.0517703
0.0479918
0.0446163
0.0414603
0.0383139
0.0350288
0.0313163
0.0266012
0.0202631
0.012598
0.00584904
0.00207423
0.00063709
0.000189929
5.87699e-05
1.96801e-05
7.21343e-06
2.63033e-06
9.73772e-07
3.59459e-07
1.28281e-07
4.15338e-08
1.19233e-08
3.04319e-09
7.2949e-10
1.68791e-10
3.86996e-11
8.89403e-12
2.0282e-12
4.51864e-13
9.6398e-14
1.92002e-14
3.49903e-15
5.52478e-16
3.17516e-18
0
0
0
0
0
0
0
0
0
0
0
0
0
0
0
0
0
0
0
0
0
0
0
0
0
0
0
0
0
0
0
0
0
0
0
0
0
0
0
0
0
0
0
0
0
0
0
0
0
0
0
0
0
0
0
0
0
0
0
0
0
0
0
0
0
0
0
0
0
0
0
0
0
0
0
0
0
0
0
0
0
0
0
0
0
0
0
0
0
0
0
0
0
0
0
0
0
0
0
0
0
0
0
0
0
0
0
0.0991357
0.0947806
0.0887911
0.0815065
0.0736728
0.066382
0.0600987
0.0548271
0.0503761
0.0465054
0.0430003
0.0396561
0.0362086
0.0323278
0.027486
0.0210668
0.0132511
0.00619446
0.00215868
0.000628253
0.000170554
4.57591e-05
1.25473e-05
3.57689e-06
1.0384e-06
3.26836e-07
1.15762e-07
4.1572e-08
1.45322e-08
4.84327e-09
1.49401e-09
4.25919e-10
1.11163e-10
2.70165e-11
6.31083e-12
1.46566e-12
3.51795e-13
8.64946e-14
2.12101e-14
4.97231e-15
1.10496e-15
1.93685e-16
0
0
0
0
0
0
0
0
0
0
0
0
0
0
0
0
0
0
0
0
0
0
0
0
0
0
0
0
0
0
0
0
0
0
0
0
0
0
0
0
0
0
0
0
0
0
0
0
0
0
0
0
0
0
0
0
0
0
0
0
0
0
0
0
0
0
0
0
0
0
0
0
0
0
0
0
0
0
0
0
0
0
0
0
0
0
0
0
0
0
0
0
0
0
0
0
0
0
0
0
0
0
0
0
0
0
0
0
0.0968882
0.0926066
0.0866891
0.0794749
0.0717096
0.0644673
0.058206
0.0529217
0.0484138
0.0444275
0.0407101
0.0369675
0.0327756
0.027573
0.020813
0.0128143
0.00582151
0.00195021
0.000532939
0.000130625
2.97003e-05
6.67212e-06
1.549e-06
3.7611e-07
9.39155e-08
2.48145e-08
9.26666e-09
3.36663e-09
1.30666e-09
6.59616e-10
2.34307e-10
7.18015e-11
1.85096e-11
4.15236e-12
8.5042e-13
1.73434e-13
4.25758e-14
1.17957e-14
3.54666e-15
9.90651e-16
2.38137e-16
3.17516e-18
0
0
0
0
0
0
0
0
0
0
0
0
0
0
0
0
0
0
0
0
0
0
0
0
0
0
0
0
0
0
0
0
0
0
0
0
0
0
0
0
0
0
0
0
0
0
0
0
0
0
0
0
0
0
0
0
0
0
0
0
0
0
0
0
0
0
0
0
0
0
0
0
0
0
0
0
0
0
0
0
0
0
0
0
0
0
0
0
0
0
0
0
0
0
0
0
0
0
0
0
0
0
0
0
0
0
0
0
0.0946336
0.0903192
0.0843364
0.0770647
0.0693005
0.0620942
0.0558679
0.0505739
0.0457481
0.0415193
0.0373019
0.0326035
0.026817
0.0195351
0.0114426
0.00492492
0.0015699
0.000404225
9.04618e-05
1.78592e-05
3.46046e-06
6.80123e-07
1.38569e-07
3.01264e-08
6.07453e-09
1.45052e-09
6.95084e-11
2.00292e-12
1.84335e-11
1.13375e-10
3.72788e-11
1.28763e-11
3.17444e-12
6.10838e-13
9.98462e-14
1.70125e-14
4.15311e-15
1.27007e-15
5.11201e-16
1.17481e-16
3.17516e-18
0
0
0
0
0
0
0
0
0
0
0
0
0
0
0
0
0
0
0
0
0
0
0
0
0
0
0
0
0
0
0
0
0
0
0
0
0
0
0
0
0
0
0
0
0
0
0
0
0
0
0
0
0
0
0
0
0
0
0
0
0
0
0
0
0
0
0
0
0
0
0
0
0
0
0
0
0
0
0
0
0
0
0
0
0
0
0
0
0
0
0
0
0
0
0
0
0
0
0
0
0
0
0
0
0
0
0
0
0
0.0923938
0.0879339
0.0817268
0.0742299
0.0663439
0.0590982
0.0528448
0.0474337
0.0424039
0.0374932
0.0316533
0.0250544
0.0172195
0.00935547
0.00375614
0.00113751
0.000278216
5.77181e-05
1.01846e-05
1.67264e-06
2.77628e-07
4.59408e-08
7.8428e-09
1.74761e-09
2.83654e-10
4.35977e-12
3.50919e-14
3.49268e-17
2.21404e-14
4.23462e-13
7.10287e-13
1.66944e-12
4.126e-13
6.19252e-14
7.15682e-15
8.7317e-16
0
0
3.17516e-18
0
0
0
0
0
0
0
0
0
0
0
0
0
0
0
0
0
0
0
0
0
0
0
0
0
0
0
0
0
0
0
0
0
0
0
0
0
0
0
0
0
0
0
0
0
0
0
0
0
0
0
0
0
0
0
0
0
0
0
0
0
0
0
0
0
0
0
0
0
0
0
0
0
0
0
0
0
0
0
0
0
0
0
0
0
0
0
0
0
0
0
0
0
0
0
0
0
0
0
0
0
0
0
0
0
0
0
0
0
0
0
0.0901874
0.0854615
0.0788522
0.0709327
0.0627459
0.0552889
0.0487898
0.0429272
0.0371405
0.0308382
0.022857
0.0139311
0.00687842
0.00256527
0.000741256
0.000173789
3.39118e-05
5.45387e-06
7.26652e-07
9.92815e-08
1.40666e-08
1.82381e-09
2.5719e-10
3.58915e-12
1.59679e-14
9.93826e-16
0
0
0
3.17516e-18
2.43535e-15
1.75936e-14
3.14786e-14
3.75622e-15
1.36532e-16
0
0
0
0
0
0
0
0
0
0
0
0
0
0
0
0
0
0
0
0
0
0
0
0
0
0
0
0
0
0
0
0
0
0
0
0
0
0
0
0
0
0
0
0
0
0
0
0
0
0
0
0
0
0
0
0
0
0
0
0
0
0
0
0
0
0
0
0
0
0
0
0
0
0
0
0
0
0
0
0
0
0
0
0
0
0
0
0
0
0
0
0
0
0
0
0
0
0
0
0
0
0
0
0
0
0
0
0
0
0
0
0
0
0
0
0.0880325
0.0829172
0.0757006
0.067082
0.0582405
0.0501132
0.042796
0.0357788
0.0284735
0.0203846
0.0114823
0.00466737
0.0015479
0.000428962
9.72269e-05
1.80936e-05
2.6987e-06
2.95092e-07
3.05923e-08
3.33143e-09
4.51234e-10
4.30711e-11
2.37902e-13
1.07638e-15
0
0
0
0
0
0
0
0
1.36532e-16
8.57294e-17
0
0
0
0
0
0
0
0
0
0
0
0
0
0
0
0
0
0
0
0
0
0
0
0
0
0
0
0
0
0
0
0
0
0
0
0
0
0
0
0
0
0
0
0
0
0
0
0
0
0
0
0
0
0
0
0
0
0
0
0
0
0
0
0
0
0
0
0
0
0
0
0
0
0
0
0
0
0
0
0
0
0
0
0
0
0
0
0
0
0
0
0
0
0
0
0
0
0
0
0
0
0
0
0
0
0
0
0
0
0
0
0
0
0
0
0
0.0859522
0.0803404
0.0722708
0.0624816
0.0522139
0.0424526
0.0335571
0.0250422
0.0167551
0.00900205
0.00336553
0.000945436
0.000224763
4.74243e-05
8.51112e-06
1.20218e-06
1.22474e-07
9.15044e-09
6.73594e-10
5.3197e-11
4.95145e-13
1.29864e-15
3.17516e-18
0
0
0
0
0
0
0
0
0
0
0
0
0
0
0
0
0
0
0
0
0
0
0
0
0
0
0
0
0
0
0
0
0
0
0
0
0
0
0
0
0
0
0
0
0
0
0
0
0
0
0
0
0
0
0
0
0
0
0
0
0
0
0
0
0
0
0
0
0
0
0
0
0
0
0
0
0
0
0
0
0
0
0
0
0
0
0
0
0
0
0
0
0
0
0
0
0
0
0
0
0
0
0
0
0
0
0
0
0
0
0
0
0
0
0
0
0
0
0
0
0
0
0
0
0
0
0
0.0839845
0.0778367
0.0686645
0.0569716
0.0439654
0.0313766
0.0211765
0.0126944
0.00622375
0.00222787
0.000577343
0.000123443
2.25162e-05
3.46317e-06
4.60266e-07
4.38525e-08
2.22574e-09
1.28563e-10
5.8471e-12
1.63013e-14
2.98465e-16
0
0
0
0
0
0
0
0
0
0
0
0
0
0
0
0
0
0
0
0
0
0
0
0
0
0
0
0
0
0
0
0
0
0
0
0
0
0
0
0
0
0
0
0
0
0
0
0
0
0
0
0
0
0
0
0
0
0
0
0
0
0
0
0
0
0
0
0
0
0
0
0
0
0
0
0
0
0
0
0
0
0
0
0
0
0
0
0
0
0
0
0
0
0
0
0
0
0
0
0
0
0
0
0
0
0
0
0
0
0
0
0
0
0
0
0
0
0
0
0
0
0
0
0
0
0
0
0
0
0.0821853
0.0756414
0.065411
0.0513551
0.0343836
0.0182221
0.00896091
0.00344611
0.000887909
0.000257128
5.40307e-05
9.78656e-06
1.44212e-06
1.61304e-07
1.313e-08
5.7712e-10
1.16386e-11
5.24886e-14
4.14041e-15
0
0
0
0
0
0
0
0
0
0
0
0
0
0
0
0
0
0
0
0
0
0
0
0
0
0
0
0
0
0
0
0
0
0
0
0
0
0
0
0
0
0
0
0
0
0
0
0
0
0
0
0
0
0
0
0
0
0
0
0
0
0
0
0
0
0
0
0
0
0
0
0
0
0
0
0
0
0
0
0
0
0
0
0
0
0
0
0
0
0
0
0
0
0
0
0
0
0
0
0
0
0
0
0
0
0
0
0
0
0
0
0
0
0
0
0
0
0
0
0
0
0
0
0
0
0
0
0
0
0
0
0.0805966
0.0740472
0.0636088
0.0490958
0.0321057
0.0172151
0.00120457
3.58533e-05
3.96708e-07
2.75021e-06
1.50144e-06
3.74998e-07
5.35706e-08
3.92278e-09
1.75536e-10
9.33431e-13
1.4031e-14
3.17516e-18
0
0
0
0
0
0
0
0
0
0
0
0
0
0
0
0
0
0
0
0
0
0
0
0
0
0
0
0
0
0
0
0
0
0
0
0
0
0
0
0
0
0
0
0
0
0
0
0
0
0
0
0
0
0
0
0
0
0
0
0
0
0
0
0
0
0
0
0
0
0
0
0
0
0
0
0
0
0
0
0
0
0
0
0
0
0
0
0
0
0
0
0
0
0
0
0
0
0
0
0
0
0
0
0
0
0
0
0
0
0
0
0
0
0
0
0
0
0
0
0
0
0
0
0
0
0
0
0
0
0
0
0
0.0790722
0.0727836
0.0627576
0.0487801
0.0323702
0.0177214
0.00451766
2.51357e-07
7.92857e-10
7.47021e-13
1.31081e-10
4.03475e-09
1.43472e-09
1.36332e-11
2.89778e-13
1.09543e-15
0
0
0
0
0
0
0
0
0
0
0
0
0
0
0
0
0
0
0
0
0
0
0
0
0
0
0
0
0
0
0
0
0
0
0
0
0
0
0
0
0
0
0
0
0
0
0
0
0
0
0
0
0
0
0
0
0
0
0
0
0
0
0
0
0
0
0
0
0
0
0
0
0
0
0
0
0
0
0
0
0
0
0
0
0
0
0
0
0
0
0
0
0
0
0
0
0
0
0
0
0
0
0
0
0
0
0
0
0
0
0
0
0
0
0
0
0
0
0
0
0
0
0
0
0
0
0
0
0
0
0
0
0
0
0.0775238
0.0716224
0.0622993
0.0493912
0.0343471
0.0208054
0.0175037
0.0152522
1.97267e-12
2.32739e-15
3.4186e-13
9.5801e-12
3.04221e-12
2.8786e-14
4.69924e-16
0
0
0
0
0
0
0
0
0
0
0
0
0
0
0
0
0
0
0
0
0
0
0
0
0
0
0
0
0
0
0
0
0
0
0
0
0
0
0
0
0
0
0
0
0
0
0
0
0
0
0
0
0
0
0
0
0
0
0
0
0
0
0
0
0
0
0
0
0
0
0
0
0
0
0
0
0
0
0
0
0
0
0
0
0
0
0
0
0
0
0
0
0
0
0
0
0
0
0
0
0
0
0
0
0
0
0
0
0
0
0
0
0
0
0
0
0
0
0
0
0
0
0
0
0
0
0
0
0
0
0
0
0
0
0
0.075908
0.070468
0.0619995
0.0503915
0.0369513
0.0247871
0.0201759
0.0163381
0.00434408
0
7.11237e-16
2.02036e-14
5.77562e-15
0
0
0
0
0
0
0
0
0
0
0
0
0
0
0
0
0
0
0
0
0
0
0
0
0
0
0
0
0
0
0
0
0
0
0
0
0
0
0
0
0
0
0
0
0
0
0
0
0
0
0
0
0
0
0
0
0
0
0
0
0
0
0
0
0
0
0
0
0
0
0
0
0
0
0
0
0
0
0
0
0
0
0
0
0
0
0
0
0
0
0
0
0
0
0
0
0
0
0
0
0
0
0
0
0
0
0
0
0
0
0
0
0
0
0
0
0
0
0
0
0
0
0
0
0
0
0
0
0
0
0
0
0
0
0
0
0
0.0741829
0.0692346
0.0616666
0.0514044
0.0395521
0.0285719
0.022673
0.0180661
0.0155247
0.0128215
0.000750968
0
0
0
0
0
0
0
0
0
0
0
0
0
0
0
0
0
0
0
0
0
0
0
0
0
0
0
0
0
0
0
0
0
0
0
0
0
0
0
0
0
0
0
0
0
0
0
0
0
0
0
0
0
0
0
0
0
0
0
0
0
0
0
0
0
0
0
0
0
0
0
0
0
0
0
0
0
0
0
0
0
0
0
0
0
0
0
0
0
0
0
0
0
0
0
0
0
0
0
0
0
0
0
0
0
0
0
0
0
0
0
0
0
0
0
0
0
0
0
0
0
0
0
0
0
0
0
0
0
0
0
0
0
0
0
0
0
0
0
0.0723058
0.0678493
0.0611629
0.0521922
0.0418227
0.031934
0.0253954
0.0204394
0.0173391
0.0140303
0.0113305
0.00738622
0.00266212
6.53521e-05
2.94635e-07
7.51284e-10
3.64547e-13
0
0
0
0
0
0
0
0
0
0
0
0
0
0
0
0
0
0
0
0
0
0
0
0
0
0
0
0
0
0
0
0
0
0
0
0
0
0
0
0
0
0
0
0
0
0
0
0
0
0
0
0
0
0
0
0
0
0
0
0
0
0
0
0
0
0
0
0
0
0
0
0
0
0
0
0
0
0
0
0
0
0
0
0
0
0
0
0
0
0
0
0
0
0
0
0
0
0
0
0
0
0
0
0
0
0
0
0
0
0
0
0
0
0
0
0
0
0
0
0
0
0
0
0
0
0
0
0
0
0
0
0
0
0.07023
0.0662467
0.0603874
0.0526068
0.0435875
0.0347355
0.0280374
0.0228238
0.0190264
0.0153574
0.0117931
0.00717762
0.00277886
0.0007203
8.60859e-10
2.23041e-12
5.55654e-16
0
0
0
0
0
0
0
0
0
0
0
0
0
0
0
0
0
0
0
0
0
0
0
0
0
0
0
0
0
0
0
0
0
0
0
0
0
0
0
0
0
0
0
0
0
0
0
0
0
0
0
0
0
0
0
0
0
0
0
0
0
0
0
0
0
0
0
0
0
0
0
0
0
0
0
0
0
0
0
0
0
0
0
0
0
0
0
0
0
0
0
0
0
0
0
0
0
0
0
0
0
0
0
0
0
0
0
0
0
0
0
0
0
0
0
0
0
0
0
0
0
0
0
0
0
0
0
0
0
0
0
0
0
0.067897
0.0643575
0.0592543
0.0525433
0.0447348
0.03686
0.0303016
0.0249173
0.020532
0.0162776
0.011704
0.00656468
0.0025024
0.00061822
1.89388e-07
2.23039e-11
2.9656e-15
0
0
0
0
0
0
0
0
0
0
0
0
0
0
0
0
0
0
0
0
0
0
0
0
0
0
0
0
0
0
0
0
0
0
0
0
0
0
0
0
0
0
0
0
0
0
0
0
0
0
0
0
0
0
0
0
0
0
0
0
0
0
0
0
0
0
0
0
0
0
0
0
0
0
0
0
0
0
0
0
0
0
0
0
0
0
0
0
0
0
0
0
0
0
0
0
0
0
0
0
0
0
0
0
0
0
0
0
0
0
0
0
0
0
0
0
0
0
0
0
0
0
0
0
0
0
0
0
0
0
0
0
0
0.0652272
0.0620945
0.0576663
0.0518981
0.0451567
0.0381806
0.0319177
0.0264255
0.0214837
0.0164117
0.0108469
0.00551631
0.00209139
0.000645571
0.000234094
5.60628e-05
9.51052e-07
9.56169e-09
7.51997e-11
4.94265e-13
2.34619e-11
1.4045e-11
1.35745e-13
3.17516e-18
0
0
0
0
0
0
0
0
0
0
0
0
0
0
0
0
0
0
0
0
0
0
0
0
0
0
0
0
0
0
0
0
0
0
0
0
0
0
0
0
0
0
0
0
0
0
0
0
0
0
0
0
0
0
0
0
0
0
0
0
0
0
0
0
0
0
0
0
0
0
0
0
0
0
0
0
0
0
0
0
0
0
0
0
0
0
0
0
0
0
0
0
0
0
0
0
0
0
0
0
0
0
0
0
0
0
0
0
0
0
0
0
0
0
0
0
0
0
0
0
0
0
0
0
0
0
0.0620999
0.0593265
0.0554813
0.0505178
0.0446846
0.0384835
0.0325267
0.0268723
0.0212384
0.0151272
0.0088036
0.00389151
0.00137814
0.000440267
0.000141689
4.21484e-05
1.32338e-05
3.56206e-06
8.47293e-07
1.81058e-07
3.47882e-08
5.8972e-09
8.19468e-10
8.28524e-11
2.47059e-13
0
0
0
0
0
0
0
0
0
0
0
0
0
0
0
0
0
0
0
0
0
0
0
0
0
0
0
0
0
0
0
0
0
0
0
0
0
0
0
0
0
0
0
0
0
0
0
0
0
0
0
0
0
0
0
0
0
0
0
0
0
0
0
0
0
0
0
0
0
0
0
0
0
0
0
0
0
0
0
0
0
0
0
0
0
0
0
0
0
0
0
0
0
0
0
0
0
0
0
0
0
0
0
0
0
0
0
0
0
0
0
0
0
0
0
0
0
0
0
0
0
0
0
0
0
0.0583207
0.0558399
0.0524637
0.0481367
0.0430035
0.0373615
0.0315328
0.0254657
0.0188744
0.0118075
0.00568723
0.00212268
0.000685815
0.000211057
6.41364e-05
1.90743e-05
5.38557e-06
1.37395e-06
3.17461e-07
6.69514e-08
1.29562e-08
2.30478e-09
3.76026e-10
5.569e-11
7.95274e-12
1.56107e-13
7.33463e-16
0
0
0
0
0
0
0
0
0
0
0
0
0
0
0
0
0
0
0
0
0
0
0
0
0
0
0
0
0
0
0
0
0
0
0
0
0
0
0
0
0
0
0
0
0
0
0
0
0
0
0
0
0
0
0
0
0
0
0
0
0
0
0
0
0
0
0
0
0
0
0
0
0
0
0
0
0
0
0
0
0
0
0
0
0
0
0
0
0
0
0
0
0
0
0
0
0
0
0
0
0
0
0
0
0
0
0
0
0
0
0
0
0
0
0
0
0
0
0
0
0
0
0
0.0535774
0.0512904
0.0482268
0.044309
0.0395763
0.0341341
0.028054
0.0212204
0.0137604
0.00696731
0.00269363
0.000872361
0.000262858
7.75469e-05
2.25383e-05
6.38931e-06
1.70318e-06
4.18655e-07
9.49174e-08
1.99898e-08
3.94917e-09
7.41646e-10
1.35086e-10
2.45722e-11
4.71611e-12
1.01061e-12
2.01239e-13
3.77146e-14
6.8266e-15
1.22244e-15
1.84159e-16
0
0
0
0
0
0
0
0
0
0
0
0
0
0
0
0
0
0
0
0
0
0
0
0
0
0
0
0
0
0
0
0
0
0
0
0
0
0
0
0
0
0
0
0
0
0
0
0
0
0
0
0
0
0
0
0
0
0
0
0
0
0
0
0
0
0
0
0
0
0
0
0
0
0
0
0
0
0
0
0
0
0
0
0
0
0
0
0
0
0
0
0
0
0
0
0
0
0
0
0
0
0
0
0
0
0
0
0
0
0
0
0
0
0
0
0
0
0
0
0.0474134
0.0451771
0.0422117
0.0383978
0.0336655
0.0279646
0.0212864
0.0139281
0.00720069
0.00285656
0.000936633
0.000280275
8.10796e-05
2.31025e-05
6.45665e-06
1.74823e-06
4.47566e-07
1.07093e-07
2.39686e-08
5.05469e-09
1.01604e-09
1.97769e-10
3.80846e-11
7.44346e-12
1.50712e-12
3.03019e-13
5.78134e-14
1.04907e-14
1.81937e-15
2.9529e-16
3.17516e-18
0
0
0
0
0
0
0
0
0
0
0
0
0
0
0
0
0
0
0
0
0
0
0
0
0
0
0
0
0
0
0
0
0
0
0
0
0
0
0
0
0
0
0
0
0
0
0
0
0
0
0
0
0
0
0
0
0
0
0
0
0
0
0
0
0
0
0
0
0
0
0
0
0
0
0
0
0
0
0
0
0
0
0
0
0
0
0
0
0
0
0
0
0
0
0
0
0
0
0
0
0
0
0
0
0
0
0
0
0
0
0
0
0
0
0
0
0
0
0
0.0392592
0.0368993
0.0337848
0.0297529
0.0246862
0.0186115
0.0120203
0.00621156
0.00251645
0.00084672
0.000256872
7.42035e-05
2.09143e-05
5.78559e-06
1.56205e-06
4.07238e-07
1.00998e-07
2.36546e-08
5.23821e-09
1.10438e-09
2.24063e-10
4.43536e-11
8.70416e-12
1.71782e-12
3.41457e-13
6.60402e-14
1.2199e-14
2.14641e-15
3.49268e-16
3.17516e-18
0
0
0
0
0
0
0
0
0
0
0
0
0
0
0
0
0
0
0
0
0
0
0
0
0
0
0
0
0
0
0
0
0
0
0
0
0
0
0
0
0
0
0
0
0
0
0
0
0
0
0
0
0
0
0
0
0
0
0
0
0
0
0
0
0
0
0
0
0
0
0
0
0
0
0
0
0
0
0
0
0
0
0
0
0
0
0
0
0
0
0
0
0
0
0
0
0
0
0
0
0
0
0
0
0
0
0
0
0
0
0
0
0
0
0
0
0
0
0
0
0.0286814
0.0261034
0.0227565
0.018552
0.0136258
0.00856672
0.00439927
0.00182905
0.000641133
0.000201165
5.91802e-05
1.67565e-05
4.62172e-06
1.24498e-06
3.26109e-07
8.24131e-08
1.9911e-08
4.57835e-09
1.00336e-09
2.10804e-10
4.28328e-11
8.50453e-12
1.66704e-12
3.24692e-13
6.26206e-14
1.17672e-14
2.12736e-15
3.49268e-16
3.17516e-18
0
0
0
0
0
0
0
0
0
0
0
0
0
0
0
0
0
0
0
0
0
0
0
0
0
0
0
0
0
0
0
0
0
0
0
0
0
0
0
0
0
0
0
0
0
0
0
0
0
0
0
0
0
0
0
0
0
0
0
0
0
0
0
0
0
0
0
0
0
0
0
0
0
0
0
0
0
0
0
0
0
0
0
0
0
0
0
0
0
0
0
0
0
0
0
0
0
0
0
0
0
0
0
0
0
0
0
0
0
0
0
0
0
0
0
0
0
0
0
0
0
0.0164374
0.0140228
0.0111137
0.00791433
0.00487734
0.00252587
0.00109386
0.000405607
0.000133898
4.0818e-05
1.17941e-05
3.28214e-06
8.86921e-07
2.33198e-07
5.94909e-08
1.46469e-08
3.46068e-09
7.82613e-10
1.69624e-10
3.53972e-11
7.1589e-12
1.41335e-12
2.74074e-13
5.2368e-14
9.84301e-15
1.78762e-15
2.9529e-16
3.17516e-18
0
0
0
0
0
0
0
0
0
0
0
0
0
0
0
0
0
0
0
0
0
0
0
0
0
0
0
0
0
0
0
0
0
0
0
0
0
0
0
0
0
0
0
0
0
0
0
0
0
0
0
0
0
0
0
0
0
0
0
0
0
0
0
0
0
0
0
0
0
0
0
0
0
0
0
0
0
0
0
0
0
0
0
0
0
0
0
0
0
0
0
0
0
0
0
0
0
0
0
0
0
0
0
0
0
0
0
0
0
0
0
0
0
0
0
0
0
0
0
0
0
0
0.00632254
0.00495158
0.00350372
0.00218191
0.00117149
0.000538511
0.000214141
7.53979e-05
2.41646e-05
7.22631e-06
2.05418e-06
5.61912e-07
1.48906e-07
3.83041e-08
9.54926e-09
2.29916e-09
5.32731e-10
1.18605e-10
2.54001e-11
5.25021e-12
1.0524e-12
2.05601e-13
3.93149e-14
7.38226e-15
1.36532e-15
2.22261e-16
3.17516e-18
0
0
0
0
0
0
0
0
0
0
0
0
0
0
0
0
0
0
0
0
0
0
0
0
0
0
0
0
0
0
0
0
0
0
0
0
0
0
0
0
0
0
0
0
0
0
0
0
0
0
0
0
0
0
0
0
0
0
0
0
0
0
0
0
0
0
0
0
0
0
0
0
0
0
0
0
0
0
0
0
0
0
0
0
0
0
0
0
0
0
0
0
0
0
0
0
0
0
0
0
0
0
0
0
0
0
0
0
0
0
0
0
0
0
0
0
0
0
0
0
0
0
0
0.00159982
0.00117572
0.000768387
0.000439605
0.000218172
9.40797e-05
3.57102e-05
1.21787e-05
3.81685e-06
1.12143e-06
3.13643e-07
8.4367e-08
2.19542e-08
5.5381e-09
1.35318e-09
3.19528e-10
7.27495e-11
1.59545e-11
3.37317e-12
6.89242e-13
1.36589e-13
2.63856e-14
4.99136e-15
9.14447e-16
1.30182e-16
0
0
0
0
0
0
0
0
0
0
0
0
0
0
0
0
0
0
0
0
0
0
0
0
0
0
0
0
0
0
0
0
0
0
0
0
0
0
0
0
0
0
0
0
0
0
0
0
0
0
0
0
0
0
0
0
0
0
0
0
0
0
0
0
0
0
0
0
0
0
0
0
0
0
0
0
0
0
0
0
0
0
0
0
0
0
0
0
0
0
0
0
0
0
0
0
0
0
0
0
0
0
0
0
0
0
0
0
0
0
0
0
0
0
0
0
0
0
0
0
0
0
0
0
0
0.000302127
0.000213959
0.000133261
7.23494e-05
3.41488e-05
1.41029e-05
5.17289e-06
1.71885e-06
5.27931e-07
1.5251e-07
4.19906e-08
1.11184e-08
2.84592e-09
7.05581e-10
1.69384e-10
3.93125e-11
8.80716e-12
1.90327e-12
3.97045e-13
8.01538e-14
1.57202e-14
3.03546e-15
5.52478e-16
5.08026e-17
0
0
0
0
0
0
0
0
0
0
0
0
0
0
0
0
0
0
0
0
0
0
0
0
0
0
0
0
0
0
0
0
0
0
0
0
0
0
0
0
0
0
0
0
0
0
0
0
0
0
0
0
0
0
0
0
0
0
0
0
0
0
0
0
0
0
0
0
0
0
0
0
0
0
0
0
0
0
0
0
0
0
0
0
0
0
0
0
0
0
0
0
0
0
0
0
0
0
0
0
0
0
0
0
0
0
0
0
0
0
0
0
0
0
0
0
0
0
0
0
0
0
0
0
0
0
4.6759e-05
3.22546e-05
1.93853e-05
1.01089e-05
4.58513e-06
1.82785e-06
6.5129e-07
2.11501e-07
6.37743e-08
1.81362e-08
4.92171e-09
1.28472e-09
3.24043e-10
7.912e-11
1.86982e-11
4.2723e-12
9.42719e-13
2.00835e-13
4.13724e-14
8.26495e-15
1.60981e-15
2.9529e-16
3.17516e-18
0
0
0
0
0
0
0
0
0
0
0
0
0
0
0
0
0
0
0
0
0
0
0
0
0
0
0
0
0
0
0
0
0
0
0
0
0
0
0
0
0
0
0
0
0
0
0
0
0
0
0
0
0
0
0
0
0
0
0
0
0
0
0
0
0
0
0
0
0
0
0
0
0
0
0
0
0
0
0
0
0
0
0
0
0
0
0
0
0
0
0
0
0
0
0
0
0
0
0
0
0
0
0
0
0
0
0
0
0
0
0
0
0
0
0
0
0
0
0
0
0
0
0
0
0
0
0
6.09882e-06
4.11063e-06
2.39468e-06
1.20577e-06
5.28394e-07
2.0431e-07
7.09854e-08
2.25902e-08
6.70063e-09
1.87897e-09
5.03396e-10
1.29756e-10
3.2307e-11
7.78187e-12
1.81322e-12
4.08396e-13
8.88538e-14
1.87049e-14
3.83242e-15
7.52514e-16
9.84301e-17
0
0
0
0
0
0
0
0
0
0
0
0
0
0
0
0
0
0
0
0
0
0
0
0
0
0
0
0
0
0
0
0
0
0
0
0
0
0
0
0
0
0
0
0
0
0
0
0
0
0
0
0
0
0
0
0
0
0
0
0
0
0
0
0
0
0
0
0
0
0
0
0
0
0
0
0
0
0
0
0
0
0
0
0
0
0
0
0
0
0
0
0
0
0
0
0
0
0
0
0
0
0
0
0
0
0
0
0
0
0
0
0
0
0
0
0
0
0
0
0
0
0
0
0
0
0
0
0
0
6.71531e-07
4.42861e-07
2.50725e-07
1.22342e-07
5.20121e-08
1.95843e-08
6.65739e-09
2.08188e-09
6.08812e-10
1.68669e-10
4.46905e-11
1.13942e-11
2.80476e-12
6.67442e-13
1.53567e-13
3.4187e-14
7.3759e-15
1.5209e-15
2.79414e-16
3.17516e-18
0
0
0
0
0
0
0
0
0
0
0
0
0
0
0
0
0
0
0
0
0
0
0
0
0
0
0
0
0
0
0
0
0
0
0
0
0
0
0
0
0
0
0
0
0
0
0
0
0
0
0
0
0
0
0
0
0
0
0
0
0
0
0
0
0
0
0
0
0
0
0
0
0
0
0
0
0
0
0
0
0
0
0
0
0
0
0
0
0
0
0
0
0
0
0
0
0
0
0
0
0
0
0
0
0
0
0
0
0
0
0
0
0
0
0
0
0
0
0
0
0
0
0
0
0
0
0
0
0
0
6.20437e-08
4.00785e-08
2.20996e-08
1.04832e-08
4.33966e-09
1.597e-09
5.32868e-10
1.64198e-10
4.74508e-11
1.30143e-11
3.41628e-12
8.62895e-13
2.10339e-13
4.95643e-14
1.13163e-14
2.48933e-15
5.11201e-16
5.08026e-17
0
0
0
0
0
0
0
0
0
0
0
0
0
0
0
0
0
0
0
0
0
0
0
0
0
0
0
0
0
0
0
0
0
0
0
0
0
0
0
0
0
0
0
0
0
0
0
0
0
0
0
0
0
0
0
0
0
0
0
0
0
0
0
0
0
0
0
0
0
0
0
0
0
0
0
0
0
0
0
0
0
0
0
0
0
0
0
0
0
0
0
0
0
0
0
0
0
0
0
0
0
0
0
0
0
0
0
0
0
0
0
0
0
0
0
0
0
0
0
0
0
0
0
0
0
0
0
0
0
0
0
0
4.75976e-09
3.01494e-09
1.62254e-09
7.50456e-10
3.03531e-10
1.09542e-10
3.59893e-11
1.09572e-11
3.13647e-12
8.53332e-13
2.22334e-13
5.57305e-14
1.34817e-14
3.16881e-15
7.01711e-16
1.14306e-16
3.17516e-18
0
0
0
0
0
0
0
0
0
0
0
0
0
0
0
0
0
0
0
0
0
0
0
0
0
0
0
0
0
0
0
0
0
0
0
0
0
0
0
0
0
0
0
0
0
0
0
0
0
0
0
0
0
0
0
0
0
0
0
0
0
0
0
0
0
0
0
0
0
0
0
0
0
0
0
0
0
0
0
0
0
0
0
0
0
0
0
0
0
0
0
0
0
0
0
0
0
0
0
0
0
0
0
0
0
0
0
0
0
0
0
0
0
0
0
0
0
0
0
0
0
0
0
0
0
0
0
0
0
0
0
0
0
2.98471e-10
1.85592e-10
9.76806e-11
4.41779e-11
1.75156e-11
6.21966e-12
2.01814e-12
6.08736e-13
1.73018e-13
4.67987e-14
1.21101e-14
3.01006e-15
7.20762e-16
1.30182e-16
3.17516e-18
0
0
0
0
0
0
0
0
0
0
0
0
0
0
0
0
0
0
0
0
0
0
0
0
0
0
0
0
0
0
0
0
0
0
0
0
0
0
0
0
0
0
0
0
0
0
0
0
0
0
0
0
0
0
0
0
0
0
0
0
0
0
0
0
0
0
0
0
0
0
0
0
0
0
0
0
0
0
0
0
0
0
0
0
0
0
0
0
0
0
0
0
0
0
0
0
0
0
0
0
0
0
0
0
0
0
0
0
0
0
0
0
0
0
0
0
0
0
0
0
0
0
0
0
0
0
0
0
0
0
0
0
0
0
0
1.49436e-11
9.13245e-12
4.71069e-12
2.08924e-12
8.14636e-13
2.85565e-13
9.18035e-14
2.75382e-14
7.7982e-15
2.10831e-15
5.20727e-16
8.57294e-17
3.17516e-18
0
0
0
0
0
0
0
0
0
0
0
0
0
0
0
0
0
0
0
0
0
0
0
0
0
0
0
0
0
0
0
0
0
0
0
0
0
0
0
0
0
0
0
0
0
0
0
0
0
0
0
0
0
0
0
0
0
0
0
0
0
0
0
0
0
0
0
0
0
0
0
0
0
0
0
0
0
0
0
0
0
0
0
0
0
0
0
0
0
0
0
0
0
0
0
0
0
0
0
0
0
0
0
0
0
0
0
0
0
0
0
0
0
0
0
0
0
0
0
0
0
0
0
0
0
0
0
0
0
0
0
0
0
0
0
0
0
5.76149e-13
3.46569e-13
1.75593e-13
7.65945e-14
2.95195e-14
1.02336e-14
3.25772e-15
9.55724e-16
2.38137e-16
3.17516e-18
0
0
0
0
0
0
0
0
0
0
0
0
0
0
0
0
0
0
0
0
0
0
0
0
0
0
0
0
0
0
0
0
0
0
0
0
0
0
0
0
0
0
0
0
0
0
0
0
0
0
0
0
0
0
0
0
0
0
0
0
0
0
0
0
0
0
0
0
0
0
0
0
0
0
0
0
0
0
0
0
0
0
0
0
0
0
0
0
0
0
0
0
0
0
0
0
0
0
0
0
0
0
0
0
0
0
0
0
0
0
0
0
0
0
0
0
0
0
0
0
0
0
0
0
0
0
0
0
0
0
0
0
0
0
0
0
0
0
0
0
1.61679e-14
9.58264e-15
4.78815e-15
2.05433e-15
7.65214e-16
2.34962e-16
9.52549e-18
0
0
0
0
0
0
0
0
0
0
0
0
0
0
0
0
0
0
0
0
0
0
0
0
0
0
0
0
0
0
0
0
0
0
0
0
0
0
0
0
0
0
0
0
0
0
0
0
0
0
0
0
0
0
0
0
0
0
0
0
0
0
0
0
0
0
0
0
0
0
0
0
0
0
0
0
0
0
0
0
0
0
0
0
0
0
0
0
0
0
0
0
0
0
0
0
0
0
0
0
0
0
0
0
0
0
0
0
0
0
0
0
0
0
0
0
0
0
0
0
0
0
0
0
0
0
0
0
0
0
0
0
0
0
0
0
0
0
0
0
0
0
0
2.57188e-16
1.20656e-16
9.52549e-18
3.17516e-18
0
0
0
0
0
0
0
0
0
0
0
0
0
0
0
0
0
0
0
0
0
0
0
0
0
0
0
0
0
0
0
0
0
0
0
0
0
0
0
0
0
0
0
0
0
0
0
0
0
0
0
0
0
0
0
0
0
0
0
0
0
0
0
0
0
0
0
0
0
0
0
0
0
0
0
0
0
0
0
0
0
0
0
0
0
0
0
0
0
0
0
0
0
0
0
0
0
0
0
0
0
0
0
0
0
0
0
0
0
0
0
0
0
0
0
0
0
0
0
0
0
0
0
0
0
0
0
0
0
0
0
0
0
0
0
0
0
0
0
0
0
0
0
0
0
0
0
0
0
0
0
0
0
0
0
0
0
0
0
0
0
0
0
0
0
0
0
0
0
0
0
0
0
0
0
0
0
0
0
0
0
0
0
0
0
0
0
0
0
0
0
0
0
0
0
0
0
0
0
0
0
0
0
0
0
0
0
0
0
0
0
0
0
0
0
0
0
0
0
0
0
0
0
0
0
0
0
0
0
0
0
0
0
0
0
0
0
0
0
0
0
0
0
0
0
0
0
0
0
0
0
0
0
0
0
0
0
0
0
0
0
0
0
0
0
0
0
0
0
0
0
0
0
0
0
0
0
0
0
0
0
0
0
0
0
0
0
0
0
0
0
0
0
0
0
0
)
;

boundaryField
{
    left
    {
        type            fixedValue;
        value           uniform 0;
    }
    right
    {
        type            fixedValue;
        value           uniform 0;
    }
    up
    {
        type            fixedValue;
        value           uniform 0;
    }
    down
    {
        type            fixedValue;
        value           uniform 0;
    }
    front
    {
        type            fixedValue;
        value           uniform 0;
    }
    back
    {
        type            fixedValue;
        value           uniform 0;
    }
}


// ************************************************************************* //
