/*--------------------------------*- C++ -*----------------------------------*\
| =========                 |                                                 |
| \\      /  F ield         | OpenFOAM: The Open Source CFD Toolbox           |
|  \\    /   O peration     | Version:  2.1.0                                 |
|   \\  /    A nd           | Web:      www.OpenFOAM.org                      |
|    \\/     M anipulation  |                                                 |
\*---------------------------------------------------------------------------*/
FoamFile
{
    version     2.0;
    format      ascii;
    class       volScalarField;
    location    "64240";
    object      kr_w;
}
// * * * * * * * * * * * * * * * * * * * * * * * * * * * * * * * * * * * * * //

dimensions      [0 0 0 0 0 0 0];

internalField   nonuniform List<scalar> 
15000
(
0.5625
0.562484
0.562464
0.562457
0.562356
0.561478
0.557938
0.549883
0.537332
0.521828
0.505058
0.488163
0.471753
0.456119
0.441371
0.427528
0.414569
0.402451
0.391119
0.38052
0.3706
0.361306
0.352586
0.344396
0.336689
0.329425
0.322566
0.316076
0.309924
0.304081
0.298519
0.293214
0.288143
0.283289
0.278629
0.27415
0.269835
0.26567
0.261642
0.257741
0.253954
0.250273
0.246688
0.24319
0.239772
0.236429
0.233156
0.229948
0.226803
0.223718
0.220691
0.217722
0.214809
0.211952
0.209152
0.206407
0.203718
0.201087
0.198513
0.195996
0.193537
0.191135
0.188789
0.1865
0.184265
0.182084
0.179954
0.177873
0.175841
0.173854
0.171912
0.170011
0.168151
0.166329
0.164544
0.162793
0.161077
0.159392
0.157738
0.156113
0.154517
0.152948
0.151405
0.149888
0.148396
0.146928
0.145485
0.144066
0.14267
0.141299
0.139952
0.138629
0.137331
0.136058
0.13481
0.133589
0.132394
0.131227
0.130088
0.128978
0.127897
0.126846
0.125826
0.124837
0.12388
0.122956
0.122065
0.121208
0.120384
0.119593
0.118835
0.118109
0.117415
0.116751
0.116115
0.115507
0.114924
0.114366
0.11383
0.113315
0.112814
0.112324
0.111833
0.111332
0.110807
0.110245
0.109642
0.109014
0.108419
0.107926
0.107549
0.107271
0.107067
0.106863
0.106657
0.106447
0.106231
0.106007
0.105773
0.105527
0.105266
0.104982
0.104668
0.104312
0.103896
0.103395
0.102765
0.101921
0.100655
0.0981484
0.562484
0.562454
0.562438
0.562438
0.562251
0.560919
0.556399
0.54722
0.533894
0.518075
0.501306
0.484571
0.468385
0.452988
0.438467
0.424831
0.412056
0.400099
0.388911
0.378438
0.368629
0.359434
0.350804
0.342693
0.33506
0.327862
0.321065
0.314633
0.308533
0.30274
0.297225
0.291965
0.286937
0.282121
0.2775
0.273057
0.268776
0.264644
0.260649
0.256778
0.253022
0.249369
0.24581
0.242338
0.238945
0.235624
0.232372
0.229185
0.226059
0.222992
0.219982
0.217028
0.214129
0.211285
0.208495
0.20576
0.203081
0.200458
0.197892
0.195382
0.192929
0.190534
0.188195
0.185911
0.183682
0.181506
0.179382
0.177306
0.17528
0.173298
0.171361
0.169465
0.16761
0.165794
0.164014
0.162269
0.160558
0.158879
0.15723
0.15561
0.154018
0.152454
0.150915
0.149402
0.147914
0.146449
0.145009
0.143591
0.142198
0.140827
0.139481
0.138158
0.136859
0.135584
0.134334
0.133109
0.13191
0.130737
0.129591
0.128472
0.12738
0.126316
0.125281
0.124274
0.123296
0.122346
0.121425
0.120532
0.119667
0.118827
0.118013
0.117221
0.116449
0.115695
0.114957
0.114232
0.11352
0.11282
0.112131
0.111453
0.110777
0.110089
0.109364
0.108568
0.107657
0.106583
0.105314
0.103886
0.102507
0.101507
0.100856
0.100472
0.100279
0.100158
0.100103
0.100101
0.100123
0.100156
0.100208
0.100294
0.100421
0.100578
0.100744
0.100892
0.100988
0.100995
0.100863
0.100505
0.0997137
0.0976719
0.562464
0.562437
0.562423
0.562386
0.56189
0.559548
0.553401
0.542734
0.52858
0.512552
0.495943
0.47953
0.463712
0.448673
0.434479
0.421136
0.408618
0.396887
0.385897
0.375599
0.365945
0.356889
0.348384
0.340387
0.332857
0.325756
0.319047
0.312698
0.306677
0.300957
0.295511
0.290315
0.285349
0.280593
0.276028
0.271639
0.26741
0.263329
0.259382
0.255558
0.251845
0.248234
0.244715
0.24128
0.237922
0.234635
0.231414
0.228255
0.225156
0.222113
0.219125
0.216191
0.21331
0.210482
0.207706
0.204984
0.202317
0.199704
0.197147
0.194646
0.192201
0.189813
0.187481
0.185205
0.182983
0.180814
0.178697
0.176629
0.17461
0.172636
0.170706
0.168819
0.166972
0.165164
0.163392
0.161655
0.159951
0.158279
0.156638
0.155025
0.15344
0.151883
0.15035
0.148843
0.147359
0.145899
0.144462
0.143048
0.141657
0.140288
0.138942
0.137619
0.136319
0.135043
0.133789
0.132559
0.131354
0.130173
0.129016
0.127884
0.126777
0.125696
0.124639
0.123608
0.122601
0.121617
0.120656
0.119716
0.118796
0.117891
0.117
0.116119
0.115241
0.114363
0.113479
0.112584
0.111675
0.110753
0.109821
0.108886
0.107939
0.106956
0.10589
0.104669
0.103201
0.101376
0.0990982
0.0963736
0.0937421
0.0922579
0.0914279
0.0909968
0.0908286
0.0908496
0.0910629
0.0914434
0.0918743
0.0923187
0.0928107
0.0934035
0.0941241
0.0949484
0.0958297
0.0967073
0.097519
0.0982078
0.0987136
0.0989472
0.0987037
0.0971674
0.562456
0.562435
0.562387
0.562113
0.560746
0.556612
0.548364
0.536196
0.521416
0.505409
0.489148
0.473207
0.457879
0.443298
0.429517
0.416537
0.404338
0.392885
0.382139
0.372057
0.362596
0.353712
0.345363
0.337509
0.330111
0.323132
0.316537
0.310295
0.304374
0.298748
0.293392
0.288282
0.283398
0.278719
0.274228
0.26991
0.26575
0.261734
0.25785
0.254086
0.250432
0.246876
0.243409
0.240024
0.236712
0.233469
0.230288
0.227166
0.224101
0.221089
0.218129
0.215219
0.21236
0.209551
0.206793
0.204086
0.201432
0.198831
0.196284
0.193792
0.191357
0.188977
0.186654
0.184385
0.182172
0.180012
0.177905
0.175847
0.173837
0.171873
0.169953
0.168075
0.166239
0.16444
0.162679
0.160952
0.159259
0.157597
0.155965
0.154361
0.152785
0.151235
0.14971
0.14821
0.146732
0.145278
0.143845
0.142435
0.141046
0.139679
0.138334
0.137011
0.13571
0.13443
0.133172
0.131936
0.130722
0.12953
0.128361
0.127214
0.126089
0.124985
0.123903
0.122841
0.121799
0.120774
0.119764
0.118767
0.117779
0.116795
0.11581
0.114815
0.113802
0.112761
0.111678
0.110541
0.109339
0.10807
0.106748
0.105418
0.104091
0.102731
0.101258
0.0995586
0.0974806
0.0948373
0.0914445
0.0871144
0.0830451
0.081753
0.0810908
0.08075
0.080614
0.0807557
0.0812355
0.0820886
0.0829617
0.0837785
0.0846462
0.0857058
0.0870392
0.0885949
0.0902917
0.0920235
0.0936801
0.0951683
0.0964087
0.0973056
0.0976552
0.0966452
0.562366
0.562265
0.561925
0.560798
0.557644
0.55111
0.540818
0.527558
0.512556
0.496853
0.481129
0.465789
0.451044
0.436997
0.423688
0.411124
0.399288
0.388154
0.377688
0.367855
0.358615
0.349932
0.341766
0.33408
0.326838
0.320004
0.313546
0.307432
0.301633
0.296123
0.290876
0.28587
0.281084
0.2765
0.272101
0.26787
0.263794
0.25986
0.256055
0.252367
0.248784
0.245296
0.241895
0.23857
0.235316
0.232126
0.228996
0.22592
0.222896
0.219921
0.216995
0.214115
0.211281
0.208495
0.205756
0.203067
0.200427
0.197838
0.195303
0.192821
0.190395
0.188025
0.185711
0.183452
0.181249
0.179099
0.177001
0.174954
0.172956
0.171004
0.169097
0.167233
0.165409
0.163623
0.161873
0.160158
0.158477
0.156827
0.155207
0.153614
0.152049
0.150509
0.148994
0.147502
0.146032
0.144584
0.143157
0.141752
0.140366
0.139002
0.137658
0.136334
0.135031
0.133748
0.132484
0.13124
0.130017
0.128813
0.127628
0.126463
0.125317
0.124188
0.123077
0.12198
0.120897
0.119824
0.118758
0.117694
0.116627
0.11555
0.114452
0.113322
0.112143
0.110893
0.109546
0.10807
0.106431
0.104608
0.102647
0.100749
0.0989674
0.0972334
0.0954185
0.0933581
0.09085
0.0876503
0.083501
0.0777438
0.0731206
0.0729484
0.0724934
0.0722908
0.0721632
0.0722737
0.0727887
0.0740769
0.0752459
0.0761462
0.0770611
0.0782827
0.0800224
0.08217
0.0846055
0.0871903
0.0897302
0.0920637
0.0940755
0.0956584
0.0966087
0.0961183
0.561593
0.561073
0.559772
0.556892
0.551344
0.542551
0.530848
0.517128
0.502331
0.487178
0.472132
0.457478
0.443375
0.429905
0.417107
0.40499
0.393547
0.382757
0.372597
0.363035
0.35404
0.345579
0.337616
0.330119
0.323052
0.316385
0.310083
0.304118
0.29846
0.293085
0.287966
0.283081
0.278412
0.273939
0.269647
0.265519
0.261544
0.257706
0.253993
0.250394
0.246897
0.243492
0.240168
0.236917
0.233732
0.230607
0.227537
0.224516
0.221541
0.218611
0.215724
0.212879
0.210076
0.207315
0.204599
0.201928
0.199303
0.196728
0.194204
0.191733
0.189317
0.186955
0.18465
0.182402
0.180209
0.178071
0.175986
0.173952
0.171967
0.170029
0.168137
0.166287
0.164478
0.162707
0.160973
0.159273
0.157606
0.15597
0.154364
0.152785
0.151232
0.149705
0.1482
0.146719
0.145258
0.143819
0.142399
0.140998
0.139617
0.138255
0.136912
0.135588
0.134283
0.132996
0.131726
0.130474
0.129239
0.128021
0.12682
0.125635
0.124465
0.123309
0.122164
0.121028
0.1199
0.118773
0.117644
0.116507
0.115351
0.114168
0.112942
0.111653
0.110273
0.108764
0.107074
0.105132
0.102854
0.100155
0.0971349
0.0945421
0.0923828
0.0904562
0.0885438
0.0864329
0.0839004
0.0806982
0.0765733
0.0701341
0.0676827
0.0628214
0.0586114
0.0546991
0.0528893
0.0549472
0.0602263
0.0711461
0.0718878
0.0721897
0.0725297
0.0732295
0.0747597
0.0769485
0.0796333
0.0828078
0.086091
0.0891797
0.0918947
0.094109
0.0956142
0.0956021
0.558468
0.557016
0.554128
0.549148
0.541519
0.531283
0.518992
0.505385
0.491116
0.476675
0.462387
0.448459
0.435021
0.422147
0.409875
0.39822
0.387183
0.376752
0.366911
0.357635
0.348899
0.340674
0.33293
0.325638
0.318764
0.312278
0.306152
0.300353
0.294856
0.289631
0.284658
0.279912
0.275376
0.27103
0.26686
0.262851
0.258989
0.255262
0.251658
0.248163
0.244766
0.241457
0.238224
0.235061
0.231958
0.228909
0.225909
0.222953
0.220037
0.21716
0.214319
0.211513
0.208744
0.206013
0.20332
0.200669
0.198061
0.195499
0.192987
0.190525
0.188118
0.185766
0.18347
0.181232
0.17905
0.176924
0.174852
0.172833
0.170864
0.168944
0.167069
0.165237
0.163445
0.161692
0.159974
0.158291
0.156641
0.155021
0.153431
0.151868
0.150331
0.148818
0.147328
0.145858
0.144409
0.142979
0.141568
0.140174
0.138798
0.137439
0.136097
0.134772
0.133465
0.132173
0.130897
0.129636
0.12839
0.127158
0.125939
0.124732
0.123536
0.122349
0.121169
0.119991
0.118813
0.117629
0.116432
0.115213
0.113961
0.112661
0.11129
0.109818
0.108202
0.10638
0.104261
0.101716
0.098559
0.0945335
0.0897755
0.0866543
0.0844674
0.0827046
0.0810451
0.0792603
0.0771547
0.0745392
0.0712415
0.0648347
0.0501251
0.00391815
0.000232867
6.16687e-06
0.00143975
0.0314195
0.0307445
0.0291569
0.0326813
0.0371589
0.0458758
0.0563907
0.07172
0.0736074
0.0758715
0.079387
0.0832034
0.086829
0.0900594
0.0927627
0.0947206
0.0951116
0.551284
0.548709
0.544297
0.537736
0.528923
0.518153
0.505939
0.492827
0.479268
0.465612
0.4521
0.438899
0.42612
0.413834
0.402082
0.390888
0.380258
0.370189
0.36067
0.351685
0.343214
0.335234
0.327718
0.32064
0.313972
0.307683
0.301746
0.296131
0.29081
0.285756
0.280945
0.276355
0.271966
0.267762
0.263728
0.259851
0.256119
0.252517
0.249035
0.245659
0.242378
0.239179
0.236054
0.232992
0.229985
0.227026
0.224109
0.221229
0.218382
0.215565
0.212777
0.210017
0.207287
0.204587
0.201921
0.19929
0.196699
0.19415
0.191648
0.189196
0.186796
0.184452
0.182165
0.179936
0.177765
0.175652
0.173596
0.171594
0.169643
0.167741
0.165886
0.164074
0.162302
0.160568
0.158871
0.157208
0.155577
0.153976
0.152405
0.150861
0.149342
0.147846
0.146372
0.144918
0.143482
0.142064
0.140662
0.139277
0.137907
0.136552
0.135212
0.133888
0.132579
0.131283
0.13
0.128729
0.127471
0.126223
0.124985
0.123755
0.122532
0.121313
0.120095
0.118873
0.117643
0.116397
0.115127
0.113822
0.112465
0.111036
0.109504
0.107826
0.105941
0.103756
0.101135
0.0978745
0.0936422
0.0878191
0.0804237
0.0775564
0.0758404
0.0745638
0.0734004
0.0721767
0.0707752
0.0690756
0.0669505
0.0601998
0.042864
0.0155499
0.00113547
4.62493e-05
1.51371e-05
0.000902666
0.0011853
0.00138433
0.002009
0.00246846
0.0289857
0.0334499
0.0534716
0.064951
0.0749447
0.078217
0.0817254
0.0853153
0.088712
0.0916885
0.093959
0.0946568
0.539964
0.536546
0.531194
0.523871
0.514706
0.504041
0.492289
0.479855
0.467071
0.4542
0.44144
0.428934
0.416783
0.405059
0.393807
0.383056
0.372821
0.363104
0.353903
0.345206
0.336998
0.329262
0.321977
0.315119
0.308664
0.302584
0.296851
0.291435
0.286307
0.28144
0.276807
0.272387
0.268161
0.264113
0.260229
0.256499
0.252909
0.249448
0.246104
0.242863
0.239714
0.236643
0.233641
0.230698
0.227803
0.224949
0.222129
0.219337
0.21657
0.213823
0.211097
0.20839
0.205703
0.203038
0.2004
0.197791
0.195215
0.192679
0.190186
0.18774
0.185347
0.183008
0.180727
0.178506
0.176346
0.174246
0.172206
0.170223
0.168294
0.166414
0.164582
0.162793
0.161044
0.159333
0.157657
0.156016
0.154407
0.152829
0.151279
0.149756
0.148258
0.146783
0.145328
0.143892
0.142473
0.141069
0.13968
0.138305
0.136942
0.135593
0.134256
0.132931
0.131621
0.130322
0.129032
0.127752
0.126481
0.125217
0.12396
0.122706
0.121455
0.120202
0.118944
0.117675
0.11639
0.115079
0.113732
0.112334
0.110865
0.109295
0.107587
0.105683
0.103499
0.100917
0.0977576
0.0937517
0.088413
0.0806426
0.0703107
0.0683484
0.0669466
0.0661036
0.0654287
0.0648668
0.0644074
0.0638672
0.0631527
0.0542187
0.0311122
0.00766074
0.000603324
2.60116e-05
9.6711e-07
2.39619e-05
3.98798e-05
5.69767e-05
9.02373e-05
0.000102651
0.00223831
0.00266799
0.00815697
0.0619198
0.07475
0.0777604
0.0809841
0.0844023
0.0877847
0.0908736
0.0933307
0.0942402
0.525865
0.522028
0.516323
0.508863
0.499855
0.489617
0.478483
0.466768
0.454736
0.442602
0.430536
0.418669
0.407097
0.395894
0.385108
0.374774
0.36491
0.355527
0.346626
0.338203
0.330248
0.322749
0.31569
0.309052
0.302813
0.296948
0.29143
0.286228
0.281312
0.27665
0.272215
0.267981
0.263932
0.260054
0.256333
0.252761
0.249328
0.246023
0.242833
0.239745
0.236746
0.233823
0.230964
0.228157
0.225393
0.222661
0.219955
0.217268
0.214594
0.21193
0.209274
0.206627
0.203989
0.201363
0.198754
0.196167
0.193607
0.191081
0.188594
0.186152
0.183761
0.181424
0.179147
0.176932
0.174782
0.172696
0.170672
0.16871
0.166804
0.16495
0.163144
0.161381
0.159658
0.157973
0.156322
0.154706
0.153122
0.151568
0.150044
0.148547
0.147074
0.145623
0.144191
0.142777
0.141377
0.139991
0.138616
0.137253
0.1359
0.134557
0.133224
0.131901
0.130588
0.129286
0.12799
0.126701
0.125417
0.124137
0.122859
0.121581
0.1203
0.119012
0.117712
0.116395
0.115052
0.113673
0.112244
0.110747
0.109156
0.107436
0.105537
0.103387
0.100887
0.0978958
0.0942117
0.0895324
0.0832864
0.074134
0.0632558
0.0491748
0.0399582
0.0316428
0.0207091
0.00999416
0.00763583
0.013892
0.0372768
0.0349795
0.0151568
0.00104248
5.89672e-05
2.46749e-06
8.04225e-08
6.38683e-07
1.28763e-06
2.1595e-06
3.42859e-06
3.77614e-06
9.6883e-05
0.000125917
0.000682057
0.0715338
0.0747954
0.0775134
0.0806601
0.0838644
0.0871558
0.0902636
0.092816
0.0938581
0.510566
0.506616
0.500921
0.493645
0.485014
0.475309
0.464807
0.453767
0.442413
0.430933
0.419482
0.408182
0.397127
0.386392
0.376026
0.36607
0.356546
0.347468
0.338842
0.330671
0.322948
0.315669
0.308821
0.302392
0.296366
0.290719
0.285427
0.280456
0.275771
0.271334
0.267115
0.263087
0.25923
0.255532
0.251986
0.248585
0.245322
0.242187
0.23917
0.236257
0.233432
0.23068
0.227987
0.22534
0.222728
0.220141
0.217569
0.215004
0.212441
0.209875
0.207302
0.204723
0.202141
0.199558
0.196981
0.194416
0.19187
0.189351
0.186866
0.184423
0.18203
0.179691
0.177412
0.175199
0.173045
0.17096
0.168949
0.167011
0.165134
0.163311
0.161537
0.159805
0.158112
0.156456
0.154834
0.153246
0.15169
0.150166
0.148671
0.147203
0.14576
0.144339
0.142936
0.141548
0.140174
0.138809
0.137454
0.136106
0.134765
0.133431
0.132104
0.130784
0.12947
0.128166
0.126865
0.125567
0.12427
0.122974
0.121675
0.120371
0.119059
0.117734
0.116391
0.115022
0.113619
0.112168
0.110652
0.109049
0.107328
0.105446
0.103342
0.100936
0.0981154
0.0947303
0.090572
0.0853282
0.0783578
0.0681708
0.0582904
0.0328351
0.00944403
0.000322013
4.33035e-06
4.0999e-05
0.000701367
0.00106952
0.000442397
0.00391795
0.00162668
0.000135357
6.82654e-06
2.57424e-07
7.84075e-09
1.79253e-08
4.39929e-08
8.29809e-08
1.17622e-07
1.11626e-07
2.59459e-06
2.77279e-06
0.0074833
0.0718797
0.0747672
0.0773163
0.0803675
0.083504
0.0867081
0.0897961
0.092387
0.0935031
0.495179
0.49128
0.485754
0.478776
0.470565
0.46137
0.451429
0.440971
0.430194
0.419267
0.408338
0.397522
0.386912
0.376583
0.366585
0.35696
0.347732
0.338921
0.330535
0.322581
0.315058
0.307968
0.301305
0.295064
0.289235
0.283802
0.278742
0.274017
0.269587
0.265405
0.261429
0.257626
0.253977
0.250473
0.247111
0.243891
0.240811
0.237866
0.235044
0.23233
0.229707
0.227154
0.224657
0.222198
0.219767
0.217351
0.21494
0.212524
0.210094
0.207643
0.205169
0.202671
0.200152
0.197617
0.195074
0.192531
0.189996
0.187481
0.184994
0.182543
0.180139
0.177789
0.1755
0.17326
0.17109
0.169
0.166993
0.165073
0.163229
0.161443
0.159707
0.158013
0.156356
0.154734
0.153145
0.151589
0.150067
0.148577
0.147117
0.145687
0.144282
0.142899
0.141532
0.140179
0.138836
0.1375
0.136169
0.134841
0.133516
0.132194
0.130875
0.12956
0.128247
0.126942
0.125638
0.124333
0.123024
0.121711
0.120391
0.119061
0.117718
0.116355
0.114967
0.113544
0.112076
0.110547
0.108938
0.10722
0.105358
0.103302
0.100986
0.0983224
0.0951981
0.0914621
0.0869091
0.0812197
0.0736462
0.0625595
0.0547667
0.0170736
0.00031022
4.07159e-06
5.4429e-08
8.36329e-08
8.75085e-06
2.57526e-05
2.11721e-05
0.000228306
0.00011443
8.08382e-06
3.97068e-07
1.54475e-08
5.13391e-10
5.27788e-10
1.72713e-09
3.58232e-09
3.68391e-09
2.77585e-09
4.69329e-08
0.000363394
0.0354406
0.0718217
0.0746549
0.0771423
0.0801026
0.0831913
0.0863661
0.0894215
0.0920179
0.0931675
0.480328
0.476542
0.471224
0.464542
0.456702
0.44793
0.438442
0.428446
0.418124
0.407639
0.397129
0.386708
0.376465
0.366472
0.356782
0.347434
0.338453
0.32986
0.321666
0.31388
0.306509
0.299558
0.293033
0.286938
0.281275
0.276038
0.271208
0.266751
0.262611
0.258722
0.255024
0.251477
0.248055
0.244755
0.241584
0.238553
0.235671
0.232936
0.230337
0.227857
0.225473
0.223159
0.220895
0.218662
0.216448
0.21424
0.212024
0.209789
0.207521
0.205212
0.202857
0.200456
0.198011
0.195531
0.193024
0.190502
0.187977
0.185459
0.182962
0.180496
0.178071
0.175699
0.173356
0.171078
0.168878
0.166769
0.164762
0.162859
0.161056
0.159317
0.157629
0.15598
0.154365
0.152781
0.151228
0.149708
0.148223
0.146772
0.145355
0.143969
0.14261
0.141274
0.139955
0.138646
0.137343
0.136043
0.134742
0.133439
0.132135
0.130829
0.129521
0.128213
0.126904
0.125594
0.124288
0.122977
0.121658
0.12033
0.11899
0.117634
0.116257
0.114854
0.113417
0.111935
0.110396
0.10878
0.107066
0.105222
0.103209
0.100973
0.0984465
0.0955442
0.0921567
0.0881422
0.0833009
0.077294
0.0691837
0.056998
0.0514112
0.00615143
0.000222997
5.55564e-06
9.43896e-08
1.56997e-09
1.0659e-07
4.89543e-07
6.67136e-07
8.07231e-06
4.12439e-06
3.00356e-07
1.49528e-08
6.08127e-10
2.24446e-11
1.47562e-11
8.71619e-11
5.2585e-10
1.17637e-08
6.00873e-07
3.84214e-05
0.00251776
0.0466382
0.0717193
0.0745284
0.0769897
0.0798856
0.0829172
0.0860527
0.0890973
0.0916882
0.0928448
0.466327
0.462661
0.457522
0.451073
0.443511
0.435045
0.425878
0.416207
0.406212
0.396049
0.385851
0.37573
0.365772
0.356043
0.346594
0.337461
0.328667
0.320232
0.312167
0.304483
0.297191
0.290303
0.283837
0.27781
0.272142
0.266937
0.262327
0.258165
0.254373
0.250854
0.247509
0.244273
0.241118
0.238044
0.235078
0.232252
0.22959
0.227102
0.224776
0.222589
0.220508
0.218498
0.21653
0.214583
0.212643
0.210697
0.208731
0.206727
0.204668
0.20254
0.200335
0.198052
0.195698
0.193281
0.190816
0.188315
0.185796
0.18327
0.180753
0.178258
0.175798
0.173359
0.170953
0.168605
0.166334
0.164168
0.162132
0.160244
0.158493
0.156817
0.155193
0.153604
0.152041
0.150502
0.14899
0.147511
0.146068
0.144664
0.143298
0.141968
0.140669
0.139395
0.138138
0.13689
0.135642
0.13439
0.13313
0.131861
0.130584
0.129299
0.128008
0.126711
0.12541
0.124103
0.122799
0.121483
0.120155
0.11881
0.117447
0.116061
0.114646
0.113196
0.1117
0.110149
0.108525
0.106811
0.10498
0.103
0.100831
0.0984209
0.0957056
0.0926061
0.0890233
0.0848281
0.0798293
0.0736685
0.065198
0.0522466
0.0273482
0.00394711
0.00010587
2.1367e-06
3.37129e-08
4.34051e-10
1.16625e-09
7.36808e-09
1.45718e-08
1.88624e-07
9.42986e-08
7.45954e-09
3.8438e-10
1.59355e-11
5.85119e-13
1.89135e-13
3.10706e-12
3.60915e-10
2.99093e-08
1.51218e-06
6.73453e-05
0.00245076
0.0554004
0.071702
0.074443
0.0768696
0.0797031
0.0826802
0.0857728
0.08879
0.0913683
0.092527
0.45331
0.44974
0.444722
0.438417
0.431013
0.422714
0.413722
0.404232
0.394424
0.384457
0.374461
0.364542
0.354783
0.345243
0.335965
0.326979
0.318303
0.30995
0.30193
0.294253
0.286932
0.279986
0.273273
0.266493
0.259925
0.253835
0.248643
0.244938
0.241785
0.238998
0.236365
0.233756
0.231113
0.228447
0.225819
0.223317
0.22101
0.218929
0.217065
0.215383
0.213829
0.212338
0.210862
0.209376
0.207868
0.20633
0.204745
0.203091
0.201343
0.199481
0.197493
0.195379
0.193149
0.190817
0.188405
0.18593
0.183414
0.180875
0.178328
0.17579
0.173275
0.170735
0.168213
0.165724
0.163295
0.160971
0.158826
0.156924
0.155247
0.153667
0.15214
0.15064
0.14915
0.14767
0.146209
0.14478
0.143391
0.142046
0.140748
0.139494
0.13828
0.137097
0.135934
0.134775
0.13361
0.13243
0.13123
0.130011
0.128774
0.127521
0.126255
0.124978
0.12369
0.122392
0.121084
0.119769
0.118434
0.117074
0.115686
0.114266
0.112806
0.111299
0.109734
0.1081
0.10638
0.104555
0.102599
0.100484
0.0981708
0.0956129
0.092753
0.0895226
0.0858344
0.081571
0.0765482
0.0703923
0.0617794
0.0489466
0.0162554
0.00263577
7.26667e-05
1.48712e-06
2.42119e-08
3.28218e-10
1.48642e-11
8.86605e-11
2.31337e-10
3.10923e-09
1.51657e-09
1.30619e-10
7.00798e-12
2.92817e-13
9.35403e-15
3.17516e-18
6.6253e-14
6.7803e-11
5.44754e-08
1.60475e-06
4.69623e-05
0.0010569
0.0684877
0.0719036
0.074422
0.0767772
0.0795398
0.082462
0.08551
0.0884945
0.0910517
0.09221
0.441317
0.437807
0.432837
0.426568
0.419187
0.410901
0.401921
0.392451
0.382683
0.37278
0.362873
0.35306
0.343415
0.333986
0.324804
0.315888
0.307245
0.298879
0.290793
0.282987
0.275471
0.267934
0.259842
0.251497
0.242834
0.23443
0.226888
0.223152
0.221057
0.219684
0.218458
0.217074
0.21538
0.213382
0.211222
0.209133
0.207328
0.205888
0.204814
0.204054
0.203498
0.202996
0.202445
0.201808
0.201083
0.200271
0.199362
0.198325
0.197119
0.19571
0.194084
0.192246
0.190217
0.188022
0.185693
0.183262
0.180755
0.178199
0.175613
0.173013
0.170385
0.167702
0.164982
0.162229
0.15946
0.156744
0.154265
0.15228
0.150718
0.149306
0.147955
0.146608
0.145237
0.143842
0.142447
0.141081
0.139762
0.1385
0.137298
0.136159
0.135076
0.134041
0.133033
0.132026
0.131
0.12994
0.128841
0.127704
0.126532
0.125332
0.124109
0.122865
0.121603
0.120324
0.119025
0.117721
0.116383
0.115008
0.113592
0.112131
0.110618
0.109044
0.1074
0.105672
0.103847
0.101908
0.0998346
0.0976022
0.0951792
0.0925261
0.0895931
0.0863198
0.0826279
0.0784075
0.0734769
0.0674483
0.05883
0.0466268
0.0086556
0.000684269
2.08604e-05
4.34837e-07
7.21163e-09
1.01428e-10
1.35265e-12
8.83045e-13
2.78827e-12
3.80956e-11
1.81743e-11
1.68606e-12
9.46421e-14
2.68936e-15
0
0
3.17516e-18
1.17563e-11
1.08565e-07
4.48533e-06
0.000144596
0.00389573
0.0689069
0.0719628
0.074358
0.0766674
0.079371
0.0822441
0.0852501
0.0882017
0.0907357
0.0918929
0.430332
0.426826
0.421819
0.41548
0.408008
0.399574
0.390373
0.380742
0.370854
0.360878
0.350945
0.341144
0.331531
0.322136
0.312972
0.30404
0.29533
0.286826
0.278513
0.270372
0.262193
0.252648
0.241959
0.230186
0.217138
0.205112
0.192938
0.188917
0.188377
0.189642
0.191
0.191811
0.191682
0.190541
0.188486
0.185339
0.184027
0.183465
0.183665
0.184568
0.185964
0.187419
0.188662
0.189625
0.190347
0.190881
0.191234
0.19136
0.191177
0.190618
0.189661
0.188323
0.186649
0.184695
0.182516
0.180167
0.177691
0.175124
0.172491
0.169809
0.167018
0.164118
0.161082
0.157872
0.154455
0.15089
0.147584
0.145447
0.14408
0.142999
0.141983
0.14092
0.13975
0.13847
0.137141
0.135838
0.1346
0.133442
0.132371
0.131395
0.130514
0.129719
0.128978
0.128236
0.127452
0.126601
0.125672
0.12467
0.123607
0.122493
0.12134
0.120155
0.118941
0.117699
0.116426
0.115123
0.113798
0.112419
0.110983
0.109485
0.107919
0.106277
0.104551
0.102731
0.100806
0.0987663
0.0966025
0.0942982
0.0918288
0.0891607
0.0862483
0.0830333
0.0794398
0.0753597
0.0706082
0.0647786
0.0561823
0.0449535
0.00467331
9.92834e-05
2.04261e-06
3.87141e-08
6.37382e-10
9.21716e-12
1.20907e-13
7.12824e-15
2.59887e-14
3.62156e-13
1.69097e-13
1.5879e-14
3.17516e-18
0
0
0
0
3.17138e-09
1.34477e-07
7.85115e-06
0.000477608
0.0244084
0.0688622
0.0718806
0.0742315
0.0765193
0.0791789
0.0820117
0.0849818
0.0879049
0.0904186
0.0915754
0.420295
0.4167
0.411525
0.404949
0.397192
0.388476
0.379007
0.369171
0.359152
0.348587
0.338471
0.328591
0.318935
0.3095
0.30027
0.291219
0.282309
0.273495
0.264721
0.255917
0.24508
0.231884
0.216044
0.200119
0.182633
0.17067
0.156792
0.154391
0.154718
0.158746
0.162536
0.165353
0.166483
0.165541
0.160992
0.154437
0.151768
0.151588
0.152832
0.155614
0.159814
0.164208
0.168057
0.171261
0.174016
0.176522
0.178854
0.180926
0.182524
0.183467
0.183688
0.18322
0.182157
0.180611
0.178689
0.176484
0.174071
0.171504
0.168818
0.166033
0.163054
0.159864
0.156391
0.152525
0.148107
0.143115
0.138328
0.136257
0.135209
0.134745
0.134294
0.133684
0.132785
0.131588
0.129989
0.128549
0.127369
0.126311
0.125383
0.124602
0.123991
0.12356
0.123264
0.122968
0.122591
0.122081
0.121423
0.120631
0.11973
0.118746
0.1177
0.116606
0.115472
0.114295
0.113073
0.111801
0.110506
0.109139
0.107694
0.106169
0.10456
0.10286
0.101064
0.0991652
0.0971623
0.0950572
0.092855
0.0905509
0.0881261
0.0855467
0.0827606
0.0797044
0.0763002
0.072437
0.0679208
0.0623068
0.0536012
0.0436003
0.0038262
0.000102208
2.12881e-06
3.81435e-08
5.93902e-10
8.15656e-12
1.01104e-13
3.17516e-18
0
6.92186e-16
3.17516e-18
0
0
0
0
0
0
2.71332e-07
3.4953e-06
0.000213145
0.00528646
0.0422913
0.0687517
0.0717401
0.07406
0.0763303
0.0789538
0.0817535
0.0846955
0.0875979
0.090099
0.0912576
0.411161
0.407377
0.401883
0.394871
0.386594
0.377338
0.367387
0.357155
0.346822
0.336208
0.325944
0.315129
0.305353
0.295802
0.286414
0.277117
0.267827
0.258443
0.24883
0.237562
0.222556
0.202572
0.180771
0.165321
0.148312
0.143195
0.13866
0.120765
0.116805
0.147585
0.149689
0.151497
0.15196
0.149973
0.142241
0.131957
0.129123
0.127287
0.127631
0.129957
0.135388
0.141554
0.146768
0.151012
0.154829
0.158699
0.162847
0.167157
0.171108
0.174168
0.176085
0.17687
0.176679
0.175706
0.174138
0.172131
0.169805
0.167243
0.164497
0.161585
0.158398
0.154898
0.15096
0.146377
0.140789
0.134193
0.128225
0.126766
0.126074
0.126477
0.126634
0.126501
0.125815
0.124465
0.121511
0.119661
0.118351
0.117334
0.116478
0.115825
0.115445
0.115431
0.115792
0.116146
0.116364
0.116337
0.11604
0.11551
0.114804
0.113974
0.11306
0.112086
0.111063
0.109989
0.108851
0.10764
0.10635
0.105018
0.103587
0.102058
0.100431
0.0987046
0.0968738
0.0949371
0.0928997
0.0907791
0.0886094
0.0863962
0.0841211
0.081743
0.0791866
0.0763747
0.0732289
0.0696396
0.0653971
0.0599761
0.0507723
0.0416662
0.00373587
0.00011329
2.54377e-06
4.68383e-08
7.34031e-10
1.00532e-11
1.23555e-13
3.17516e-18
0
0
0
0
0
0
0
0
6.02174e-06
5.41437e-05
0.000770824
0.00564825
0.0202079
0.0539699
0.0687103
0.0715974
0.0738603
0.0761003
0.0786875
0.0814593
0.0843824
0.0872758
0.0897761
0.09094
0.402874
0.398786
0.392794
0.385093
0.375988
0.365871
0.355171
0.344334
0.333539
0.322746
0.312285
0.301547
0.290822
0.280707
0.271008
0.261278
0.251329
0.240947
0.229838
0.212916
0.191474
0.164748
0.142956
0.13552
0.129028
0.0539835
0.00477493
0.00119964
0.00386073
0.00821648
0.100439
0.140122
0.141141
0.137992
0.125519
0.119037
0.0905909
0.0344402
0.0270659
0.0855758
0.126153
0.130695
0.134021
0.136548
0.139077
0.142288
0.146686
0.152393
0.15856
0.163875
0.167661
0.169834
0.170597
0.170238
0.169031
0.167206
0.164939
0.162356
0.15953
0.156477
0.153119
0.14939
0.145124
0.140008
0.133416
0.125992
0.121815
0.111574
0.105631
0.120501
0.120841
0.120997
0.120333
0.11798
0.112088
0.109102
0.107673
0.10665
0.104983
0.104306
0.104014
0.104411
0.105952
0.107388
0.108556
0.109252
0.109432
0.109208
0.108712
0.108044
0.107274
0.106444
0.105574
0.104653
0.103646
0.102532
0.101306
0.100018
0.0986337
0.0971504
0.0955695
0.0938873
0.0920966
0.0901899
0.0881668
0.086056
0.0839717
0.0819253
0.0798938
0.0778246
0.075578
0.0730621
0.0702147
0.0669498
0.0630394
0.057854
0.0479572
0.0101991
0.000563012
1.40837e-05
2.85806e-07
4.88341e-09
7.21897e-11
9.45421e-13
1.05288e-14
0
0
0
0
0
0
0
0
0
5.62975e-06
0.000103694
0.00165817
0.00922596
0.02854
0.0659216
0.0688625
0.0714682
0.073627
0.0758179
0.0783669
0.0811166
0.0840457
0.0869334
0.08944
0.0906197
0.395371
0.390853
0.384133
0.375392
0.365015
0.353599
0.341811
0.330146
0.31877
0.307679
0.296953
0.28622
0.275582
0.264321
0.253526
0.243015
0.231917
0.219755
0.202709
0.17578
0.152022
0.127647
0.120097
0.0677652
0.00600013
0.000676911
7.67972e-05
1.69965e-05
4.66774e-05
9.49074e-05
0.00153097
0.0875982
0.127311
0.123223
0.108813
0.0216697
0.000372488
0.00019536
0.00023595
0.00191608
0.095602
0.124282
0.125609
0.126077
0.126745
0.128343
0.131753
0.138063
0.146634
0.154215
0.159692
0.16304
0.164574
0.164672
0.163689
0.161923
0.159611
0.15693
0.153991
0.150809
0.147379
0.14362
0.13934
0.134074
0.12679
0.119307
0.077376
0.00194078
0.000907834
0.00420403
0.0823166
0.114499
0.114484
0.111587
0.105294
0.0685821
0.00518136
0.00788971
0.00100832
0.000105738
0.00363474
0.0715313
0.101135
0.102122
0.10315
0.103822
0.103903
0.103572
0.102996
0.102286
0.101515
0.100732
0.0999658
0.0991961
0.0983183
0.0972959
0.0961353
0.0948542
0.093521
0.0921023
0.090597
0.0889921
0.0872657
0.0853846
0.083309
0.0810496
0.0790292
0.0771789
0.0754621
0.0738151
0.071918
0.0696978
0.0671588
0.0642815
0.0607979
0.0559997
0.0459985
0.00578894
0.000273512
7.16152e-06
1.43307e-07
2.31311e-09
3.15092e-11
3.74974e-13
3.00053e-15
0
0
0
0
0
0
0
0
0
2.98496e-06
6.49369e-05
0.00181122
0.00797114
0.026162
0.0661083
0.0688011
0.071236
0.0733135
0.0754547
0.0780099
0.0807321
0.0836484
0.0865451
0.0890779
0.0902951
0.388582
0.383496
0.375754
0.36545
0.3531
0.339709
0.326391
0.313673
0.301634
0.290187
0.279214
0.268426
0.257698
0.246512
0.233807
0.221305
0.208082
0.192457
0.158627
0.125073
0.110339
0.10286
0.00999059
0.00113644
0.000137262
1.1463e-05
9.47769e-07
2.11787e-07
4.80812e-07
9.11129e-07
2.48529e-05
0.00725002
0.049524
0.102296
0.0762058
0.00524778
9.40143e-05
1.84509e-06
1.56769e-06
2.04315e-05
0.00286261
0.101046
0.0596013
0.0376683
0.0456154
0.0805621
0.108026
0.13471
0.142243
0.148871
0.154144
0.157633
0.159336
0.159494
0.158431
0.156472
0.153909
0.150984
0.147894
0.144639
0.141283
0.137772
0.133928
0.129088
0.121987
0.0421397
0.00107635
3.05104e-05
8.39979e-06
6.62573e-05
0.00182123
0.0904815
0.110265
0.10444
0.0981308
0.0564682
0.001276
0.000109399
1.28737e-05
2.00597e-06
2.92703e-05
0.000426027
0.0010144
0.068471
0.099681
0.100084
0.0996753
0.0989722
0.0981371
0.0972523
0.0963723
0.0955497
0.0948392
0.0942446
0.0934767
0.0925056
0.0913751
0.0901272
0.0888203
0.0874194
0.0859257
0.0843165
0.0825539
0.0805573
0.0781766
0.0752702
0.0733978
0.0717932
0.0704944
0.069182
0.067641
0.0658039
0.0636639
0.0613835
0.0584873
0.0542483
0.0445239
0.0042288
0.000189668
5.27068e-06
9.73438e-08
1.40763e-09
1.70811e-11
1.81041e-13
5.62004e-16
0
0
0
0
0
0
0
0
0
4.62843e-06
6.5073e-05
0.000546095
0.00172932
0.0029084
0.0658843
0.0685321
0.0708731
0.0729192
0.0750475
0.0775532
0.0802537
0.083171
0.0860983
0.0886836
0.0899653
0.382444
0.376668
0.367523
0.354828
0.339268
0.322702
0.307246
0.293259
0.280564
0.268835
0.257726
0.246874
0.235952
0.224466
0.211689
0.195129
0.177065
0.153067
0.102409
0.0900968
0.0286096
0.00327308
0.000311075
2.48901e-05
2.26923e-06
1.71772e-07
1.08444e-08
2.40486e-09
4.70187e-09
9.58103e-09
7.34009e-07
0.000142145
0.0142066
0.0890495
0.046037
0.00245764
4.73866e-05
5.75788e-07
1.64476e-08
2.27719e-07
0.0453319
0.079423
0.017016
0.00100559
0.00195845
0.0534606
0.0904587
0.132107
0.139572
0.145549
0.150345
0.153536
0.154977
0.154799
0.153276
0.150752
0.147591
0.143918
0.140667
0.137423
0.134338
0.131326
0.128164
0.124249
0.118226
0.0220146
0.000650489
1.31166e-05
2.63654e-07
1.12916e-06
4.54358e-05
0.0785883
0.0934111
0.0602389
0.0634563
0.0455012
0.00121875
1.53072e-05
2.24981e-07
2.00072e-08
1.92364e-07
2.41814e-06
5.4854e-06
0.0132014
0.0835712
0.0876592
0.088409
0.0882459
0.0877503
0.0871375
0.0865113
0.0859938
0.0858068
0.0862742
0.0861542
0.0854903
0.084523
0.0833834
0.0821432
0.0808538
0.0794923
0.0780014
0.0763445
0.0743791
0.071778
0.0680469
0.0667935
0.064872
0.0637646
0.0631776
0.0618471
0.060058
0.058134
0.056031
0.0534169
0.0498426
0.0413059
0.00300187
5.12333e-05
9.20664e-07
1.48986e-08
2.03318e-10
2.37233e-12
2.4055e-14
0
0
0
0
0
0
0
0
0
3.95114e-06
0.000263071
0.00151553
0.00590319
0.0268782
0.0512978
0.0656291
0.06814
0.0704443
0.0724435
0.0745127
0.0769655
0.0796565
0.0825939
0.0855792
0.0882498
0.0896292
0.376905
0.370409
0.359468
0.343057
0.321773
0.299331
0.280698
0.26523
0.25224
0.24069
0.229783
0.218992
0.207804
0.195607
0.181582
0.163744
0.134319
0.0865698
0.0529125
0.00360034
0.000608454
0.000125558
8.17236e-06
5.03549e-07
3.44764e-08
2.36542e-09
1.19192e-10
2.5753e-11
4.47946e-11
3.96111e-10
1.62674e-07
3.37003e-05
0.00264875
0.0679538
0.0220923
0.00028275
5.66864e-06
6.1978e-08
5.34234e-10
1.77099e-09
0.0409709
0.0606863
0.00197654
6.01102e-05
3.95542e-05
0.0313745
0.0772259
0.130663
0.137894
0.143427
0.147735
0.150415
0.151267
0.150326
0.147782
0.143994
0.139464
0.128082
0.12239
0.118064
0.115325
0.112978
0.111965
0.109713
0.106981
0.0319645
0.00122556
3.16289e-05
5.07954e-07
2.50301e-08
1.18026e-06
0.0696552
0.0850555
0.00546468
0.00343912
0.0315115
0.0136032
0.0019315
0.00010195
5.74023e-06
2.91155e-07
1.86313e-08
3.05663e-09
5.08313e-06
1.57525e-05
0.0026258
0.0114595
0.00723234
0.00823204
0.0141904
0.015492
0.016415
0.0333297
0.074117
0.0754404
0.07505
0.0742059
0.0731763
0.0720441
0.0708993
0.0697508
0.0685818
0.0673858
0.0661335
0.064757
0.0629983
0.0521032
0.014193
0.00628445
0.0542971
0.0539349
0.0525044
0.0511265
0.050455
0.0491245
0.0471339
0.0404004
0.00417064
0.000103417
1.92175e-06
2.93554e-08
3.74873e-10
4.0916e-12
3.90831e-14
0
0
0
0
0
0
0
0
0
0.00762693
0.0106688
0.0291135
0.0552804
0.061933
0.0641979
0.0655159
0.0676754
0.0699475
0.0718176
0.07382
0.0762155
0.0789111
0.0818949
0.0849733
0.087769
0.0892855
0.371935
0.364928
0.352057
0.328937
0.290673
0.243024
0.208384
0.18175
0.202703
0.198271
0.188689
0.178453
0.166977
0.153049
0.135692
0.111286
0.0796254
0.00964835
0.00116758
0.000133352
1.33922e-05
3.06088e-06
1.81851e-07
9.61913e-09
5.08613e-10
3.09096e-11
1.27412e-12
2.67958e-13
4.24056e-13
1.02701e-11
3.73123e-09
7.65349e-07
7.88363e-05
0.0603327
0.00734016
2.84485e-05
3.06519e-07
2.61889e-09
1.72445e-11
1.53004e-11
0.0317126
0.0397977
0.000242462
2.86343e-06
4.35587e-07
0.0162221
0.0797741
0.130061
0.136925
0.142
0.145724
0.147685
0.147609
0.145435
0.140403
0.132104
0.123035
0.114477
0.0701873
0.0245612
0.0196601
0.0419959
0.0931048
0.0961399
0.0990629
0.0571456
0.00321116
0.000112728
2.18088e-06
2.57808e-08
2.75241e-08
0.0609028
0.0778139
0.0103658
0.000262231
0.00863283
0.00357051
0.000711381
0.000117679
1.4669e-05
9.38196e-07
5.02336e-08
3.05588e-09
1.49585e-10
8.33906e-07
0.000105034
0.000491256
0.000317028
0.000366058
0.00063098
0.000671646
0.000661817
0.00133417
0.00338905
0.00333021
0.00312054
0.00286111
0.0025134
0.00191056
0.00557833
0.0127703
0.0052123
0.0068732
0.0105179
0.016137
0.0371622
0.0371556
0.000393743
9.20925e-05
0.00125571
0.00123795
0.000921017
0.0038197
0.0458014
0.0448649
0.0443629
0.0396121
0.00810363
0.000238568
4.72441e-06
7.14789e-08
8.78215e-10
9.13498e-12
8.31544e-14
3.17516e-18
0
0
0
0
0
0
0
0
0.0109848
0.0207209
0.039864
0.0565647
0.0612213
0.0634632
0.0648625
0.0671159
0.0691482
0.0709588
0.0729145
0.0752616
0.0779829
0.0810505
0.0842678
0.0872358
0.0889327
0.36748
0.360549
0.34768
0.324318
0.28637
0.240235
0.131859
0.108919
0.111883
0.114774
0.113296
0.10925
0.114258
0.103571
0.0937228
0.0848528
0.00684948
0.00053761
3.26239e-05
3.17477e-06
2.55295e-07
5.86949e-08
3.50843e-09
1.85842e-10
7.42491e-12
3.87364e-13
1.03288e-14
3.17516e-18
3.17516e-18
1.6288e-13
5.26424e-11
1.61048e-08
6.92987e-06
0.0550528
0.00451201
2.02013e-05
1.70165e-07
1.02617e-09
4.7046e-12
1.54554e-13
0.0226263
0.0194522
0.000172498
1.24621e-06
9.87794e-09
0.00583061
0.114928
0.130492
0.136594
0.140951
0.143705
0.144268
0.141942
0.13614
0.127494
0.0296067
0.0126798
0.0075382
0.00520654
0.00158957
0.00178834
0.0034911
0.00703772
0.0732285
0.0970344
0.07808
0.00668104
0.000303573
6.7302e-06
8.56731e-08
1.25663e-09
0.0528693
0.0708687
0.00420533
7.2099e-06
0.000238579
0.000271064
2.99517e-05
3.33599e-06
8.65885e-07
4.77482e-08
1.90798e-09
5.82876e-11
1.52398e-12
3.74074e-08
3.2197e-06
1.49805e-05
9.88682e-06
1.14744e-05
1.95178e-05
2.0374e-05
1.9325e-05
4.05062e-05
0.000129953
0.000125076
0.000111878
9.62752e-05
7.76e-05
5.25557e-05
0.000215707
0.00047745
0.000171651
0.000228507
0.000371718
0.000634948
0.0239775
0.0285125
0.000180301
1.82919e-06
2.36364e-05
2.37559e-05
1.68531e-05
0.000109282
0.00185333
0.0119269
0.0405718
0.0381972
0.0183353
0.000667995
1.38991e-05
2.04612e-07
2.37851e-09
2.32229e-11
1.98753e-13
6.19157e-16
0
0
0
0
0
0
0
0.000111415
0.0144515
0.0276302
0.0437151
0.0552185
0.0593139
0.0620145
0.0638687
0.0659442
0.0678944
0.0697433
0.0717095
0.0740418
0.0768294
0.080039
0.0834561
0.0866509
0.088571
0.363281
0.356685
0.34458
0.322835
0.288023
0.246416
0.232576
0.0197644
0.00695971
0.00597988
0.0319821
0.0693272
0.0824328
0.0230762
0.00922506
0.00335502
0.000381198
2.05626e-05
8.47156e-07
6.16717e-08
4.18325e-09
9.04044e-10
5.65103e-11
4.01352e-12
1.51827e-13
1.8543e-15
0
0
0
3.17516e-18
4.43148e-13
2.19919e-10
8.67022e-07
0.0495389
0.00269437
1.09483e-05
4.07106e-08
1.74201e-10
6.58688e-13
3.17516e-18
0.0139544
0.00637561
1.48365e-05
5.57961e-08
2.03087e-10
0.0048476
0.11819
0.131001
0.136412
0.139626
0.140734
0.139034
0.134227
0.127876
0.0525718
0.00397075
0.00138986
0.00059462
0.000340361
9.35341e-05
0.000129415
0.000302069
0.00360811
0.0511802
0.0914537
0.0790697
0.00580126
0.000236311
4.7167e-06
5.42776e-08
4.0665e-10
0.0452598
0.064399
0.00215631
1.43924e-07
5.92544e-06
1.02662e-05
9.42652e-07
7.9561e-08
1.81282e-08
8.64712e-10
3.18793e-11
1.10359e-12
1.96066e-14
1.47391e-09
8.74037e-08
3.83304e-07
2.52007e-07
2.89453e-07
4.80375e-07
4.90225e-07
4.49926e-07
9.44823e-07
3.52152e-06
3.29739e-06
2.83344e-06
2.32654e-06
1.79031e-06
1.18556e-06
5.24585e-06
1.15193e-05
3.93276e-06
5.17221e-06
8.40146e-06
1.36215e-05
0.0103912
0.0202523
0.000104534
3.92064e-07
3.42515e-07
3.69505e-07
2.86632e-07
2.30292e-06
6.53659e-05
0.00112276
0.0371325
0.0361811
0.0119609
0.000323079
5.56799e-06
7.09983e-08
7.32192e-10
6.47506e-12
5.1136e-14
3.17516e-18
0
0
0
0
0
0
0
0.00169601
0.0191573
0.0331759
0.044848
0.0524167
0.0566361
0.0595941
0.0617643
0.0638576
0.0658941
0.067937
0.0700323
0.0724344
0.0753899
0.0788481
0.0825507
0.0860292
0.0882059
0.359179
0.352993
0.341859
0.322236
0.291436
0.255231
0.240008
0.232929
0.000520663
0.000398557
0.00206923
0.00554265
0.00728467
0.00150798
0.00064306
0.000142059
1.33164e-05
5.92466e-07
1.86486e-08
1.01032e-09
6.14717e-11
1.03034e-11
6.83327e-13
5.11963e-14
3.17516e-18
0
0
0
0
0
3.17516e-18
1.1808e-12
7.42861e-09
0.0436232
0.0015534
1.4524e-05
5.90768e-08
1.97194e-10
5.92562e-13
3.17516e-18
0.00692254
0.00143701
2.70611e-06
5.24547e-09
2.15763e-06
0.0105219
0.119555
0.13142
0.135866
0.137296
0.136551
0.133356
0.129105
0.0778764
0.0105529
0.000921096
0.000118603
3.91797e-05
1.92844e-05
5.45249e-06
8.63315e-06
2.33418e-05
0.000455586
0.00976588
0.0880581
0.0768746
0.00325055
8.96009e-05
1.31762e-06
1.18158e-08
6.96403e-11
0.0377443
0.0582332
0.00208719
2.83119e-05
3.4138e-07
3.06858e-07
2.63151e-08
1.81626e-09
3.462e-10
1.42165e-11
4.68959e-13
1.49264e-14
0
4.89984e-11
2.11297e-09
8.5812e-09
5.52588e-09
6.22406e-09
1.00126e-08
9.93552e-09
8.80661e-09
1.81946e-08
7.56442e-08
6.86329e-08
5.6831e-08
4.49221e-08
3.34581e-08
2.17174e-08
9.66792e-08
2.08257e-07
6.86458e-08
8.82162e-08
1.41801e-07
1.61344e-05
0.00362453
0.0116055
5.2419e-05
1.94818e-07
4.69051e-09
4.86187e-09
4.30988e-09
4.15602e-08
1.69756e-06
0.00112833
0.032247
0.029044
0.00504495
0.000105114
1.41621e-06
1.49232e-08
1.33252e-10
1.05796e-12
7.31875e-15
0
0
0
0
0
0
0
0.0004521
0.0171511
0.0253659
0.0372376
0.0433142
0.0466894
0.0519522
0.0545954
0.0570647
0.0595133
0.0620773
0.0648121
0.0673593
0.0700787
0.0735318
0.0774881
0.0816051
0.0854125
0.087851
0.355089
0.349335
0.339214
0.321785
0.294985
0.263642
0.246871
0.237591
0.231747
0.000243241
8.93035e-05
0.000330513
0.000491689
6.86177e-05
2.6318e-05
4.70146e-06
3.67374e-07
1.36313e-08
3.30755e-10
1.26008e-11
9.43157e-13
7.00028e-14
1.21291e-14
0
0
0
0
0
0
0
0
2.55283e-15
3.60994e-11
0.0371581
0.000994907
5.12851e-06
1.65227e-08
4.23854e-11
9.54295e-14
0
0.00270335
0.000263312
3.22112e-07
3.33613e-10
0.000202472
0.0194842
0.120237
0.131369
0.134176
0.13362
0.131997
0.128524
0.0955587
0.0218844
0.00223516
0.000157133
1.2094e-05
2.51208e-06
1.10505e-06
3.35879e-07
5.73762e-07
1.57599e-06
3.85604e-05
0.00137198
0.0856264
0.0739535
0.000943771
1.26363e-05
1.17952e-07
7.82802e-10
3.68817e-12
0.029959
0.0522599
0.00248644
7.19482e-05
1.20274e-06
2.08285e-08
7.35173e-10
3.92164e-11
5.89048e-12
2.06351e-13
4.68019e-15
0
0
1.35133e-12
4.48919e-11
1.68982e-10
1.06844e-10
1.18439e-10
1.83371e-10
1.75525e-10
1.49442e-10
2.99746e-10
1.3511e-09
1.18595e-09
9.47434e-10
7.23567e-10
5.23994e-10
3.31664e-10
1.44727e-09
3.01796e-09
9.52434e-10
1.17067e-09
1.83049e-09
5.56653e-05
0.00136931
0.00459405
2.2106e-05
8.86336e-08
3.79128e-10
5.40957e-11
5.32288e-11
6.01757e-10
3.31461e-08
0.00509495
0.0278578
0.0266372
0.000569029
6.29167e-06
6.56207e-08
6.061e-10
5.03385e-12
3.84544e-14
0
0
0
0
0
0
0
0
0.000462438
0.0178559
0.0250883
0.0350831
0.00236196
0.00240036
0.00277276
0.00282834
0.0243557
0.0457211
0.0598024
0.0617612
0.063907
0.0667137
0.0712425
0.0761165
0.0807642
0.0848816
0.08753
0.350962
0.345623
0.33646
0.321068
0.297852
0.270604
0.253098
0.242236
0.235012
0.22631
0.138395
0.00905285
5.70941e-05
2.07467e-06
7.23863e-07
1.23944e-07
8.7863e-09
2.97598e-10
6.94313e-12
8.41958e-14
2.59157e-14
3.17516e-18
0
0
0
0
0
0
0
0
0
0
1.42536e-13
0.0299927
0.000383385
1.02771e-06
2.01237e-09
3.58993e-12
5.09296e-15
0
0.000888537
4.50358e-05
2.89163e-08
4.15503e-06
0.0132616
0.0318606
0.119808
0.130678
0.133088
0.1261
0.123926
0.125294
0.0674924
0.00499622
0.000398564
2.63325e-05
1.67837e-06
1.88938e-07
7.06742e-08
2.43231e-08
4.09481e-08
6.81741e-08
1.85239e-06
0.00407899
0.0822766
0.0706558
6.61829e-05
5.12023e-07
3.27344e-09
1.99169e-11
8.91554e-14
0.0217431
0.0464752
0.00250457
0.000114446
2.55969e-06
5.44376e-08
1.03786e-10
7.87104e-13
8.12524e-14
5.68354e-16
0
0
0
3.03292e-14
8.30588e-13
2.8889e-12
1.85267e-12
2.07784e-12
3.03321e-12
2.76936e-12
2.24933e-12
4.31131e-12
2.06156e-11
1.75539e-11
1.35166e-11
9.97199e-12
7.07064e-12
4.34996e-12
1.83385e-11
3.6603e-11
1.08681e-11
1.21892e-11
1.60817e-11
3.26761e-05
0.000401184
0.000924012
3.40754e-06
1.41539e-08
6.1844e-11
7.37641e-13
5.1022e-13
6.18371e-12
3.66724e-10
0.000931708
0.0239688
0.0227046
3.5469e-05
2.55527e-07
1.99619e-09
1.5517e-11
1.16963e-13
3.17516e-18
0
0
0
0
0
0
0
0
0.000838324
0.0190363
0.025486
0.0326902
7.76991e-05
8.76371e-05
0.000113842
0.000146465
0.0019752
0.00424972
0.00619054
0.0522826
0.0597411
0.0660497
0.0705182
0.0754857
0.0802963
0.0845343
0.0872668
0.346769
0.341811
0.333506
0.319894
0.299724
0.275891
0.258422
0.24658
0.238343
0.23054
0.223621
0.213952
0.200907
0.108862
0.00927567
3.56258e-06
1.3638e-09
4.15361e-12
1.8857e-13
3.17516e-18
0
0
0
0
0
0
0
0
0
0
0
0
4.17131e-05
0.0219219
5.56292e-05
6.86544e-08
7.70789e-11
1.0264e-13
0
0
0.000267439
1.05501e-05
3.39342e-07
9.31558e-05
0.0110116
0.0373526
0.11898
0.129222
0.132161
0.121029
0.118388
0.118776
0.0416619
0.00343543
0.000226906
1.30207e-05
7.25829e-07
5.17784e-08
5.12986e-09
2.89218e-09
2.24162e-09
1.00407e-09
5.98332e-08
0.0460836
0.077734
0.0664696
2.88376e-06
1.47054e-08
7.17102e-11
3.57742e-13
4.25726e-07
0.0136068
0.0405467
0.00422085
0.000400539
2.03036e-05
1.1554e-06
1.01096e-07
4.56742e-09
0
0
0
0
0
0
1.14687e-14
3.98166e-14
2.84145e-14
3.57936e-14
4.55318e-14
3.91974e-14
3.01228e-14
5.42858e-14
2.72877e-13
2.29396e-13
1.69008e-13
1.191e-13
8.49864e-14
5.06058e-14
2.03442e-13
4.01518e-13
9.28716e-12
2.13663e-09
2.80317e-07
1.52564e-05
9.61365e-05
0.000110321
3.54681e-07
1.58624e-09
7.60428e-12
4.07627e-14
2.70524e-15
4.62336e-14
2.71122e-12
0.000120649
0.0195509
0.0172387
4.99608e-07
3.34105e-09
2.58748e-11
2.00696e-13
7.01711e-16
0
0
0
0
0
0
0
0
0
0.000102473
0.0190084
0.0246753
0.0278681
4.51076e-05
2.34767e-06
3.52129e-06
6.12654e-06
9.80217e-05
0.000272358
0.000617056
0.00864488
0.00862912
0.0661032
0.0705621
0.075436
0.0801627
0.0843354
0.0870402
0.342504
0.337884
0.330318
0.318206
0.30055
0.279549
0.262618
0.250294
0.241361
0.233841
0.227791
0.22015
0.208433
0.183984
0.00169776
1.25118e-06
3.18786e-10
2.17048e-12
6.88915e-14
0
0
0
0
0
0
0
0
0
0
0
0
0
0.000993626
0.0134301
6.23476e-06
3.33783e-09
7.99792e-13
3.17516e-18
0
0
7.45032e-05
4.53858e-06
3.50981e-06
0.000454088
0.0196785
0.0502978
0.118098
0.126614
0.130502
0.127617
0.117674
0.0993636
0.0180579
0.00130059
7.60007e-05
4.05643e-06
1.8535e-07
8.02237e-09
8.15709e-10
2.47946e-10
6.25642e-11
9.13913e-12
9.21621e-10
0.0369626
0.0705882
0.0601797
7.10427e-08
2.83168e-10
1.17989e-12
1.97178e-15
6.08268e-08
0.00685261
0.0313983
0.0046144
0.000351352
9.25449e-07
2.49723e-09
7.5935e-09
4.29765e-10
4.17768e-12
1.10083e-14
0
0
0
0
0
0
0
0
0
0
0
0
3.17516e-18
3.17516e-18
3.17516e-18
3.17516e-18
1.57774e-14
7.47211e-13
2.53326e-11
5.6348e-10
8.46233e-09
9.0339e-08
6.9235e-07
3.87022e-06
1.39409e-05
7.65082e-06
4.05835e-08
2.14833e-10
1.10667e-12
4.94373e-15
0
0
1.31388e-14
6.27856e-06
0.0168871
0.00518224
3.51599e-06
8.24364e-09
2.70935e-11
1.07225e-13
3.17516e-18
0
0
0
0
0
0
0
0
0
9.70124e-06
0.0185304
0.0224073
0.0178688
4.57561e-05
7.65986e-08
7.91203e-08
4.87828e-07
2.23005e-05
0.00278969
0.0240828
0.0546953
0.0664926
0.067001
0.0711359
0.075703
0.0801927
0.0841856
0.0868121
0.338174
0.333847
0.326901
0.31602
0.300398
0.281715
0.265574
0.253112
0.243699
0.235997
0.229581
0.222506
0.212597
0.193403
0.0194334
0.000195746
8.0034e-07
2.63667e-09
1.38552e-11
8.71233e-14
0
0
0
0
0
0
0
0
0
0
0
0
7.80627e-05
0.0059924
4.8706e-07
1.53283e-09
2.94849e-13
0
0
0
1.79837e-05
2.13889e-06
0.000225467
0.00485259
0.0348436
0.0755881
0.116932
0.122687
0.127863
0.126764
0.117565
0.0838271
0.00365642
0.000301069
2.12171e-05
1.3941e-06
9.66439e-08
3.27586e-09
1.41179e-10
8.92971e-12
7.2983e-13
1.05409e-13
0.000380166
0.0253637
0.0681537
0.0424214
8.99411e-10
3.53492e-12
1.24593e-14
0
4.35274e-07
0.0025573
0.0204347
0.00515097
3.33601e-05
1.97004e-09
4.59681e-12
3.71213e-10
3.44151e-11
7.97296e-13
9.45564e-15
0
0
0
0
0
0
0
0
0
0
0
0
0
0
0
0
9.17622e-16
1.0472e-13
3.92554e-12
9.39711e-11
1.38497e-09
1.41906e-08
1.00929e-07
4.53461e-07
1.3742e-06
1.45461e-07
1.3294e-09
8.6847e-12
4.94532e-14
0
0
0
0
0.000455246
0.0148494
0.000584108
1.6992e-06
5.61478e-09
2.14221e-11
9.12161e-14
3.17516e-18
0
0
0
0
0
0
0
0
0
3.16789e-07
0.0172823
0.0161169
0.00665456
0.00031381
0.000337688
0.00538629
0.0278485
0.0510912
0.0627504
0.065073
0.0663747
0.0671025
0.0682256
0.071939
0.0761281
0.0803101
0.0840613
0.0865777
0.333798
0.329717
0.323279
0.313386
0.299381
0.282572
0.267296
0.254925
0.245218
0.237257
0.230496
0.223676
0.215155
0.200027
0.189426
0.161744
0.108712
0.0547399
0.0173503
0.00275973
0.000810871
0.000288419
6.89257e-05
6.28958e-06
3.91232e-11
2.32317e-13
0
0
0
0
0
0.00322399
0.000252215
0.00250521
0.000101126
1.53919e-06
3.07667e-09
6.24284e-12
1.3777e-14
1.19531e-05
3.35116e-06
7.48902e-07
0.00271566
0.0299555
0.0483453
0.0813252
0.111302
0.121771
0.1264
0.125767
0.116927
0.0578247
0.00537399
0.000416618
2.54861e-05
1.4104e-06
7.52171e-08
1.77738e-09
1.89195e-11
4.76646e-13
8.31893e-15
0
2.27636e-05
0.0545561
0.0667935
0.0168899
7.55015e-05
2.89035e-14
0
0
4.13688e-06
0.000643645
0.0106318
0.00188835
2.38377e-06
2.3292e-10
1.28331e-13
1.06105e-11
2.11335e-12
2.71889e-14
0
0
0
0
0
0
0
0
0
0
0
0
0
0
0
0
0
0
7.7474e-15
3.94152e-13
1.24144e-11
1.67321e-10
1.57725e-09
9.27541e-09
7.64296e-09
1.62318e-08
8.93656e-10
1.05124e-11
8.69169e-14
3.17516e-18
0
0
0
0
0.000962102
0.0127188
4.01695e-05
1.52269e-07
5.80734e-10
2.36213e-12
9.97636e-15
0
0
0
0
0
0
0
0
0
0
5.19856e-09
0.0161719
0.0137556
0.0152375
0.0463562
0.0538883
0.0580398
0.0606893
0.0632326
0.064275
0.0660567
0.0670529
0.0678751
0.0693903
0.0727457
0.0765751
0.0804433
0.0839384
0.0863333
0.329402
0.325524
0.31949
0.310372
0.297623
0.282301
0.267861
0.255721
0.245896
0.237753
0.230788
0.224156
0.216741
0.205542
0.195939
0.191344
0.185711
0.178862
0.171445
0.166829
0.163648
0.158252
0.147016
0.136802
0.0754507
0.00692022
9.38523e-05
8.7566e-07
7.59567e-09
5.65877e-11
0.0205348
0.0682085
0.0995629
0.044419
0.0395642
0.0272992
0.0109213
0.00227926
0.000323845
0.0294344
0.0562083
0.0488464
0.0279972
0.027391
0.049329
0.0828008
0.108366
0.12104
0.125493
0.124778
0.11603
0.0322672
0.00320848
0.000252054
1.68776e-05
1.02495e-06
5.75039e-08
2.23157e-09
1.6666e-12
2.1607e-14
0
0
0.00213659
0.0530695
0.0651991
0.0498638
0.00427972
1.15631e-05
1.54516e-09
3.38523e-07
3.0934e-05
0.00107672
0.00472881
0.000513937
7.2909e-08
2.66155e-10
3.17516e-18
1.74596e-13
1.25622e-13
3.17516e-18
0
0
0
0
0
0
0
0
0
0
0
0
0
0
0
0
0
0
0
6.41097e-14
1.708e-12
1.55242e-11
1.16001e-10
1.18414e-10
6.41909e-11
8.244e-11
4.54519e-12
6.33921e-14
3.17516e-18
0
0
0
0
2.35904e-06
0.00487728
0.0102085
2.09322e-06
8.7242e-09
3.6207e-11
1.55881e-13
3.17516e-18
0
0
0
0
0
0
0
0
0
0
4.94679e-11
0.0143401
0.0108803
0.0224829
0.0505968
0.0569462
0.060269
0.0624138
0.0640332
0.0651316
0.0664993
0.0674989
0.0685586
0.0703205
0.0734222
0.0769536
0.0805412
0.083799
0.0860764
0.32502
0.321301
0.315574
0.307037
0.295237
0.281065
0.267372
0.255538
0.24573
0.237513
0.230463
0.223984
0.21733
0.208826
0.200933
0.195993
0.191472
0.1869
0.182259
0.177816
0.173426
0.168464
0.160944
0.149379
0.143397
0.10851
0.0750086
0.0422492
0.0175518
0.0430257
0.12338
0.125148
0.124415
0.103201
0.0758923
0.0732185
0.0720035
0.0680124
0.0834646
0.0836022
0.0826136
0.078094
0.0595751
0.0445258
0.0466412
0.093551
0.117033
0.120766
0.124528
0.123754
0.115107
0.0202559
0.00243746
0.000222114
1.64519e-05
1.04482e-06
5.78984e-08
4.0814e-09
8.27416e-14
0
0
0
0.00904059
0.0516929
0.0627825
0.0478409
0.0156692
1.37557e-06
7.91658e-06
3.88032e-05
0.000150123
0.000466652
0.00115538
9.62296e-05
1.40562e-09
1.13912e-12
0
6.75675e-15
4.32775e-15
0
0
0
0
0
0
0
0
0
0
0
0
0
0
0
0
0
0
0
0
8.84918e-15
1.75094e-13
7.60445e-13
2.24235e-12
1.12725e-12
3.08518e-13
3.76279e-13
1.98606e-14
0
0
0
0
0
0
5.99232e-05
0.00337344
0.00580624
3.6557e-05
1.53886e-07
6.47912e-10
2.83422e-12
1.27038e-14
0
0
0
0
0
0
0
0
0
0
3.39873e-13
0.0118576
0.00957668
0.0281419
0.052298
0.0578824
0.0608595
0.0628255
0.0642991
0.0654782
0.0667199
0.0678017
0.0690639
0.07098
0.0739134
0.0772175
0.0805752
0.083632
0.0858062
0.320688
0.317083
0.31157
0.303442
0.292316
0.278992
0.265921
0.254414
0.244714
0.236515
0.229462
0.223104
0.216925
0.209967
0.203282
0.198042
0.193404
0.189004
0.184739
0.18061
0.17656
0.172394
0.167317
0.159565
0.151618
0.148088
0.144775
0.131716
0.140181
0.140499
0.140406
0.139338
0.137541
0.131466
0.116539
0.105648
0.0926324
0.0919295
0.0921325
0.0913281
0.0903073
0.0870231
0.0763861
0.0602072
0.0511792
0.084604
0.116294
0.119983
0.123462
0.122712
0.114193
0.0176551
0.00239192
0.000227298
1.68773e-05
1.04604e-06
5.4764e-08
1.14421e-09
5.16718e-11
1.06784e-12
2.1372e-14
0
0.0377361
0.0506622
0.0547076
0.0342455
0.00724112
4.74923e-07
2.25111e-06
9.84671e-06
3.45991e-05
7.764e-05
0.000124936
7.07503e-06
3.8597e-11
1.4882e-14
0
0
0
0
0
0
0
0
0
0
0
0
0
0
0
0
0
0
0
0
0
0
0
3.17516e-18
1.43835e-14
2.32009e-14
1.42978e-14
7.58864e-15
1.74634e-16
2.66714e-16
0
0
0
0
0
0
6.76412e-08
8.7992e-05
0.00192271
0.000635133
1.23298e-06
5.59972e-09
2.57068e-11
1.21777e-13
3.17516e-18
0
0
0
0
0
0
0
0
0
0
8.85871e-16
0.00908206
0.00977502
0.0319186
0.0529829
0.0580907
0.060908
0.062823
0.0642929
0.0655375
0.0667738
0.0679529
0.0693684
0.0713829
0.0742088
0.0773502
0.0805329
0.0834322
0.0855231
0.316444
0.312909
0.307518
0.299629
0.288925
0.276167
0.263572
0.252373
0.242835
0.234719
0.227716
0.221461
0.215562
0.209428
0.203471
0.198244
0.193503
0.189056
0.184831
0.180825
0.177051
0.173481
0.169891
0.165509
0.160259
0.156134
0.151046
0.149863
0.149365
0.14839
0.147153
0.145531
0.14361
0.140883
0.135649
0.128996
0.120553
0.117498
0.116457
0.114197
0.109575
0.102594
0.0917213
0.0754616
0.060263
0.0766607
0.109126
0.118432
0.122283
0.121698
0.113426
0.0176427
0.00243401
0.000232587
1.70123e-05
1.03184e-06
5.29368e-08
2.57365e-10
1.12892e-11
2.58938e-13
3.18469e-15
0
0.0375501
0.0459648
0.0403363
0.0190353
0.00285315
1.30334e-07
4.73194e-07
1.85812e-06
6.87015e-06
1.32236e-06
4.32425e-07
1.12718e-15
5.91533e-14
0
0
0
0
0
0
0
0
0
0
0
0
0
0
0
0
0
0
0
0
0
0
0
0
0
5.96931e-16
3.17516e-18
0
0
0
0
0
0
0
0
0
0
1.90663e-07
0.000279293
0.00103287
3.72554e-05
3.30956e-08
1.53008e-10
7.34526e-13
3.06086e-15
0
0
0
0
0
0
0
0
0
0
0
0
0.00651851
0.0103303
0.0341116
0.0530517
0.0578884
0.0606494
0.0625763
0.0640874
0.065397
0.0666731
0.0679431
0.0694722
0.0715536
0.0743167
0.0773511
0.0804123
0.0831987
0.0852285
0.312329
0.308815
0.303448
0.295627
0.285093
0.272624
0.260347
0.249416
0.240065
0.232078
0.225162
0.218999
0.213267
0.20756
0.202015
0.196882
0.1921
0.187587
0.183314
0.179307
0.175619
0.172221
0.169026
0.166269
0.163557
0.160847
0.15784
0.156308
0.154913
0.153402
0.151722
0.149881
0.147918
0.145683
0.143008
0.139752
0.135808
0.132621
0.129854
0.12637
0.121523
0.114674
0.104664
0.0896711
0.0720796
0.0745624
0.0994874
0.114348
0.120443
0.120672
0.112882
0.0228189
0.00239886
0.000207517
1.4746e-05
8.80113e-07
4.61245e-08
1.02492e-09
2.8267e-11
7.29303e-13
1.55932e-14
0
0.0358288
0.0383227
0.0256588
0.00850094
0.000811561
2.10605e-08
5.5579e-08
1.8392e-07
6.34814e-07
7.44144e-09
1.31382e-09
0
0
0
0
0
0
0
0
0
0
0
0
0
0
0
0
0
0
0
0
0
0
0
0
0
0
0
0
0
0
0
0
0
0
0
0
0
0
0
2.4218e-06
0.000117033
0.000433224
1.44327e-06
6.43808e-10
3.15656e-12
1.59679e-14
0
0
0
0
0
0
0
0
0
0
0
0
0
0.00441088
0.0105253
0.0349737
0.0526465
0.0573709
0.0601497
0.0621304
0.0637067
0.0650861
0.0664193
0.0677679
0.0693812
0.0715133
0.0742498
0.0772262
0.0802158
0.0829335
0.0849254
0.308333
0.304746
0.299253
0.291313
0.280777
0.268501
0.2565
0.245507
0.23636
0.228535
0.221737
0.215662
0.21003
0.204535
0.199193
0.194111
0.189267
0.184628
0.180189
0.175982
0.171394
0.165893
0.158838
0.15131
0.149141
0.148544
0.147908
0.146831
0.145467
0.144259
0.142883
0.141376
0.139763
0.138205
0.136858
0.135594
0.134222
0.132733
0.131098
0.129019
0.125967
0.121229
0.113697
0.101551
0.0847446
0.0779982
0.0921361
0.108281
0.117503
0.119453
0.112534
0.0391924
0.0108423
0.00112381
8.24001e-05
4.92859e-06
2.18854e-07
8.84169e-09
2.88183e-10
7.0858e-12
1.5551e-13
2.97844e-05
0.0337289
0.0312972
0.0170621
0.0072465
9.06255e-05
3.17985e-10
2.50666e-10
0
2.24706e-14
1.43423e-12
7.54076e-13
0
0
0
0
0
0
0
0
0
0
0
0
0
0
0
0
0
0
0
0
0
0
0
0
0
0
0
0
0
0
0
0
0
0
0
0
0
0
0
1.01744e-05
5.08565e-05
0.000160752
4.2173e-08
2.88132e-11
1.56551e-13
3.17516e-18
0
0
0
0
0
0
0
0
0
0
0
0
0
0.00282039
0.00998732
0.0346303
0.051801
0.0565506
0.0594133
0.0614868
0.0631508
0.0646095
0.0660094
0.0674253
0.0691014
0.0712771
0.0740197
0.0769829
0.0799484
0.0826396
0.0846168
0.304483
0.300697
0.294867
0.286521
0.275708
0.263477
0.251697
0.241028
0.232116
0.224208
0.217373
0.211379
0.205802
0.200385
0.195094
0.189958
0.184946
0.180025
0.17517
0.169553
0.161791
0.152338
0.139707
0.128218
0.1247
0.122401
0.121028
0.120644
0.120806
0.122819
0.123985
0.12427
0.123391
0.120095
0.118609
0.11814
0.118142
0.118579
0.119504
0.120692
0.121241
0.120296
0.116845
0.109207
0.0959805
0.0850862
0.0891868
0.10227
0.11352
0.1178
0.11228
0.0503422
0.0137344
0.00142087
0.000103649
6.14047e-06
2.9745e-07
1.58224e-08
5.85819e-10
1.35419e-11
2.85755e-13
0.000496771
0.0318293
0.0278614
0.0155931
0.00211634
4.36325e-06
1.32582e-12
2.28986e-13
0
0
0
0
0
0
0
0
0
0
0
0
0
0
0
0
0
0
0
0
0
0
0
0
0
0
0
0
0
0
0
0
0
0
0
0
0
0
0
0
0
0
2.94371e-08
3.38481e-06
1.7324e-05
5.28014e-05
9.7967e-10
4.71245e-13
2.30834e-15
0
0
0
0
0
0
0
0
0
0
0
0
0
0
0.00179805
0.00928514
0.0330312
0.0498352
0.0552516
0.0583526
0.0605888
0.0623825
0.0639454
0.0654275
0.0669104
0.068635
0.0708474
0.0736218
0.0766163
0.0796065
0.0823154
0.0843038
0.300796
0.29665
0.290215
0.28114
0.269789
0.257476
0.245885
0.235575
0.226908
0.219238
0.212543
0.206073
0.200481
0.195035
0.189656
0.18431
0.178929
0.173419
0.167626
0.157531
0.14388
0.132612
0.119258
0.114271
0.0908317
0.0617718
0.0246931
0.0209834
0.0628235
0.111454
0.113254
0.114001
0.112759
0.104164
0.100848
0.0984141
0.0979014
0.0986174
0.100798
0.104995
0.109323
0.1123
0.113224
0.110875
0.103265
0.0930066
0.0902595
0.0980862
0.109213
0.115617
0.112009
0.0628317
0.0172689
0.00180924
0.000132913
7.94636e-06
3.92708e-07
2.32225e-08
9.64916e-10
2.14207e-11
4.32137e-13
0.000779295
0.0298369
0.0244801
0.0145549
0.000230564
4.59751e-08
3.17516e-18
0
0
0
0
0
0
0
0
0
0
0
0
0
0
0
0
0
0
0
0
0
0
0
0
0
0
0
0
0
0
0
0
0
0
0
0
0
0
0
0
0
0
0
2.38538e-08
1.14474e-06
5.44801e-06
1.60687e-05
1.92451e-11
4.93293e-14
0
0
0
0
0
0
0
0
0
0
0
0
0
0
0
0.00118334
0.00847315
0.0303057
0.0466044
0.0532074
0.0568368
0.0593618
0.0613548
0.0630665
0.06466
0.0662306
0.0680065
0.0702451
0.0730485
0.076102
0.0791581
0.0819294
0.0839694
0.297272
0.292547
0.285161
0.274989
0.262858
0.250371
0.238971
0.229036
0.22063
0.2132
0.206597
0.200237
0.194187
0.188326
0.182673
0.176887
0.170788
0.1641
0.153284
0.135277
0.117932
0.111086
0.104524
0.0448389
0.00580348
0.000502053
0.000251114
0.000343442
0.00574042
0.0470851
0.0727831
0.104891
0.102022
0.0919396
0.06114
0.0278626
0.00460796
0.0166737
0.0674564
0.0986926
0.102245
0.105079
0.107122
0.107872
0.105468
0.0989741
0.0933866
0.0962074
0.105456
0.113038
0.111601
0.0792863
0.0153193
0.00158482
0.000118581
7.40659e-06
3.99497e-07
3.41658e-08
1.67308e-09
3.57766e-11
6.75018e-13
0.00067177
0.0273604
0.0199159
0.0134394
1.12947e-05
6.87159e-11
0
0
0
0
0
0
0
0
0
0
0
0
0
0
0
0
0
0
0
0
0
0
0
0
0
0
0
0
0
0
0
0
0
0
0
0
0
0
0
0
0
0
0
1.20647e-10
6.72564e-08
4.2438e-07
1.65317e-06
4.60492e-06
6.49242e-09
2.09163e-11
1.01539e-13
3.17516e-18
0
0
0
0
0
0
0
0
0
0
0
0
0
0.000810571
0.00752484
0.0266852
0.0421126
0.0500232
0.0545508
0.0576057
0.0599386
0.0618874
0.0636512
0.0653511
0.067201
0.0694696
0.0723039
0.0754419
0.0786055
0.0814843
0.0836167
0.293897
0.288294
0.279507
0.267815
0.254682
0.241967
0.230771
0.22121
0.21307
0.205855
0.199307
0.192996
0.186882
0.18047
0.173775
0.167152
0.159703
0.150599
0.130139
0.107508
0.0995114
0.0511802
0.00566713
0.000872674
0.000143305
8.46169e-06
2.38738e-06
3.82158e-06
8.44342e-05
0.00119382
0.0357363
0.0865
0.0855766
0.0772764
0.0135999
0.000235333
2.63923e-05
0.000263932
0.0116611
0.0724547
0.0985643
0.0998419
0.100899
0.102174
0.102849
0.100922
0.0959515
0.0957682
0.102687
0.11035
0.110887
0.103886
0.00619445
0.000562319
4.46382e-05
3.17946e-06
2.18089e-07
2.11166e-08
1.13703e-09
2.28954e-11
4.26618e-13
0.000492549
0.0259436
0.0186726
0.00492963
3.32868e-07
7.62293e-14
0
0
0
0
0
0
0
0
0
0
0
0
0
0
0
0
0
0
0
0
0
0
0
0
0
0
0
0
0
0
0
0
0
0
0
0
0
0
0
0
0
0
0
2.83438e-10
2.00951e-08
1.22397e-07
4.51642e-07
1.22398e-06
4.26249e-09
2.35457e-11
1.26527e-13
3.17516e-18
0
0
0
0
0
0
0
0
0
0
0
0
0
0.000570545
0.00646273
0.0225133
0.0364722
0.0453082
0.0509772
0.0549046
0.0578433
0.0602136
0.0622754
0.0641943
0.0661794
0.0685109
0.071392
0.0746399
0.0779526
0.0809844
0.0832488
0.290643
0.283771
0.273012
0.259294
0.244905
0.231911
0.220913
0.211692
0.203806
0.196763
0.190237
0.183885
0.177544
0.17081
0.163272
0.154104
0.143944
0.129351
0.0951597
0.085043
0.00906399
0.00141962
0.00017192
1.9983e-05
2.57156e-06
1.28621e-07
2.29778e-08
4.4763e-08
9.24807e-07
1.62348e-05
0.00090639
0.0369646
0.0751754
0.0155661
0.000704772
1.45521e-05
2.81911e-07
2.30944e-06
0.000215498
0.0594344
0.0798992
0.0234262
0.0214078
0.0756249
0.094832
0.100264
0.0964312
0.0955363
0.100813
0.107982
0.109746
0.104667
0.0179271
0.00193701
0.00017493
1.39908e-05
9.82581e-07
1.08957e-07
6.00611e-09
1.16718e-10
1.86011e-12
0.000832841
0.0246288
0.0178556
0.000668744
3.37858e-09
3.02425e-13
0
0
0
0
0
0
0
0
0
0
0
0
0
0
0
0
0
0
0
0
0
0
0
0
0
0
0
0
0
0
0
0
0
0
0
0
0
0
0
0
0
0
0
8.04194e-10
6.44367e-09
3.21839e-08
1.1295e-07
3.01166e-07
1.28868e-09
7.05827e-12
3.85116e-14
0
0
0
0
0
0
0
0
0
0
0
0
0
5.34047e-06
0.000399728
0.00534211
0.0181675
0.0299339
0.0388188
0.0454718
0.0505563
0.0544746
0.0576002
0.0602288
0.0625715
0.0648401
0.0673309
0.070311
0.0737039
0.0772081
0.0804366
0.0828696
0.287494
0.278909
0.265468
0.249002
0.232872
0.219457
0.208542
0.199581
0.191935
0.185048
0.178517
0.171994
0.165188
0.157669
0.149013
0.138323
0.117345
0.0838488
0.0585655
0.00444086
0.00034682
4.23024e-05
3.95207e-06
4.17775e-07
4.27031e-08
1.8157e-09
2.23712e-10
5.36638e-10
1.24252e-08
1.01566e-06
0.000149816
0.0170153
0.0693816
0.0157761
0.000253446
3.31808e-06
3.11343e-08
2.26806e-08
2.45076e-06
0.0499878
0.0612905
0.00198837
0.00100476
0.0590605
0.0833587
0.0993772
0.0963863
0.0952753
0.099488
0.106092
0.108605
0.104549
0.0375866
0.0115138
0.00140926
0.000100946
4.43454e-06
1.16435e-07
5.25348e-09
8.77329e-11
1.4728e-05
0.00211083
0.0228307
0.0171778
4.76136e-05
5.06756e-07
7.45231e-10
0
0
0
0
0
0
0
0
0
0
0
0
0
0
0
0
0
0
0
0
0
0
0
0
0
0
0
0
0
0
0
0
0
0
0
0
0
0
0
0
0
0
1.52816e-11
2.16742e-10
1.55903e-09
7.44893e-09
2.58041e-08
6.86827e-08
3.26964e-10
1.81373e-12
9.74458e-15
0
0
0
0
0
0
0
0
0
0
0
0
1.34771e-08
2.16677e-05
0.000265976
0.0042458
0.013966
0.0228017
0.0305245
0.0374413
0.0436513
0.0488279
0.0531326
0.0567969
0.0600068
0.0629081
0.06581
0.069037
0.0726477
0.0763914
0.0798555
0.0824855
0.284513
0.273877
0.256903
0.236283
0.216949
0.20254
0.191246
0.182395
0.175138
0.168523
0.161909
0.15481
0.14665
0.136524
0.123584
0.105031
0.0803822
0.0057323
0.00237554
0.000203888
1.15444e-05
1.05574e-06
8.27576e-08
8.3115e-09
7.00867e-10
2.46933e-11
2.19177e-12
9.86961e-12
1.76017e-09
4.61872e-07
6.87975e-05
0.00430269
0.0557984
0.0157072
0.000311055
3.6562e-06
2.94439e-08
3.96183e-10
2.8539e-08
0.0409819
0.0400916
0.000619587
3.01455e-05
0.0399016
0.0696848
0.0983765
0.096131
0.0949639
0.0984667
0.104559
0.107534
0.104271
0.0495827
0.00923522
0.000899218
6.21282e-05
3.29698e-06
1.34902e-07
7.41356e-09
1.059e-10
8.96253e-07
0.00488983
0.0201101
0.01627
0.00049775
8.10351e-06
5.44437e-09
0
0
0
0
0
0
0
0
0
0
0
0
0
0
0
0
0
0
0
0
0
0
0
0
0
0
0
0
0
0
0
0
0
0
0
0
0
0
0
0
0
0
2.82112e-12
4.33673e-11
3.20021e-10
1.55147e-09
5.43765e-09
1.46226e-08
7.53508e-11
4.24897e-13
1.81619e-15
0
0
0
0
0
0
0
0
0
0
0
0
1.2381e-06
0.000102656
0.000446246
0.00282829
0.00980117
0.0149289
0.0202125
0.0264041
0.0333489
0.0395549
0.0452088
0.050474
0.0553787
0.0596598
0.0636085
0.06748
0.0714876
0.0755392
0.0792674
0.082107
0.281908
0.269408
0.247779
0.217523
0.184693
0.162484
0.144986
0.132314
0.143492
0.141894
0.135892
0.128548
0.119467
0.107828
0.0959231
0.0863806
0.00664557
0.000344474
8.94113e-05
6.4744e-06
3.25348e-07
2.41285e-08
1.62145e-09
1.68512e-10
1.18228e-11
3.37733e-13
1.97336e-14
2.29961e-13
5.17105e-11
1.1732e-08
1.71756e-06
0.000142091
0.0513653
0.0100168
0.000153492
1.49703e-06
1.0471e-08
5.9859e-11
4.46338e-10
0.0319907
0.0196816
0.00026254
3.09524e-06
0.0193879
0.0555759
0.0972963
0.0957684
0.0946112
0.0976084
0.103232
0.106479
0.104008
0.0701022
0.0202114
0.00226202
0.000170453
9.9475e-06
3.89611e-07
3.7613e-08
4.87661e-09
4.61762e-08
0.0144886
0.0192063
0.00800651
2.87431e-05
1.83561e-07
4.6504e-11
0
0
0
0
0
0
0
0
0
0
0
0
0
0
0
0
0
0
0
0
0
0
0
0
0
0
0
0
0
0
0
0
0
0
0
0
0
0
0
0
0
2.19277e-14
5.97512e-13
8.01315e-12
6.00517e-11
2.99503e-10
1.074e-09
2.94054e-09
1.61312e-11
9.2356e-14
3.17516e-18
0
0
0
0
0
0
0
0
0
0
0
0
5.97992e-07
7.3209e-05
0.000347381
0.00118227
0.0021486
0.00258041
0.00422468
0.0237028
0.0269646
0.0304668
0.0349469
0.0407505
0.0476184
0.0539172
0.0600906
0.0654774
0.070259
0.0747171
0.078715
0.0817494
0.279942
0.267247
0.245352
0.215331
0.183944
0.10303
0.017795
0.0993936
0.102648
0.105663
0.104948
0.102448
0.0997144
0.0972969
0.00928305
0.00380293
0.000376033
1.52538e-05
2.35713e-06
1.60608e-07
7.77162e-09
5.27091e-10
2.70113e-11
3.79922e-12
2.35775e-13
1.68284e-15
0
2.21309e-15
1.64952e-12
5.79571e-10
2.04775e-07
6.81711e-05
0.0471632
0.00506669
5.71067e-05
4.3815e-07
2.46101e-09
1.01168e-11
4.79207e-12
0.023703
0.00673945
6.48129e-05
5.02587e-07
0.00554818
0.0436014
0.0962099
0.0953432
0.0942263
0.096841
0.102022
0.105374
0.103813
0.0981034
0.0200825
0.002626
0.000230935
1.57565e-05
7.65816e-07
6.12536e-08
5.35496e-09
2.26908e-09
0.0138097
0.0184157
0.00166931
1.67926e-06
5.11152e-10
8.27194e-14
0
0
0
0
0
0
0
0
0
0
0
0
0
0
0
0
0
0
0
0
0
0
0
0
0
0
0
0
0
0
0
0
0
0
0
0
0
0
0
0
0
2.19086e-15
9.1613e-14
1.32699e-12
1.05099e-11
5.46584e-11
2.0195e-10
5.65908e-10
3.26069e-12
1.8689e-14
0
0
0
0
0
0
0
0
0
0
0
0
0
2.89345e-08
3.21507e-05
0.000180748
0.000297535
5.05418e-05
6.35212e-05
0.000111021
0.000969863
0.00113957
0.00129348
0.0265768
0.0396229
0.043215
0.0480807
0.0560512
0.0633954
0.0691708
0.074042
0.078255
0.0814309
0.27817
0.265967
0.245244
0.217321
0.188675
0.184819
0.00186316
0.0118522
0.00647822
0.00988666
0.0148394
0.0226536
0.00485218
0.00702627
0.00073445
0.000165147
1.33843e-05
4.8644e-07
5.10854e-08
3.14256e-09
1.52699e-10
1.25067e-11
4.49756e-13
6.83676e-14
2.44805e-15
0
0
0
2.55852e-13
1.42252e-10
1.09943e-07
7.84457e-05
0.042854
0.00250503
2.11046e-05
1.24626e-07
5.5856e-10
1.98847e-12
4.73576e-10s/r?`% pr9Dab2	Ha-)ytRomXvk@k$~}<ynY5&	>#,Syj"5SD5~Ai$61:I_:N(pdKLh9^@jn.TVZ``.PRbV|N<j<	4b&Es+N)FVwq/IKAl_)
(c*5e(Dm%yEN
;7}9`#@E/Hs~	eGL
H Dbf:$9y	=q'9hH]n+V8gCNGQ.jO'M1 #cLP\ruK0VT'+nE'BA	
~z3dz`	p#l&ce#h
HiO(<)E,<u`
OU	-t)R9`nsj..idRDk,}ZXmtA8d~BY+J,v?~27_ B1O\	:2HJL`^=E;!dG\ZVb
cu_DW+NA%5eFVr\	wG!J}aIm\CD-D)440QLaOh,aH-*vDcD&!'q"TNTe1E*3#F7_2!!\	I_WkUb[pR'or1ZAG~;'_9jP'eGJ'
xP:*m_55Q_6,4d=Uw~0emb8O
X-d$Yx,Ch/c'J#h-,)VPMCh 3NNP	?x8<2Ehl	WdcW<YR$k>=hrff$Yl+g7}vE~u~/0F0uZB	)V=}/No9x)$%r)SCtX6$E([H=c^ #V
}X-u2a=m4nG h#PXPuJN+ZYY_Lurk@PQ*!=p,&hK	, ]s/S3Y}Thx,e85W0 %cOlUiy~X(Q,teczYY;K@Lh"Et+"ovO,IME`DS}/7Gf9 4-W>5(l8
F,
N^>r*KHN%di>mgtUpfGUx$-<ZU4hh0.V!6;0/y43-Y	^1+d^d1$-g-LDK@bP8^tePJemC}t[K@U>;Gk
jD@'C7s"nDL-%V10$.ps>3y~zN |ht8<w6;!`V tnNc=[Du$jCgAv4d?]n#"R>(ZExo]=E{j;S1m1V#A	 ?u& -wvL&5 ]?8?| fx8T
3l9I+.{a{%v&n\9szpfCbavHZ+0z3al1>K*o)%?iaC**t$p8r9[<h2|k[/VOEaw(Fk#W$6tiD>s8s\n0q}V<o9h7cSOw3SVHbw,6OY%A+*!P	~,pNL|Xi,\v<jy	W2Y*`"uL<!om/q"W/sL3M$>l/S%Ob;b>\-D|Sq	^DFTBOZ,xYQ&7+lFhN@McR)XrI Rj%7i)|pm;+|wM+*b!0x\KQ?n)B+~b!T XHY3leYZ`]K]jwW\>d(onRD2p?,D4}Tk`4j5t!16hQvV)8|+j=RU/2Uk= h[M8*{<\a/jAuBO 8t2*Q!|FK_C},p
{ggZWla5f|z<%udo9TF1}udp6bPC>FKzbt?ct!Xs	;9;@:9z~_eLH'6omWe~ 7Y_^uw@*"Xfw|KuJu_AHm_CgPdG\TX%OF|h	n	+Ue;m0
rTx1#aKo<B&<vxB7~'qEir AwJ#EE>rcLoP'L'kqL*_
<r1LEyf^fTS+W&pz3iuq;Gi>J(]5|5($F,1%)JPU]&b,S4VjW)W"U/b(\'RH)<m?fPZeDz&:
~'yK@IUw70<0!@jK5b5VT%/OTQW?/@;?}f?/L;)o w9`$tk`Tf"B[yTWt*`_ddu&EdjZbc9$;]c.s96]2D0w?JsBYGZpZux:R1%.5;=QA^B|[HB:=Kck[&>J [X!SX.?rBv*6-8'9o9aTY7.?RE_=F~LbtiY6eK~#m{x^(cx5:E
aNuqC =P(Z'kuyNd^*`wZgL`{y}cvC.BM^yc-VM:O<CSc3O7gA-nv5hS64tX>1r^oO <	JT40A?6/(=Q>!iq
>z:jy 2/MYsBT92dd7V7+Lm3~,QfIE>"r	jg)gvS8eqYW"~ibHujX+wvGqtW"nU 7:b:8R(s17TJe<_n3"Tj|bn
R:ic4@(tjo." Ke_+T)6pK~]>	u<Do,wlt\xcK !{N%Y8/j])WY5VmZ / ;; @'N9
m WL.9@y]ir?aC	p'!Qa4_cU*p5F}*AIt@L$.g~K7R DFaJ^?t1U?oQ/<|tPN9Fw|.joJfMneb-m`mc]wbP~=~,$I;oKmz:e77`%0XD&{J$'~i+gqiAir:#l[E^z0([s,./ob7<-%sg1uK}"Q* xf>VzP[0>HXiMf:Y=KtMxb#;HNw-Mn/99x	deC\k$G]V>=#g1Oc!n:>PJT[eq)AXv(7 #G)=
&uzi3
o[o!34k:b!g:4P#!"_Im}.D#cmvYr+cUw~ 	4g!'-CR*9) e(b\
$RAl|G|0)e<rj,
bkFtN=9S`v$?93tk1}gevC4q:/fKXenzWFi`-C!8y&]]b&4	z<lgxQk>OW}IR)T]+!QV*na'&,Yd@SnThU})*w8;$'x<mvl-*[vQc/~2j^4czc;_oUa!5XH}S3`ZTR&f}=&I,E";C,?`v3Fnjd=<3O!k~ 4U.TzuH@,Iw\1Y)_{q:bEVx/{7r{	Lz\7ntY
t&45`1"fVz1Wwnmb=O3<{{ GIB<s gR`)]]Yrad~gx>K:tK,12Zpgh9}mj.=$:kSL7#l7Y+8]#Jb=e<d|}7T+>aJ]:OK
Ra{@}>\?Sh'}z[4dvl`qDaNA"d4o|24 NM3R :dEn7x(q]w2~YB\^^3EgZUxg$ZkPf~?$ZiVMsI5h}n IRwg7Pp*a|977SB0q|kH;g95'us2*4;7N>l=v2C LPN%4wAyfrsXdMkD!et^C8wPf&_23qpph}_ UwDM{%Hh_l1LStalqf\^lVv nRI=qYt y>["@|?2K%@qI8p,KjE?d<q-"sCqQ'8e|Eu/Tn9sx@Gi%5xj1!;q=Pcq/	i\7eTYK!Z]q]eL)1'[; jb} *7R;BI4Bh^eA8TRXi.B[+f\}m2|r{-v"EGk\!_FyJth
0bd)CW/>kEe7M6)+~wUw<WT<D07B>;L cZ<#w{8FJ"6?,X#[+8dsc: I(AN^48kQj!R3=9|E'vF|?~\ j[E	*FmnXbB>8N1/>h?;6FCw,2!-g3Sj4>#MR >K mZ9Mf@YlFre<:/+D1]+8IW{schyr+I>"5D)(t-cmmzQ?=Zc./8tkoIJ(GSTaqeWB>dvD{"+5fskd!1"N#v1-<|C=@AZib>83oNvxZ( #"3OW nq#]Nz2U.p#vO:$Kw@EerdV% :#ODTD#	ZCefe`2THAl%DY8pnuS~TgL<ecrI\,{.%o7iS.k~_fC4X,T`e}{gBBK
"1]2=+P}lw&DO3^0~~i^`Xs}:
UQzBp1_J<nmm?St[S9jg]. DgP"dh"='J oPbKv	p4vBHIprab{al2ZmD	E	F_/(87]';F
 SaEF1t+icKfZXVx-s|7	e	5>"!s?JdJ@>2g-ij5:V8KT`7{s^i{jw%$>;O%i9X?I;;m[yX0ZgkZrBgiko
C1RAUGAE l\C*oFLH1*_3>UJ%C\uKC2`K~`0zR @cMrC6@;]i	(&cX3n5?iNo2fORsa	"[^|W1# &uwjsPqg.<G7Z%3J6\*``s0S}>$!,^F5cAs c=YuB35P9Iy)rcv<JQj~R$DE$S%O84en[!XCTFv{;tvTZ>O*|7=Gz7J[{UI"KmwiJWQ/+BY]Cz){yDBb_.03*aVy[`!F#er	a<g`c ~bl;Z- ]3.;6A^.(U&A/wm&H*1LIh'aRIM/6Ow(k;JNCUhRHgE)(	x7gre
U! 4uh";-M@~s?n[-nYo?'+x.\BX?e`&Uj|,"\	nJ'@ccovNV5Lx$(Xt(#usY*2U0lvg$1Td65(x?_"(_~X),	:_"QSWJ#9?{(v"lwL`G@q%l2`[=dH_6LN7Uo;]	La ?z/Ba+A\2j cV&`z8YhR6,udY22z5^Qyd8`~2[xpb^	au]9sw^N&K0E6,@n7TY6aX	69}84kJ)	`	])r7 N	a!Vr_{^<Qz!`Y?r!yr)aoUhSK|'s!JN(Gk!'dh!-qs).	^27.g59,Aob!e087LE(+!"sMTPbfc'oo&cgS42-^vo-3qC{_Xf'jP!$?=>[Z
T ~r=^}q\s8l9.AM2UAL:h|V]dBx:_S
Oy++Sw 9wjUbEM?[+>j@c.Pq<q2<quqt}fvU\)MpT`JXbDi\6LKKluLJ}F,vEk,dmgvj%E?8_zIgcuaq2UA{PP]f5 9#z4xsZ->?X"*Fl^#8[[	sTDk\~O;8<CshY$	8"Kc;r2(P> jhKZ$"5tR_d?&);ks @|z}?#4M3zm[=Xj` t=Dftr~_PcC`Uw|{s\zC:S1uw-o7G^/!tn7dX[%cEkue!;eSOYOR
!7/@874*}M3 l*i6(a"t!,[D05_60O-t6lE0[L	GqzS*ZAf/ZU$T#Ix*?Q}L[xZ'S(aOSUh1y9JV:'PdZ3[Uy{8jvo/Z(IW|L*JNI:-E=Z`gM1o'%#jrhVk_(ce-pEt=l&gm4l?XEbK@&xj`Z9,H>;c@NZJ;B|A:9#1gNPc;:23#_^Q`y'cm@[v'W+<QNiY2tuv<4p*}bCC#zq$$sN;t _w}<..R(b~]vz(~ZitC+cuhc,kD%nr
UcAHM0 `PI]0dbw[%)QS5>Az[d8?$? xm>C@03>)]p0b?U	/*dNW#dpFg6Jjt-tE'n/pSD8d<rz;^QLj|Hl?2Y`arQfyh`,sC,4O9SjQ=g%0A|J1/k7f3;`xnbizypb[Fmp53C>zQV&TJ-fN?1Sf?*S]^la.}=ro-HJ	]%Pl
9V%v%)#Ml;qV(d`Y]n6A&
kOz*IDSE=Ch%rL.F<]syX?aYc^s8.x|FeK E%QEk9ysb=l:n?ujbA b2C|~f7Afh.M@?FlF7/WMJX<A\tEUY*N~"FPDp@:!v\II/)O*a2V}Wo]
5ILKSpSy-:N.I%1OBC$F/"b6g^{	I_^a7J<6CCX\'8,g	Pz
&]_c=/}-z.{[H\Zk-Le0!n<(^xi_ziw~,wcYt)* +g<h_KgI]NTl{$zy!f{!}5}d8_x@s'9[{6:E"8C (op0<}i FE#5Uaf"\atW|a5	f*J+[6[o{)& 6h	Zs/rXfVDug	kEnx&BACWSQ]z}'wkbc[BYHUCtf^pF)VSh"v|&p1P:FqvR<_+wuJv6YW8v5SUYD^2;nmN	6[CY_^_WHJ;8J]Z|s@tu$vWua*KMzrl=-3%W	YcbA52YL.SptRL?TTbDnLX+%XDSj(N5vnt9>de9K^
Nyb+:rk]^\k>+O+pc+J4)'Kj':F'	P6+?n}|*5_8#&sH"[kKKgfJ0USz3SrvzfB&hUAF1VlT>LwCcfr6~KIG,2b*3 8SFDIFjAiQb=PC&:.fT(MIeiT.aI/l@	U.^!j %B wq0m$~;Tdg+nJF)-BA#R&P=^/2<\, ,g'\JVY;E[i\1Bh?3jkz>M~J
z_!m	@qvD_PTQu!:0>w;fI5e\JcXzurK.M3	g![)?ZVSOd"eQiB-l'E9q"i%?xYQ7w7@sj?C`yw?KMH)J(;4Ob8Td<-=()JU F!`4L?_G!V1(hynq}aG> jqgXj,XLmHnY$Cv/I[nev$X. R#D@T5 5cr@w'{fhNLKdHf"/&#$V38) SKzu<A*x9bC)6h6H-5cV5v""_	-7q%H{#N-4Br`!3fX8Vn-'Z-yy.B&	DgT`b^Nt;gKUb7x\Xk0olUHsRX*(]]2/7> 
Lh]%)
Bm(6`2H~^Y#dHQ/Z.L/ =|vS'@w~>uBN8lOe5'&oW}#a_G[EM(( SIF>,"9#V9\[1zf](Ws1=gOS2}G0Y[E&JFs)b?7n$]4@~bp7NN`1w~5_sz5/gHA9K6Oe2c5*k'P[
 x0u]!9{.+S!!'?-1B:GHR*`u!KoVv-]rttqaJm%?Ma3xP
ruG.B9KHPn)0wO75|=CTy l2?B eBw'2'z^8zPw"`tE`	51U.;/Q540BM/N_LF+0-D"V!KB3csQeE o(YCZ]
>u/Ti/Sq2+~0 *R ula=K9|<d5qc]M\R-]If|I
RJcAX8gFn ?Vzp0ihwWpI*v!Hvysg#>m5`^/r@:#Kc>k3:TV3/OE^{'cFAyJt}$B*>^LeA7|doKOJ9'73BrXkpTk	&s=zcc2GUf5pd %xU+C#HJvu9m_vO^_$z4oG9V]OW'0C{)hW|>hb9i,?LfP,q
}FD{Xb 2eO`L79\&:`X$&!h+^[?h<q!I(xQ7H&$u^C=3~f<;x3Y_^D>{&zZsl~z536Z
z[r@F/D|_IHQt;:'@QH=Ca
-*Q/]/mEI2DG ?HePoXt*]Fdq-NIbFR8XHU<Fu9JPmPDXyFwO?;(Oe)($/-qEg t$f4o<3bhE,oQFrJ`v7P7QScCB[HYVgM.BUZDD3Nf=0n`hcEh^v]xIha)1v,v:7NS*3Iy !!{}Y+94kC1zQpY.#lmx&yYW+\s#g7S!TL_b13$1T~]+6
qW1wB1dL?1]0lWNt%Q+dnq?j8y?bu12Zz1:eN[?v$h\SGgJ;(Lxi::j!<[Xlz}jB' M$tb:.qE$8Iaq;4":$0{\{/LNuZL'J'|RLg:EY4,,}sAeBKl~@E 'Y69)o:Vr9\;`^R rh<u\<3(c:	?&Pu'kIir('fD)4ZG(pFU4v*c.V\`M=9j#pZ 7h%mrGBB(k`-
{AjGQ=
_iw1i_`N&_bl	Dyi)enF?g.o[w) C6Fi qi/:'BUQNt
.J_h?"-`7hI!~w)%(tgH+G,,#O|H;z]GAn*$Z|tzkba<@7:mJMJbNPT,q'-gZbdy#$C!F2I|)8qMrA}w[
Y#lvHu_]rN\4&5({P<N
[vX=OcC8F,"GC)/
@Lbn
@<u"!1TdL+'|b^PCm 	o?+WQs/{k}
&Hwc(:Pt9/~|#1@U7{H8' > PX?5@y-pk!f\1r$o+wHfQ~!B:LJP6W\Bue>28	/91@_DCjB;2I7jfiU_+[[6:>Bht1@s)bnHQFR.#Nzm[*wCD1.Z>P N^J M:Ng!A>	i2,ZC<y|RRS{X>^N&#`uJ65m<5YlW}[H6|&1~@?t'Q1x-0QYAV.#^E=y	l,vE= 'z04<"K:v	,q_M2,+#Af]nWyf89"yBSc dLM7N2L"T2~4y4cNQW	M#MIe'R9ahE]>	97K8<j(2bSac@CE\JctjrkfrwY%lD{nx7o	bU=E?G|1LjE?)Ga"@IcEVb0k>\UnQuF!h'ezKLH9t}{6tU8}n9vgr,j[?[L)SO,hGf%f\M9TP* a:eZH=~\=lR=n;>gP(vxQ#[+aQun=2F 4n?8dpZ 2dyDG,VlCHssf>~T#/n!Z4;#8Ah:B]_j#7M[6pTji-gqPn,Hu1N?'}R8Nm%t9z<njWx1:;f:`I/lPBrh}$k-gaW klYN=C_lZi"WagMJM@hSU"b~k%`gVA&dr?h@7azO9%2=Qa$0?Ha'=8_R8K7=h,%%p6]r+ .M)Xg[~\,xy2JM5]ne~3U	KM2J>UuYa;S#&?	dt|Ab51m6a'F5X+Oy-J>"]8nW)+4Tr0(=9CarGjuP$~{8 G7)_c|d*,~'%gt %@	_GQ8zW@ejmS]v1a#1z+~[\TNA^}T7[;p[nI!HYY&Lkqe;:=sN`7~Rk6[qPBXvmR8psiuV&X
 ] 2;|@mW]VsZ#fsa5D;BzbF}S<|Q,(H5<j"hzr:)NnaMi%Qa/?Ko"R0qu8 L~=D&
]CAwR>>Q
bn59:+7,\6<vB56bx'eKd.>B=}gTB'N[Fnp;kj\y"Jj[o[iz=wm'PFgd2mv95 ,bp%o`KN^.>J%<} o[+i1D4%zNW"ha]jd#&X=7%56#/zD~k`RE{;W#D<Iqm/]^"$G:'[ey(S~2E;Jn<"l6N=Nu;$W^y>c>^6^7Ya!pD/D	g69pY-R)3 ""NIt['Q:s{Y1!$qF#L"IC:xtC0 oR$FUX7eQ"A5/c?xjLK*X4WOmE<qZMBa81;au=[]G4@>PIL*$jFga!g6k; ^X]0X#{r!iN
p d+y3}Y"Ipi(ho"\tx{{ajz<piylBI' ^4(XF/cM"]4a=R
4J;xBUu?X%|#vaLg-L_>vO^2btO]n[FUtIF$nh$ M=_dBeIj&K	7BE[n{QNY5[v:YFK<ejr">5~,K5(p IG\D%Rn[Gpw$)Hx= ]y-tQ5q.V e+Ti '%?=qNf'y5QI8$_Me6H`g0"%c4q'Ak/ Vpz9)QaJ pcTW9-vE^^D!6IS1=(J	>p/D]i9_n>DJ,L<P :c|:e:Ts^Hj%c\V(i>\ 6$!H"
Sx	T}p-yEBmJ;Cq@S##$ NPk&#g<jmorR{FDR4[T),Q;ybSj9uQEf9q9A.d+L{gkFe*}{KFo>Q{&o}zUvNV#QW|)mI:#'qXx*xp'=X&P=+D4WpE%3cjSOudef!6@(Iwt#/^t>j]~8[]Y'#<eXr-'AxP1DY
eiF
vqX6S`(E&`784`+)-(o
t.-kAK6qyd[IuYaYz=K*ot(i}pgE`.I M3 =cV!),dV&3qS`d&xtc}''i;:Ix"8{~`2'	1:c@yMJTsHA`1LQ\8\3
JW- Yv\{-X.i9	Fx\6~w}A  	&"q=opp6/k}%A4#ZqmLX.dmj-&$4&^	lK5iVWr3p+T U-\;G^=k+U{jiZA{JbbYe.<gm+gp5btwUlSqE$(D[@&^@Ao?
]Ok-&<gdvZX?74HhcN5dIZqa&e 3_*LbJv{'tfE#(`/!XX=(]_0!7
Y"tDF?C=lDtWC4:*RVPhe@eJ9Q2z6{n^Hc$9.D& \\8.uwO7uvZp
Q%l[Vw3144J!ykz?0jJR-R{o8LHeD_MF,fI`:wt4gg'^,:ls{tRv<azDP36+,d[K}&}0,
4	<,RnP#[;nu=*2u' k ^Uy#&2<L;6$8 jft ;(1eW@G=YtZ$Zj/YN=\Kr.1u[!V3RaQdVD6N KgX5x,oSBY\t>
z BdvI8oLt7j>IfsS3<	}wmx=3\KN14h:z?98{qmTI%9Ipotz!Zx1Zr
Ha}e&m0~hF;_3EY0|@P:\|Dc\v@3[AKG_;PR>Q'ksBQGd=dEA>*f[{8rf7ne[^FPDB_9tA4KPq6i Q4g_jH=jK|lBJz}]x`;:E kclfH+]G\IA^z OHU0>%3vB"|w}FG7,GJ rS807fg4
gK8}
[gid4L[b\}i6XsHh_)*Rr\=ffzxH.Sh;F%AEhJ>hexD?H m	HT2a_	yfo* XQ4w84|Lm*&t*ud
BG0}uF		byi)[D_HDsu>VqSPK cI X#O|S@[5LdKL&Uc#5c].	&^R`v3_k2e@6EA[db>'aBNxLzYT3v 	o+3_N7drvv
5JoBKb\[\| u-#S#24Z,ap@5QaxMmHp2?&2VT]SV&|H)]hxhZy9ED'kxzr"_#} HEztplc p)CD=MVUga	.8'/`#R+jo ZGI]9sKHPyZGKOm!_+j3v])>]8)8+UAde
&WmgB}*DL^SO+e\z)]z.R(<!C\m-
Bw/'glR/=;vN %h="\pX
f|*F8Cv,x0iiv6}%\gU*kUkH5l#+x(H/-k._M<y-RWix Rp7v5ocQ 8EoT-c>/zP
."Dk25!Jn;aVu6kPe\s3*aI1}~Aw/hh~/s2sDC$xCdy1B&!
~iH#:`f%oS[@0@ujk2O/	&kkyUEC$/rL\SbB>_ }SL`R~n"EIL4QCC40AJJ'P'H,)M$OU!r
k1R[fL,w|Q Bf->Bo99?Q:j@|]zb T)fqBxx{5$t `BQdE"3*gVN2w#ixA3Fb.zDDa!i)30#LTvK
rgCR& NT:aQX_rr"`Ql}>+<>:GM|IJ'$`kD:
l@BTcoISVNwA;P9EU~7M{I@x@}vM!UhcsgCvVv*p>;8IAV<W^[a
	*	b8I,6P3stRDjz~l'gf3{SjJMR2{2o6B5# F5D_=Nc'3+nwZLwK%}k"l^"K&P3>]@xz`H:lZv+/gIqYCBWo]y8qU}}#wIbr*o=#5)mU~p4v6j/wBeWMoklu$|&2j-0Btawy8K'P,^Su2B+	`N(ZzhTf[d1rZ^~3~8hh,5AwWS'z~tx&d3B>t3igD'F[]:q^D'_XbZ6mTsCmXfX1<y;k4fFHtx)@5K=!WQVP]t04J4RW	GOl|@MW7RgnC}BwnqB19y$])[\<NX
}^}	i=v_Cx"h0A `T0w'C._x1+^OR>;zDk s>+ 1XB*ABWV#S+5|g$ N&~Ok]B*+)V4LMY{ca/`w2<c4l.8O{+xmsEgUD:4)gR(}x]Y;2F..+K<R7	;7umIBsnD4#+L QbuMud	!EQx{EM\F
0Im5^HC
t&
^\);Gmb	Z WzpL<%!Db1Y$*YCd8o=	wZ	riP0{7{LAR'&I<J4m	M dANx"C
}<r$Ijp(vQ_VoZ> FQ;Up'J7QEMw>I>?eH; S
a9cP{J/rdm~;iLe
R{h]JJhY[	V<8Kv:,| .!;	w B-Xe}R&`9&+GgTkFz:j)yzeF~?ltu#?>08-yS5)r@xsBt5zCn_D,1yeA:a9mK"$C?}n1iE[Z2 C Kc}g_M4rW)meP:(o|VL]e{OhKM3-_wPZ-R~K<EMYz1lAT5tCbu}c`ngnN&aw s~7=<C[W-BR6pIkVy{<`yzsWlt]u3pJccs4O?I JU JA.~LTpERW0F+z8cpLJ}VPR-#0C8iP-BIAl2xNX`WY&n() K^Z	hSQe(^E'cD.53}cU%-c(o0 AT~[v<hM0?2*fP\3e4q\(DU1?|m'STWz[3$<j6$k:<J_9K(tmgI>kI&n&1)UqQOV*CVro4RepI$2DtB2'HmBvqYP^py{gq/{F3v58o& DAH~^$i7P#7e [584hfH	+kPPbSql"@.K@:<Vs1}
|3/J"F>5jWITc`4K^5u_ZMaC>B_~{s<%!lA1d;'^LTUg{b3L*#&zR2F!U$xUqW!<1N,_X>jC8qe-V/A|j+$8HY{Z{^f*);yA	Qk{n|tKuI@
JS?Y=%IpjE~jFS3siJYt;jAo<3N}Wtxq:!oc7{x
ifd]GZp~Xr3.RGFXHBG=1 5|yH%O^GT.E8EXsrS 4:''}&3K[?n2c#_X_YD-*It%'=)xsX::Uo[<w*g~,[lWe:0XH`m{$vNmo0e42wzql79WNU$_YsN){JV\ uy_\h!8kj#>(UN7&+_JkNN>];g$FGO-;zFNvV;;ga?XXTUuC1?HKd\jD]]|"{v5@fq[nyIRAcl=
)2;^i~tM`.(	Ms
a'f/pnV;%B[(oM|~koYR|aIHO#}i<`O'A@	p XaH|aihVGXdwB\O.	Aius[W2dYT<q
Wi:L1~ },K	$1Y7-3H4{jej~hZ:v}99;<%N(_3Z1@ucrc]G%	+LgUCU/LhS&4Pf~cO 9I Mq)].Z2X"?Ppc$qWKmMP=/%w3.1(X])MY:HC>HN"_*R_J1;^SSZ/x,IT~pq)b`EmudN6[;4#wTMx-BB7:m ;/<Qkkc\9hK#Tj|XuZtW`&-AI41&YPc%cp00&Z:*|GaV"
h!}XO\(]uW|bZ1;=u^2d`24*si$GB a!%K:3clr2Z*K:)\!hEF:qWlVS1O49GT{|`CM*{4on8_ :LOd6:d?M8uq=8
Re+D"0L*9}t,zE k$1l
y(;YY.z=v%gTHD8=w;}ntglbs<}z=m"Om?dHXVr[ i9_tbOIOIXMCD{m}F$Z=j#|)(1Oz|BY2a9Q1'%!3Hg?8k.zD2}Wv7NYb"cu<5E2$nt^)vyJh4/DBP5Up;u@(Mc(@12H|P+.;u0=].D(fiMjes@q-nrK)'P<wy2h>=tR~0kLp#	ql_0aA?6|R6ELF+m*8KRS0O}%y=kNw!ZxYdS_;Ibj*x	+DN<[ D=Cgk'd[L+E`B3?]J=.nlKg=l33+dfn,X0pV1Q'OJL=mlo>0odmera Hy	r:]R-;yRNcgyx//P0)y)a!Bcuh]i	l`E$us:>;*<`0R(roFYCe+e]SKGtvSD~nc7<E2+7M(:#[ePDd:4Sj3CGG_FO5+[ 4<61cD:AbckI<<\dc@&K6$XF MxSsYUiv}HdgJAEBH&BbNNpXvzGOMzc(ve~`19H^`?=TSUJ57$t'X1j'&L43MBC|YGjb9bYvjc)e0}ZXk6iM\km!I56cQ.3=es;sIgbl_Sy[ h*v3yfDV`'K*RyB CpBG-hXM0q}.pSLWB?Mc`zO?d.Fl_* Z PrCP(]|DzR}3/ky: @:}m.L(<C!]XlzI['9ySUR)OH^}dBCs]P-X>ZT3maW7lAG)hE)(L<jnG(}3h"3UM(Bi1vM1@j[Cg<<J;2fwy69
c7 '[)]y-rpVdWik|D{uo&`;>,irT}1&;fKo+-g3R(NPoMy?:jF{2	.:![1OSV'.!z@/s0qG	Br<Mds*O} 9dF+%]!)drO8Eo*bnCa{EWLF4%vQ}/J{L2]Uz%dW.qpZ4`k!hi!VQc_+lwj5I;]tlBU{l3/h7`;_R_f9;BS*MyH%=pu(a/8@e>;Tvji`yxt,DIsD"RL%\#ZS|Bqy[^H<IIy]z`GE Mw{+s[X"n(
9x$m{I&3SRX FrHq1\Lf_	#WnSe, >\}7_"VC beT&qW_N>PNl
ta'FVtZHS~l~u^2Q$$=lMOx@.T(|yZ%DCz28pEc=;O4Td*6J}EX`6*C-Ni8ZF\<X|IP5a!k
sa1Ks"P7'kRx`^c@RO{7Pwm>,BP^trv w}7L^eot<P4[d4 CoG(hbBTf*Q)WU VJsq*aY=,H^15re^x` R91}Lg_/N{YRHP~,XiF=Ov  d#nr kwTdhQ<.rx4#&G[ STz(GH S}!kXdR|]d[ljJzsk23Rwnv+:3iPC>uoZVJ	HM""	&=u&S3*R5]/qhlWDjTIVr(fSB4N{g7S%w[ovCdKD~c G;L1$<S-GG&`"m|]\_k/O}YW*MSm_a u'.:d)yQajCjkIH\R#TUb5[
eK=\ 1VfQO|<V>6gH,a.)5Lr,FaL)kT&
ijH _ x\pW wMrR#,jiu>DQp{"mIXj+Tb7dg6@~7	'Oc@.k%7Y2CBO?[rDT(<=HLnvI$:#pb(+dx
,;'$s@e~U"u40XBLkfR8]slS3D.e6;@,*kb!i;t_dn[' BJV*DmAg* ^1")84#lC9,qS94,Oc>I^|U4Z?=Q{in!F~A6<!STNH>W*7bm-)
z[!L-:;L	S_E-TBbO5x<Eh\Hw$m&3"mS[>pAMop	
V_<u}R?BdUBATfX~d;HZ",/ev, j+X)P1#T"A# ]"aTn?(fp;=wlykYeJD9/7`,St\uF-m'kF] c+f	~6N  [Sa)IB]FU9F[h%/ \8nHN(|j&-z :h#8^9)wH)su)	q7sKVK}[bH^fi<Wf/f'PPUwj;WQgqFGFm%$DlN	vA>\o$fYeM<$]H0pO:tiV'`PgAf+*;YtN$19CvUAI NUzn$IY;a ^z[AvaxGLcq*_g/.1''Wh{nb#wm]K
3g{lg#?r=x(OmzY"Bv5K=_:eh ^q7bkf->l{&0n/J6K_7F6&`H<)xcW3t SP~e)4{hp@^_W)O"x7a	D"\eJcMWwu*syQ}kJF>6J5G>TBA<m%P@H}d$zD q2>>bCxJ;^&KaUV FL5ZGvt9|tQ~H^'vAhTh"P)&MKrm)s].86i%&.3u3DxmQ/b,4bRstZ~EcLW+/A~`@sfAq> %I1@:*=oiWMz/q.*">E(YaG{}?t>sg4b&R"2v3XS:Bh"^?ejNJ6^X$cO hFo_O4vZIGMxT|0qs{b)@/E+l_QpRDyYJMj=9"RWq! c [mU
oS11wO#eW;(wR!2AI;tEUD( =!V3~UT
#x7	<N[.-` ?H%?1H=)0-h(LEr*
J-J$Id=ud}6LGBIp5bzM.I)ci81f>}"x,iS8P "e3fdFk?Fori~l9< VG[74Huo%Ka=nlNKLXJq{*$<C<h_eU7OMO-W`yeyP77)d I%Bnuj9.!	x!?u3PQ95C/B%b}Hd;LgJu
R0275"oB3eq%N]MUP!Z#sc^M^XkZ~qDPvtu(33{s")5jh*a\)L!^+b/=xPHSh0h1DP)u#.X.o\^eV7>56}X cgVl7CvO(C`. 	>eGJ[sL3gU/*d?Cobf\-i\Zc;fu	1a+$`shr:$,(a:bv|J4owXf;lL&f:(8>Q==Lz:A%<=e:.P(e^Jqdm	5;C	N^#GjH?T3Gbg>CFq6|`	tW\6r0@N,D6:HU KrBq`O'A*6o?i.k3i	Kv134w7UJ=W,3&+1@fYD#'P~TpLq>	L"gR?\{P!;0\4Z{RAYS=
I5`5Q"`GhUA65fCh,B+baqVv?dJPfqu1$bK=6LWEVm\vSyY!_r`k
6.yOlDKx}vX>hbXGtyt.nS-T.Ozr${6/E~ ^x.BYmmd%<gr*AtN|2bn\?:<\d!o+(Z#%p +SH{<A#PV+Gy>*ppZ:]p-)/+KD\RF]]CP`5tx^)Vzt)l8	b3Xf HOn9{B3^UAD SJ5sx--m%Qyp	s}*GyUAMmC5(tvxN/-T WofXF\+{7;Ru
< <Y^}Vy7!zuDYkWY .R#X[&1>fJKHj5=mKz9@;!^\4aQMh n3rLh}@.PQE,C	Ex`thQ=Ip'WfDZz??YH8	$]T#=~1<VxZHZqwv%~]HBD^Dn )C"@lGwc>Fgz0RpM.0?siD.6-
,;uv;Y4FeMU^6~oFkS
^r}s`"owF)YvaLmcmUzhFs/SVZ;t?E{|-=O,89(y@kv1d?w2C%xopmO?rQUHu $}lCMx Q~?Fh!.vgWnOP
=r[ "39r_'u?k- fKBPXac\[sN=N[a]yE\N^0v~3N {wgFx_=
d9W;EG3B^I.:EsehdqgA??0Vz_rHwGyE	y,O.;6acqo|28Kw-_Tq=jn"}uz@~+@Ml[llZd*I"zyfbl"TjG1J\,/"^3u0Ir#/y$?[kY	wEDsFopH9)hW$[*%^/5-q*lk_LiZ22l"4_ZEBVQ%VC)@z@Ux\/d*_(bM!CPyPE%-D(Qxf=G< jm 
JA}]st[a7d{d!+	3X7VC$xS?c=]~QK[<$3VrQ^L`_hv1 [Fa;lvX"0"#UGn^P+#-"z#3tji>_IYiD"p Q`\CdP@@=7pp;1`	jkE7B	O2FC%cWjGkl_C,]!rx-D-m~@na`|kgxEkB-G)R|G?xx0nKT95IL4GA0YqSI|x?\nva9NKhVk{Xk#l	*8RM}%Zw027> 5Wh/#[hKFhPnd2jby
OKB#.#=e]fM3	$IQR9!dGV5/E +1AyEFnfJ<XXitK%q{p&ks Y}]og#c:Cy|/@L?r"O	~;_Ae7UgCl$HK@,8x;]0^.]Vt#~?=X9)Z8h!{%Zi"O0{U\C8f<Ji$w4lr >TnNz|$QMF Uw<8P8j/}BX=W-zl:7j>gfVDLMjVkzo %W*~GJy!+7G+fH8qf.z</$67/@+{thPz!oF-n$Cf#\`)K^^zr[8e(s:LdG5NI%7 4Qh'DaHnN2xl *GGcwI\E&I.WJZMehG*@
0u&?hN]o?e1'29rfMT$m8`{q0RI{Pb2:#
vWZT0ub}^ 7z\72V.pKFjx)GmsOvPGoY4jhQ@;|lZ=$<4s`0{`{SuYF>"%tuR2[P&E)~f:@	<n)|&&lj`F CzR<HE"ayWlz$	!Y_OU'Byga" Vb,5T.g0/2%mnwOS?IH_GXYIbh+d=VF}k|G{Q*Q&wHs2Hn6EM;^j8)"|JK)1T@D2Ew-5h|9WV|vtM`	\YjvOA,#d
?:$-H.y\RVa}[**]="CbMkY/4^O}:4z-Yqte[	3YyIi0*s2[K1sL GJV/^aq= gCW*PEnT|cH:Yy\S2~Jkl&=w WcX("F:/MMh^T+G@lolaCZEJwQ_yF9wn.fzVzPEjfRE@:Cgp40IiB],}8evh|T<ykH2cz  T/8	"]!tS>4:g,B&=&|G
Ir%pDj@_$n3ec#n

g
6u[?g
,1o3gV;st)=q2Emoz:c#MV^Ko_ozC^x#&7Q A+Z/1)>hh}EECJ*>.q:<^h>Y`f[Yt,L1p`6;OU}h*i_29&'5=n6vIm.<Ppf#4jX{x
FnS_gG"[3{pY8SB2^C=7)a.*JR99B8>H\u[<f)'Busur7*O	Z`XToIAgN_;+t0wQ=2D n>Q+J'!0]6rt6 ipKv$5h7Y]fg5wa0,:	{Xc;|8 :Zhb)Kb1W4f50:q@~Jue6iMCwgZ3sZ_3G1ou46y*<1Vh|;G[.W\2MD^!ZX dr7I|1n$Fx-MT- ,Xja
Qhl4%{/-9fy#ul_?[qA@LL4bE6-Mk$*F=Lx<tK.6$PMZ5W`JFf'qs5.3)Jq#n<{^+iVRvmDz9a,=pQL!s.IqPDZ;A\ awR9Ml_;K'>JC{jV*Z(q} I?jIkg5)e~J5[~^TBkma| AnpW(l}ttNPOzf M#]Ft>xFC,g"V^(
KcpHSLJqsu,%B>v_k"z?(QcDB;r"-f+2eK~YiVCJ?670 ]SgiWjI;^1H,t{ ,@nlq~(u ;:79Sk6k\uL'+19q-aREl?#9o8n6O:(	*V=EM3r/6=>fkf3{_;_<_YDTcoW0T$|Ar '$p4zF=e
"HiAsB
@<(bR#nZ9)G/{4b= No!AA=eGDU<Je6fowGUY+r'pb_Vse"{T.R,"zBz6* =+G@#+pG}>cu_LW>ATHzJv`9zoXtKm<"bD(dK83 [#xKSy =P<O&z*+~$2)ANax$kDSqN  Qdmj( &K@)"sjb&FG	6e	6"&NG-y' a_*2\=6+Z0@T|r:<^hGKdOYP"](Kl/.(Ya;L_f~]/'3%KvWi{E#.ejdmJ.g^z/
i%^sPgt&6[}QG5"~#0M?s8=~>Z?}(&1s-5)DbJKO= q$PFnn
Z%Q47I9
zybkqj!^EM8!A9 }())<v]z|E+A0<yz_	)KO>6~]j#QB^R(9F6_#"d0Poh@YjK!m&Vtq\njh4~y1~8CMNCP}F[,*8@N,Lbn"L|>u_NRTfZWG,=,MD';4_szQ@,@Nv|Ps#}*A926]Mu`>(b4V`4#ymwE"~fBa ,6Y|[&yTKTRxQY=5*LQ!gQdf!
#c1XG~6*4|-vqK^-ZC|vu4BQlygjY/fQfev&J)q!g_-	m\dmSY|>7n'f%}$?N[SvIj\(T(bdC&@yvlCEMq&f|migR0_)nu>2?Px63tLiu_3 wUIQJw+0E#ejVNhHbL	;+|OX#l?'M,gde.|x\8-bl^n/Q2;$S^(\.`$Z?17yp0ciy"/sI.	\AX;QWj=8:dU)>a`}gv.]V]	/O'	w))w`GxsMG$>q-/rZ#RI2Dg{
}6X
<yI 7?+vSLk3==z7-6Yg}&8*;7-u .B{
fHdfcV\@\tI35+:ySOTw!Zqg:9c"JHM	81{Zm+>V#f gM$~e4	C%K9q	0uYTIROOl\J[z3|	v1L*wxHxR*n%S\.rfD,Yq}y2<D2;F,ZBj7FQG%X>!lmiq\L,xtb{<rTA{S81 \4Q30cSf=9~Qum;au"5y B:xI{<0(5"BfkD'luA$`t7piy4k\lh%}L&g/3Hx
QPU3^iL(qXFf=E<XaBg!<tDbhG1Jt2('W$'V4S\'2D:C!9K10B1f<Y+6ksT%KsKWZ+BX6~ Z]qls4F<fJRH@eVN~bT`U!q4kwb_yshu-AGAXc\OfKM;Z9g{3jdv&Z '^+9A16we`})X? .\1_\?+ F;Xz2`MYB,NLRRPER.:{AOyV{cSkg CIYe@g{o0a(XOV8atd&z$,nJi:,#|*cn	p>?2yo@a?g*UH[soB 7_yppnplAn#ig y}I|NW/#$%W) }fQ B;!p?YV1!.i/vX O;^FW9UFdL-$ Qe?k&|8j V3Zj}/{@gr -IFF'{1@~';4^joO !7GAmmvM+O6lwSpMW=f:e.GL=,=fKZ\hu-Lj#Fs*,wuK'<T=o4hZ F#_',e'Lj*0H@X-Pk`NcI-<+yCh\[!$4.*G)Ms@xc=GH\
}31K0|e4dIPc]{ wD8 =)WIwhoy	5Zw()\}5",y.pQgL`~5~exm-$N4hU#Uj+M76@%M5p_9&&(%=M5})rvgSiED-v}l'@E^X5*s^#:}dY|;bCml
&?3nQUD2Zr'|DQ\|QY	tG y*@wx	P!uR^
~bPm<OvTNta`mz !A=[/J=GF\ +.*D8	:\b% ^c>sONr6qzLM[:32u=23%POZe\c!E%x92EM>0w)wFxKn6|hI<e>-'7mWGA8['H,U]+nDMD5,MOqq [&H}D29S?KUC3()F~G%c^5)6_<^kxn2)ZigWtnYn[6Pwx{4- hhE0";j[kVsY)[FPwC82>!<HP2&Mce#zUmZt:?Ot&wkUjUSMmN9KIA7a;`/N])8<|/ St,54kRL&J$0b{yZCQNxSBD]|Jn(n)$ht&aGi ch13fnu[tU[%p~:jqUHCV6R39Rj&5WyL9Kv99KK/3W.)[k%  $}|6UW 68&l"FMuW6f9s
 #yG^MR5AZIlbW@WM5N+H;|H;e$	)n~
>N Ov;faOj1d(s'fJT~olg::glF6/I!0%~P{j.fSX}yZ	ZSrxnR&jvzyStmDz 
s~3N#Rz2z]bN9izw$IoTY` 1z+)cD6M!D(}SWHIu 5dW_kZFT"NCp<]U?{U:Yra+.];G-<r3Fd3W[M-WX$d:S'wr(,6N-G>9lR[%X7NvD"Vbl"EM:L^l4aZ0}.%z8XF]T@/H5-k9H7C,Img9'k$x4w3
<@E"@+},e%e)0'*5	1T^!kC]R)0cp:\9E`4++mQbv`+jB8w=)xBX
Fi#~@1l+/+lT0Y-x2>q2xJ:<*""P8_9
l1@1{ji}(O\H_Lf	F2+%?&eh!)6"d]|9'mkK;?w//Z[Kd_br6 	mVCkJnoz}|Ul/)H7P{~m*ml B+qXA|.'~L@=lHSe|$T/.}%0_4f^|+w=NO^z!kN|:]Qp5naa_ |{>g{uIp
o`g0h3ZxS7orxF:Uat-`p,YD"w
 Fs_d
QcwH!38:=p4Q K6f;i}(sh ;bfofy?p!T8BYb X@7
w5C_d kxh5SCY}qQWj/V*\"fV^cdP4cF49^TW"6vRkCUa P]	c4CvVI+w|CqYm #TKo{pjMc3Q\8h5V6og9 c5`}9k\vXWHEb1^)! ~;8MjW-)W2dm)WBX~0^-cETj\p;
^6|p}9>wBY9
HX^9m
WV@+d_x	Pxf-ga;<mjc`M.f8s*3;^OzGY/ACSt[+Z^<q_jv;.bHcp{j#<FrTs{;wHp'	a'Rb
eV2.KS|!BVX65>D?%^
j)UZ6t_L"OeE;WUe@
xPXYB(5r.9a`EO<*gyU1qMu8`GFq~G9O`0A< )*17cGD(hpm:-Un	.lVX!Ue@:L@dtJ/H|9m\4Sk$V?Eu
]tQ-:`Hi<FU" /1DKk]McdiFK}%j,EAy|s'o;~) &TTzp?n1$@P{4]
06y^aUx YRl@ _MrvyBfPmngl QJC
Hev  t$nT]&;=OVS9.ZP x;cWQMDG}Z+bOz+Q ,{%h}%:Fh465.zf>Q}>nk6:rEr5jxLl5PhA<@i?u$N*>b+]"ei^.?'v[XGvqy#uf/R{^-}g=ox*sB=!IH\ w&U^0{AB1XGR==T'xtYfAUJ+\o6<+z|,?p Jq)q,=M~_LV!
o%mM\.Hdb	[y|OPT,t)D7vhw_[%y|4sG>go4dhSd6?KA3 )21r/S3<yxNnP62x$Bc'U#;P	`~9a;/j(GP&_>cddg1g-IiTXya;XPEL5cn#&Iza6M%PG.\A8giDdn%8&ki6Ol0h.\P2,z@.1)L9XV&gp"J%ICEWFe1	':a)QII x>?E\5jn\8427i~KCxz7*@FYAa6G<t|iot^I_+8-5Q"`BO0LU2&<&Ml0A&Uk="1-Jt	SCAu ~k8 0-0i `6?N k/
,7D_a6(%tyn2GT_wmaLqW
u r"ILlGEC 5WU^zvh?][FTiva;4ls6| XEzGJ2'Jmx6 !_T6G%?d,!@W<$Msy\\V]Q/p@`|e/R|)L>M6L1987Sog\bvp"o!*~|\o!df ~n;xTd(XgYLNSB9T~'\S|rLNKRv.0nM~UxHv^lA;&(=!U~MY+lo
#L0{US.G@e.JE`0E{YrDE<5|2020V/c7g}aovq%*Er@{EKZi"Dcc<VX"YN/F,82<+b_nJ8>*0-}J#'}/#ioDp=w2^gv,X4<z^Z4oF>KGUn
	SaY:{2iwmB2!f`mOf:$6ERAI?:M[hTK~e)udsV[~`EZ8D%t)"T"Z\dBr#Ch C GT0sHB:zQL.i%)\?7KJ,_,FX65R666e$dcFSnK"-C7WI#qS7h.WS9Ve`E|C	2zp3MQ_%z!gYjP7%U:u+'wZrY Ze/,.pWouUb5UGdU'-nc/ qx+@0!I/NO6	:?gsrvG	Lb
R\"o>8IiNqv.X)3% V&fl1		%(bR]Vxk[K	_39ys:{a3T:8-?w* z6M`*OOg"s}fnv J
zUbo
`p=6he=`0p{	NR(Sa3"#w#6&Fc}g%lCsnw6!&*^lCj,<VBp^24`Vu?VB8g~>."wjyNtD^VZ!>0olkyE-C=GIs-vqE? SNo#;.P~D,d0o}@j:x^xr[6w?RoP k`s' k$G#x!bS Dy|r +<S,t a>*d5gO4IkQ!	y D%Zk1rffMun!F},5uQ4? h[&xtBX7#N(.[{8'LS^Va$ZxWyh4|~3oIDfLr>?/	I(! /n[K5t?xx83$9e7!tVq2xfT]%!6Q6pPb:J}Xm!y:"bi) "D
gyszo%g{XOhBjA* 5<}(D`Ri,y

)-:O%Sa7(=(ib;D*zk,u48'YOnp<Cud5lw	^ x3tI ^~/4/;^^PM7{lzO F1UXgyLiXP_9((c0ak7}yD{P/YS)r:@s|?m"UgtB$l#I?ooOVGR]Y_1oyd%]'/3%#NV-E-Y'bn+OE_V,aiC@S5`@BY@h8+mR"ShfG5<4;>8sj-^^JE{^umxSx(?=Gk}?$?l )3+]S\1{^l!e1pjPZ@p 
7SS ${tZg4*Ag}:)Zi5%=+NaO*Oh8hrUe_hg4r5Ch
Tod.`}=q)SHv28=af*g60Zvj74V'	B6g[tRhHl:]kK^}Fw#C3^
}y~}L7A mE]]c]]uV>0<in~347'8^&DxX-%K+Dc&,KvLRQ?c.Hb0&_8n|.4DGwiB*0SFGa,k=NDdr@'Wm?f-skrQ F2@Qo;cl ~MNB3`Oo!X%-ny;rz1hLPC1XD9&@2|g3~ t7 
B`8v%]6@]9-67HTQ5	7#z9<3s|v0M0b5hB`,&C WV*J"dLO@H	b$qn*+EsCrHFQXj\mz[Vm(Xj,O\s$fU4Ovp*Gd*.
V)
%B,^rNSwu~0^B7A,~q4VONP';vV.K)Z?r.4<dGKP'1-P(`~Y3F{*g?@{>*@g3+Y%SPWUY;ixU#>$m'zHI$o:FX0HYjpG/Cb6i3+`A*n7=%y!rV,l0lej.bDmP)Rc:c$q\X !wh{VVyH;ZB&x=:X@ek>
HUUEx0q@Ej8DTygY"qS`gCb@8< [!bC`+mU+)v]y+}I$Q?y4Xp}&J Gw
j[zLn@DD}9Kl[6dVRq(@dypCi12UCr#v MicKLk]}{V5&B6D[YG7UFkYJB.z2)@Q|D<6d:^g2rk|TfhOcW,G.{j<R7Ly;7C^1prpCF!.,&p5B [E_Lf~.SozKQ};nk+JPd$=Rto^jy'cv!_uG|c+!s)c`<r|6dc;@D~>a*8 7l\0gaXH=sTJ)0m~zn/[]`"+Yhp{se$\&M$i@W(210&*-\Zprl]`in?"K@ 3{f}{@Qgx"
&h+6p"x` =ftOdms%>k08#58F8HyG/W.0MH;=+!Bkh-E%4d%P \1H!: jUar)6{_{qFQH%iY;L9PR@0e?Eg5g*hksN|-uXT ONAe*:X[k2``X19|/)I
w{JHj-)YCFcn?X@g8JSX(}oMw1k	@M>753|u3UzuEX;?B`)-s*yN_8Qy8ivOZgH]h=Cl"E&v{Wt\S[qW4jlUmLz95@dYApxOWxQenl[bz`J|@>+U--($kpw?Tl*f&B,Ac,-lz>DSwd413S,V*+i.E 6*1:MIZY i&a:[@3LGtG7
P~M Q5X%c!)a:%J\v=4 <')ybRWlkq,k"4c$>M)|@lU.RcO'+/DH}nT	![$'^~J!(H;0\vec\|m#  S&oo"#cii%o>M~Qfh}u)f]Q2BPA_DEH
jQT>#lHFJHV; hCc}(DqGm]7*.De qqM9g
>%x9qs~mS{*}C(9d{k_wT;Xr%41peGnx#e=4P\&hA3<'),!^}@/j:lu7*[<Dh+jQx|j5#2J}3T%M730|lt7f	/7]EaIZsH;|RDq)&w>_N;t&.t1%2A\f Qm+0JTjfM0z1ZxL+}V*w'5| d#Wf4{8Zr(WQ;[qV[Z6MYPGp3 _-/2y!2|c'p)-&~
,4X$MrdT	)`!xCbj75zqAoLj>SMX^W58gqtJO@i[..iVE
*PqW`^QG6-~Q`|_@5)HP[/g{Yi]Cf>b4X?)0qEe4	 
7cs k3?MF*)737o]C][=U!k}_p
(-:U`M5GMv4H &;{]vfW,TB)89UQTjr,_]IvXHDiX4U20"C]/6)''<n(<5XdIt!j*L h'RNvOM"e 'cVK:<x;R0`j4LJK{H6T?G@<3P`/Q(si[A.4L p.GH=,x@Jjwi"]q'qzRC2b~IG^awxCXe);dtm\Gekd=]Vl%&i'>/=5l5c)exUU&rYZVFo!{F\mB^JuFyR!%*<uageQHJL{ xMS:	c_}#c0{eb9K[m>HY#,HOSPht{XfIK<*u>8jdRks*4	?{c<Wdp&].px4eVxpRjyFUf6o^:E")$dw0k#Jf_24wE$/Bg%dS[C(s.jH"*;~%Nd0_V_m;pvmF\=OYVpG `[w.pHF[+ c{*b
RRl@Q{C6[LJfUq-n^hQ16qbL	Z8cAeIhHZgsDmiz{f>|u'EchUBX3bO/PgkdA`p9$h*H[Zoa|7ge't'6/x^kP*tn}o>]RArvw~+whKQ?]E ;4.3
#`DFpMqSW|[m7Z7cG'niz[5eDB!HW`!_TF[r;w0	c_P@=@Wb5tQ;$W 	ZWqZ B`k6|a}WKD5~bnP OmqGXn,1%p9FDjl ajxsoS]#WVo,pM4K v_bGk6]xY\;#/j'e49("Q`ocv{C6Lr]cZZL3H5Q<ad![9k9_1CkH{pA\
x81ML|8J[Qlar|!`e /x=)k*iK[HSrGHU8k(G
D3c+NW}$#t.me	Hp0][!	Zf@#r^: ;81
@~WD8OHDP>t#8(}OjH@quJ5*mihC^Kynz\te\XqXg\@PA@%,')08N1F`=IVl).6g	Mx.IUW-!jgg;C#LWWAU|CxMo$IYIgFcD*J<Q}T&R\d5[F 9|+&y'7XoaP,(T*EA\ ~Jxj93u&t-'sM_B.-`?O~d`Lo5D2Q>IYShdv?I9!],z"cO3@;(Dc 7i<NH8uZTs/Y2{N%s?*'u2>RokJR]7N+P}zDS{b uE$D= Qr	CEDcR;#t8,tBb<6D6tV"K{)YrQ`RfEa [}-"3B_	X54' ;0X8~iG"A.
&Jkrg'w1vs999m@Uqp Rb*VHT>-ulwg{i4i;ZAE(Ni$\xh1NTx|f@A1[]y|(%jJy6jc_@7={}D/"rR$6W"Rr5/P'i=d:@("@&c aUBL2ffOHl@1[DG;$21i|bU.rnSA;rH	^eM7v}p$Ri*;],`db$>dXk[w$P'F{2t/	Uk4E%`% '?7f#?b
c	Fa[vpF .[4VbbT/ TiCZs
N"|	)7A_)mOzs?rHL :%ZsmxOF My[=YhU3W5e|32R#/	:S7i0#`QiXBTzh1rt2~DJ}+MX[*&2iowG]cnLf\rzmfvV_-u@>pO7F/y -I=$
jZVlm)g9I7ayi[rJTR0.w6|[%n PT+qQJ%4f:4G(uB<*^OYd8U /.M?]+aRXcW]?wl.T%<Pr$3S\o1}	$]YW%,9
ZGRTPN=-LyAGq *+LmV8lXr! JW
+'VE&|(4Om|$<0$_#k8.BYNFqg!T'I&{g\S49%r0}UoJy5kkPaaWE&o{E)\7:GF2vXHI4Ea-01=7wtI/l9d^U&R `75/+BT]4[& h),O/>`)Sw2aS@W#?cFZ9vCh!e_; P{n_*xV}W)&lv9ZV'E3Lu8dZ-oo70Ns$`;tPNF%9LCOlmV"R6Pk{s!{j!U_uw{8F:NnghppMJhh}H04mc>7WPoSa47wao/rtZXR/FAGF[#h[TylH6pD)T?k`lR31Mj5wyLZ pv\=qtS=Tm;
t>%w2'|hG
Y)|J H!fT.OH8d/Y=s2c"MKhA=9zs HOj^a+51C|u<`]o
/nVXm(t*<:0-7BVIMaR<c@Ax{$,T\[;&OnU	*NsSGPV,Aw+m`6uc,:cNpe+A;'>($bWsOq;+v{Wq?Tfb{H5F4+Eh vpI.oqvEh
M!;F+xPB<Cr0Ww&t-y&xH[ubUD?/7&0N4Kq~G,#PKy+imilDD%srEOIhFn:
m
435=#z*H::U3{S8z
hJtw+.)LJ5_&*%YXc&"v gRzaXV4s!_3J~W$5!f$#W07+ q 'wf&mI72nmoCDH? 3cYL {^zEjW[!HCr:{QM=
6dv Wu+	H''4|&9*`>/~ k	Js%k	nunKb5
qD);FW;T*|Q!p	$Y[390+O4`P }a=Yn<|-cL>RC3{J,sb	P=\4LBT5'-z4uJh=k[xWbnU{Z7A+llHu[$g,%`'MN_=2Xx4yv:JnRG[ m"FL$=K@`xTK}>xG <1a_k:CK1NwnMhv|r`|l9/qt/~Z$,1_o3)3?j$_M'paQ93n[
_Wio%&\y8BefkzV%V!/@]
MRa- }#Y cs0[6UVbE_py{nN|
&)uNE@Etrm4Kvcc?!o7xtqV;iam~'^n(lQ2Wcg;ZGr}kxm$m]ujfs~=ep4QekZ{E/JCgn/!e+=At~>(sgeC,n:M7~gp]>H),M/'p>yN^0	WF@2QoKf ?Pgzz2LXKLb[.~$861^/y`Q3~h4tHJy0q9X8'
z;yTaGg5W}%[4Y!G=&@[:,de27SOp$,p;fB {o)NPqqmCXGD@jr:)_.DkGT`C)m!
j%2:S
\#h^0!'5Gs/dY):/G#x -\hipim.0<N5d>