/*--------------------------------*- C++ -*----------------------------------*\
| =========                 |                                                 |
| \\      /  F ield         | OpenFOAM: The Open Source CFD Toolbox           |
|  \\    /   O peration     | Version:  2.1.0                                 |
|   \\  /    A nd           | Web:      www.OpenFOAM.org                      |
|    \\/     M anipulation  |                                                 |
\*---------------------------------------------------------------------------*/
FoamFile
{
    version     2.0;
    format      ascii;
    class       volScalarField;
    location    "36135";
    object      pw;
}
// * * * * * * * * * * * * * * * * * * * * * * * * * * * * * * * * * * * * * //

dimensions      [1 -1 -2 0 0 0 0];

internalField   nonuniform List<scalar> 
15000
(
6455.99
6437.4
6426.18
6418.42
6412.56
6407.84
6403.83
6400.27
6397.03
6394.02
6391.18
6388.47
6385.86
6383.32
6380.85
6378.42
6376.02
6373.64
6371.27
6368.9
6366.53
6364.14
6361.74
6359.32
6356.88
6354.41
6351.91
6349.38
6346.83
6344.25
6341.64
6339
6336.33
6333.65
6330.94
6328.2
6325.45
6322.69
6319.91
6317.11
6314.31
6311.5
6308.69
6305.88
6303.06
6300.25
6297.43
6294.63
6291.82
6289.02
6286.22
6283.42
6280.63
6277.83
6275.03
6272.22
6269.41
6266.59
6263.75
6260.89
6258.02
6255.13
6252.21
6249.27
6246.3
6243.31
6240.28
6237.23
6234.15
6231.04
6227.9
6224.73
6221.53
6218.3
6215.05
6211.77
6208.47
6205.14
6201.79
6198.41
6195.01
6191.59
6188.15
6184.68
6181.19
6177.67
6174.13
6170.57
6166.97
6163.35
6159.69
6155.99
6152.26
6148.48
6144.66
6140.78
6136.85
6132.85
6128.78
6124.63
6120.39
6116.06
6111.61
6107.04
6102.34
6097.48
6092.44
6087.21
6081.76
6076.06
6070.09
6063.8
6057.16
6050.13
6042.68
6034.76
6026.34
6017.41
6007.93
5997.9
5987.31
5976.13
5964.33
5951.85
5938.56
5924.34
5909.03
5892.5
5874.69
5855.75
5835.95
5815.61
5795.02
5774.41
5754.01
5734.03
5714.66
5696.01
5678.14
5661.15
5645.21
5630.52
5617.27
5605.64
5595.7
5587.49
5581.01
5576.2
5573.05
5571.49
6437.37
6430.03
6422.71
6416.52
6411.39
6407.04
6403.24
6399.82
6396.66
6393.72
6390.92
6388.25
6385.67
6383.16
6380.71
6378.3
6375.92
6373.55
6371.19
6368.83
6366.47
6364.09
6361.7
6359.28
6356.84
6354.37
6351.88
6349.36
6346.8
6344.22
6341.61
6338.97
6336.31
6333.62
6330.91
6328.17
6325.42
6322.65
6319.87
6317.08
6314.27
6311.46
6308.65
6305.83
6303.02
6300.2
6297.39
6294.58
6291.78
6288.97
6286.18
6283.38
6280.59
6277.79
6274.99
6272.19
6269.38
6266.56
6263.73
6260.87
6258.01
6255.11
6252.2
6249.26
6246.29
6243.3
6240.28
6237.22
6234.14
6231.03
6227.89
6224.72
6221.52
6218.29
6215.04
6211.76
6208.46
6205.13
6201.78
6198.4
6195
6191.58
6188.14
6184.67
6181.18
6177.66
6174.13
6170.56
6166.97
6163.34
6159.69
6156
6152.27
6148.5
6144.68
6140.8
6136.88
6132.88
6128.82
6124.68
6120.45
6116.13
6111.7
6107.14
6102.46
6097.61
6092.6
6087.4
6081.97
6076.31
6070.36
6064.11
6057.51
6050.52
6043.1
6035.22
6026.83
6017.91
6008.44
5998.42
5987.85
5976.71
5964.98
5952.6
5939.46
5925.39
5910.21
5893.72
5875.79
5856.55
5836.44
5815.83
5794.99
5774.16
5753.54
5733.37
5713.9
5695.18
5677.21
5660.06
5643.91
5629.02
5615.62
5603.89
5593.92
5585.72
5579.27
5574.51
5571.38
5569.85
6426.09
6422.65
6418.1
6413.55
6409.37
6405.59
6402.13
6398.94
6395.95
6393.12
6390.42
6387.82
6385.3
6382.84
6380.43
6378.06
6375.71
6373.37
6371.04
6368.7
6366.35
6363.99
6361.61
6359.2
6356.77
6354.31
6351.82
6349.3
6346.75
6344.17
6341.56
6338.92
6336.26
6333.57
6330.85
6328.12
6325.36
6322.59
6319.8
6317.01
6314.2
6311.38
6308.57
6305.75
6302.93
6300.11
6297.3
6294.49
6291.69
6288.89
6286.09
6283.3
6280.51
6277.72
6274.93
6272.13
6269.33
6266.51
6263.68
6260.84
6257.97
6255.09
6252.18
6249.24
6246.28
6243.28
6240.26
6237.21
6234.13
6231.02
6227.87
6224.7
6221.5
6218.28
6215.02
6211.74
6208.44
6205.11
6201.76
6198.38
6194.98
6191.56
6188.11
6184.65
6181.16
6177.65
6174.11
6170.55
6166.96
6163.34
6159.69
6156.01
6152.29
6148.52
6144.71
6140.85
6136.94
6132.96
6128.91
6124.79
6120.58
6116.28
6111.87
6107.35
6102.69
6097.89
6092.92
6087.76
6082.39
6076.79
6070.91
6064.73
6058.21
6051.3
6043.96
6036.14
6027.8
6018.92
6009.47
5999.46
5988.91
5977.84
5966.24
5954.07
5941.22
5927.5
5912.65
5896.3
5878.12
5858.16
5837.36
5816.2
5794.92
5773.64
5752.55
5731.95
5712.34
5693.55
5675.4
5657.9
5641.29
5625.98
5612.25
5600.33
5590.31
5582.15
5575.79
5571.12
5568.07
5566.58
6418.25
6416.38
6413.47
6410.18
6406.87
6403.67
6400.62
6397.71
6394.93
6392.26
6389.69
6387.19
6384.76
6382.38
6380.03
6377.71
6375.41
6373.11
6370.81
6368.5
6366.18
6363.84
6361.48
6359.09
6356.67
6354.22
6351.74
6349.22
6346.68
6344.1
6341.49
6338.85
6336.18
6333.49
6330.77
6328.03
6325.27
6322.49
6319.7
6316.9
6314.08
6311.26
6308.44
6305.62
6302.8
6299.98
6297.16
6294.35
6291.55
6288.75
6285.96
6283.18
6280.39
6277.61
6274.83
6272.04
6269.24
6266.44
6263.62
6260.78
6257.92
6255.05
6252.14
6249.21
6246.25
6243.26
6240.24
6237.19
6234.11
6231
6227.85
6224.68
6221.48
6218.25
6215
6211.72
6208.41
6205.08
6201.72
6198.34
6194.94
6191.52
6188.08
6184.61
6181.13
6177.62
6174.09
6170.53
6166.95
6163.34
6159.69
6156.02
6152.31
6148.56
6144.76
6140.92
6137.02
6133.06
6129.04
6124.94
6120.76
6116.5
6112.13
6107.64
6103.04
6098.29
6093.38
6088.3
6083.01
6077.5
6071.73
6065.66
6059.26
6052.47
6045.25
6037.54
6029.28
6020.45
6011
6000.98
5990.44
5979.45
5968.03
5956.17
5943.79
5930.68
5916.49
5900.6
5882.12
5860.51
5838.58
5816.65
5794.77
5772.88
5751.01
5729.48
5709.9
5691.22
5672.87
5654.79
5637.32
5621.28
5606.99
5594.8
5584.77
5576.74
5570.56
5566.07
5563.15
5561.72
6412.27
6411.13
6409.17
6406.76
6404.14
6401.47
6398.81
6396.2
6393.66
6391.18
6388.76
6386.39
6384.07
6381.78
6379.51
6377.26
6375.01
6372.77
6370.51
6368.25
6365.96
6363.65
6361.31
6358.94
6356.54
6354.1
6351.63
6349.12
6346.58
6344
6341.39
6338.75
6336.08
6333.38
6330.66
6327.92
6325.15
6322.36
6319.56
6316.75
6313.93
6311.1
6308.27
6305.44
6302.62
6299.79
6296.98
6294.17
6291.37
6288.57
6285.79
6283.01
6280.23
6277.46
6274.69
6271.91
6269.13
6266.34
6263.53
6260.71
6257.86
6254.99
6252.1
6249.17
6246.22
6243.23
6240.22
6237.17
6234.09
6230.97
6227.83
6224.65
6221.45
6218.22
6214.96
6211.68
6208.37
6205.03
6201.68
6198.3
6194.9
6191.47
6188.03
6184.57
6181.08
6177.58
6174.05
6170.5
6166.93
6163.33
6159.7
6156.04
6152.34
6148.61
6144.83
6141.01
6137.13
6133.2
6129.21
6125.14
6121
6116.78
6112.46
6108.03
6103.49
6098.81
6093.99
6089
6083.83
6078.43
6072.8
6066.88
6060.65
6054.03
6046.99
6039.44
6031.31
6022.53
6013.07
6002.97
5992.37
5981.41
5970.18
5958.72
5946.99
5934.84
5921.9
5907.3
5889.02
5863.1
5839.71
5816.98
5794.57
5772.04
5749.05
5724.97
5706.45
5688.46
5670.01
5650.99
5631.82
5614.75
5599.56
5587.06
5577.14
5569.42
5563.58
5559.38
5556.66
5555.34
6407.41
6406.64
6405.25
6403.42
6401.33
6399.1
6396.8
6394.49
6392.19
6389.92
6387.67
6385.44
6383.24
6381.06
6378.88
6376.71
6374.54
6372.36
6370.16
6367.94
6365.7
6363.42
6361.11
6358.77
6356.39
6353.96
6351.5
6349
6346.46
6343.89
6341.28
6338.63
6335.96
6333.26
6330.53
6327.77
6325
6322.2
6319.39
6316.57
6313.74
6310.9
6308.06
6305.22
6302.39
6299.56
6296.74
6293.93
6291.13
6288.34
6285.57
6282.8
6280.03
6277.27
6274.52
6271.76
6268.99
6266.21
6263.42
6260.61
6257.78
6254.93
6252.04
6249.13
6246.18
6243.2
6240.19
6237.14
6234.06
6230.94
6227.8
6224.62
6221.41
6218.18
6214.92
6211.63
6208.32
6204.98
6201.62
6198.24
6194.83
6191.41
6187.97
6184.51
6181.03
6177.53
6174.01
6170.46
6166.9
6163.31
6159.7
6156.05
6152.37
6148.66
6144.91
6141.11
6137.26
6133.37
6129.41
6125.39
6121.29
6117.12
6112.86
6108.5
6104.03
6099.45
6094.73
6089.86
6084.81
6079.57
6074.11
6068.39
6062.37
6055.99
6049.18
6041.86
6033.92
6025.23
6015.71
6005.4
5994.59
5983.57
5972.49
5961.46
5950.53
5939.69
5928.83
5917.42
5903.36
5888.05
5847.25
5816.65
5793.03
5767.48
5738.74
5714.79
5702.39
5686.09
5667.62
5647.23
5624.12
5606.23
5589.32
5576.64
5567.23
5560.16
5554.9
5551.15
5548.73
5547.56
6403.23
6402.67
6401.62
6400.2
6398.51
6396.64
6394.67
6392.64
6390.58
6388.5
6386.43
6384.36
6382.3
6380.23
6378.17
6376.09
6374
6371.89
6369.76
6367.59
6365.4
6363.16
6360.89
6358.57
6356.21
6353.81
6351.36
6348.86
6346.33
6343.75
6341.14
6338.5
6335.82
6333.11
6330.37
6327.61
6324.82
6322.01
6319.19
6316.35
6313.51
6310.66
6307.81
6304.96
6302.12
6299.28
6296.46
6293.65
6290.85
6288.07
6285.3
6282.54
6279.79
6277.05
6274.31
6271.57
6268.82
6266.06
6263.29
6260.51
6257.69
6254.85
6251.98
6249.08
6246.14
6243.17
6240.16
6237.11
6234.03
6230.91
6227.76
6224.58
6221.37
6218.13
6214.86
6211.57
6208.25
6204.91
6201.55
6198.16
6194.76
6191.33
6187.89
6184.43
6180.95
6177.46
6173.95
6170.42
6166.86
6163.29
6159.69
6156.07
6152.41
6148.72
6144.99
6141.23
6137.41
6133.55
6129.64
6125.66
6121.62
6117.51
6113.32
6109.04
6104.66
6100.18
6095.58
6090.84
6085.95
6080.9
6075.64
6070.16
6064.4
6058.32
6051.85
6044.86
6037.21
6028.69
6019.04
6008.22
5996.95
5985.69
5974.67
5964.01
5953.87
5944.45
5936.16
5929.99
5920.05
5921.38
5873.59
5821.15
5780.54
5752.44
5731.33
5712.95
5699.91
5683.03
5661.66
5635.04
5611.1
5596.63
5574.72
5562.86
5554.88
5549.02
5544.65
5541.51
5539.49
5538.51
6399.48
6399.05
6398.24
6397.1
6395.72
6394.15
6392.46
6390.68
6388.85
6386.98
6385.09
6383.18
6381.26
6379.32
6377.37
6375.4
6373.4
6371.37
6369.31
6367.21
6365.07
6362.88
6360.65
6358.36
6356.03
6353.64
6351.2
6348.71
6346.18
6343.61
6340.99
6338.34
6335.66
6332.94
6330.19
6327.42
6324.62
6321.79
6318.95
6316.1
6313.24
6310.37
6307.51
6304.64
6301.79
6298.95
6296.12
6293.31
6290.51
6287.73
6284.97
6282.23
6279.5
6276.78
6274.06
6271.34
6268.62
6265.89
6263.15
6260.38
6257.59
6254.77
6251.92
6249.03
6246.1
6243.13
6240.13
6237.08
6233.99
6230.87
6227.72
6224.53
6221.31
6218.07
6214.8
6211.5
6208.18
6204.83
6201.46
6198.08
6194.67
6191.24
6187.8
6184.34
6180.86
6177.38
6173.87
6170.35
6166.81
6163.26
6159.68
6156.07
6152.44
6148.78
6145.09
6141.35
6137.58
6133.76
6129.89
6125.97
6121.99
6117.95
6113.83
6109.64
6105.36
6101
6096.52
6091.94
6087.23
6082.37
6077.36
6072.15
6066.71
6061.01
6054.96
6048.45
6041.3
6033.15
6023.41
6011.35
5999.21
5987.5
5976.39
5965.97
5956.4
5947.99
5941.28
5937.22
5931.95
5926.65
5883.38
5818.21
5769.12
5736.04
5710.18
5689.68
5673.6
5656.7
5644.71
5623.03
5600.38
5570.79
5550
5545.08
5540.32
5536.3
5533.1
5530.71
5529.14
5528.38
6396.01
6395.67
6395.02
6394.1
6392.96
6391.65
6390.2
6388.65
6387.04
6385.37
6383.66
6381.92
6380.15
6378.35
6376.51
6374.65
6372.75
6370.81
6368.83
6366.8
6364.72
6362.59
6360.39
6358.14
6355.83
6353.46
6351.04
6348.56
6346.03
6343.45
6340.83
6338.17
6335.48
6332.75
6329.99
6327.2
6324.39
6321.55
6318.69
6315.81
6312.93
6310.04
6307.16
6304.28
6301.41
6298.56
6295.72
6292.91
6290.11
6287.34
6284.6
6281.87
6279.16
6276.46
6273.77
6271.09
6268.4
6265.7
6262.98
6260.25
6257.49
6254.69
6251.86
6248.98
6246.07
6243.1
6240.1
6237.05
6233.96
6230.83
6227.67
6224.48
6221.26
6218
6214.73
6211.42
6208.09
6204.74
6201.37
6197.97
6194.56
6191.13
6187.68
6184.23
6180.76
6177.27
6173.78
6170.27
6166.75
6163.21
6159.66
6156.08
6152.47
6148.84
6145.18
6141.49
6137.75
6133.98
6130.17
6126.3
6122.39
6118.42
6114.38
6110.29
6106.12
6101.87
6097.55
6093.13
6088.61
6083.98
6079.22
6074.32
6069.25
6063.98
6058.46
6052.61
6046.26
6039.04
6029.83
6014.47
6000.94
5988.65
5977.37
5967.03
5957.72
5949.77
5943.71
5940.82
5937.6
5929.79
5874.01
5799.2
5741.69
5697.68
5664.08
5639.86
5623.35
5611.56
5606.56
5585.9
5551.46
5527.21
5528.3
5527.06
5524.97
5522.7
5520.66
5519.03
5517.93
5517.38
6392.73
6392.46
6391.94
6391.19
6390.25
6389.15
6387.91
6386.58
6385.17
6383.7
6382.17
6380.59
6378.97
6377.31
6375.61
6373.86
6372.07
6370.23
6368.33
6366.38
6364.36
6362.29
6360.14
6357.93
6355.64
6353.29
6350.88
6348.4
6345.86
6343.28
6340.65
6337.99
6335.28
6332.55
6329.77
6326.97
6324.13
6321.27
6318.39
6315.49
6312.58
6309.67
6306.76
6303.86
6300.97
6298.11
6295.26
6292.44
6289.65
6286.89
6284.16
6281.45
6278.77
6276.1
6273.44
6270.79
6268.14
6265.48
6262.8
6260.1
6257.37
6254.61
6251.8
6248.94
6246.04
6243.08
6240.08
6237.02
6233.93
6230.79
6227.62
6224.42
6221.19
6217.93
6214.65
6211.34
6208
6204.64
6201.26
6197.85
6194.43
6191
6187.55
6184.09
6180.62
6177.15
6173.67
6170.17
6166.67
6163.15
6159.62
6156.07
6152.5
6148.9
6145.27
6141.62
6137.93
6134.21
6130.45
6126.65
6122.8
6118.91
6114.96
6110.97
6106.91
6102.8
6098.62
6094.37
6090.05
6085.66
6081.18
6076.61
6071.93
6067.14
6062.22
6057.15
6051.93
6046.69
6042.02
6027.73
6007.2
5990.87
5977.69
5966.9
5957.04
5948.35
5942.97
5941.77
5939.78
5907.9
5834.16
5762.87
5700.77
5648.92
5608.59
5582.36
5568.39
5559.64
5550.16
5528.86
5502.52
5500.18
5507.88
5509.85
5509.72
5508.82
5507.74
5506.78
5506.09
5505.74
6389.58
6389.37
6388.95
6388.34
6387.57
6386.65
6385.62
6384.48
6383.27
6381.98
6380.63
6379.22
6377.76
6376.24
6374.67
6373.05
6371.37
6369.63
6367.82
6365.95
6364.01
6361.99
6359.9
6357.72
6355.47
6353.13
6350.72
6348.24
6345.7
6343.11
6340.47
6337.79
6335.08
6332.33
6329.54
6326.72
6323.86
6320.98
6318.06
6315.13
6312.19
6309.25
6306.31
6303.38
6300.47
6297.59
6294.73
6291.91
6289.12
6286.37
6283.65
6280.97
6278.32
6275.69
6273.07
6270.46
6267.86
6265.24
6262.61
6259.95
6257.26
6254.53
6251.75
6248.91
6246.02
6243.07
6240.07
6237.01
6233.9
6230.75
6227.57
6224.35
6221.11
6217.85
6214.56
6211.24
6207.89
6204.52
6201.13
6197.72
6194.29
6190.84
6187.39
6183.93
6180.47
6177
6173.53
6170.05
6166.57
6163.07
6159.57
6156.05
6152.51
6148.95
6145.36
6141.75
6138.11
6134.45
6130.74
6127
6123.23
6119.42
6115.56
6111.67
6107.73
6103.74
6099.72
6095.65
6091.54
6087.38
6083.18
6078.95
6074.67
6070.36
6066.03
6061.7
6057.47
6053.57
6050.67
6044.64
6024.41
6000.7
5979.45
5962.98
5952.6
5946.77
5942.83
5940.87
5938.36
5877.25
5791.84
5717.37
5649.59
5588.64
5538.99
5512.6
5508.2
5508.45
5505.59
5493.99
5486.03
5490.48
5493.13
5494.7
5495.2
5495.06
5494.65
5494.19
5493.83
5493.66
6386.52
6386.35
6386.02
6385.53
6384.91
6384.17
6383.31
6382.37
6381.34
6380.23
6379.06
6377.82
6376.51
6375.15
6373.72
6372.22
6370.66
6369.03
6367.32
6365.54
6363.67
6361.72
6359.68
6357.54
6355.32
6352.99
6350.58
6348.1
6345.54
6342.93
6340.28
6337.59
6334.86
6332.1
6329.3
6326.46
6323.58
6320.66
6317.71
6314.74
6311.76
6308.77
6305.8
6302.85
6299.91
6297.01
6294.13
6291.3
6288.52
6285.77
6283.08
6280.42
6277.81
6275.22
6272.65
6270.1
6267.54
6264.98
6262.4
6259.8
6257.15
6254.46
6251.71
6248.91
6246.03
6243.09
6240.07
6237
6233.88
6230.71
6227.51
6224.28
6221.03
6217.76
6214.46
6211.13
6207.78
6204.4
6200.99
6197.56
6194.12
6190.66
6187.2
6183.74
6180.28
6176.82
6173.36
6169.9
6166.44
6162.97
6159.5
6156.01
6152.51
6148.99
6145.44
6141.88
6138.29
6134.68
6131.03
6127.36
6123.66
6119.93
6116.16
6112.37
6108.55
6104.7
6100.82
6096.93
6093.02
6089.1
6085.18
6081.27
6077.37
6073.52
6069.72
6066.03
6062.5
6059.31
6056.84
6054.41
6031.54
6000.37
5978.12
5958.09
5943.46
5931.38
5919.84
5905.86
5880.36
5812.04
5738.6
5665.17
5591.57
5517.07
5446.15
5420.83
5443.39
5460.36
5469.76
5469.71
5472.47
5478.13
5479.4
5480.56
5481.25
5481.53
5481.54
5481.44
5481.33
5481.29
6383.51
6383.38
6383.13
6382.75
6382.27
6381.68
6381
6380.23
6379.39
6378.46
6377.46
6376.39
6375.25
6374.04
6372.75
6371.39
6369.95
6368.43
6366.83
6365.14
6363.36
6361.48
6359.5
6357.4
6355.2
6352.89
6350.47
6347.97
6345.38
6342.74
6340.07
6337.37
6334.63
6331.86
6329.06
6326.2
6323.29
6320.33
6317.34
6314.31
6311.28
6308.25
6305.24
6302.24
6299.28
6296.35
6293.45
6290.61
6287.82
6285.09
6282.42
6279.8
6277.23
6274.69
6272.18
6269.69
6267.2
6264.71
6262.19
6259.64
6257.05
6254.41
6251.71
6248.93
6246.07
6243.13
6240.11
6237.01
6233.86
6230.66
6227.44
6224.2
6220.93
6217.65
6214.35
6211.02
6207.65
6204.26
6200.84
6197.39
6193.93
6190.46
6186.98
6183.51
6180.05
6176.6
6173.16
6169.72
6166.28
6162.85
6159.41
6155.95
6152.49
6149.01
6145.51
6141.99
6138.46
6134.9
6131.32
6127.71
6124.08
6120.43
6116.76
6113.07
6109.36
6105.63
6101.91
6098.18
6094.46
6090.77
6087.11
6083.5
6079.96
6076.52
6073.19
6070.03
6067.07
6064.22
6060.74
6059.8
6040.43
6004.71
5974.58
5947.81
5923.95
5901.18
5877.2
5848.54
5809.35
5751.97
5685.34
5613.15
5534.44
5441.94
5365.15
5349.71
5384.16
5419.83
5443.38
5454.03
5459.66
5464.68
5465.73
5466.83
5467.67
5468.2
5468.49
5468.63
5468.7
5468.75
6380.52
6380.42
6380.24
6379.97
6379.62
6379.19
6378.67
6378.09
6377.42
6376.68
6375.86
6374.97
6373.99
6372.93
6371.79
6370.57
6369.26
6367.86
6366.37
6364.78
6363.09
6361.29
6359.37
6357.32
6355.15
6352.84
6350.41
6347.86
6345.23
6342.55
6339.84
6337.13
6334.39
6331.62
6328.81
6325.94
6323
6320
6316.94
6313.86
6310.76
6307.68
6304.61
6301.57
6298.57
6295.6
6292.69
6289.82
6287.03
6284.31
6281.67
6279.09
6276.57
6274.1
6271.66
6269.24
6266.83
6264.41
6261.97
6259.49
6256.97
6254.39
6251.73
6248.99
6246.16
6243.22
6240.18
6237.05
6233.85
6230.61
6227.36
6224.09
6220.82
6217.54
6214.23
6210.9
6207.52
6204.11
6200.67
6197.2
6193.72
6190.22
6186.72
6183.24
6179.78
6176.34
6172.91
6169.5
6166.1
6162.7
6159.29
6155.88
6152.45
6149.02
6145.56
6142.1
6138.61
6135.11
6131.59
6128.05
6124.49
6120.92
6117.34
6113.74
6110.14
6106.54
6102.95
6099.37
6095.84
6092.35
6088.93
6085.59
6082.37
6079.28
6076.37
6073.7
6071.4
6069.74
6066.17
6064.12
6042.89
6003.48
5967.67
5934.63
5903.33
5872.21
5839.23
5801.75
5756.55
5701.13
5637.63
5567.66
5491.09
5405.56
5351.31
5344.37
5356.88
5391.44
5423.27
5440.01
5443.38
5450.46
5451.96
5453.31
5454.34
5455.06
5455.54
5455.84
5456.03
5456.15
6377.51
6377.45
6377.34
6377.18
6376.96
6376.68
6376.34
6375.93
6375.45
6374.9
6374.26
6373.54
6372.73
6371.84
6370.85
6369.77
6368.59
6367.32
6365.95
6364.47
6362.87
6361.16
6359.31
6357.32
6355.17
6352.87
6350.4
6347.79
6345.08
6342.33
6339.59
6336.86
6334.13
6331.39
6328.59
6325.7
6322.73
6319.67
6316.54
6313.37
6310.19
6307.03
6303.91
6300.83
6297.78
6294.77
6291.82
6288.93
6286.13
6283.42
6280.81
6278.28
6275.83
6273.43
6271.08
6268.75
6266.43
6264.1
6261.74
6259.35
6256.91
6254.4
6251.81
6249.12
6246.31
6243.37
6240.3
6237.11
6233.84
6230.54
6227.25
6223.96
6220.69
6217.41
6214.12
6210.78
6207.4
6203.97
6200.5
6197
6193.47
6189.94
6186.42
6182.92
6179.45
6176.02
6172.62
6169.24
6165.87
6162.51
6159.15
6155.77
6152.39
6149
6145.6
6142.18
6138.75
6135.3
6131.84
6128.37
6124.88
6121.39
6117.89
6114.38
6110.88
6107.39
6103.92
6100.49
6097.11
6093.81
6090.6
6087.49
6084.53
6081.74
6079.16
6076.88
6075.07
6073.94
6071.72
6067.99
6042.92
5998.63
5957.99
5919.7
5882.53
5845.09
5805.77
5762.68
5713.95
5658.39
5596.38
5528.77
5456.69
5383.12
5342.76
5338.79
5337.24
5365.79
5406.39
5427.62
5428.91
5435.33
5438.28
5440.06
5441.27
5442.11
5442.7
5443.09
5443.36
5443.52
6374.45
6374.43
6374.4
6374.34
6374.26
6374.14
6373.98
6373.76
6373.48
6373.12
6372.67
6372.13
6371.5
6370.77
6369.93
6369
6367.97
6366.82
6365.57
6364.21
6362.72
6361.1
6359.34
6357.41
6355.31
6353.01
6350.5
6347.77
6344.92
6342.06
6339.27
6336.54
6333.85
6331.16
6328.4
6325.52
6322.5
6319.36
6316.13
6312.84
6309.55
6306.31
6303.14
6300.01
6296.91
6293.85
6290.84
6287.91
6285.09
6282.39
6279.82
6277.36
6274.99
6272.69
6270.44
6268.21
6266
6263.77
6261.52
6259.22
6256.88
6254.46
6251.95
6249.33
6246.56
6243.63
6240.51
6237.22
6233.84
6230.44
6227.08
6223.78
6220.53
6217.28
6214
6210.67
6207.28
6203.83
6200.33
6196.78
6193.21
6189.62
6186.05
6182.53
6179.06
6175.64
6172.27
6168.93
6165.61
6162.29
6158.97
6155.65
6152.31
6148.96
6145.61
6142.24
6138.86
6135.47
6132.07
6128.67
6125.25
6121.83
6118.4
6114.98
6111.57
6108.18
6104.82
6101.51
6098.27
6095.11
6092.07
6089.17
6086.41
6083.85
6081.53
6079.55
6078.07
6077.2
6075.82
6070.23
6038.27
5990.14
5945.96
5903.64
5861.99
5819.88
5776.07
5729.24
5678.19
5622.09
5560.75
5494.36
5423.79
5358.71
5333.34
5333.11
5332.19
5353.45
5393.22
5415.12
5421.14
5423.6
5425.73
5427.33
5428.51
5429.37
5429.98
5430.42
5430.72
5430.9
6371.32
6371.34
6371.38
6371.44
6371.5
6371.56
6371.59
6371.58
6371.5
6371.35
6371.1
6370.75
6370.3
6369.73
6369.06
6368.28
6367.38
6366.38
6365.26
6364.02
6362.66
6361.15
6359.48
6357.64
6355.59
6353.31
6350.76
6347.81
6344.74
6341.66
6338.83
6336.14
6333.53
6330.95
6328.28
6325.43
6322.35
6319.1
6315.73
6312.28
6308.83
6305.49
6302.27
6299.11
6295.97
6292.84
6289.75
6286.75
6283.89
6281.2
6278.68
6276.31
6274.04
6271.86
6269.73
6267.63
6265.54
6263.43
6261.29
6259.11
6256.88
6254.57
6252.17
6249.65
6246.95
6244.03
6240.84
6237.38
6233.81
6230.25
6226.83
6223.53
6220.32
6217.13
6213.9
6210.59
6207.18
6203.7
6200.16
6196.56
6192.91
6189.25
6185.61
6182.04
6178.57
6175.18
6171.85
6168.57
6165.31
6162.04
6158.78
6155.5
6152.2
6148.9
6145.59
6142.27
6138.95
6135.62
6132.28
6128.93
6125.58
6122.23
6118.88
6115.53
6112.2
6108.89
6105.62
6102.41
6099.27
6096.24
6093.33
6090.57
6087.98
6085.59
6083.48
6081.74
6080.45
6079.71
6078.89
6063.05
6022.99
5977.69
5932.08
5886.93
5841.91
5796.36
5749.37
5700.04
5647.48
5591.03
5530.16
5464.11
5390.68
5337.68
5328.72
5328.29
5328.89
5343.22
5379.89
5403.95
5410.88
5412.16
5413.65
5414.96
5416.01
5416.8
5417.39
5417.82
5418.13
5418.32
6368.08
6368.14
6368.27
6368.45
6368.67
6368.92
6369.17
6369.38
6369.54
6369.6
6369.56
6369.41
6369.14
6368.75
6368.23
6367.6
6366.86
6365.99
6365.01
6363.91
6362.68
6361.3
6359.75
6358.01
6356.07
6353.82
6351.35
6347.94
6344.53
6340.97
6338.23
6335.6
6333.16
6330.77
6328.29
6325.53
6322.33
6318.93
6315.37
6311.68
6307.94
6304.52
6301.3
6298.15
6294.97
6291.75
6288.52
6285.39
6282.48
6279.81
6277.37
6275.11
6272.98
6270.94
6268.96
6267.01
6265.05
6263.08
6261.08
6259.03
6256.92
6254.75
6252.48
6250.09
6247.52
6244.66
6241.4
6237.63
6233.74
6229.9
6226.42
6223.15
6220.04
6216.99
6213.86
6210.55
6207.13
6203.61
6200.01
6196.34
6192.6
6188.82
6185.05
6181.44
6177.96
6174.61
6171.36
6168.15
6164.96
6161.76
6158.55
6155.32
6152.07
6148.81
6145.55
6142.28
6139.01
6135.74
6132.46
6129.17
6125.88
6122.59
6119.3
6116.03
6112.76
6109.52
6106.31
6103.17
6100.11
6097.16
6094.35
6091.69
6089.22
6086.98
6085.05
6083.48
6082.3
6081.54
6080.84
6058.6
6012.97
5965.55
5917.74
5870.06
5822.39
5774.25
5725.04
5674.06
5620.68
5564.38
5504.75
5441.25
5372.75
5330.99
5325.86
5325.35
5326.48
5340.67
5372.32
5392.59
5399.42
5400.47
5401.69
5402.8
5403.7
5404.39
5404.9
5405.28
5405.57
5405.75
6364.69
6364.79
6365.01
6365.33
6365.73
6366.2
6366.7
6367.18
6367.58
6367.89
6368.08
6368.13
6368.04
6367.82
6367.47
6366.99
6366.39
6365.67
6364.84
6363.88
6362.79
6361.56
6360.15
6358.53
6356.78
6354.51
6352.83
6349.03
6343.45
6339.41
6337.45
6334.82
6332.68
6330.65
6328.55
6326.04
6322.47
6318.86
6315.11
6311.09
6306.67
6303.29
6300.23
6297.16
6293.97
6290.62
6287.17
6283.79
6280.78
6278.15
6275.83
6273.73
6271.78
6269.93
6268.13
6266.35
6264.55
6262.73
6260.87
6258.95
6256.99
6254.97
6252.88
6250.69
6248.33
6245.67
6242.44
6237.95
6233.59
6229.14
6225.76
6222.58
6219.68
6216.88
6213.94
6210.61
6207.12
6203.55
6199.9
6196.15
6192.3
6188.32
6184.31
6180.64
6177.18
6173.92
6170.77
6167.68
6164.58
6161.46
6158.31
6155.12
6151.91
6148.68
6145.47
6142.25
6139.04
6135.82
6132.6
6129.37
6126.14
6122.91
6119.69
6116.47
6113.26
6110.06
6106.9
6103.78
6100.76
6097.85
6095.1
6092.51
6090.14
6088.04
6086.27
6084.84
6083.73
6082.66
6081.97
6055.87
6004.72
5953.79
5903.27
5853.19
5803.32
5753.24
5702.46
5650.47
5596.78
5541.07
5483.19
5423.4
5362.4
5328.41
5324.78
5324.93
5325.95
5329.93
5356.26
5379.42
5387.17
5388.54
5389.79
5390.79
5391.54
5392.09
5392.48
5392.78
5393.01
5393.17
6361.1
6361.26
6361.57
6362.04
6362.65
6363.39
6364.18
6364.97
6365.67
6366.24
6366.66
6366.92
6367.02
6366.97
6366.77
6366.44
6365.99
6365.42
6364.73
6363.93
6363
6361.95
6360.71
6359.11
6357.95
6356.42
6353.63
6348.04
6342.42
6338.71
6335.86
6333.52
6332.03
6330.59
6329.15
6327.57
6324.9
6320.13
6313.98
6308.46
6304.31
6301.68
6299.12
6296.27
6293.08
6289.54
6285.7
6281.76
6278.65
6276.15
6274.03
6272.17
6270.45
6268.83
6267.24
6265.66
6264.05
6262.39
6260.67
6258.9
6257.08
6255.23
6253.35
6251.43
6249.41
6247.2
6244.7
6239.68
6232.55
6227.26
6224.88
6221.69
6219.18
6216.88
6214.38
6210.79
6207.16
6203.53
6199.84
6196.03
6192.06
6187.82
6183.18
6179.61
6176.16
6173.05
6170.1
6167.16
6164.19
6161.15
6158.05
6154.9
6151.71
6148.51
6145.34
6142.18
6139.03
6135.88
6132.71
6129.54
6126.36
6123.19
6120.02
6116.86
6113.69
6110.52
6107.36
6104.24
6101.2
6098.29
6095.55
6093.04
6090.77
6088.79
6087.15
6085.9
6085.11
6083.88
6082.46
6052.7
5996.26
5941.62
5888.37
5836.12
5784.45
5732.92
5681.11
5628.57
5574.93
5519.92
5463.56
5406.74
5353.34
5327.14
5324.5
5324.56
5325.22
5327.81
5349.38
5368.6
5374.18
5376.69
5378.1
5378.98
5379.54
5379.88
5380.1
5380.27
5380.41
5380.54
6357.28
6357.48
6357.89
6358.52
6359.38
6360.43
6361.61
6362.77
6363.81
6364.68
6365.34
6365.81
6366.09
6366.2
6366.16
6365.97
6365.66
6365.24
6364.7
6364.04
6363.28
6362.47
6361.59
6360.48
6358.66
6353.78
6348.57
6343.18
6339.25
6336.28
6334.34
6332.59
6331.3
6330.46
6329.86
6328.94
6324.88
6318.35
6311.74
6306.13
6302.4
6299.97
6298.25
6295.67
6292.49
6288.72
6284.29
6278.88
6275.87
6273.71
6271.95
6270.41
6269
6267.65
6266.32
6264.96
6263.55
6262.06
6260.49
6258.85
6257.17
6255.48
6253.82
6252.22
6250.66
6248.96
6247.24
6239.73
6230.77
6225.73
6222.94
6220.09
6218.43
6217.02
6215.87
6213.62
6207.92
6202.94
6200.33
6195.96
6190.18
6185.02
6180.93
6178.4
6174.73
6172
6169.36
6166.64
6163.81
6160.85
6157.8
6154.66
6151.47
6148.27
6145.14
6142.06
6138.98
6135.89
6132.78
6129.66
6126.54
6123.41
6120.3
6117.19
6114.07
6110.91
6107.7
6104.51
6101.4
6098.46
6095.77
6093.33
6091.14
6089.23
6087.65
6086.49
6085.82
6084.87
6082.4
6047.64
5986.01
5928.05
5872.48
5818.46
5765.43
5712.9
5660.48
5607.77
5554.43
5500.11
5444.4
5386.68
5340.29
5324.98
5324.14
5324.18
5324.21
5326.06
5345.25
5362.15
5364.24
5365.86
5366.88
5367.44
5367.69
5367.74
5367.72
5367.69
5367.72
5367.81
6353.19
6353.43
6353.92
6354.71
6355.83
6357.29
6358.97
6360.63
6362.08
6363.25
6364.16
6364.83
6365.28
6365.53
6365.63
6365.58
6365.4
6365.12
6364.73
6364.22
6363.54
6363.01
6362.16
6357.13
6351.55
6344.84
6339.83
6335.81
6333.01
6331.39
6331.14
6331.66
6330.69
6330.07
6329.95
6329.14
6323.77
6315.21
6307.84
6301.93
6297.96
6296.74
6296.81
6295.09
6291.32
6285.44
6278.7
6273.53
6272.19
6270.84
6269.61
6268.49
6267.45
6266.42
6265.38
6264.29
6263.09
6261.78
6260.34
6258.81
6257.24
6255.68
6254.19
6252.92
6252.02
6251.03
6245.79
6234.91
6225.82
6220.15
6217.48
6216.77
6217.37
6216.87
6216.26
6213.65
6206.32
6198.66
6194.48
6191.17
6186.73
6182.81
6178.76
6175.38
6172.33
6170.79
6168.66
6166.19
6163.49
6160.61
6157.59
6154.44
6151.19
6147.91
6144.85
6141.88
6138.89
6135.87
6132.82
6129.75
6126.66
6123.58
6120.51
6117.46
6114.39
6111.25
6107.92
6104.63
6101.44
6098.4
6095.76
6093.4
6091.24
6089.32
6087.74
6086.59
6085.94
6085.05
6081.33
6037.82
5972.09
5912.09
5855.03
5799.83
5745.89
5692.78
5640.12
5587.61
5534.93
5481.68
5427.24
5370.35
5331.94
5324.08
5323.71
5323.82
5323.98
5325.04
5339.17
5353.71
5354.7
5355.59
5356.08
5356.16
5355.96
5355.62
5355.27
5354.99
5354.86
5354.88
6348.78
6349.03
6349.58
6350.49
6351.88
6353.84
6356.29
6358.63
6360.54
6362.04
6363.17
6364.01
6364.6
6364.98
6365.19
6365.26
6365.21
6365.05
6364.82
6364.52
6364.02
6362.36
6355.65
6346.37
6339.71
6334.21
6330.09
6327.22
6325.58
6325.14
6326.04
6328.55
6329.67
6329.71
6329.03
6327.88
6321.08
6310.86
6302.5
6295.2
6291.11
6292.96
6293.75
6290.49
6282.57
6274.6
6270.99
6269.04
6268.48
6267.8
6267.12
6266.47
6265.83
6265.18
6264.47
6263.67
6262.72
6261.59
6260.25
6258.78
6257.27
6255.75
6254.33
6253.2
6252.49
6251.92
6243.45
6228.92
6217.06
6208.55
6203.66
6203.64
6208.47
6213.84
6213.86
6207.5
6197.45
6189.21
6185.85
6183.96
6180.88
6178.35
6175.3
6172.76
6171.29
6170.12
6168.24
6165.92
6163.3
6160.46
6157.44
6154.26
6150.89
6147.27
6144.43
6141.65
6138.78
6135.83
6132.82
6129.77
6126.7
6123.65
6120.62
6117.64
6114.72
6111.76
6108.11
6104.69
6101.34
6097.94
6095.49
6093.25
6091.09
6089.06
6087.42
6086.17
6085.48
6084.65
6065.87
6012.3
5952.44
5893.19
5835.72
5779.94
5725.54
5672.19
5619.63
5567.62
5515.98
5464.44
5412.55
5359.47
5327.4
5322.9
5323.14
5323.43
5323.82
5325.7
5333.55
5344.27
5345.2
5345.68
5345.61
5345.09
5344.31
5343.45
5342.66
5342.07
5341.72
5341.63
6344.05
6344.28
6344.8
6345.72
6347.28
6349.83
6353.66
6356.99
6359.38
6361.12
6362.42
6363.39
6364.08
6364.55
6364.85
6365.01
6365.06
6365.02
6364.92
6364.19
6358.32
6351.21
6341.39
6333
6326.73
6322.18
6319.12
6317.4
6316.95
6317.54
6319.34
6323.09
6327.28
6325.59
6325.53
6325.38
6315.97
6304.64
6296.08
6289.23
6286.66
6289.86
6290.79
6283.26
6271.95
6264.55
6264.99
6264.92
6264.85
6264.73
6264.57
6264.39
6264.19
6263.94
6263.62
6263.16
6262.49
6261.59
6260.24
6258.77
6257.25
6255.7
6254.13
6253.03
6252.24
6251.3
6239.57
6220.28
6204.93
6193.35
6185.02
6181.91
6184.83
6187.09
6196.12
6195.35
6188.29
6184.1
6182.28
6180.13
6177.8
6176.36
6174.43
6172.6
6171.43
6169.59
6167.64
6165.49
6162.69
6159.75
6156.95
6153.65
6149.41
6145.77
6143.89
6141.43
6138.68
6135.79
6132.79
6129.74
6126.67
6123.64
6120.65
6117.77
6115.11
6112.98
6107.75
6104.71
6100.18
6096.53
6095.01
6093.03
6090.83
6088.41
6086.69
6085.21
6084.38
6083.12
6053.41
5993.09
5932.16
5872.51
5814.72
5758.68
5704.13
5650.82
5598.57
5547.28
5496.93
5447.56
5399.04
5350.86
5324.05
5321.7
5322.3
5322.93
5323.87
5325.65
5328.72
5334.28
5336.09
5336.28
5335.54
5334.23
5332.67
5331.12
5329.79
5328.8
5328.19
5327.96
6339.01
6339.17
6339.54
6340.25
6341.6
6344.45
6351.45
6356.22
6358.79
6360.59
6361.96
6362.99
6363.71
6364.25
6364.61
6364.83
6364.97
6364.99
6359.74
6353.39
6343.57
6334.82
6325.72
6317.49
6312.04
6308.67
6306.79
6306.29
6307.3
6308.74
6310.68
6313.32
6316.85
6315.22
6315.44
6314.24
6304.66
6295.66
6287.96
6281.49
6278.83
6280.6
6279.85
6273.21
6264.63
6259.59
6259.39
6260.83
6261.25
6261.65
6262.01
6262.3
6262.55
6262.76
6262.88
6262.83
6262.45
6261.99
6260.85
6258.72
6256.84
6255.01
6253.42
6252.51
6251.2
6248.34
6232.6
6207.75
6189.03
6174.92
6164.14
6159.81
6159.88
6154.92
6171.78
6188.7
6184.43
6182.41
6182.26
6179.94
6177.41
6175.66
6174.31
6173.2
6164.55
6157.24
6153.15
6149.89
6146.73
6143.73
6140.85
6137.73
6134.38
6131.97
6129.83
6127.51
6125.2
6123.36
6123.16
6126.19
6125.39
6122.84
6119.69
6116.89
6113.39
6106.92
6097.71
6094.32
6088.86
6084.82
6082.72
6083.32
6088.09
6087.06
6085.72
6083.6
6082.55
6079.93
6042.61
5974.48
5910.6
5849.99
5791.95
5735.92
5681.49
5628.4
5576.55
5525.97
5476.92
5429.81
5385.19
5343.49
5322.18
5320.99
5321.44
5322.14
5323.08
5324.38
5326.11
5328.07
5328.56
5327.73
5325.95
5323.56
5320.94
5318.5
5316.5
5315.05
5314.15
5313.74
6333.74
6333.78
6333.87
6334.03
6334.29
6334.63
6341.68
6357.43
6358.9
6360.45
6361.78
6362.84
6363.49
6364.07
6364.46
6364.65
6364.22
6356.9
6345.68
6336.87
6327.78
6318.81
6309.16
6299.22
6295.26
6293.67
6293.1
6293.68
6297.22
6299.44
6301.31
6302.66
6303.55
6303.28
6302.22
6300.85
6292.75
6285.39
6278.61
6272.54
6269.94
6270.04
6269.39
6265.13
6258.62
6254.9
6254.38
6256.42
6257.61
6258.6
6259.46
6260.22
6260.94
6261.61
6262.26
6262.54
6261.44
6250.9
6239.71
6234.11
6232.6
6235.06
6243
6249.35
6248.93
6238.44
6218.82
6189.19
6168.54
6153.13
6140.95
6135.63
6136.11
6134.78
6145.12
6168.1
6182.01
6181.53
6179.39
6177.99
6176.74
6174.98
6173.57
6159.56
6141.25
6130.84
6124.34
6119.66
6115.85
6112.61
6109.73
6107.02
6104.48
6102.34
6100.49
6098.84
6097.55
6097.15
6098.79
6104.94
6106.45
6104.8
6101.9
6097.94
6090.91
6081.61
6076.81
6072.69
6065.48
6059.45
6055.48
6055.52
6064.65
6074.21
6082.77
6080.92
6079.86
6072.99
6026.24
5951.62
5885.78
5824.91
5767.17
5711.55
5657.51
5604.75
5553.24
5503.15
5454.98
5409.58
5368.41
5333.58
5319.14
5319.83
5320.34
5321.1
5321.93
5322.71
5323.31
5323.4
5322.34
5320.07
5316.88
5313.01
5308.94
5305.35
5302.57
5300.63
5299.45
5298.87
6328.37
6328.27
6328.06
6327.66
6326.83
6324.96
6320.1
6335.91
6350.55
6360.68
6362.05
6363.03
6363.28
6363.65
6363.53
6357.25
6349.88
6338.8
6329.23
6320.63
6311.87
6303.46
6292.89
6286.29
6285.67
6285.67
6285.66
6285.75
6288.44
6290.48
6292.46
6292.47
6291.66
6291.07
6290.58
6286.76
6280.12
6274.55
6268.55
6262.64
6261.03
6261.29
6260.93
6257.31
6253.46
6251.66
6251.77
6252.82
6254.14
6255.64
6256.99
6258.16
6259.31
6260.47
6261.39
6250.81
6233.44
6208.69
6191.65
6182.8
6182.14
6189.97
6208.29
6231.53
6219.59
6206.34
6188.97
6161.97
6142.8
6128.13
6116.02
6110.41
6110.96
6110.31
6114.03
6124.18
6140.74
6144.6
6145.37
6147.82
6148.33
6146.64
6141.53
6123.61
6110.05
6100.55
6093.74
6088.55
6084.42
6081.13
6078.45
6076.16
6074.18
6072.48
6071.03
6069.84
6069.05
6068.94
6069.9
6071.93
6072.43
6071.05
6068.11
6063.55
6057.11
6053.54
6054.67
6050.16
6040.91
6032.03
6024.23
6018.62
6017.03
6021.17
6029.52
6044.05
6041.06
6035.61
5992.04
5919.98
5855.97
5796.7
5740.26
5685.62
5632.23
5579.86
5528.5
5478.43
5430.24
5385.12
5345.3
5315.31
5311.34
5318.16
5318.97
5320.01
5320.81
5321.23
5321.04
5319.91
5317.39
5313.31
5308.39
5302.54
5296.32
5291.28
5287.69
5285.34
5283.95
5283.24
6323.01
6322.82
6322.39
6321.64
6320.35
6318.19
6314.74
6310.74
6318.49
6333.1
6342.12
6346.44
6348.62
6347.63
6344.88
6335.05
6327.19
6319.21
6311.83
6304.54
6295.6
6290.27
6285.66
6285.66
6285.66
6285.66
6285.64
6285.63
6285.63
6285.7
6285.59
6283.1
6280.12
6278.59
6278.45
6274.1
6269.31
6264.12
6258.42
6253.62
6252.08
6252.03
6251.48
6249.71
6247.99
6247.84
6248.09
6248.92
6250.47
6252.77
6254.66
6256.08
6257.65
6258.88
6253.51
6223.47
6190.05
6159.46
6135.67
6123.38
6123.35
6134.68
6150.29
6170.21
6161.17
6156.93
6145.88
6127.15
6112.58
6100.56
6089.97
6084.83
6084.88
6084.05
6079.43
6073.86
6072.75
6075.33
6082.45
6090.15
6094.58
6095.21
6091.77
6083.32
6074.79
6067.55
6061.52
6056.36
6052.16
6049.05
6046.76
6045
6043.59
6042.38
6041.32
6040.46
6039.86
6039.66
6039.94
6040.47
6040.27
6038.86
6035.94
6031.03
6023.78
6029.3
6033.55
6027.96
6015.98
6003.53
5990.79
5977.69
5963.68
5946.73
5927.2
5953.76
5969.61
5987.48
5945.69
5880.3
5821.43
5765.66
5711.56
5658.43
5605.94
5553.94
5502.49
5451.81
5402.44
5355.37
5312.35
5288.17
5296.87
5315.75
5317.37
5319.15
5320.09
5320.34
5319.73
5317.83
5314.03
5307.4
5300.8
5292.32
5282.36
5275.6
5271.41
5268.93
5267.54
5266.79
6317.79
6317.54
6316.99
6316.08
6314.69
6312.65
6309.87
6306.63
6303.2
6303.19
6308.48
6312.02
6314.81
6318.6
6317.25
6311.04
6304.61
6299.04
6294.34
6290.11
6285.55
6285.63
6285.64
6285.65
6285.63
6285.63
6285.62
6285.61
6285.59
6285.26
6281.02
6274.23
6268.59
6266.15
6266.09
6263.42
6258.89
6254.22
6249.31
6244.81
6243.08
6243.03
6242.72
6242.07
6241.09
6243.11
6243.55
6244.26
6246.01
6250.29
6252.76
6253.8
6255.64
6256.32
6231.09
6186.44
6143.94
6103.47
6068.19
6051.68
6053.21
6075.13
6088.21
6096.69
6099.71
6101.16
6096.98
6088.27
6079.8
6071.55
6063.41
6059.23
6058.89
6057.36
6042.13
6019.07
6001.08
6001.5
6018.96
6035.74
6044.64
6047.87
6047
6043.11
6038.24
6033.34
6028.42
6023.22
6018.8
6016.16
6014.53
6013.5
6012.81
6012.13
6011.41
6010.8
6010.29
6009.88
6009.74
6009.73
6009.33
6008.18
6005.76
6000.85
5994.54
6005.98
6014.69
6006.73
5991.51
5975.34
5957.68
5937.69
5913.27
5879.19
5848.76
5864.86
5889.12
5909.62
5882.81
5834.1
5783.77
5732.96
5681.89
5630.62
5579.14
5527.49
5475.7
5423.9
5372.33
5321.58
5273.06
5244.49
5254.18
5278.51
5283.27
5287.86
5290.75
5293
5299.27
5312.35
5308.06
5301.51
5295.1
5283.52
5265
5257.13
5253.26
5251.24
5250.18
5249.54
6312.76
6312.48
6311.89
6310.96
6309.6
6307.76
6305.41
6302.68
6299.68
6296.5
6293.83
6292.51
6292.19
6294.8
6294.49
6291.56
6288.64
6286.44
6285.18
6285.28
6285.3
6285.4
6284.95
6283.45
6283.03
6283.74
6285.42
6285.48
6285.4
6284.59
6275.14
6264.19
6256.27
6253.78
6253.97
6252.17
6248.6
6244.55
6239.81
6235.64
6234.07
6233.91
6234.01
6234.77
6235.05
6237.63
6238.3
6238.52
6238.99
6242.81
6247.51
6252.35
6251.34
6237.96
6195.72
6147.4
6095.82
6042.3
6014.08
6006.2
6006.98
6024.41
6030.75
6024.34
6037.16
6044.72
6048.03
6049.15
6046.82
6042.44
6036.91
6033.8
6033.39
6031.25
6000.57
5970.07
5954.6
5954.54
5967.54
5989.2
6000.38
6004.62
6005.25
6003.89
6001.72
5999.14
5995.62
5989.29
5983.67
5982.27
5981.7
5981.65
5982.03
5981.91
5981.39
5981.03
5980.62
5979.82
5979.43
5979.36
5979.15
5978.76
5978.08
5976.82
5975.96
5984.79
5992.23
5985
5967.99
5948.64
5926.92
5902.1
5872.54
5835.46
5810.65
5807.19
5826.93
5842.16
5826.84
5789.53
5746.61
5700.5
5652.43
5603
5552.53
5501.16
5448.92
5395.74
5341.42
5285.53
5227.13
5191.35
5197.25
5217.05
5230.51
5231.44
5232.76
5234.32
5239.3
5259.33
5263.1
5267.73
5279.47
5262.13
5236.79
5234.4
5233.06
5232.39
5232.03
5231.63
6307.94
6307.66
6307.09
6306.19
6304.94
6303.31
6301.29
6298.94
6296.29
6293.31
6289.65
6287.24
6285.89
6284.89
6284.58
6284.7
6284.73
6284.75
6284.79
6284.99
6281.03
6279.57
6278.4
6276.88
6276.78
6277.49
6279.4
6279.2
6277.6
6273.35
6262.25
6251.11
6240.94
6241.32
6241.98
6241.06
6238.79
6235.56
6231.66
6227.97
6225.04
6224.28
6224.74
6227.71
6230.4
6232.34
6232.85
6232.5
6232.04
6230.43
6232.21
6241.74
6241.8
6217.2
6166.82
6111.66
6049.61
6006.06
6004.41
6004.83
6005.16
6001.46
5986.03
5967.79
5977.86
5993.83
6004.5
6013.48
6015.88
6014.47
6010.94
6008.8
6008.23
5996.15
5964.62
5953.45
5952.43
5952.3
5950.99
5957.92
5963.06
5964.97
5965.48
5965.48
5965.61
5965.89
5965.62
5963.15
5961.21
5962.3
5963.46
5964.13
5964.75
5964.89
5964.69
5964.61
5964.42
5963.91
5963.74
5963.81
5963.86
5964.01
5964.32
5964.85
5965.42
5969.19
5973.19
5966.39
5946.84
5924.28
5899.27
5871.27
5839.3
5802.21
5778.59
5768.32
5783.3
5798.12
5780.87
5750.56
5712.63
5670.01
5624.31
5576.43
5526.82
5475.71
5423.09
5368.73
5312.07
5252
5186.62
5145.32
5139.37
5160.2
5176.25
5175.53
5174.51
5172.23
5164.28
5173.01
5173.29
5182.22
5206.32
5210.13
5208.79
5210.55
5212
5212.97
5213.46
5213.42
6303.33
6303.07
6302.54
6301.73
6300.61
6299.18
6297.45
6295.44
6293.2
6290.75
6288.19
6286.09
6284.51
6283.2
6283.63
6284.36
6284.54
6284.52
6282.72
6278.71
6271.07
6268.44
6267.46
6268.9
6269.72
6270.03
6269.86
6268.2
6264.78
6258.88
6249.39
6237.06
6227.49
6229.47
6230.97
6230.45
6229.96
6227.24
6223.32
6218.8
6216.27
6214.3
6213.36
6218.53
6224.38
6226.8
6227.76
6226.54
6224.74
6220.99
6219.71
6227.19
6230.73
6200.14
6142.9
6082.81
6025.14
6003.65
6003.18
6003.79
6003.61
5986.71
5961.31
5951.54
5948.98
5960.71
5972.85
5984.39
5988.77
5988.62
5985.64
5984.1
5980.7
5964.79
5952.77
5952.99
5950.7
5949.06
5947.35
5945.45
5944.56
5944.42
5944.57
5945.18
5946.99
5949.23
5951.79
5954.7
5957.14
5959.27
5961.77
5962.84
5962.9
5962.97
5963.02
5963.07
5963.13
5963.19
5963.26
5963.37
5963.51
5963.72
5963.99
5964.37
5964.88
5965.09
5966.38
5954.14
5928.67
5902.4
5874.6
5844.39
5811.2
5777.07
5764.91
5763.38
5767.34
5766.11
5747.95
5719.21
5683.35
5642.61
5598.39
5551.57
5502.62
5451.77
5399
5344.02
5286.11
5223.8
5153.97
5108.1
5095.87
5112.54
5121.81
5119.22
5117.53
5115.81
5109.43
5117.52
5120.37
5128.82
5144.04
5162.05
5179.09
5186.94
5191.23
5193.7
5194.94
5195.3
6298.93
6298.69
6298.22
6297.5
6296.53
6295.31
6293.83
6292.14
6290.26
6288.25
6286.22
6284.38
6282.82
6281.68
6280.96
6279.42
6277.75
6275.98
6272.62
6268.03
6263.5
6261.14
6260.2
6261.55
6263.15
6263.06
6261.81
6258.97
6254.44
6248
6239.35
6229.37
6224.66
6224.05
6224.77
6223.89
6223.34
6220.11
6215.59
6210.13
6208.52
6205.74
6203.87
6208.76
6217.19
6221.04
6223.95
6221.13
6219.37
6217.59
6216.75
6219.31
6217.68
6183.65
6121.88
6051.53
6004.28
6002.69
6003
6002.62
5993.18
5964.93
5944.92
5945.34
5945.95
5948.69
5953.39
5962.45
5966.17
5965.6
5960.39
5959.97
5953.66
5947.24
5948.12
5948.65
5945.99
5944.97
5943.86
5943.02
5942.75
5942.82
5943.02
5943.21
5945.27
5948.37
5950.98
5953.66
5956.11
5957.87
5960.39
5962.45
5962.79
5962.97
5963.01
5963.06
5963.11
5963.16
5963.22
5963.31
5963.43
5963.62
5963.88
5964.2
5964.63
5964.85
5965.03
5943.17
5911.32
5882.03
5852.35
5820.51
5784.01
5757.03
5756.67
5758.1
5759.14
5749.84
5725.61
5694.98
5658.95
5618.67
5575.08
5528.83
5480.31
5429.75
5377.13
5322.24
5264.55
5203.12
5136.48
5096.84
5091.31
5093.03
5092.57
5088.46
5088.39
5091.34
5095.99
5103.59
5112.38
5118.58
5129.25
5145.79
5158.58
5166.84
5172.07
5175.27
5176.94
5177.65
6294.69
6294.49
6294.09
6293.47
6292.65
6291.62
6290.39
6288.97
6287.41
6285.73
6284.02
6282.33
6280.69
6278.97
6276.69
6273.9
6270.96
6268.22
6265.67
6263.47
6261.6
6260.13
6259.01
6258.21
6258.29
6257.24
6255.36
6251.4
6246.02
6239.33
6230.66
6225
6223.94
6223.51
6222.9
6221.65
6219
6214.29
6208.79
6204.32
6203.63
6202.02
6201.71
6202.58
6206.63
6211.92
6215.89
6214.62
6213.98
6213.23
6212.8
6213.21
6209
6174.04
6109.44
6039.93
6001.33
6000.67
6001.4
6000.86
5983.09
5952.66
5941.84
5941.81
5942.81
5942.6
5942.17
5945.85
5947.88
5947.21
5944.05
5944.98
5942.72
5942.65
5943.86
5943.85
5942.9
5942.93
5942.6
5942.59
5942.64
5942.67
5942.76
5942.94
5944.33
5947.26
5949.93
5952.43
5954.66
5956.61
5958.6
5961
5962.33
5962.94
5962.99
5963.04
5963.08
5963.11
5963.15
5963.21
5963.29
5963.47
5963.68
5963.94
5964.17
5964.24
5950.77
5921.09
5891.39
5862.07
5832.26
5801.27
5768.7
5750.55
5750.34
5752.83
5753.17
5739.44
5709.68
5676.13
5638.79
5598.06
5554.44
5508.34
5460.06
5409.78
5357.53
5303.25
5246.73
5187.64
5125.6
5090.38
5086.53
5084.86
5084.37
5084.83
5086.35
5088.99
5092.95
5098.55
5106.64
5114
5122.87
5133.4
5142.7
5149.75
5154.74
5158.01
5159.87
5160.78
6290.6
6290.43
6290.1
6289.6
6288.93
6288.08
6287.07
6285.91
6284.62
6283.21
6281.74
6280.2
6278.59
6276.78
6274.55
6271.64
6269.23
6267.11
6265.17
6263.34
6261.6
6259.99
6258.58
6257.54
6256.41
6254.43
6250.99
6245.27
6238.91
6232.65
6227.3
6225.41
6223.76
6222.98
6221.84
6219.83
6216.6
6211.66
6206.79
6204.33
6202.72
6201.97
6201.27
6200.56
6200.36
6203.09
6206.24
6208.6
6208.66
6208.5
6208.36
6208.12
6203.54
6167.32
6101.92
6034.23
5998.66
5997.68
5998.59
5997.43
5968.84
5941.15
5940.3
5940.53
5940.64
5939.94
5939.52
5939.47
5939.8
5940.34
5941.11
5941.71
5942.08
5942.22
5942.36
5942.23
5942.29
5942.39
5942.46
5942.5
5942.54
5942.55
5942.53
5942.63
5943.05
5945.32
5948.03
5950.29
5952.1
5954.31
5956.36
5958.67
5961.08
5962.36
5962.75
5962.86
5962.77
5962.31
5961.68
5961.84
5963.06
5963.27
5963.45
5963.51
5963.41
5951.19
5926.04
5899.04
5871.09
5842.58
5813.37
5783.6
5755.46
5745.37
5745.4
5747.73
5748.2
5731.7
5697.55
5661.08
5622
5580.34
5536.28
5490.04
5441.82
5391.76
5339.96
5286.5
5231.48
5175.12
5117.74
5086.22
5083.38
5082.95
5082.96
5083.65
5085.16
5087.59
5091.09
5095.76
5101.64
5107.93
5114.91
5122.35
5129.21
5134.83
5139.09
5142.06
5143.91
5144.84
6286.62
6286.49
6286.23
6285.84
6285.32
6284.66
6283.86
6282.93
6281.88
6280.73
6279.47
6278.11
6276.63
6274.97
6273.05
6270.88
6268.8
6266.85
6264.99
6263.19
6261.45
6259.75
6258.1
6256.49
6254.78
6252.12
6248.62
6242.38
6235.19
6231.3
6227.91
6226.34
6224.32
6222.61
6220.7
6218.21
6216.28
6211.43
6206.59
6205
6203.19
6201.85
6200.77
6199.9
6199.36
6199.16
6200.1
6202.71
6203.53
6203.73
6203.75
6203.38
6198.59
6161.97
6096.71
6030.47
5996.32
5995.43
5995.87
5985.21
5954.02
5938.65
5938.5
5939.13
5939.24
5939.08
5938.89
5939.04
5939.37
5939.82
5940.41
5941.18
5941.66
5941.92
5941.99
5942.07
5942.17
5942.29
5942.36
5942.41
5942.45
5942.47
5942.48
5942.53
5942.68
5944.31
5946.59
5948.59
5950.41
5952.28
5954.29
5956.36
5958.27
5958.75
5959.05
5958.99
5957.74
5957.16
5956.45
5956.74
5959.36
5961.32
5962.32
5961.94
5949.76
5926.91
5903.18
5877.91
5851.37
5823.78
5795.04
5764.28
5741.83
5740.58
5742.64
5744.95
5744.61
5725.54
5687.73
5648.65
5607.81
5565.01
5520.29
5473.72
5425.42
5375.49
5324.06
5271.31
5217.58
5163.62
5110.74
5082.93
5080.61
5080.6
5080.88
5081.64
5083.03
5085.14
5088.04
5091.77
5096.24
5101.2
5106.53
5111.98
5117.07
5121.41
5124.85
5127.36
5129.02
5129.85
6282.7
6282.61
6282.44
6282.16
6281.79
6281.31
6280.73
6280.03
6279.21
6278.29
6277.26
6276.1
6274.82
6273.37
6271.76
6270
6268.21
6266.45
6264.7
6262.96
6261.21
6259.41
6257.54
6255.51
6253.13
6250.01
6247.61
6241.32
6234.68
6232.31
6229.25
6226.84
6224.56
6222.37
6220.07
6217.51
6214.76
6211.14
6207.7
6205.25
6203.17
6201.44
6200.01
6198.85
6198.02
6197.6
6197.8
6198.58
6198.99
6199.12
6199.13
6198.73
6193.86
6157.2
6092.51
6027.74
5995.05
5995.16
5994.14
5973.41
5943.59
5937.44
5937.05
5937.7
5938.05
5938.29
5938.52
5938.84
5939.23
5939.67
5940.19
5940.93
5941.46
5941.8
5941.95
5942.05
5942.14
5942.22
5942.29
5942.34
5942.38
5942.41
5942.43
5942.47
5942.71
5944.22
5945.99
5947.03
5948.59
5950.66
5952.42
5952.83
5952.99
5952.12
5952.15
5952.61
5952.47
5952.71
5952.62
5952.55
5950.8
5946.79
5941.11
5938.64
5922.6
5903.5
5881.85
5858.07
5832.69
5806.14
5778.74
5750.65
5734.97
5735.11
5737.65
5739.85
5740.11
5719.51
5679.16
5638
5595.55
5551.62
5506.15
5459.13
5410.64
5360.73
5309.49
5257.09
5203.9
5151.03
5102.26
5079.33
5077.84
5077.95
5078.3
5079.02
5080.19
5081.9
5084.17
5087.02
5090.37
5094.09
5098.04
5102.02
5105.76
5109.01
5111.67
5113.67
5115.01
5115.69
6278.82
6278.77
6278.68
6278.53
6278.32
6278.03
6277.66
6277.19
6276.61
6275.92
6275.12
6274.19
6273.12
6271.91
6270.57
6269.1
6267.56
6265.99
6264.37
6262.71
6260.97
6259.13
6257.11
6254.84
6252.2
6249.11
6245.68
6241.03
6236.42
6233.01
6229.92
6227.2
6224.66
6222.19
6219.66
6216.96
6214.07
6210.9
6207.81
6205.12
6202.77
6200.71
6198.94
6197.43
6196.22
6195.35
6194.9
6194.77
6194.69
6194.59
6194.51
6194.1
6189.22
6152.38
6088.38
6024.6
5992.51
5992.61
5991.25
5966.41
5938.81
5936.49
5936.24
5936.57
5936.99
5937.49
5938.06
5938.58
5939.03
5939.43
5939.74
5940.51
5941.41
5941.86
5941.96
5942.04
5942.11
5942.18
5942.24
5942.28
5942.32
5942.36
5942.39
5942.41
5942.85
5943.98
5945.27
5946.26
5947.26
5948.72
5948.44
5946.56
5945.42
5944.61
5944.82
5946.94
5950.82
5951.47
5950.83
5947.94
5939.55
5927.68
5914.51
5907.6
5898.51
5882.66
5862.63
5839.83
5815.18
5789.35
5763.12
5738.83
5730.76
5730.9
5732.68
5733.92
5734.47
5713.35
5671.42
5628.62
5584.79
5539.78
5493.54
5446.03
5397.27
5347.28
5296.08
5243.66
5189.9
5134.35
5089.9
5075.22
5074.94
5075.06
5075.37
5075.94
5076.83
5078.08
5079.73
5081.76
5084.13
5086.76
5089.54
5092.33
5094.95
5097.28
5099.21
5100.7
5101.7
5102.21
6274.92
6274.92
6274.92
6274.91
6274.87
6274.79
6274.64
6274.4
6274.07
6273.63
6273.06
6272.36
6271.53
6270.55
6269.45
6268.23
6266.92
6265.53
6264.06
6262.5
6260.82
6258.97
6256.89
6254.49
6251.69
6248.5
6244.94
6240.93
6236.92
6233.36
6230.19
6227.33
6224.67
6222.06
6219.38
6216.58
6213.62
6210.54
6207.49
6204.63
6202.03
6199.68
6197.56
6195.67
6194.02
6192.65
6191.63
6190.9
6190.37
6190
6189.79
6189.1
6182.87
6146.49
6084.05
6020.86
5988.82
5988.27
5987.05
5962.56
5937.15
5935.29
5935.1
5935.36
5935.86
5936.63
5937.66
5938.37
5938.9
5939.29
5939.55
5940.16
5941.17
5941.83
5942
5942.04
5942.09
5942.14
5942.19
5942.23
5942.27
5942.31
5942.35
5942.4
5942.77
5943.76
5944.85
5945.57
5946.33
5945.11
5942.13
5939.55
5937.52
5936.08
5935.57
5936.57
5939.98
5940.82
5939.58
5937.09
5928.25
5915.66
5901.2
5889.7
5881.19
5865.99
5846.19
5823.44
5798.85
5772.97
5745.56
5727.72
5727.3
5728.77
5729.38
5729.89
5729.87
5708.07
5664.55
5620.28
5575.19
5529.18
5482.19
5434.17
5385.13
5335.05
5283.9
5231.58
5177.69
5121
5081.88
5072.46
5071.9
5071.98
5072.18
5072.54
5073.09
5073.87
5074.89
5076.16
5077.64
5079.29
5081.03
5082.79
5084.47
5085.97
5087.24
5088.22
5088.9
5089.24
6270.97
6271.02
6271.13
6271.27
6271.42
6271.56
6271.65
6271.67
6271.6
6271.41
6271.09
6270.63
6270.03
6269.29
6268.41
6267.42
6266.31
6265.11
6263.8
6262.36
6260.78
6259.01
6256.97
6254.52
6251.53
6248.22
6244.63
6240.81
6236.94
6233.28
6230.1
6227.25
6224.59
6221.96
6219.2
6216.3
6213.27
6210.13
6206.95
6203.86
6201
6198.37
6195.92
6193.62
6191.49
6189.58
6188.01
6186.78
6185.86
6185.22
6184.86
6183.78
6179.35
6144.23
6080.48
6016.99
5984.8
5983.84
5982.48
5959.32
5935.33
5933.76
5933.68
5933.93
5934.46
5935.51
5936.65
5937.96
5938.77
5939.33
5939.59
5940.16
5941.12
5941.81
5942.01
5942.04
5942.07
5942.11
5942.15
5942.19
5942.22
5942.26
5942.3
5942.37
5942.59
5943.59
5944.7
5944.93
5943.48
5939.29
5935.42
5931.99
5929.04
5926.61
5924.81
5923.8
5923.43
5922.35
5920.67
5919.85
5912.21
5902.26
5889.26
5880.97
5871.63
5853.92
5832.69
5808.89
5783.81
5758.13
5733.95
5725.04
5724.97
5726.12
5726.64
5726.93
5726.83
5703.75
5658.43
5612.75
5566.51
5519.57
5471.87
5423.35
5374.02
5323.88
5272.9
5221.06
5168.26
5114.5
5078.74
5069.49
5068.77
5068.78
5068.83
5068.94
5069.13
5069.42
5069.82
5070.35
5070.98
5071.72
5072.52
5073.34
5074.16
5074.91
5075.56
5076.07
5076.43
5076.62
6266.9
6267.02
6267.24
6267.55
6267.93
6268.32
6268.69
6269
6269.2
6269.28
6269.21
6268.99
6268.62
6268.11
6267.46
6266.67
6265.77
6264.75
6263.62
6262.34
6260.91
6259.28
6257.4
6255.05
6251.67
6248.17
6244.51
6240.69
6236.73
6232.66
6229.67
6226.93
6224.45
6221.94
6219.13
6216.14
6213
6209.71
6206.28
6202.82
6199.72
6196.86
6194.1
6191.36
6188.67
6186.15
6184
6182.31
6181.02
6180.12
6179.6
6178.5
6175.15
6140.59
6076.72
6013.02
5980.6
5979.31
5977.88
5955.53
5932.71
5931.97
5932.01
5932.22
5932.54
5933.85
5935.26
5937.02
5938.57
5939.67
5940.04
5940.57
5941.31
5941.86
5942
5942.02
5942.05
5942.08
5942.11
5942.14
5942.17
5942.2
5942.24
5942.28
5942.34
5943.21
5944.25
5944.38
5939.31
5933.16
5928.26
5923.95
5920.05
5916.49
5913.28
5910.38
5907.59
5904.46
5900.9
5896.93
5891.25
5886.43
5879.06
5872.43
5858.95
5839.73
5821.74
5795.64
5769.37
5741.77
5723.71
5723
5723.67
5724.11
5724.4
5724.58
5724.5
5699.63
5652.66
5605.78
5558.53
5510.74
5462.35
5413.34
5363.73
5313.54
5262.77
5211.48
5159.81
5108.46
5074.27
5065.98
5065.61
5065.54
5065.42
5065.26
5065.06
5064.85
5064.63
5064.42
5064.23
5064.08
5063.97
5063.91
5063.91
5063.95
5064.01
5064.08
5064.14
5064.17
6262.67
6262.86
6263.22
6263.73
6264.36
6265.06
6265.75
6266.38
6266.89
6267.25
6267.44
6267.47
6267.33
6267.03
6266.59
6266.01
6265.31
6264.48
6263.53
6262.45
6261.2
6259.76
6258.26
6256.57
6253.83
6249.89
6244.98
6239.91
6234.77
6230.94
6228.94
6226.33
6224.3
6222.19
6219.2
6216.09
6212.84
6209.39
6205.62
6201.39
6198.16
6195.23
6192.23
6189.02
6185.63
6182.29
6179.53
6177.39
6175.77
6174.6
6173.87
6172.3
6169.56
6136.02
6072.85
6009.04
5976.16
5974.69
5973.36
5951.9
5930.4
5930.04
5930.12
5930.39
5930.83
5931.67
5933.47
5935.69
5938.58
5940.33
5940.47
5940.84
5941.48
5941.94
5941.98
5942
5942.02
5942.04
5942.07
5942.1
5942.13
5942.16
5942.16
5941.92
5940.68
5940.5
5941.11
5937.94
5931.45
5925.79
5920.5
5915.51
5910.71
5906.04
5901.44
5896.84
5892.09
5887.02
5881.55
5875.7
5869.42
5863.58
5858.7
5851.18
5836.88
5820.15
5804.81
5782.55
5756.24
5731.02
5721.06
5720.99
5721.96
5722.24
5722.43
5722.46
5720.85
5694.08
5646.81
5599.18
5551.08
5502.5
5453.45
5403.94
5354.03
5303.76
5253.18
5202.29
5151.04
5099.06
5067.19
5062.58
5062.5
5062.35
5062.06
5061.61
5061.02
5060.28
5059.43
5058.47
5057.44
5056.39
5055.37
5054.43
5053.62
5052.96
5052.45
5052.1
5051.87
5051.77
6258.21
6258.47
6258.98
6259.74
6260.68
6261.75
6262.83
6263.83
6264.68
6265.34
6265.8
6266.07
6266.15
6266.06
6265.82
6265.43
6264.92
6264.3
6263.55
6262.68
6261.62
6260.25
6259.25
6257.83
6255.02
6248.21
6241.48
6236.14
6232.6
6229.99
6227.35
6225.11
6224.18
6223.3
6221.15
6217.46
6212.93
6207.97
6202.83
6198.91
6196.27
6193.63
6190.53
6186.82
6182.49
6177.82
6174.39
6171.91
6170.05
6168.6
6167.51
6164.32
6163.09
6131.43
6069.74
6005.69
5972.16
5970.18
5968.71
5948.35
5928.3
5927.91
5927.98
5928.38
5929.51
5929.85
5931.53
5934.28
5938.08
5940.5
5940.65
5940.95
5941.34
5941.73
5941.92
5941.99
5941.99
5942
5942.03
5942.05
5942.09
5942.09
5941.92
5940.01
5937.15
5935.27
5933.63
5928.81
5923.56
5918.03
5912.45
5906.86
5901.24
5895.51
5889.61
5883.44
5876.92
5869.96
5862.58
5854.9
5847.16
5839.78
5833.16
5826
5818.38
5804.02
5792.18
5773.52
5742.02
5721.26
5719.07
5719.23
5720.07
5720.47
5720.65
5720.56
5716.26
5688.33
5641.31
5593.04
5544.12
5494.74
5444.99
5394.95
5344.68
5294.3
5243.87
5193.47
5143.01
5092.14
5063.06
5059.73
5059.53
5059.31
5058.84
5058.12
5057.12
5055.84
5054.32
5052.59
5050.68
5048.68
5046.69
5044.83
5043.18
5041.82
5040.75
5039.98
5039.49
5039.25
6253.43
6253.77
6254.46
6255.5
6256.84
6258.37
6259.94
6261.38
6262.61
6263.59
6264.32
6264.81
6265.1
6265.21
6265.15
6264.95
6264.62
6264.19
6263.66
6263.04
6262.32
6261.27
6259.74
6253.52
6246.83
6238.93
6233.47
6229.95
6228.49
6227.31
6225.68
6224.59
6223.98
6223.63
6222.56
6217.37
6210.41
6204.02
6199.64
6195.83
6194.33
6192.46
6189.41
6185.22
6179.67
6172.08
6168.27
6165.77
6163.87
6162.19
6160.33
6157.09
6157
6128.35
6069.1
6004.1
5967.73
5964.6
5963.08
5944.22
5925.77
5925.4
5925.45
5925.63
5927.12
5928.22
5928.69
5931.82
5936.64
5940.52
5940.76
5941.01
5941.22
5941.48
5941.76
5941.92
5941.95
5941.96
5941.98
5942
5942.02
5941.98
5940.1
5936.26
5932.67
5929.36
5925.85
5921.21
5915.96
5910.31
5904.4
5898.27
5891.87
5885.16
5878.04
5870.41
5862.19
5853.33
5843.91
5834.17
5824.55
5815.2
5808.17
5802.6
5799.59
5788.67
5780.01
5759.31
5732.43
5718.25
5717.53
5718.22
5718.62
5718.92
5719.06
5718.85
5714.52
5686.08
5637.06
5587.56
5537.63
5487.35
5436.83
5386.17
5335.46
5284.87
5234.56
5184.69
5135.39
5086.71
5059.83
5057
5056.78
5056.5
5055.89
5054.9
5053.48
5051.65
5049.44
5046.87
5044.01
5040.95
5037.89
5035
5032.46
5030.37
5028.76
5027.6
5026.85
5026.49
6248.25
6248.67
6249.55
6250.91
6252.74
6254.92
6257.12
6259.11
6260.75
6262.04
6263.02
6263.73
6264.2
6264.47
6264.58
6264.55
6264.4
6264.14
6263.82
6263.44
6262.67
6257.51
6250.08
6240.05
6232.87
6227.2
6223.54
6221.69
6221.52
6222.83
6224.28
6223.87
6223.49
6223.29
6222.19
6214.36
6205.1
6198.24
6193.71
6190.67
6191.87
6191.58
6186.12
6176.34
6169.24
6162.55
6160.78
6159.02
6157.43
6155.95
6154.49
6153.11
6152.05
6129.57
6074.27
6006.97
5963.37
5958.14
5956.36
5939.28
5922.79
5922.56
5922.76
5922.93
5923.68
5923.71
5923.65
5927.67
5932.44
5937.82
5940.82
5941.07
5941.2
5941.38
5941.67
5941.83
5941.89
5941.91
5941.92
5941.96
5941.92
5940.96
5937
5932.27
5927.9
5923.65
5919.2
5914.22
5908.75
5902.85
5896.58
5889.92
5882.83
5875.22
5866.97
5857.96
5848.09
5837.27
5825.55
5813.32
5801.66
5788.31
5781.72
5777.63
5776.59
5774.83
5764.55
5744.71
5727.2
5716.8
5716.23
5716.88
5717.27
5717.52
5717.63
5717.38
5713.06
5683.81
5633.28
5582.51
5531.47
5480.21
5428.83
5377.42
5326.13
5275.17
5224.8
5175.33
5127.16
5080.76
5055.94
5054.04
5054.29
5054.02
5053.33
5052.1
5050.26
5047.83
5044.91
5041.47
5037.52
5033.23
5028.9
5024.83
5021.3
5018.45
5016.3
5014.79
5013.84
5013.38
6242.59
6243.07
6244.1
6245.78
6248.25
6251.41
6254.48
6257.12
6259.2
6260.77
6261.96
6262.83
6263.45
6263.87
6264.12
6264.23
6264.23
6264.13
6263.98
6263.23
6255
6243.18
6232.71
6223.77
6217.41
6213.46
6211.79
6211.76
6213.07
6215.79
6220.21
6222.61
6222.95
6221.12
6216.41
6206.29
6197.41
6190.14
6184.67
6183.01
6185.16
6183.97
6173.13
6161.76
6157.33
6154.22
6153.27
6152.07
6150.83
6149.64
6148.55
6147.74
6146.24
6137.52
6091.62
6026.37
5971.41
5949.47
5948.13
5933.22
5919.08
5919.16
5919.9
5920.38
5920.44
5918.96
5918.59
5922.78
5928.28
5933.26
5938.28
5940.82
5941.17
5941.41
5941.68
5941.79
5941.83
5941.85
5941.86
5941.88
5941.8
5938.57
5933.08
5927.93
5923
5918.12
5913.1
5907.73
5901.96
5895.77
5889.14
5882.02
5874.31
5865.91
5856.65
5846.39
5834.94
5822.11
5807.71
5791.9
5780.47
5770.93
5767.08
5763.41
5759.55
5757.04
5747.73
5733.15
5722.01
5715.07
5715.42
5715.79
5716.07
5716.25
5716.33
5716.05
5711.64
5681.62
5629.74
5577.72
5525.52
5473.21
5420.84
5368.54
5316.48
5264.89
5214.13
5164.66
5117.18
5072.65
5050.12
5050.19
5052.09
5051.97
5051.31
5049.91
5047.64
5044.51
5040.89
5036.56
5031.39
5025.56
5019.66
5014.11
5009.44
5005.84
5003.22
5001.43
5000.32
4999.8
6236.41
6236.88
6237.93
6239.82
6243.02
6247.91
6252.23
6255.67
6258.09
6259.86
6261.17
6262.15
6262.87
6263.39
6263.77
6263.99
6264.13
6263.96
6260.7
6251.48
6236.81
6224.37
6213.8
6204.89
6199.54
6197.44
6198.41
6200.48
6203.22
6207.07
6213.19
6219.28
6216.9
6213.72
6207.17
6196.98
6188.1
6180.26
6173.43
6173.05
6174.44
6170.61
6158.49
6150.34
6148.27
6146.56
6145.97
6145.13
6144.17
6143.19
6142.27
6141.62
6139.76
6132.73
6093.24
6028.9
5969.04
5940.28
5938.24
5925.58
5914.94
5914.59
5916.61
5918.31
5917.87
5917.26
5917.24
5919.95
5924.64
5929.2
5933.69
5937.61
5939.54
5940.92
5941.66
5941.76
5941.78
5941.8
5941.81
5941.78
5939.76
5934.4
5928.82
5923.37
5918.06
5912.76
5907.33
5901.63
5895.59
5889.14
5882.2
5874.7
5866.5
5857.45
5847.35
5836
5823.17
5808.51
5791.27
5778.34
5773.39
5772.95
5768.08
5759.65
5753.36
5746.77
5734.01
5722.56
5716.28
5714.46
5714.6
5714.8
5714.97
5715.09
5715.14
5714.83
5710.3
5679.53
5626.36
5573.09
5519.71
5466.25
5412.79
5359.43
5306.35
5253.79
5202.15
5152
5104.26
5060.41
5039.63
5042.7
5050.13
5050.47
5050.04
5048.57
5045.9
5041.65
5037.6
5032.49
5025.91
5017.95
5010.08
5002.5
4996.53
4992.23
4989.3
4987.38
4986.23
4985.69
6229.71
6230.05
6230.85
6232.49
6236.04
6244.93
6250.81
6255.17
6257.61
6259.35
6260.68
6261.69
6262.45
6263.01
6263.53
6263.78
6262.47
6254.45
6243.77
6230.06
6216.38
6203.69
6193.24
6182.47
6178.42
6178.36
6183.94
6188.51
6192.26
6196.08
6200.5
6205.65
6203.34
6201.65
6195.91
6186.37
6177.74
6169.36
6163.53
6162.34
6162.43
6157.96
6147.55
6141.29
6140.33
6139.3
6138.9
6138.28
6137.5
6136.63
6135.72
6134.88
6131.28
6127.74
6091.91
6026.98
5963.7
5931.57
5928.69
5919.53
5911.88
5910.19
5911.82
5913.85
5914.7
5916.35
5916.71
5917.75
5921.11
5925.24
5929.65
5933.72
5936.95
5939.87
5941.49
5941.71
5941.73
5941.75
5941.78
5941.69
5937.16
5930.46
5924.42
5918.69
5913.1
5907.51
5901.82
5895.89
5889.64
5882.98
5875.83
5868.06
5859.53
5850.03
5839.3
5827.1
5813.23
5797.49
5786.52
5781.99
5777.67
5773.07
5765.55
5756.05
5743.91
5731.14
5721.02
5716.76
5713.43
5713.61
5713.72
5713.83
5713.92
5713.99
5714.01
5713.68
5709.03
5677.51
5623.08
5568.56
5513.97
5459.31
5404.64
5350.05
5295.68
5241.78
5188.69
5136.95
5087.43
5041.57
5019.36
5021.52
5030.93
5040.08
5046.18
5046.43
5042.98
5038.61
5035.35
5029.88
5021.83
5010.24
5000.21
4989.3
4981.93
4977.28
4974.37
4972.57
4971.53
4971.05
6222.62
6222.7
6222.87
6223.15
6223.51
6227.76
6244.42
6256.48
6257.77
6259.2
6260.45
6261.45
6262.18
6262.61
6261.88
6254.86
6245.76
6232.99
6221.2
6208.62
6194.97
6180.78
6173
6166.4
6165.53
6165.57
6170.46
6177.38
6181.22
6184.49
6187.09
6188.96
6188.84
6188.07
6183.28
6174.86
6167.14
6160.28
6154.99
6151.57
6151.38
6147.16
6138.37
6133.42
6132.85
6132.32
6132.03
6131.54
6130.89
6130.08
6129.05
6127.51
6124.3
6123.44
6088.9
6023.56
5958.29
5924.82
5922.76
5915.84
5909.21
5908.06
5908.49
5908.62
5909.66
5912.12
5913.53
5914.22
5916.82
5920.97
5925.98
5930.66
5934.67
5938.56
5940.98
5941.64
5941.68
5941.7
5941.67
5939.05
5932.38
5925.84
5919.71
5913.85
5908.13
5902.39
5896.54
5890.47
5884.09
5877.32
5870.07
5862.2
5853.54
5843.83
5832.74
5819.85
5805.15
5794.5
5790.34
5786.14
5780
5771.74
5762.51
5751.57
5737.86
5725.33
5716.74
5712.9
5712.81
5712.81
5712.83
5712.87
5712.91
5712.93
5712.94
5712.59
5707.82
5675.57
5619.88
5564.12
5508.29
5452.37
5396.4
5340.43
5284.57
5228.96
5173.86
5119.66
5066.96
5016.66
4990.61
4989.96
4993.05
4999.08
5010.8
5015.48
5014.24
5011.47
5008.79
5007.29
5010.91
5000.96
4991.23
4972.55
4964.6
4960.57
4958.32
4957
4956.26
4955.93
6215.41
6215.21
6214.73
6213.68
6211.26
6204.97
6212.98
6237.75
6247.88
6258.54
6259.89
6260.62
6254.4
6250.02
6242.17
6230.55
6221
6210.57
6199.42
6188.26
6174.11
6165.46
6164.98
6164.99
6164.99
6164.99
6164.98
6168.23
6170.74
6173.58
6174.39
6174.4
6174.15
6173.83
6169.9
6162.65
6155.68
6148.98
6142.87
6140.78
6140.61
6137.04
6129.98
6126.16
6125.77
6125.53
6125.32
6124.94
6124.4
6123.72
6122.87
6121.79
6120.57
6119.64
6085.61
6020.31
5953.52
5919.06
5917.19
5911.68
5906.44
5905.45
5905.58
5905.68
5906.14
5907.11
5907.98
5908.78
5910.98
5915.85
5922.61
5928.28
5932.49
5936.43
5939.04
5940.66
5941.46
5941.67
5941.51
5935.42
5927.47
5920.82
5914.73
5908.9
5903.16
5897.39
5891.48
5885.35
5878.93
5872.15
5864.92
5857.13
5848.59
5839.02
5827.96
5814.43
5804.02
5799.53
5794.44
5789.14
5780.72
5771.39
5761.19
5749.85
5737.13
5723.46
5714.3
5712.52
5712.12
5711.99
5711.94
5711.92
5711.91
5711.9
5711.89
5711.52
5706.64
5673.67
5616.75
5559.77
5502.69
5445.48
5388.16
5330.72
5273.19
5215.63
5158.14
5100.88
5044.09
4988.14
4957.62
4954.83
4955.06
4954.11
4958.64
4960.35
4959.31
4957.14
4954.53
4953.51
4965.44
4962.24
4947.33
4945.08
4943.36
4942.1
4941.32
4940.86
4940.6
4940.48
6208.34
6207.96
6207.11
6205.54
6202.83
6198.47
6193.52
6200.33
6209.7
6229.1
6234.12
6233.77
6225.46
6219.56
6211.97
6204.33
6197.14
6188.85
6177.67
6170.87
6164.88
6164.92
6164.96
6164.97
6164.98
6164.97
6164.96
6164.95
6164.94
6164.71
6162.48
6160.38
6159.56
6159.46
6156.28
6150.15
6143.95
6137.61
6131.65
6130.05
6129.92
6127.12
6121.94
6119.25
6119.03
6118.91
6118.75
6118.46
6118.04
6117.5
6116.86
6116.18
6115.62
6114.77
6083.08
6018.8
5949.8
5913.8
5912.18
5907.61
5903.39
5902.64
5902.69
5903.77
5904.99
5905.12
5905.24
5905.37
5906.67
5912.22
5921.43
5927.83
5931.51
5934.75
5936.92
5938.34
5937.72
5936.61
5934.33
5927.72
5921.28
5915.24
5909.48
5903.85
5898.23
5892.52
5886.64
5880.53
5874.13
5867.42
5860.34
5852.82
5844.68
5835.68
5825.66
5815.33
5809.18
5805.08
5799.81
5793.01
5782.36
5771.89
5761.02
5749.52
5737.33
5724.69
5714.88
5711.7
5711.16
5711.08
5711.01
5710.95
5710.91
5710.88
5710.85
5710.47
5705.47
5671.8
5613.7
5555.51
5497.2
5438.73
5380.04
5321.09
5261.84
5202.23
5142.19
5081.62
5020.39
4958.36
4923.26
4918.84
4918.15
4921.07
4913.51
4908
4905.5
4903.23
4898.67
4886.8
4891.38
4896.58
4897.65
4919.33
4921.66
4923.15
4924.02
4924.51
4924.78
4924.9
6201.6
6201.14
6200.15
6198.49
6195.98
6192.52
6188.47
6184.13
6182.69
6188.45
6190.55
6190.68
6194.46
6191.24
6181.86
6177.64
6174.4
6170
6164.46
6164.76
6164.82
6164.82
6164.7
6164.06
6164.79
6164.93
6164.94
6164.94
6164.43
6157.63
6150.45
6145.85
6145.16
6145.21
6142.69
6137.73
6132.36
6126.32
6120.84
6119.41
6119.17
6116.98
6113.91
6112.51
6112.45
6112.4
6112.29
6112.07
6111.75
6111.34
6110.88
6110.42
6110.1
6108.95
6084.81
6022.2
5947.8
5908.81
5907.29
5902.95
5899.92
5899.74
5899.78
5900.08
5901.29
5902.37
5903.32
5904.34
5906.55
5911.45
5918.65
5926.3
5932.51
5933.66
5934.88
5933.45
5930.21
5927.69
5924.55
5919.85
5914.67
5909.39
5904.11
5898.79
5893.38
5887.82
5882.03
5875.99
5869.66
5863.06
5856.21
5849.12
5841.61
5833.37
5823.67
5816.6
5814.24
5811.34
5804.2
5794.51
5783.81
5772.8
5761.49
5749.86
5738
5726.28
5715.6
5710.62
5710.26
5710.16
5710.06
5709.97
5709.9
5709.85
5709.81
5709.42
5704.31
5669.97
5610.71
5551.38
5491.89
5432.18
5372.17
5311.77
5250.86
5189.27
5126.77
5063.02
4997.49
4929.44
4889.51
4882.67
4878.56
4872.33
4859.23
4852.62
4851.47
4851.62
4850.12
4844.27
4853.63
4865.26
4875.38
4893.02
4900.8
4904.82
4907.08
4908.39
4909.12
4909.45
6195.27
6194.8
6193.81
6192.24
6190.02
6187.13
6183.68
6179.72
6174.9
6172.21
6169.33
6166.8
6170.45
6169.11
6163.56
6163.39
6163.45
6163.86
6163.93
6164.3
6162.41
6161.24
6160.61
6159.65
6160.84
6162.19
6164.52
6159.69
6154.4
6144.74
6135.83
6128.08
6130.78
6131.12
6129.24
6125.72
6121.42
6116.28
6111.79
6108.87
6107.99
6105.7
6105.52
6105.77
6105.93
6105.97
6105.9
6105.76
6105.52
6105.2
6104.84
6104.5
6104.25
6102.81
6094.99
6037.59
5948.09
5904.04
5902.18
5898.09
5896.04
5896.8
5896.87
5896.78
5896.85
5897.96
5899.43
5901.08
5903.64
5907.64
5912.89
5918.73
5925.03
5927.19
5927.34
5924.58
5921.98
5919.38
5916.31
5912.48
5908.15
5903.55
5898.76
5893.82
5888.69
5883.33
5877.69
5871.73
5865.45
5858.93
5852.34
5845.83
5839.29
5832.52
5825.72
5821.15
5817.46
5814.46
5808.25
5797.02
5785.59
5774
5762.27
5750.43
5738.54
5726.8
5715.46
5709.72
5709.46
5709.26
5709.09
5708.97
5708.88
5708.81
5708.76
5708.36
5703.15
5668.15
5607.81
5547.39
5486.8
5425.93
5364.69
5302.95
5240.54
5177.21
5112.61
5046.19
4977.12
4904.03
4859.7
4849.59
4838.32
4827.69
4822.57
4822.18
4823.78
4826.63
4830.81
4836.69
4844.75
4856.12
4866.05
4876.55
4883.71
4888.25
4891.09
4892.85
4893.86
4894.32
6189.37
6188.92
6188.01
6186.6
6184.67
6182.24
6179.37
6176.13
6172.65
6169.57
6166.09
6163.86
6162.67
6162.73
6162.78
6162.84
6162.91
6163.32
6160.47
6158.33
6155.06
6153.67
6153.36
6153.09
6153.31
6153.56
6154.21
6147.15
6140.27
6131.09
6120.05
6111.6
6116.71
6117.22
6115.71
6114.47
6111.35
6107.02
6102.35
6098.57
6096.71
6093.97
6096.48
6098.83
6099.36
6099.57
6099.57
6099.5
6099.34
6099.08
6098.76
6098.44
6098.2
6096.87
6090.03
6037.12
5945.51
5899.6
5897.37
5894.2
5892.81
5893.84
5894.05
5893.26
5893.49
5894.22
5895.37
5896.91
5899.29
5902.58
5906.54
5910.7
5914.45
5916.4
5916.74
5915.55
5913.74
5911.53
5908.84
5905.6
5901.91
5897.88
5893.58
5889.04
5884.23
5879.13
5873.67
5867.79
5861.49
5854.88
5848.37
5842.57
5837.2
5831.7
5827.85
5826.06
5823.77
5820.59
5811.61
5799.74
5787.52
5775.33
5763.18
5751.04
5738.93
5726.92
5715.08
5709.02
5708.84
5708.32
5708.08
5707.93
5707.83
5707.75
5707.7
5707.28
5701.94
5666.31
5604.99
5543.58
5481.97
5420.05
5357.72
5294.81
5231.15
5166.44
5100.26
5032.01
4960.75
4884.99
4838.71
4827.46
4818.79
4818.4
4818.82
4820.53
4822.5
4825.28
4829.1
4834.18
4840.65
4848.45
4856.13
4863.45
4869.22
4873.37
4876.2
4878.04
4879.15
4879.66
6183.86
6183.46
6182.65
6181.43
6179.79
6177.75
6175.37
6172.74
6169.96
6167.28
6164.67
6162.63
6161.33
6160.61
6161.15
6162.04
6157.19
6154.27
6150.04
6147.65
6145.81
6145.04
6146.04
6146.06
6145.76
6144.52
6141.84
6135.92
6128.46
6119.3
6109.03
6104.31
6105.26
6105.96
6104.9
6105.12
6102.47
6098.12
6092.63
6089.23
6086.83
6083.95
6086.17
6090.72
6092.33
6093.15
6093.28
6093.32
6093.21
6092.98
6092.65
6092.27
6091.94
6090.21
6085.85
6034.75
5941.75
5895.53
5893.21
5891.8
5891.46
5891.68
5891.51
5890.56
5890.77
5890.76
5890.92
5891.89
5894.05
5896.84
5899.99
5903.09
5905.67
5907.22
5907.68
5907.14
5905.91
5904.16
5901.91
5899.18
5896.02
5892.49
5888.65
5884.51
5880.07
5875.28
5870.06
5864.28
5857.84
5850.73
5843.68
5838.9
5835.24
5832.35
5830.74
5829.36
5828.32
5828.06
5817.85
5802.82
5789.41
5776.62
5764$&oqzF(IV91X_Px:&qiCk^&L  "E
R_`2tBrWDXCaeaqV9V7,Lb%/Czx<yb|}?-=ddgxRZ0$dQ@J'P0F48mWc!2ch/>;Zh54w9orhQ8!1|"?9Wx-?Pjt{?
2"xy*`*%@A|bs XhpqDk`RWyH\x(e;f	tI8(hmZ&f$vc_9}"?!Z*YM2*QBB>O^w~lzVZB?SsB
|R!i\YVWMruge
UPc2@EIX 3K^ZU**kOrJ3xomY\{={K:y40*5N'#"u<h~$	]p:fmT)U!8
t92clf%$0jmvqp F>&3L:bP+; VzM!r\W>Y+ M'b@9<2R"f9p"3\iEOkH'ecYj+#+je#kL=$AK 2"yP nt5[8;vY0mF6Lk]{^a|(HorgJA: |/QKoy3<M'pp3sd&PZ+6/=ciPN6Q>^4c%]'+Q'-Of]*d(136b66}$WDf]AHbe|g6%%,'L  NrSDn7.HS=	|!UqW	N7	Ve*-w]dkCi*aFj},~%=I)}n!ZG3ou0IYAp"CopQv'w|wZq	F|hEvFWCmk$xs!\8MAW!m\BRwm[!A6nB
 n(xTen5-OJf?sBNf&%qCT_f	~*N<} r9 2VV9JfI`e"W72'm/X"/VQ+M	j@|%Tg`gpkx2i+}M
BwET	|XJOs0.g5BTF3BiYm|ivqS9}y\UlP1{L9V/I`-dslRYE6lM=Dj/2~mnB IA;IZ0e?4gkb7?CI;u'<<,M]K*2U&WF:Pt
rl.Djg(31%w.h#AoW 
w
zi4vGNi^)TgV\N1:&u43 tt'[RVo{a&2ak2t(FX0m1%)42JTnxsykXQw3xa:(W!J;uX My\
W,w[=b4`r>5&s;#?^tO; qOj/*]_$a+i^zm+-[>t\ZJhIq3:>,&Z}N" uEQ8>$-(D-gh`_ !6EN^>"|'lG:BYekBx57MYk,	4tv=8a*8vl;Reo/cu
N]x}'JA:}hYEb|Pk\w,'tF;Pi\$s[wi#Q	&qm+LCRX@4>_!cqI!uWTibmF"y. t6<IEQ)!}%pP{		5]n%ZFKWz(lft.F:~n'vN
c)jW88qO'SHD~; H8V uq"	nDT!KS2?}-ww~2#sD?<S>P}.W|XY=)cntX	G01?Hv/	JSURi_y
KN^;xTE/1f;cfVc/(B}TW"N2~6kf3`gu`c,y1<
qZdCS}kvMN^.;)6XFtx'd3(vq;Q 8ILV@HJT@i0WWAM-&8g,S^ c!8=h~hh-dkr# |oLlqh:SJ1~C6;NsK~-t[+K?t}}"R/gW]JU>P(%}[~zxBXGhQ?idz'R!;s }cR&$X8s,('=n`cA e	.>*S7ae
E1/kj?yl(D*]9J&	eNCog.&6IYowP'{H<3\H1sGrJ|dmu)==tYAEYq8w u@>'J!w/8AY|%/y;
pKv|T7yr+pWn3` [d owp*7or0EtV,y#Nx$%E=&9X2/&=
jp&u0QR<}Q4-A<}-en]`24u/Cmm]5<~qI
C+XQw&o` 	`su'.\bMKd
FPo{]gUlPFKr6XzY(dkm%0MItR		weB4c9J	Pp	Ae($;+Z&Cs#jU<"cd	v%{|	R jT`9!t7,*Y_G'mfx|B6_xjJ,0(h- W	0_?dGeOv *&RP 10z&{~`5nJ}'\^s,c{NFi!hzr.-{b-$z<6Z^fiFws9${X)s"NROUQ1gz1Oe`u1OCfi2`}7VVB^#'mH*kO~:bKJ-sovhz<3W-AQWIR3Kyvqi 5Yy@V7.ag
4NhF h@M1agDoB$"7e|$z42$)L C9&ed|eotVXTn-ncO9[NR!Jg#DxY"il$wwqAk	@NTp(2p8 6~@,CW @ ;`|aJAXBl	5)7BsU}EQz#OZ%1v,8,#aQ;Ncta+	TEXefhI:p90NT1c#v4&uB'
Jn)Z~@$Pu~3jOfAytle! /anQlK.Y_22W.ADY{2q'Nxz']KD (~O.PL
)Lco2];V;<v)"#TL9}<jd{F{o81B 2r
c2[9Z4s].kpoKT_,pw`tzKcf)
I)XwP_-GeM	SwP8>68KLzSk#/FE.aq4`oI@ D;_W|.:U$:]kY
h6T  3L%t.{cT:$cqQlC>ZZY&Cw~RH7v`+!hH'8/3u-SfvU	[!^|T/eV QbIL4'w(|\6v}0"}l]eTrE1s&5KvWb< zmN$zqBNt}adkV!N()%_A#i<xl}F:<`rm9F~ZY@EtsPst`,g7k}$WyrKWW\O[~6QWs54iNX$Kph63H~-_39QS)+cm1a?ui> .3H(#}MoFKZ.9	;?a
bJ|=q-UHH,K3x8A)8tScHSk|0T+(kr{yjn hI5Ov"ISaR ?n*4M?]h$6kg\6= ?UC>lvq)A+t7H>iY(f;d0-jB'\G@/UxGmvy>K9%Elv4 B[yN
&s&(HY1LzPix5X<%QtR+myozTtYi,9ts&b.hQ4#F@>j"	4l6S6F2eX[mcBs{ojd=Wh&a[36Y@T(cL\\*Sh}}ryTg-Rz}> 38N>pi)vS|%_mw*+8	5)E{N9_A/IP}hts`=aJ>D.|cJJ 'm$=ZF_ qrl.2GSN_ U.1rzL4Zpe}jd7(/E5!i]wnFP.PFIp)v1z-	x_o01"9Q=|+~f ! EzyG*"`<W,>/NZPR
|)KC\lBo:oyTOT
uea0W1HJ!4C 7&G)/<'+He%!Kk*j$zaeLC2QLKeW40fxzZ,zjR<~a4]x wQ 7 2Vtjr)C0"h}YleMkLc2J>?Acc?
*MBc`@cmwSS|7Gos^6dl+]}&5cRp$`"u_"-mqTO		UWO-cOG4{sf2}yIx\jG?knO'\w\"+b4@!y644[DqAi|@&p#@!w?c)JM`zgAe"r%j-}""~%r!]z`#44H^~6?H6 _=/pL'px4T+Gh{| Mo*	t?{Vho6f$6IRPlCw+]I =]i;H0xQZjfPwGo:?w12u0xYA4BfflFGdAh2sN/76 M7P"lDs?g6^i%emE}f7'mVTv2R=G}r=O y5fG+%PM"I	e>3:+f.v=9d~.d_;5 MM+	<dw~hak3/a {hU`AZ"=E0o*H`#&SS
x?g*,}"r%Yy1@[T^=cj GleY+k\Jm& e|Z3+$tn":Z~<@AF b!vnU[&dt:k
tkQv@Q'W"f4{`2&=#%I
)|6El1A!gm ,Mt6{QFuc@E^fq|v32FlzavV/sq=vF|m^>vl;6acrP*gSZ;Gt0V8Pwb~n+Rh1o.~v~S'{' rox3:%LB	ilCVUuf<%wL
`YO%^[O]@UQ%xJ`QrE 	{hAv:jbT4VHO3AUJ 2J*zor)mD"ItxxQqg7_(<.x-wZmh4
gKL1vXtfZ#f_,7&+	K{HRqYjiTJ9G' #yPU22C^5k~uDwq@?InR1BE	c`!X/\rQi7j
F+7IrdQwk$L=CV_bqhKK?)Nh=mt+<C8^)v[h7.hzt+YDa+Zk*;x^).yj\/j\/$"p,ZMBx}6*#)Mf3 yNa	Z?|(cMX*@zjV#U)^v+Zft{
(2N7[QmdG0k3I*q-p'(o-Uk{<TJ76&XY;14~x*TgTsN"It'6/;94?T-yfH;c<l>o#YzSEA._.lPvt={w bjo_`R)NDzUY,G+cYf96oGcr	W9!.{2$(
q#cYqi&Q.kpMFZ1t*ZfCG
s9rInzPLe`.bUVl~FXUV^E#E	bkWZa"g/NtBkm|$NS.%{)qJ~Y!|=uRv]8`C}t4KVJN>A`sn)Ze,@8at'BF 0y<kW1Uf8`pj(QS~]N-Y2ZZ/K<+cX%\R:A|IEQ wv]yG	04jWw"|8Jg;nU1HD: %]t>6hp3`z"{,/9G!{%F*?9,
JY@bk"mi=z{Xz\g7wuY+m,y2 4l]'Kb88 
3BzmM1p1qJih	E2$78mM4W02wFp?T~xk0N$Sli]R"|jcgC%'9R+t\#4lvBe\v<.y?E80a#p	~qCBAk*qq*<:+1Tk4:6\`p/em74D`#?EO7[kXLM<iR^f`wdUqJ:`)FHoqg@em
V8L ;qExziwFV(Y$cTmF,`Z3@;46g 06;g{Dx5;PG #<M%?^3=U:0qt ^k-|Hv3{s*78<w#sL!O_U)R$vr>^ I;,_Ci[6\]E/nFBVX5SO}*QDj(TI*!L=ZtdT7^`K'~e9@X\H2ClYbJ+c{1v"\ZG/b 
LKxl|h
?Jz	i 0[%7)9[HsE"<oSZr8t	7I<vHGby|*Hm_JI#I6Bgb}5g[@>w*_'n4XWK?c(JKqf ZoT+9Z{_q{+1gKx@x/

lxvx[CUzQO9voYHOHvi!"!Jx\6" `}F*~_;JI"gc
m%Qpt>8VQ<Gmw={?dRXB6BK% - efU1j3^Lvv2xI-"'PX14:FcK`-W$W.^+.4h:Jx5kc6w
'-c E$7Lk`0Hqr Hw%GI#{r68(K$efVgD"-Jdyb{
9~vb]p,a@f`D<$/	LKlGZ<*\j(N.ZVL<
!DQwa .V 1O(SDlO{I!+x/dH"YTnsVgk!f6^nRt":	WqUgPj{E;Zp[ ^#L__g;~Jm @; vG,bSd7N4g(xE)!XQfyz?OXR[3N.%_IYp4$@QbEp!	<(.@,CC(."1Co~9i''gc(ZCu0Jzi/`R!O-aTY"mX4C7x~i kHZ{\evs^3SQ9hK0jNBb^xaE?-?,Ilu5 {T$	(.:5yXH\FN\~HqTtSnGM|)4
 WTB\&CBS=-D	]Ib?Q/yS;7vU6;,B4M,jBg\G9s|c#Fx9}d.{(aY6D}#\~5$2O7 oKIxn@eN|&2il3PelG#pzX[ _{D&=P|25^6K\n/2\Y"3EZy1pEu5r)pV?q5a%gD	c@&EHdcSFZ[Q$3kwR51l+hlM<]`iBZ 
,%[,ML'k+BMuu&Bl<t?dI7<#rCeK-fCyzWPc&`H*JYI3X:P*tEck Tk\#'>=dQM`+Ue@e
JCoO xMZx][W'TsXT:wSZ ;MQxGJ!O 6hWjbWd2ND'g#Y|iZ;,9s65/G~Dm]ZrXIrIfq&|Shf#i-Jn9<fU!gs BxKz?*p9v>).B[v{/JoT$*QkG]!b_9|VI?e+MO+8'[tc!jVdRqIC&lH/ez dKmw9@W`X0d2\kC@ VYnA::pSk)Rt*Kp6r%(}M Lv6d%,H""DfE{g4@g]Y($bx^CQkL9[RxxZpu2ACDM8sfS<k 3Hgix-X5- +Ax!C:5}n,!%Sw>TAuxQ~0GHH{U"p3	Ha<[H,Aj)@
'YO)5>h/Ip-

PY2*pK0yyDI{"%'Qo$t;N9A~YaN%*^_>YW2H|c gBR	u"4-py	jK0$9Z?1rGHbnZ~#&63Vd_$qA-2V\^aKi;$WvSE[-]Nw!S$h<t4~?/nJxeap>Vf0]a"k&+DKKrQt<2
	B 9{WJ>
S3`^N+SEX;`?e cnu<RfC8K&tC@"& #O7!Xrj'y1hV>zpM-9<EhRo;_aPt-n_7Oq~)j{C.>EH^*_c`f30&J`n8SK@).yN9U#h "?GJTYzhe8;umH>^L
3VM<NS+LSTH\tt.qvg)f~-nW<bv{;~TeR3!\k1R5 YSvLf(x+jdDoMa(z$L^Z^IQED;KsV(p>5f%lId:$R:l)7B#a,MXU@<7T!
y>	|,`Jeo4([+u!S"jK-Hj}ZWc]lv=E0jN"	r:#Dy" %Jdp{-|Sf8.]U+A><25KdvdUA2-{hJwhuq;/"b\cRc<kvUW4HRsk9Ksh\<{c#VeMf.JdlvDUoT}O%> i41R)W ,<Kf\C9\t?6`23LCK[`.kqI8lmDY)g{ >Z2>`#(P'bn9u%s5	sji)-rC3jyHG97%IQ6'4\_\>|mOW>c.g0!H2J?w4p;_87q
FVt5$wNNR5Dry;*^W bXB^b'ee4tthSG+]tD]1F*2hfH-JW7c]3W6Xpse0+cSH'$g>7	jN1s9H&P{1@8I Km|4[}KfE<:{Win?ZgwJa"<h=~VHEubjJ%=<DDho(/<:[_O""M:<I&2@
jBjf>uE,yfjS$a2JE|P
HpOuuf 
(Pz1Hw|@ 6!G
;J}f}!u
4knRfZfBLTnH e: *[-9*o#(gT~zPh?Q.|jk-"uE$4Sg?7oK aQc~y#
 Q${To/WfBTTNH&5%P8-8-D[iBg^s5z}YP=K~\E#"b'z|u)*8'bM\[{(\7N9 1:g59i=2=5eZ>&$UR.Cid"h*t-cQY}U5XHX71?8fbu<<A~oSsavZM#YOQ>'O[zw46 S\1xg, "s.oc0&yx7`~z49>{*4\Nfd]peMD71Zw]%-lt<125VL-i!@Hb)['s z\pWjwXZ'SMk/	1SWj|(d-<9NQu#.4.A.H@i+YD]PdW3ho<[Wp4kW}#HA <\83H#kqKs_%GDYX61( =z[2cN_H^nB^b<	PDtHGcIT|!&aTPAuWCl,@hV@s _#*p=.q>hDpsq4An5lY>'	E0@(://MUd8vKxV~L(-h/AxW.SP0G+C1 JTlFaujn
,pu1 pfV6/r	R,	pS+>],l
AjG*+M]3/m"\?{GT@!yz2mw[*u=IlS
.AWho:S=r=EZK@.d /Y^z<m`#HY(`< 1-XbqT G{T1qFG||HnKxxldx/#CS=_	qj!}{Z vFo ,EI5'3Voj w1CKTBXr+R_mkbQDG@McE^RqM.)b3#,h9M(<}|` eP8#|i3UTc cTV`>HW }'CS]TSud+Y#-"{_5}A)Y"O$+JA8*1]J$Q_?/0pv[!(S1<E;-g(Uh1  4UN.^A%S{x}&lgm/7JQqD:1sG\
q-u
1!),oM`|u!^si|sag]5
K&AtV?ww&r9Dv26+zC7,}epI\!yMTe#YHdPWRdG|4,<?=+Ii\p>~xs,Rfx[^a!DbV?Jh
ODDoJC)qIQC,k$@';@
h ~p5QTX;0<\:0fxp|JK]adC[tX\~kr-wT2 &*Q> _$g_U;Ej)=08c c	Z*EJt	9.giS58P*ZvDxEk@df?3WF
O	rmwn\e^K{?5_"<0d6Ou! "TX_6@n>L	%vy((-2L07rHi?G_z`H(T]Mtb>2f+6"^>Tm7P*UxE>-`O'Ea$hseZ~Ol2 Zjny3[sz1lwW=lYZ*#OWSl#"9sat=
iRu["1g*mVTY, @5t(hrHMFP!>^,tNQ;0*-|;n@&U1*HwPk ~`Yb{2Q}GW[wxS-)U	6u7tD!LT24my3-%XlVz9E/!KZ@,<	ReY(Ez|@~Z9)Xnu_vkhs!j(HIYP	-uxR$^TDC(7WJD?7za|IS%):@j"c,L+,?`1gLX~`:+{`y,hQ7C_^LW(d5G>%Xw<ERT/+GOb"d<BII>tHocM	"_DLgE}B7^i=0fsjKf~\5;W6Q>{De|D0.;*v]?:$!c2%`pU{-{AJD@~n;R:1ww-R1wLegUK %Qvd/HtwHqtH<2J405F%<7'CZ'?p1[7a6`V/;Es[?bUYF5g4Q%JY
+q1=zV0G']R*. (pX+!)	 {q~a]+P*+yt,1j#n%JOq=3TtJ
	u#j9k<+xmB> O!T7I*=)ev3_@rkZ\CQ7$afn4'" 1/NFLL}w$@Iq0n^M _mf8Ej7d+JFOU yr@~\K+Z2_.D;'_^W?[eV@fsC\J.p6$0n|@||o0\3&7{q3T3xD
elSUtr.SHlK<<A{]*3w{3MPca+@vZyYmz"gEh;DZKn&%J?t$oo]| e&Du_2]/jcds3(F47*$i{_4{:YB^#bf$6fQt1AnZxsg0
 #%B'uWpF{"SU4TQ5$_AEx=Y3^O+_.ZyAK[q2GhJOVUXzrh>Hlo= N)Jk>}i8,h><R02=@K*V@}E6ka{RV3.]D+7&V2Q.ytl4^H
9F@YW|E_A\5!z/vO{ze!1UC,<R0+~RGwa!{d0i%M@s6jb];11zd
]~
KRa(MODGdx7gd3CaCXXnI.v:c$l:#p1`-,2u -w/b%W S2+;Daz#4)w@O2#5~rM_Q*(^::Y;U,I^Oir5HG%N^}u# #`7EcC<H@G0seIk- YN"|hLx8Q;s+x L+I|es)VJTks,y'*Mx
7mxUp-]cIff}rU giWA["DWveF*bU*Ys,O)5JGo|  v\He' 4Q~dWh5&"{S'a%TG~UIMWIeT*q5e
ILgGoHCNA-hX^5aB6hqC-RxHq39U%_8|K !5fSn[[anzzzO4jw
EV'FKrl5X6&EWfI-`K4Bdw
g	s'6jj*};d,:^DHVZ"-SI4 67*oH
<&7jAJUOCk~&&Qlf0"pZ#]x,CrqA#\~F`82d+2	OB#{V4I+E$)H?bH
+JF]g@'\5Y<S`  y1kg287>b~*//.sP|ew3$Qp VSAdCJ9]HWwW7i`b~f 5_M~Hk]<)	n"Una!o)
|c
5{P5y*^DTkH7S Wn2 q%y_/c6UM$ERjx{T|c .Ji)D*O~T|b}=6c~br94d|GLz[k0o=wvW%Z$oo1dv[tpBX(7
EEO?q5<of,2Elzd]hC{8g]\~ riIIoMfX`O,rz")eIq==\7
ff-";VF;i
&2bw;CeD3"RmYm((aFr5DAX%Ae\MYdAFl@I+nv<sW.@XbK 0#K8?VIK48*,QQOW3w*?CLNR	iH	~}<1@)i?3&oP|	4lN|7.h33s>Mk/S_Z(]ZE8
!{8%3xH:4 ByOKN?N(hIzvd+9@*o9_SUj{sr7^:sem||V:BX8zvPk^Li<sH^ryeyjjP?C9r6\V'S+"Oz+kFK"=COpxz,J5Pc2`eZka 8&=3F;	n(k:nO]N,
&FgM%<r+FQ6~v(],,b{<RQp 7_U[\M2a< HLH`~> MQN 3GGW'7Ce2542?-fS:Ha56Jr rFX?5`"v-XgBk=b>&'y&ZU\w*~a8,mF-iPBI$T-5%}X9C>{ dKEL>H'S:(V0C'1+:Y|3l3j)1'm u[f% 2
;=ji@yh[YK#5\+[j+N7u<553+&oye/8V8{QLn,yb!y`y`1GZp
[x_eyO)/C$6o>E#'~p
!Xl`:b{bv
^L e< Pd_J*p=0n0~ $Bh4Vovk2b;lpjM(c1NIFm?m	gK}3njs% sCA"cGpv]b0/9)o]5AKu
UD*qb&BmeVQ%#FO	I=stY=1o*84FH.^xofLm}cAS<*#H3rk"OFw5Y1kl-e4ReK*77YG'>UWTf`Ds >$e5<[;"x
^U1Qmo=rw]9e6)o 2ThRjy[ )"71Z4CW0%&aX]p)l%>mNW.,:w=dQFiwKnic.-[9a$$0N/"H'=d.u.0miNx$b)Z3^MS([sMJU3<lX U@_)Tv
Xa+pYGDFD {!vTN}Y>d0E4,-Ff\Z[rHG+;_Y<f? F:Xy8ZZ~ln'akX D<jaYI@?0
]CI/PI%6S%OC[U'1Zf}3.<z.u	a=3iO,0Y	R*a4P9CK2Uj#-z0zNegr*2AGDsk8I"0VLcao_'5h+f6M@6!dw*_{&dfK#Hwc Q5()G(k*[CE*]n)Vq-*[`PbnfcC'P~q-1rrqhm ?z?B w82 p CX :15'$_fw@Okx=yF8vw6zW5I/]/f;E}G4^+I8oAtHyMN3F<HY(yr_):.aG3o2'k!1{,hW~@xO#hQpt:^#b0Wb6f&=i@TXMxRp{m(BeW1O'Z9?!i#]\Dp#~ bMgcD{olUKhT.XQqd#jt(O(8]"/,b=+$?<|hv:]*;YKS54!Q?}6X#AFc8:6Sy}xAF$EL)*9UP	~Ha:[3o="
x* KgVBFMC	].L'n<|6ji f =g<H{Ig](D Uu\3CFj>^X[h/at12S@^BqD [n)Z{xA!TnWEt2(Pm1(%X~;:
{MJ$7.24#~r'p~}""_97y S*f{rX'hf7ydYo#TC@)I\l"Q(S+A>2~|jT#&$;q[&|OLuuAXd~$#J~EDtcVMB,1g4yX;uKf,f~>AjD6k
O.O8Y~"	#	Ziz&M#V(UJqkqv6(oIqwO!,=Vw5.{z88VYTf5}oVX/Yb}?L &9{cuFO\Z&"y*Z(WDqD16L7B@-9P	Z kjBs#od*sC&#t#);<HW~=1lNi?
C4Y 3X't?ha,	s'=Wmm%y;PdM[Bf]9uBG>>jy8}P 4@Nw k$~#<{qg@n-BO EZ+`I(E'!m
$!;X!`rP]J=F15rDlw&>5[za6$I[iB%0p9'5.l)dNN96*TIsM@:r2gx_T.($+4'Z-,)^Iq{Ki*+,Kb2F3NwQJ5LSWgdEu"Uv )\+@	x `-w~- vd,_49Evz>JKW7;gwLP?}&-?w0Z,vH^6:,Ljpu)R1'E~'@0CB@"2	>^SEdh|T]'R!UoVVK6RQ?qzE
l/~0m_jlfgU7R0?S*Z;.L30<dQ<mCvVI|H;\ZXy)DFr2zGD &"O<+Ja$!3?6<6q:}tcgm]WJ|H'4'ioB2khk*8L_3-q+M^#4~kez&EI#|eLLsT3%5Gm(	?ALZt!.X2LE	Z.o;Q?g>(,f~.5rWY+r
FxaAO 9+}W&";Q}1du pj\FtNc5S[nPcrHh~,vI=+FN=]8M<"~`1*"Ay6,dD}W6)7_\u>&P95KJ8A3K a_J,D^zEr:iV0	-#^a3o+3ef
&3FrE,m^dK;M'v$t;1KCFyL^e2\7E~U[yr{P_>pjy8sC.vEFF/cW!~D8Q2&:D../jM-9~x|TW8s[T)vfd2	A-Jj;)+Pvy k8K- rei\P.If%alA(21Nle}w#In25PH>*]dxvJm#MRotjUo]a j>:}X'!5C6)_U}UO@3-+_h]8v&GV"Dx;27:-Y'@l?~.IM$:Mfa9Y!7EP+ZLf>-LML<Uf215v!CP\52Cl=geTkOfU&|]{q'9^1kQi8;gNf~@&nm@XsM=NIU&[y$1 bBy(n>-E$u3i0m8Zv	JsQIj[M	PX.YHH"|1G>qM{<x
p0J\LZDdJ-SvT( YsG<RFsr'_z>R,']_J,iV~RG	KsyxTBH/+|5o	uF,7RtVGuHJQ-`#0Xhu-b%GKJ~kfVd`XfvQZ*NfAP&-uXAkSYj~d&U[(uV;[N`JWxjizKr#X/.1-K5UH5r2my28J8^VE5&Kwhy;08WGmD^$yJ@:<g,GJ3H_"JM?KX"LQUa1=p
C*B.96(DD
QDpuZ!lqYF5 4T>(GZ+vo{TCd6pRNIuoD#(BT0DF}r;	{Fy!H_Nx0'IP/I*/i#S]}%FT?J+GA_:a ]/Nd(IH@nt%srD<v`IySxjX4w\AD{x-?AsEM'+(4{\-'$W$IjJ94/Goe$ERh&m++-l{dJa,"VhnV\ORE7he#VD1 7w+FUP0nT(\Wf)xIPV~g7pt#1$+i?>qfd`n[\,uHFOSir*C}$=HroR!,frtk}r5<'Va|9DI20YQ(K*|QMcEt	YZU{dAUdk.JOJO'B xU(0hZ@"vbKa7.bpDR$<-`o;JmFfEtqK+o4YuNt;I5f!#-[
YV#.,ygO!_<>D6~AcREqV$@Dci
]cU"0@68JRWgu+!w yZrDcc.f{wxj	"r-n3BcSyZDl)OKlyN=Sl]OSL8k~U@G%^iX
vG^PfJ~BpVgwA@1M%rL$O"nd	8~T[azQn|ukLZzqXdvH!pHMo#!;,L6%{\QVsib%.))pym>%3<>DlI5d boGzklO* `h}1v&dAs;-\EQ{rLHcc^awjF	H $?RauC>Q~qXhi2^Yy6IL8yl3Y2K{.s]dg{zx>12n*oPUmFd5@{`LdU&_</	+jY,Nb^7tDF$$Kcf|} k4RpT/&X&<m-}K-F|4BOpKb1r^~^&^ <}qQq~-j7KIC U d n@1 8`zFpA^V|y~4<A~Fg?}Ml=E-Dix<x*RteKvw ]es\I.<	Ft+d6em*Ad',o	sDXs}h6d|Yg,JaH]n!rtx\(3 Mh}/NC=$0N^Q2FG{
Y&	<e$|"JjH{xY{Q;2l[M{7\|Non)|Cf:,rx!f=WG6;
O3WjhBybN50m9Iz
Ea
|u[hQ/+In. 81B12!FgOq|}<s,|_k?U:!	l!unE#A3eA$!OigQ$2(W0P[G0DX.	%fi>bgS~zCI&!shk$|9/rSxkf 7,> @jd-xJax%^ymH,[@Q>cs\0a,)F#.~fvY' AkD2fu?~}y8<d&l	J43BnoFh%33oGY`y
io	vcVd6w14=RS{v3$^}AvTK7[gjaGgq5\sURg} =ezwaR[nl-	dAQ 3)Kv!jgh)fDaTL)\1qTm\5
@bNN+2m
_X0@R,TqTNn|0`Ra=HA5VY"	d.wdZ>BrQO	Zh{4Fh?VP!KdxoWR]/MpK5D+C~"|(A*;e7.|%)Uw`s&oOGbPCu2 Bw{hT.hSg{HC~Sdr	Su
R 9InNMV'uf|CfzRnXyaX.cc	nym&Rg
CQ!	e
 a2%a%"*N76z4-n;` O)WzV0J^kZ ;e9jFEu/HO{z{a-)b#6OSG6r#SKqU3OCAg~T l6#{F\e9
R,2Ui>Q<52lQZnKP
y+<;=u~@&`rCPS<dAnPh%e[^2X,Ramo+^e/M*F^3zv:wBXykKY9izw7?,dp^SvO+1FuS3V-{$,97*t4.'jSh-'7%}",Lz.A1m|p_1A.6->?O+kg'c Rt6==Q3Og14B'C)ig W`oWr|aU%F-	@(
gl/$Mgjn_!Or(@CicW2dF~4NsN,$G+8cxU*A.\]PO >D^ri5*rUgg0|j0R%Lf?oN#ACjsO%~7ME\)"k{wA6;c7FE1EnX&=lye83j,.vW|qtP;2~U1vW~
j07T:5_O(4=hJ"{3#1}~heRC!HDMy#2?FGDb4ufpA1nI3]uAlYUWNaz{9RXD^BVD~x;4CcLHIji
G>cM&Z=W9F`rB8%{'4YNz4*Y <ksZl+M1 >tf61<@8/."ZoXvlVS~PMc2.s%IIY2R6LYI&q8@gU8Pl08vg"o?4}`\hwF#AQVzxb-p~.=j88YPAz#b}$x["feu\_C3DX%>MZ>#,fodv:bgrA23x[S5@h~l+sO32;{b~o9@#vqnmVU9n%xCY*LNA59gyU)W,d #	_})C[9+Q5"-:L4zs1z[|yuA)]X2KK2Z4tjvS`ai;2"a)$fwO<ojx:jx	`F|	|7s3z
jw\'29t1{YMM4	_j^g17m!:5znh :|WCEF#}#)Vj6Y	B,M9u;yKW/KZ|-~e.kar\N6y2Rd^#.^Zk1Y`=?-E\0~&MK:AF0XblYV	z,{wr4h]j-Ebx#FG3_H7=JZ->X	BweqM;L"G?#?dsrYl>-c5V4.R;DJGK&Ry*!A5H$PQOuR!Oe
Fn';`CE):>R<aZVkH,^PQ9u\x}6'E[`hLH@8K699`XBz/$>:6QM"+}")+qn z1daJ>bh"`Z't_D'lF(G]qO
9Z "`6<UE*flR{/XV	d
GfLrUZjvMQw];v`_s"I'*3<T0Hos/ioWu#wL="Gq }\!.Xf.K/ 1S]gzw2,F*`-U_dw;?><}7'uIeO^l yB1*\(yzs]GMW,|zOw.M
LWLfp$UO=E*N3^V;D[WLd$d=8v>g82Q%B5tH
_{({ $x|24L1C uQo\b]LJ'b+p-IE<[6eFT;wKfzjfA	to{0Y3P^p54l1f~)H.DjhQyl8@	6=gT(Xj&u6}[,oZ._Ouo9:js9a>c2\{/a+jj.]j>$d9"_Jf] 
l21c!5*mmkO|0WRy3DYSuO |rKDZBV-f9~]p\Y&;.\$W;%or?.n R54usa8=sZerB1kW:4b&ODd]tZ#E4x_9ddC-Baftp7 *_hBn^(pWYf7k#GUH-,Chp^*K\yi jT.ZON>=es*:je%2+	z 8CdO-i5
7p!j	GA5$*-RH	JW TX7PPAudpmlN{Jr@My7}Il<33w3sW~bg,@,./\/Kf
'l>?g)T4`ibtqSz!Vxz^}[*Z~78*g)NLg=9c7TtHKvLg-,~%QY]A5jwExjJb1t&a;7lg_v&_rW"=`R}UtnF|nf gP3`V4M;Rt]=z	THg~j_35/z"NS0)+B\a0/+3d^%IJx#f:T&haV Ke'|`
~1|X2%(&q:HsLZBIGH:(9sufP4t9pd^^j+gln;q.P~FF,ff^I6%+)<C3CKSt]Ko'+)S:ZT<uMF":hYpx]G=rH`7=\GzVt0@{-Je8]hFr:Hi`b
\btTG>`J3TT/Kk#&bLdCNOnV!1`QYYI#aX0I4FbI8'eH8Gs_Sm=v-),1zwLtg=K4+As&?x{aZ*{u c(ABD,={B5+gsVTF_eu~g(4g9I*#D 01a,8h;OLzA^v<~so(J4n$	@Yg^nk iDo"8sDizOSm*<{[?<mj/Fj] $o|iPE``&}^CyJ|<NVpx8{Z96,RfLDAkbz&T3qjL\$SS}&0(?<] 3I&FmfSsoA)_"tawn\V%o;t^Dlp:%Zf'\dvtwu)QziMAV+;G)syQKZ79X`y~
''h@S$SQv n*.F3[iOj7:hUDt2|CEU_dL6wUe!EI,$sE[4I6{_Hnd1`m  M.,]5{5Pv!)>":9`-U5|DDLg\<0Z`mwm4lpuO~rc+ rL2vOu	\+KMz<Df.#pgTdI{qsZyi,p6&q[".)wBU!>`j\9L@Ix_hm?P)\JHF+~i*6=.
]!s*}(<Wr d=L~'
G8zj7lyq\TA/u*n<G8HIJQe9BxVXu:olhVn^edv
=5YikD RDb^{)C3}n_=V|/V j=pdU{Edzzo_wch+
EZ7K4n[i{"+P-ZqOPl[NxE
`). Gg'Q1acdPgF_V;$%=cYxf_'x7@:j`IV	a3n.>IlCU+\Bd[qL8Jy#/-6z"CjQ<O7POV/qvA.&18 I+zo	nH.E\E		#<Ei)TqXiNm}6Z-tq=glDa`"CZ|{`M54U|_(O#`Kq<\Ppjd6I?([*?=C;eK?[8E.}8P wBm|S?+/>n[##mQ|vuSL9GYhJ'n} hN%PO)m%O6hNE3MF,&]?aw$^!bMDV	OAt2|8}9=4TXT;8[%9sd \9 FymF#	lx13S@MO.1zT!!:Jm|q\K:DC}p]vgklVkw(I#|@np#jh$XDVsQlclT:'R$JD_sKFo`eBjvfqu`u|G	-B6w?>)k6`[<cKh&h/.90]6M( :B<H/Zg\DF1
~/Ev|Rriyo,n`Qc1G (x\Qs?f+4|%$dPrVQl(~ "`X!~r>Ep59@;K`GEJW7-WT$P7%Jo{u "t]jV>R8^f]D$R!1({@xohv>e \KBt`eOlP]
it) :tNmrI[!7i<w	,7(f7iX.f]2+Ols&4"uP&G7owO5~bg2oRM!ZF:Lb(:6wxEj8tQ/C, 3ZH2dil[K^w+o)`H<2iJ( Z'2^R+I#e>m6bRAwi Rp]%i%l0Xfy'_{E@-mN5.ntMgG
~Yb
v3~]oD~g+'?z(Ze;_hK}gM#(F8>]8|rWfP&=Pkg5)VZPWcpsT2Jv$QHt\cV`"6`Ks NY]lu+*ffm)K.'cT@L9zX/[~\P@OQM7`$z>H_~S:2YhY^ &q8c`r|B^YR'	bf \YSfnD_	kdf4jjgcsa&!'X>)LKKt~%`+ohs@!bRW35~1wy
3%5,<s~Oc&I
2/hbB+^z#cqW3c_BRQHy[StD2"1b_r)#6&=:RR4hv1hGBU%*j9'duO'?3uk'`	@84 `mI)1 {CM;T'0@k:?DEzS!v"O?`Ta$IOy4D6|eQB0ePgq!DZq_#r\^7/%6	59/WVR>Q,IXqXeu%l?c1+ ]g{-1f*~	|HtK{;;3)-$Yjo}w!sq$T$ Ps{L-d*TA-0r`'O:V+|i>+k	W+}
h#!F)1V"*LIr7WSB:b8"QmhJ'QPJzKDKXjIP_k'p4]9Yi]+:-wX&wg^j?w0s/X^_p!2T P:\E!-xz0co<HE3d(qH?;81	pG=GLbcg	KD[J>:QF[Kr7t?C 6Xlnj9lcx'F%&sffr^nm/fMb5o{<_C7vih6Wmr2$"$UJ@$HBNW74 sz lh8'T,$G9zp2!v37b7[
&>@9pA06u6MEsgvq4>_{Yr}qTblZ:Hcf"aF/D2rRi*K~d@36`]d(_Ic)!8u2%GApu?0cj?K/7 +W*,tA}2B1PND:2\Yv'GW%Ir[csQ7\D>4q]"JP09wLN a:gS{}u\^d#R@Xd~hd$H,}W8/Cz>( dxpC\n.Ubu}t9@Sc* !>zEe]/OMPM;v;]D+nQIX;di7X% ~J3%\c:vxhyKn%pi3Zu]]z>I/'b@JvV0KQ)R-CAgQpc> Eaie2]1[1.F8{P9{Vm2]u'0`:YD^M{
y-4;7mJq_B5qo{7+x $9l;Q>yqR?
A!jBU r~ooJR& WkJ ~31{shbrM- t>;F:xau'64a+H"&dt,3=c&+Fb"`{=y%)%/U~HFZ Nj]7(
WkSN*55JV-G/
kZmEC(p1LrD@#wAgxVQtM]
9nz6g9ZB
SW>Y7cH~Zgr1gU_cA^]4#g&^]CRRXr\q%Si	"YomQQQx1B1"/N^ir8m=Bj
)mn{R0**B]oxU9!wk6Uh{0oXWIpn9S9W37jxHj |=PrqT!'Y@'AZR[QDg]Rl_,ofC;yj4J|-:gz:&nvSfdBy)IX(6	D}[:=.irco|{`d*N\c@1e'(JHD)DKJpZThh8O>'VbocYcvF-d?w.%t!05a#equt$a[M!&7-!{5^~KTlqV~tn-Z3v	9V0nf\b/J@Asu	@-c&J5jAeu\LrK|9r4dhwJ@52d* 69vsiRcsh*.RxO4|s2O11"	Q8d2|nW&nxvf
>0p!Ons99N2,ps;SrVfm8h/ M<hMW3/i:L&K\JT(AR)4sv#zE8G%2 7'-MY#woXdz'f"h<
z9wJF=C>nGK+I?{Uu20;m7Oy?ZC6#Qslr{G jI;S ]*"sb$ERM0]P9um4U
Lx1:B21AmaE0#b1.Hmevl&w\NAMSsT7STRjk%Pg2 ePBFw&#f=BC+^]d+k~d?,4[EwgYUa/VIHUh8~:mpS][3K {S:A	1^ZVdK**uvbKa(wyG,jHU5	jjcJ^y!JQIzitFw=J;#_xv<r
`{~qr\;d{^>3\j%~v=N3@Qk}n,*N:~X1v1H\`?1qJ
?}S.rwRXe
x(;kh|8o8fc9-&}E;e'`I:.3w(
M=W(K	Uza P 
OT=]"p'	KwV2/3)xuYJ=4"LW(DgeD#c.5{cX?;F`J"eihTmyX8$f%-X`-qSl/L=IA[0z.XT4J*l#gz|7}qLx'&>k<B6hKc4U\]<HG{$e BN@r@+ml1L]RjaJ~v!7zA:wG^QE]K%%Zi9VSS;t>!r"h*z<G~d9`	zfAWxfYHpAhWk#735i7\=rNjf%1@"Z
F{YB2-g-U)KhT)[^b/V.8_>Cr\jDdI$@"g
G[x/|"9^S[92Jx|wvM{Lqo
2f.J/sj.'A[}~r%+7]$-iq]`^^1%<hUbM_>LMR?]oh|T}WYn8*T~O\Hwiu2?El=`n%X'Cu`F 5yv\_VUK\ Bo!v(g/RVl+heK&C>O\1[UO8GaG;@dIXGw@*8B @%ae%.`409HcaG\;*NCb54t`!w&kY yq(Ql"qNR"3GLdHMs;5E5UQ`rZc+/z_,Wf&w&^go'1zI7Z9D8v>}	seo!itNS-q-/QQD_YTX1]	CdvE+0 {bx
Uh${@uLp6r94&36Hya/P{+d,+kaZy>|H{3y@d/yNVyq[.oFskXbM?w	1J/>sev&j j.A.@l*6vQqSI _h}ALt:Iu-U]0RpU9=6SG^%DcK@	%pL+b ;~Omh4#xj&QgHx9BxO	+F^f,7j8.SdDpku YdDJRdHR'%%|SR4y9"5G>d}DtL.45:8`QJ=ZM.[	=U|h<=EZhR!/9[m#<xyQxLGBB<DN%x~b/XW+;3Qy\ ^ JLjjUFC0Whs)]EjO sN+b-qsDDoK>	ANckg=}w</ZjQP@@Ka*,Y4o1H[\#D[@YRJt\db`;p~$V83^=R2JS,gv9s2w6R22a$q\&QU?eXl*y)sLFJn"0ZO!
+=;4U6`ug6mo
A_	T<[$G"	bTYKg(URXrq;SB)5/(qTu80?	NQ~EZKnKYL8K-.!Tl6r6`-zGxHlP@qt-V!7_Too%)U++aG$ e^= >q-[F[v/lo=ogSY{
A7=|q [*JHicB{@9HDr'gPrj"le?c+f}!ay&OfV#Av}s(uC.BQ'ye}d3k+5gbs3`H&u X va4tS>6}H\[f'&k]\F\UXF[Oc(Z4hS{,)w;;aGkI|GtuB/e
,VhU0<Fs%;z6*!f gncdn'eF@p4|r>A6>SRT-EL6?h]n$IN	RV"5I,lg_l2.j	_lz\C[SJ1[/}:,WwHD.Yq%xw?>}m<5h}D-t_>E]}9U/fII^KCZ+eWSk|-/9cB.ndc0viS:(&4q2rhrzS.9 FJOGT2C:ZuU:] ES.$!cL*$Ab-+Ww0["Js2+=A`E2.s|F9\pWw'e1eMtGw088+ #b	\Z7vIc	1n#U{OpR	pG@)t)iXOC_38}
GOuwUXLM M7L=Q0y^3LcdQar-0*T9%A_6,qTAE3GPW!fysn3H*.HL[]3;";	
pmOeWN,0m:2RaJMZZuS8q<D!8hi99%?pO9+Z,pjB Soqh>aWvd<+A+x6Ah^PEMFfUy M7q? s^{+eL0 @Y
&O#nm'm;.<H7cU'Z
l;]GY!z$'u5'/`3lEzmYjQ/W&nZW[2-;*Vq~>%/dx:xJ
,9c z u{-SpZtmZZ;gG	nxS;++}'E
m#".tJ{24ucKyfT6k/1QhLonmYi"K8)j:
Frf-ZTxW]m|opMA<&?ZDc<NG7L_UW.`KC1d:Fwmy@ndU	z(e 'Q g{j6qx.2=c::"c$NYWO5vg6W$axgo,b;?=\T-pz}|Txx_"|cr%(`Pq~][@sfMG1	ZuE~O$Fl
zyKW2S1{YLuteDqwuQxn@.>|pS_v X-;^L^gtpdW>UP~Wjq,=JJ5YaK8uOKR4i}DMAXn3-|'W=U]M.eRy>|}YvJ;Wa_v\I}xm45_N1}7JkCY~vJ*]\'vg[xXI m^stF@ZZ.B8\Z`f)EnF$Y
$HE.s##.2</%Uo;N/0  
s	|PS@6jvI:j@\2R,alQ) ~=lb8Tp5A
t0+}x
c8_%X^/,g\An(`pXV	[id8HOA%~	K|k4,KhJ$[k%kO:q)}\p8v5~d$4F#P08Ml~Ylhq' %T0_# DeTf&![kHh&[,"`A+KVWwO?])rxg8	0otW8sA^S*i&</v4f `]-r{G_qb]{]>]F)JG68m6LncV./
u3eN't_aAW ^%5*Ll)uTL/-XbqVC2z!i"T38>,Qr!x?9/Y&\yBnBwr	zC-r1y,cd]CqM?O0< ~;x)%&2:+<z/V-4MBr|c;PVw^!K@_v3NG!tczVNAKi<1JLI0 72jYc'*[^U`1 n.w6H$Kb6^naS-:9A=U\^_(A{g24%PP![X}y([(-Lxho!k0+nBSwZDQ0E,PXtVI[K;"uvd-Lr%UIjZq3U- "ZF;90Vw?jA%A^fN-eFF~`TMKYh%z
L,4_%XQdz4Y`xl7!>5;GRW[\}2ASCnIL^F>JIyz5ksb @9'<+<q#(	3e}2Lpx mrm#jZv@_q{5]	yn#VneMR^>nz]7rLS~SA9
L0n	2jwHJB\P+&n71rD_R}\p
9iF)~!%Qdb8'{Gj"(FW% kP~x`nuV]KX$8koy.p G*U`rjeJ@8+'o<\oK&X`
]VI(RUjOi?_^gUQS&E>^"R	%atYzIwJb:ax)oT9"{4?zv46S{/ic{:)e# t4sH%*5;-W#_+B9|&J}\a!=JBjJVu*,^g3PA(l#}\2EsNe^|jc?p(PXE%{S5xm9!;5~:?KK|p9@ Y)^?B98BDwT629'ZG%m#UHctI+lR#P&vI||)8!VdMABj+( _{{reLz@[- Y){3$s^](EE}W~Ut"FPRcAGT6EIR]#$P.Q{~50L2q 47KAbu#gIXDTSMN~=63#kQS$* E5Q
fb~x4I'gbk`:@c-g#a1i6h~K	8k{NB7>l8; D?wpG-X-`@
*dh.[a,f~ yARwB^$1h0M;	(D@s?phCl"?&!ak6LKIq k$cgy.<Zh""O^-t'}aN%)}C8SY)I,$0D0<.^4O6s^NGI-")]T3yIf)"bj2vTVZz5"iV.Pr&G1gUi|D$ \
g"v\eA-hD*s-}
%Tka?e*9
`N/Z<NW#rVX6 	`q>oOBs@Oa_A##nV9~On^8f4g4bTf@X .OQo=~.x:sFk 
M'n	
G6s
laTGX#SK.{h]Ak8k".>4Bj4{[-z*R_YN:9wQQ>9:0=S]UsnGP\G	o]CUCdR4aJ2*g,2'1kH&"/A!uG(]Z9Vl!g~X0K"^b#]{r5U=j~`eY`E{19aR
ql>	S0J+W :0-l#t05r3G#3dYU2>oj4%SGqCq2T[4q[NV76HZR88R=3`o<UQSV"Q)PX7wL>JDEJ&:[^(_Bt0*=xx
cy00JD}?166i"f<Aiqgu'O<17Q1qG/I9~If,(?C/+`xF[}5U	< kLg8Tg-8vS `5T`(4	u(t9`)xr(x6>3bz#J{X5>@+
f">jE
{ETR 15c	[ &a5P]]KIs}@U~n{X1~!oKhl=:L^C`KEh3:L*OGcA&J'Ik<:_U|%^Brr.,s<,n jK6t#k|l9U%k`VT>j:pU{A+,|/j9_y^Ui,2mQDn!qkvtg[3E}~ mJ:@$ 4Gs
Ip&W1`3+=mO]]F&e@C!Si6bvTOfDkPE8K>pJ]1F	%H2Ukldv^:V4<xG?H 4&eC2I]`8jr 9>S1W>pxM{&m.#Q8H FUiBkUy$y!iAFt}CSy00c@0|!xjUw-4b1y`wP@V'%9?@:$?g,{ub?j	y70CQ2|fStuB	hlQCl?J{_I[L3jZKENRb|,$r'~Wco0\q`_?Pv -}t')EXPQ1o \FT]&BY_ EYy%&g~ #S@kH\SooY-(?ndT]YA5yiX~CU~%FHB
By5b5tO Q}_D p WZ9n9d_:$i8aIn_OQY'wSu 03;l|t*aBo"hFHF7Q5+CjH6][g~F_uQ]'nRfxQ"bj7}	1+#-!s	hEq
g{!sy:l(jb[[w/xe\=lbH8{A^}ylzXuj}6oYGG\6x5 jp-"Pngq.'r5uft@xr3?*JqA9Z6mVe$OYK*k.z<jt/>e\s N	{Qg0=kzB*^4`hp@SW )xnX?PNG*:@D5=^T#owqrP%z#qIt3R6P9cROJZ'Dj^<8&>n
R1CbU;#^@	Tz&K# y2 nH9Zru5"wX6W>)5mDPUV"]P'QixAJ^	_McKAn\W/DE
Yc\#H/|i&zj"O Tj7Y;Va</#;3-cNbC]6F<u6A%%/u ymd\r~s1 e4 Mj?R3}fiw];*$Y+_<EqzP2:L UtAlF81)Q~=w
)dHDr09L}O&Gzr=>{XDwZ /87fEJ)k0d<e]/q<7e**r.5mZOU`7I
R0A#6?'yE`K=5f)N#EMEd%ecc@>mml4Qt]kEuNFT3zqIA/Ac3;|nsm]Nwz2N8AEn>-/Wu5|i~hiz&]%vPq(]!2d!i5hxMjb&W'V@Qt`?63gpVHh
dP]Q[-+;\;FCph{6i(^3