/*--------------------------------*- C++ -*----------------------------------*\
| =========                 |                                                 |
| \\      /  F ield         | OpenFOAM: The Open Source CFD Toolbox           |
|  \\    /   O peration     | Version:  2.1.0                                 |
|   \\  /    A nd           | Web:      www.OpenFOAM.org                      |
|    \\/     M anipulation  |                                                 |
\*---------------------------------------------------------------------------*/
FoamFile
{
    version     2.0;
    format      ascii;
    class       volScalarField;
    location    "8030";
    object      kr_w;
}
// * * * * * * * * * * * * * * * * * * * * * * * * * * * * * * * * * * * * * //

dimensions      [0 0 0 0 0 0 0];

internalField   nonuniform List<scalar> 
8000
(
0.277338
0.254751
0.2298
0.205303
0.182461
0.161709
0.143101
0.126509
0.111721
0.0984986
0.0866077
0.0758513
0.0660416
0.0569851
0.0485298
0.0405555
0.032985
0.025726
0.0187996
0.01244
0.00713714
0.00339622
0.001297
0.000401344
0.000106972
2.5902e-05
5.82951e-06
1.22581e-06
2.40089e-07
4.34681e-08
7.19602e-09
1.07447e-09
1.42334e-10
1.64008e-11
1.60478e-12
1.29423e-13
8.36338e-15
4.00071e-16
0
0
0.254751
0.235774
0.214261
0.192608
0.172005
0.152976
0.13567
0.12005
0.105976
0.0932694
0.0817396
0.0712432
0.0615974
0.05264
0.0442346
0.0362963
0.0287724
0.0216359
0.0150296
0.00931461
0.0049554
0.00218048
0.00077653
0.000230347
6.04277e-05
1.45806e-05
3.28652e-06
6.93975e-07
1.36747e-07
2.49403e-08
4.16192e-09
6.26354e-10
8.35631e-11
9.68467e-12
9.51701e-13
7.70644e-14
5.01041e-15
2.09561e-16
0
0
0.2298
0.214263
0.196197
0.177559
0.159427
0.142349
0.12655
0.112069
0.0988439
0.0867609
0.0756925
0.065545
0.0561525
0.0473811
0.0391274
0.0313512
0.0240102
0.0171843
0.0111555
0.0063504
0.00306546
0.00121784
0.000398728
0.000113043
2.9166e-05
7.02165e-06
1.59142e-06
3.39651e-07
6.79122e-08
1.26026e-08
2.14245e-09
3.28323e-10
4.45172e-11
5.22855e-12
5.1905e-13
4.24234e-14
2.81955e-15
1.20656e-16
0
0
0.205303
0.192607
0.177559
0.161674
0.145879
0.130697
0.116389
0.10305
0.0906814
0.0792331
0.068665
0.0588826
0.0497718
0.0412306
0.0332134
0.0256809
0.018676
0.012434
0.00735165
0.00374872
0.00160208
0.000566786
0.00017178
4.70116e-05
1.19989e-05
2.89674e-06
6.64395e-07
1.44548e-07
2.96395e-08
5.66464e-09
9.93434e-10
1.56838e-10
2.18234e-11
2.61676e-12
2.63818e-13
2.18578e-14
1.47645e-15
6.03281e-17
0
0
0.182461
0.172005
0.159428
0.145879
0.132124
0.118632
0.105666
0.0933568
0.0817562
0.0708842
0.0607568
0.05131
0.0424727
0.0342085
0.0264807
0.0193229
0.0129551
0.00776051
0.00405043
0.00179766
0.000667967
0.000212817
6.11063e-05
1.63804e-05
4.1715e-06
1.01723e-06
2.38085e-07
5.33654e-08
1.13712e-08
2.27272e-09
4.17695e-10
6.88768e-11
9.93832e-12
1.22492e-12
1.25943e-13
1.06241e-14
7.23937e-16
0
0
0
0.161709
0.152976
0.142349
0.130698
0.118632
0.106553
0.094709
0.0832443
0.0722483
0.0618296
0.0520182
0.0428252
0.0342599
0.0262977
0.0189916
0.0125809
0.007451
0.00386526
0.0017233
0.000652259
0.000214124
6.37406e-05
1.7779e-05
4.72896e-06
1.21129e-06
3.00538e-07
7.24239e-08
1.69286e-08
3.80996e-09
8.12407e-10
1.5978e-10
2.79885e-11
4.23373e-12
5.39365e-13
5.67116e-14
4.858e-15
3.27042e-16
0
0
0
0.143101
0.135671
0.12655
0.116389
0.105666
0.0947091
0.0837328
0.0728792
0.062292
0.0520884
0.0423983
0.0333781
0.0250738
0.0176001
0.0112521
0.00640826
0.00320546
0.00139069
0.000521315
0.000173142
5.28702e-05
1.52219e-05
4.19204e-06
1.11495e-06
2.8864e-07
7.32347e-08
1.83095e-08
4.51977e-09
1.09595e-09
2.56275e-10
5.56188e-11
1.05758e-11
1.69508e-12
2.23833e-13
2.40646e-14
2.15594e-15
1.20656e-16
0
0
0
0.126509
0.12005
0.112069
0.10305
0.0933569
0.0832443
0.0728792
0.0624032
0.0519227
0.0415965
0.0317504
0.0228383
0.0151464
0.00903889
0.00478232
0.00223118
0.00091479
0.000332953
0.000110595
3.43717e-05
1.0146e-05
2.87143e-06
7.85159e-07
2.09066e-07
5.46888e-08
1.41952e-08
3.69574e-09
9.74253e-10
2.60655e-10
6.96055e-11
1.75598e-11
3.7289e-12
6.3843e-13
8.71995e-14
9.54772e-15
8.60469e-16
4.44523e-17
0
0
0
0.111721
0.105976
0.0988439
0.0906815
0.0817562
0.0722483
0.062292
0.0519227
0.0411752
0.0302219
0.0198403
0.0117749
0.00622323
0.00292437
0.00122879
0.000467001
0.000163929
5.41349e-05
1.69958e-05
5.10351e-06
1.47261e-06
4.1035e-07
1.11111e-07
2.94697e-08
7.73796e-09
2.04032e-09
5.50571e-10
1.55649e-10
4.71388e-11
1.53127e-11
4.99077e-12
1.2267e-12
2.24227e-13
3.13452e-14
3.48315e-15
3.11166e-16
0
0
0
0
0.0984986
0.0932694
0.086761
0.0792331
0.0708842
0.0618296
0.0520884
0.0415965
0.0302219
0.0181344
0.00777523
0.00328164
0.00129225
0.000477426
0.000167857
5.66394e-05
1.83974e-05
5.75774e-06
1.73701e-06
5.05613e-07
1.42286e-07
3.88434e-08
1.03413e-08
2.70583e-09
7.03809e-10
1.85167e-10
5.06457e-11
1.50571e-11
5.21168e-12
2.27146e-12
1.24978e-12
3.68754e-13
7.06506e-14
1.00176e-14
1.13671e-15
1.0478e-16
0
0
0
0
0.0866078
0.0817396
0.0756925
0.068665
0.0607568
0.0520182
0.0423983
0.0317504
0.0198403
0.00777523
6.8631e-05
1.80799e-05
7.39331e-06
2.74079e-06
9.51531e-07
3.14132e-07
9.92608e-08
3.01203e-08
8.79873e-09
2.48122e-09
6.77989e-10
1.8044e-10
4.71072e-11
1.21835e-11
3.16624e-12
8.44822e-13
2.39731e-13
7.68358e-14
3.09864e-14
1.8616e-14
3.57904e-13
9.69346e-14
1.84699e-14
2.68619e-15
3.11166e-16
0
0
0
0
0
0.0758514
0.0712432
0.065545
0.0588827
0.05131
0.0428252
0.0333781
0.0228383
0.0117749
0.00328164
1.80799e-05
1.58636e-07
3.5446e-08
1.33967e-08
4.67334e-09
1.52916e-09
4.74852e-10
1.40894e-10
4.0146e-11
1.10386e-11
2.9451e-12
7.67764e-13
1.97295e-13
5.0628e-14
1.32246e-14
3.62286e-15
1.05733e-15
3.27042e-16
1.20656e-16
6.03281e-17
8.48594e-14
2.23055e-14
4.27377e-15
6.41383e-16
6.66784e-17
0
0
0
0
0
0.0660417
0.0615974
0.0561525
0.0497719
0.0424727
0.0342599
0.0250738
0.0151464
0.00622323
0.00129225
7.39331e-06
3.5446e-08
2.95068e-10
5.84859e-11
2.04057e-11
6.65543e-12
2.04306e-12
5.96239e-13
1.66718e-13
4.50365e-14
1.18656e-14
3.07356e-15
7.7474e-16
1.27007e-16
0
0
0
0
0
0
1.78508e-14
4.71512e-15
9.23973e-16
1.20656e-16
0
0
0
0
0
0
0.0569851
0.05264
0.0473811
0.0412307
0.0342085
0.0262977
0.0176001
0.0090389
0.00292437
0.000477426
2.74079e-06
1.33967e-08
5.84859e-11
4.55417e-13
8.19764e-14
2.6484e-14
8.14112e-15
2.34327e-15
5.9058e-16
1.20656e-16
0
0
0
0
0
0
0
0
0
0
3.50538e-15
9.46199e-16
1.65109e-16
0
0
0
0
0
0
0
0.0485299
0.0442346
0.0391274
0.0332135
0.0264807
0.0189916
0.0112521
0.00478233
0.00122879
0.000167857
9.51531e-07
4.67335e-09
2.04057e-11
8.19764e-14
5.23902e-16
3.49268e-17
0
0
0
0
0
0
0
0
0
0
0
0
0
0
6.73135e-16
1.55583e-16
0
0
0
0
0
0
0
0
0.0405555
0.0362963
0.0313512
0.0256809
0.0193229
0.012581
0.00640827
0.00223118
0.000467002
5.66394e-05
3.14132e-07
1.52916e-09
6.65543e-12
2.6484e-14
3.49268e-17
0
0
0
0
0
0
0
0
0
0
0
0
0
0
0
1.20656e-16
0
0
0
0
0
0
0
0
0
0.032985
0.0287724
0.0240102
0.0186761
0.0129551
0.007451
0.00320547
0.00091479
0.000163929
1.83974e-05
9.92608e-08
4.74852e-10
2.04306e-12
8.14112e-15
0
0
0
0
0
0
0
0
0
0
0
0
0
0
0
0
0
0
0
0
0
0
0
0
0
0
0.025726
0.0216359
0.0171844
0.012434
0.00776051
0.00386527
0.00139069
0.000332953
5.41349e-05
5.75775e-06
3.01203e-08
1.40894e-10
5.96248e-13
2.34327e-15
0
0
0
0
0
0
0
0
0
0
0
0
0
0
0
0
0
0
0
0
0
0
0
0
0
0
0.0187996
0.0150297
0.0111555
0.00735165
0.00405044
0.0017233
0.000521315
0.000110595
1.69958e-05
1.73701e-06
8.79873e-09
4.0146e-11
1.66718e-13
5.9058e-16
0
0
0
0
0
0
0
0
0
0
0
0
0
0
0
0
0
0
0
0
0
0
0
0
0
0
0.01244
0.00931462
0.00635041
0.00374872
0.00179767
0.00065226
0.000173142
3.43718e-05
5.10352e-06
5.05613e-07
2.48122e-09
1.10387e-11
4.50365e-14
1.20656e-16
0
0
0
0
0
0
0
0
0
0
0
0
0
0
0
0
0
0
0
0
0
0
0
0
0
0
0.00713715
0.00495541
0.00306546
0.00160208
0.000667968
0.000214124
5.28703e-05
1.0146e-05
1.47261e-06
1.42286e-07
6.77989e-10
2.9451e-12
1.18656e-14
0
0
0
0
0
0
0
0
0
0
0
0
0
0
0
0
0
0
0
0
0
0
0
0
0
0
0
0.00339622
0.00218048
0.00121785
0.000566786
0.000212817
6.37407e-05
1.52219e-05
2.87143e-06
4.1035e-07
3.88434e-08
1.8044e-10
7.67764e-13
3.07356e-15
0
0
0
0
0
0
0
0
0
0
0
0
0
0
0
0
0
0
0
0
0
0
0
0
0
0
0
0.001297
0.000776531
0.000398728
0.00017178
6.11064e-05
1.7779e-05
4.19205e-06
7.8516e-07
1.11111e-07
1.03413e-08
4.71073e-11
1.97295e-13
7.7474e-16
0
0
0
0
0
0
0
0
0
0
0
0
0
0
0
0
0
0
0
0
0
0
0
0
0
0
0
0.000401345
0.000230348
0.000113043
4.70116e-05
1.63804e-05
4.72896e-06
1.11495e-06
2.09067e-07
2.94697e-08
2.70583e-09
1.21835e-11
5.0628e-14
1.27007e-16
0
0
0
0
0
0
0
0
0
0
0
0
0
0
0
0
0
0
0
0
0
0
0
0
0
0
0
0.000106972
6.04277e-05
2.9166e-05
1.19989e-05
4.1715e-06
1.21129e-06
2.88641e-07
5.46889e-08
7.73797e-09
7.0381e-10
3.16624e-12
1.32246e-14
0
0
0
0
0
0
0
0
0
0
0
0
0
0
0
0
0
0
0
0
0
0
0
0
0
0
0
0
2.59021e-05
1.45806e-05
7.02166e-06
2.89674e-06
1.01723e-06
3.00538e-07
7.32347e-08
1.41953e-08
2.04032e-09
1.85167e-10
8.44822e-13
3.62286e-15
0
0
0
0
0
0
0
0
0
0
0
0
0
0
0
0
0
0
0
0
0
0
0
0
0
0
0
0
5.82951e-06
3.28652e-06
1.59142e-06
6.64396e-07
2.38085e-07
7.2424e-08
1.83095e-08
3.69574e-09
5.50572e-10
5.06457e-11
2.39731e-13
1.05733e-15
0
0
0
0
0
0
0
0
0
0
0
0
0
0
0
0
0
0
0
0
0
0
0
0
0
0
0
0
1.22581e-06
6.93976e-07
3.39651e-07
1.44548e-07
5.33655e-08
1.69286e-08
4.51978e-09
9.74254e-10
1.55649e-10
1.50571e-11
7.68358e-14
3.27042e-16
0
0
0
0
0
0
0
0
0
0
0
0
0
0
0
0
0
0
0
0
0
0
0
0
0
0
0
0
2.4009e-07
1.36747e-07
6.79123e-08
2.96395e-08
1.13712e-08
3.80996e-09
1.09595e-09
2.60655e-10
4.71389e-11
5.21168e-12
3.09864e-14
1.20656e-16
0
0
0
0
0
0
0
0
0
0
0
0
0
0
0
0
0
0
0
0
0
0
0
0
0
0
0
0
4.34682e-08
2.49404e-08
1.26026e-08
5.66465e-09
2.27272e-09
8.12408e-10
2.56275e-10
6.96056e-11
1.53128e-11
2.27146e-12
1.8616e-14
6.03281e-17
0
0
0
0
0
0
0
0
0
0
0
0
0
0
0
0
0
0
0
0
0
0
0
0
0
0
0
0
7.19603e-09
4.16192e-09
2.14245e-09
9.93435e-10
4.17695e-10
1.5978e-10
5.56189e-11
1.75598e-11
4.99077e-12
1.24978e-12
3.57904e-13
8.48594e-14
1.78508e-14
3.50538e-15
6.73135e-16
1.20656e-16
0
0
0
0
0
0
0
0
0
0
0
0
0
0
0
0
0
0
0
0
0
0
0
0
1.07447e-09
6.26355e-10
3.28324e-10
1.56838e-10
6.8877e-11
2.79886e-11
1.05758e-11
3.7289e-12
1.2267e-12
3.68754e-13
9.69346e-14
2.23055e-14
4.71512e-15
9.46199e-16
1.55583e-16
0
0
0
0
0
0
0
0
0
0
0
0
0
0
0
0
0
0
0
0
0
0
0
0
0
1.42334e-10
8.35632e-11
4.45172e-11
2.18235e-11
9.93837e-12
4.23374e-12
1.6951e-12
6.38443e-13
2.24233e-13
7.06506e-14
1.84699e-14
4.27377e-15
9.23973e-16
1.65109e-16
0
0
0
0
0
0
0
0
0
0
0
0
0
0
0
0
0
0
0
0
0
0
0
0
0
0
1.64008e-11
9.68467e-12
5.22857e-12
2.61676e-12
1.22493e-12
5.39365e-13
2.23833e-13
8.71995e-14
3.13452e-14
1.00176e-14
2.68619e-15
6.41383e-16
1.20656e-16
0
0
0
0
0
0
0
0
0
0
0
0
0
0
0
0
0
0
0
0
0
0
0
0
0
0
0
1.60478e-12
9.51701e-13
5.1905e-13
2.63818e-13
1.25943e-13
5.67116e-14
2.40646e-14
9.54772e-15
3.48315e-15
1.13671e-15
3.11166e-16
6.66784e-17
0
0
0
0
0
0
0
0
0
0
0
0
0
0
0
0
0
0
0
0
0
0
0
0
0
0
0
0
1.29423e-13
7.70644e-14
4.24234e-14
2.18578e-14
1.06241e-14
4.858e-15
2.15594e-15
8.60469e-16
3.11166e-16
1.0478e-16
0
0
0
0
0
0
0
0
0
0
0
0
0
0
0
0
0
0
0
0
0
0
0
0
0
0
0
0
0
0
8.36338e-15
5.01041e-15
2.81955e-15
1.47645e-15
7.23937e-16
3.27042e-16
1.20656e-16
4.44523e-17
0
0
0
0
0
0
0
0
0
0
0
0
0
0
0
0
0
0
0
0
0
0
0
0
0
0
0
0
0
0
0
0
4.00071e-16
2.09561e-16
1.20656e-16
6.03281e-17
0
0
0
0
0
0
0
0
0
0
0
0
0
0
0
0
0
0
0
0
0
0
0
0
0
0
0
0
0
0
0
0
0
0
0
0
0
0
0
0
0
0
0
0
0
0
0
0
0
0
0
0
0
0
0
0
0
0
0
0
0
0
0
0
0
0
0
0
0
0
0
0
0
0
0
0
0
0
0
0
0
0
0
0
0
0
0
0
0
0
0
0
0
0
0
0
0
0
0
0
0
0
0
0
0
0
0
0
0
0
0
0
0
0
0
0
0.387708
0.351211
0.312353
0.275956
0.243614
0.215397
0.190947
0.169822
0.151558
0.135709
0.121868
0.109653
0.0987527
0.0889423
0.0799967
0.0716715
0.0636996
0.0558772
0.0479412
0.0395467
0.0303354
0.0202911
0.0106806
0.00408686
0.00118762
0.00029268
6.56517e-05
1.37113e-05
2.66949e-06
4.81228e-07
7.94624e-08
1.18545e-08
1.57146e-09
1.81464e-10
1.78146e-11
1.44131e-12
9.22671e-14
4.46428e-15
1.20656e-16
0
0.351214
0.321505
0.289101
0.257874
0.229342
0.203877
0.181442
0.161807
0.144651
0.129631
0.116413
0.104653
0.0941069
0.0845679
0.075816
0.0675957
0.059657
0.0517916
0.0437088
0.0350616
0.0255964
0.015719
0.00734166
0.00252707
0.000695439
0.000168565
3.77615e-05
7.91909e-06
1.5521e-06
2.8208e-07
4.69891e-08
7.07091e-09
9.44671e-10
1.09787e-10
1.08294e-11
8.7893e-13
5.63941e-14
2.73699e-15
7.62039e-17
0
0.312349
0.289104
0.26298
0.236967
0.212459
0.190054
0.169937
0.152051
0.136216
0.122198
0.10974
0.0985572
0.0884775
0.0793045
0.0708086
0.0627177
0.0548253
0.0468822
0.0385697
0.0295766
0.0199218
0.010741
0.00430773
0.00132913
0.000348578
8.34821e-05
1.87624e-05
3.97622e-06
7.91042e-07
1.46343e-07
2.48457e-08
3.80863e-09
5.17311e-10
6.09417e-11
6.07287e-12
4.96332e-13
3.20565e-14
1.57806e-15
6.35033e-18
0
0.275959
0.257875
0.236966
0.21547
0.194653
0.175186
0.157361
0.141241
0.12676
0.113781
0.102097
0.0915475
0.0819781
0.0731853
0.0649067
0.0569201
0.049
0.0408507
0.0321575
0.0227942
0.0134302
0.00603701
0.00206025
0.000581514
0.000147916
3.53485e-05
8.03408e-06
1.7362e-06
3.54409e-07
6.75601e-08
1.18378e-08
1.87006e-09
2.60733e-10
3.13615e-11
3.17288e-12
2.61964e-13
1.70665e-14
8.60469e-16
0
0
0.243615
0.229341
0.212458
0.194653
0.177002
0.160139
0.144393
0.129898
0.116671
0.104643
0.0936935
0.0837429
0.0746301
0.0661113
0.0579636
0.0499674
0.0418381
0.0332711
0.0241058
0.014823
0.00711281
0.00260415
0.000780052
0.000208822
5.25684e-05
1.268e-05
2.94357e-06
6.56074e-07
1.39302e-07
2.7791e-08
5.1059e-09
8.42821e-10
1.21888e-10
1.50716e-11
1.55385e-12
1.29832e-13
8.60787e-15
4.41348e-16
0
0
0.215397
0.203876
0.190053
0.175185
0.160139
0.145467
0.131493
0.118385
0.106214
0.0949508
0.0846093
0.075113
0.0662605
0.0578504
0.0496579
0.0413989
0.0327833
0.0236825
0.014596
0.00710938
0.00268256
0.000834707
0.000232634
6.11296e-05
1.54764e-05
3.80643e-06
9.11801e-07
2.12315e-07
4.76806e-08
1.01587e-08
1.99869e-09
3.50644e-10
5.3179e-11
6.79672e-12
7.15117e-13
6.04678e-14
4.07056e-15
1.80984e-16
0
0
0.190947
0.181442
0.169937
0.157361
0.144393
0.131493
0.11895
0.106934
0.0955126
0.0847667
0.0747346
0.0653524
0.0564849
0.0479021
0.0393137
0.0304579
0.0213227
0.0126228
0.00593906
0.00222027
0.000702399
0.000201806
5.49529e-05
1.44625e-05
3.71551e-06
9.38057e-07
2.33853e-07
5.76463e-08
1.39722e-08
3.26837e-09
7.10119e-10
1.35303e-10
2.17494e-11
2.88045e-12
3.08674e-13
2.63316e-14
1.80349e-15
8.57294e-17
0
0
0.169822
0.161807
0.152051
0.141241
0.129898
0.118385
0.106934
0.0956537
0.0846325
0.073912
0.0635617
0.0537969
0.0444464
0.0352196
0.0259365
0.0168689
0.0091115
0.00396302
0.0014292
0.000454056
0.000133749
3.75688e-05
1.02052e-05
2.70583e-06
7.06378e-07
1.83295e-07
4.77603e-08
1.26077e-08
3.37814e-09
9.03414e-10
2.28289e-10
4.85954e-11
8.34504e-12
1.14171e-12
1.23727e-13
1.0605e-14
7.23937e-16
0
0
0
0.151559
0.144651
0.136216
0.12676
0.116671
0.106214
0.0955125
0.0846325
0.0734667
0.0618124
0.0498491
0.0388295
0.0284894
0.0188413
0.0106428
0.00497579
0.00195858
0.000679167
0.000216627
6.529e-05
1.88526e-05
5.25817e-06
1.42662e-06
3.79587e-07
1.00085e-07
2.65154e-08
7.18981e-09
2.04149e-09
6.20346e-10
2.01947e-10
6.59187e-11
1.6242e-11
2.97661e-12
4.15664e-13
4.5046e-14
3.86735e-15
2.47663e-16
0
0
0
0.135709
0.129631
0.122198
0.113781
0.104643
0.0949508
0.0847667
0.073912
0.0618124
0.0473542
0.0297478
0.0178891
0.0094549
0.0043056
0.00172455
0.000626456
0.000212
6.80435e-05
2.0902e-05
6.17418e-06
1.76008e-06
4.86272e-07
1.30941e-07
3.46391e-08
9.10581e-09
2.4199e-09
6.6798e-10
2.00119e-10
6.96251e-11
3.04033e-11
1.67191e-11
4.943e-12
9.48155e-13
1.3275e-13
1.43359e-14
1.24784e-15
7.93791e-17
0
0
0
0.121868
0.116413
0.10974
0.102097
0.0936935
0.0846093
0.0747346
0.0635617
0.0498491
0.0297478
0.000366284
0.000129075
6.51657e-05
2.76863e-05
1.04214e-05
3.60355e-06
1.17118e-06
3.62439e-07
1.07544e-07
3.07413e-08
8.50471e-09
2.29005e-09
6.04603e-10
1.58074e-10
4.1509e-11
1.11831e-11
3.19955e-12
1.03191e-12
4.17004e-13
2.50127e-13
4.82354e-12
1.30872e-12
2.47907e-13
3.48919e-14
3.85782e-15
3.42918e-16
0
0
0
0
0.109653
0.104653
0.0985571
0.0915475
0.0837429
0.075113
0.0653524
0.0537969
0.0388295
0.0178891
0.000129075
1.3505e-06
3.47538e-07
1.43957e-07
5.30948e-08
1.79743e-08
5.70982e-09
1.72359e-09
4.98258e-10
1.38779e-10
3.74715e-11
9.87778e-12
2.56464e-12
6.63457e-13
1.73831e-13
4.72496e-14
1.38628e-14
4.67384e-15
1.94955e-15
1.14306e-15
1.15081e-12
3.01063e-13
5.61845e-14
7.99189e-15
9.23973e-16
7.62039e-17
0
0
0
0
0.0987527
0.0941069
0.0884775
0.0819781
0.0746301
0.0662605
0.0564849
0.0444464
0.0284894
0.00945489
6.51657e-05
3.47538e-07
3.10901e-09
6.57016e-10
2.38671e-10
7.99181e-11
2.50047e-11
7.4088e-12
2.09795e-12
5.72091e-13
1.51433e-13
3.93339e-14
1.01288e-14
2.62904e-15
6.54084e-16
1.27007e-16
0
0
0
0
2.41808e-13
6.22237e-14
1.15608e-14
1.68919e-15
1.80984e-16
0
0
0
0
0
0.0889423
0.0845679
0.0793045
0.0731853
0.0661113
0.0578504
0.0479021
0.0352196
0.0188413
0.0043056
2.76863e-05
1.43958e-07
6.57017e-10
5.29296e-12
9.7943e-13
3.22686e-13
9.99605e-14
2.92782e-14
8.1951e-15
2.22261e-15
5.39778e-16
1.20656e-16
0
0
0
0
0
0
0
0
4.65669e-14
1.1964e-14
2.25437e-15
3.42918e-16
0
0
0
0
0
0
0.0799967
0.075816
0.0708086
0.0649067
0.0579636
0.0496579
0.0393137
0.0259365
0.0106428
0.00172455
1.04214e-05
5.30949e-08
2.38672e-10
9.7943e-13
7.36003e-15
1.20339e-15
2.85765e-16
6.98536e-17
0
0
0
0
0
0
0
0
0
0
0
0
8.50309e-15
2.23214e-15
4.22297e-16
5.39778e-17
0
0
0
0
0
0
0.0716715
0.0675957
0.0627177
0.0569201
0.0499674
0.0413989
0.0304579
0.0168689
0.00497579
0.000626456
3.60355e-06
1.79743e-08
7.99182e-11
3.22686e-13
1.20339e-15
0
0
0
0
0
0
0
0
0
0
0
0
0
0
0
1.5209e-15
4.03246e-16
6.66784e-17
0
0
0
0
0
0
0
0.0636996
0.059657
0.0548254
0.049
0.0418381
0.0327833
0.0213227
0.00911151
0.00195858
0.000212
1.17118e-06
5.70982e-09
2.50048e-11
9.99605e-14
2.85765e-16
0
0
0
0
0
0
0
0
0
0
0
0
0
0
0
2.57188e-16
6.03281e-17
0
0
0
0
0
0
0
0
0.0558772
0.0517916
0.0468822
0.0408507
0.0332711
0.0236826
0.0126228
0.00396303
0.000679167
6.80435e-05
3.62439e-07
1.72359e-09
7.40881e-12
2.92782e-14
6.98536e-17
0
0
0
0
0
0
0
0
0
0
0
0
0
0
0
6.35033e-18
0
0
0
0
0
0
0
0
0
0.0479412
0.0437088
0.0385697
0.0321576
0.0241059
0.014596
0.00593907
0.0014292
0.000216627
2.0902e-05
1.07544e-07
4.98258e-10
2.09795e-12
8.1951e-15
0
0
0
0
0
0
0
0
0
0
0
0
0
0
0
0
0
0
0
0
0
0
0
0
0
0
0.0395467
0.0350616
0.0295767
0.0227942
0.0148231
0.00710938
0.00222027
0.000454056
6.529e-05
6.17418e-06
3.07413e-08
1.38779e-10
5.72091e-13
2.22261e-15
0
0
0
0
0
0
0
0
0
0
0
0
0
0
0
0
0
0
0
0
0
0
0
0
0
0
0.0303354
0.0255964
0.0199218
0.0134302
0.00711282
0.00268257
0.000702399
0.000133749
1.88526e-05
1.76009e-06
8.50471e-09
3.74715e-11
1.51433e-13
5.39778e-16
0
0
0
0
0
0
0
0
0
0
0
0
0
0
0
0
0
0
0
0
0
0
0
0
0
0
0.0202911
0.015719
0.010741
0.00603702
0.00260416
0.000834708
0.000201806
3.75688e-05
5.25818e-06
4.86272e-07
2.29005e-09
9.87779e-12
3.93339e-14
1.20656e-16
0
0
0
0
0
0
0
0
0
0
0
0
0
0
0
0
0
0
0
0
0
0
0
0
0
0
0.0106806
0.00734166
0.00430773
0.00206025
0.000780053
0.000232634
5.4953e-05
1.02052e-05
1.42662e-06
1.30941e-07
6.04603e-10
2.56464e-12
1.01288e-14
0
0
0
0
0
0
0
0
0
0
0
0
0
0
0
0
0
0
0
0
0
0
0
0
0
0
0
0.00408687
0.00252708
0.00132913
0.000581514
0.000208823
6.11296e-05
1.44625e-05
2.70583e-06
3.79588e-07
3.46391e-08
1.58074e-10
6.63457e-13
2.62904e-15
0
0
0
0
0
0
0
0
0
0
0
0
0
0
0
0
0
0
0
0
0
0
0
0
0
0
0
0.00118762
0.00069544
0.000348579
0.000147916
5.25684e-05
1.54764e-05
3.71551e-06
7.06378e-07
1.00085e-07
9.10582e-09
4.1509e-11
1.73831e-13
6.54084e-16
0
0
0
0
0
0
0
0
0
0
0
0
0
0
0
0
0
0
0
0
0
0
0
0
0
0
0
0.00029268
0.000168565
8.34822e-05
3.53485e-05
1.268e-05
3.80644e-06
9.38058e-07
1.83295e-07
2.65155e-08
2.4199e-09
1.11831e-11
4.72496e-14
1.27007e-16
0
0
0
0
0
0
0
0
0
0
0
0
0
0
0
0
0
0
0
0
0
0
0
0
0
0
0
6.56517e-05
3.77616e-05
1.87625e-05
8.03409e-06
2.94357e-06
9.11802e-07
2.33854e-07
4.77603e-08
7.18982e-09
6.6798e-10
3.19955e-12
1.38628e-14
0
0
0
0
0
0
0
0
0
0
0
0
0
0
0
0
0
0
0
0
0
0
0
0
0
0
0
0
1.37113e-05
7.9191e-06
3.97622e-06
1.7362e-06
6.56075e-07
2.12315e-07
5.76464e-08
1.26077e-08
2.0415e-09
2.00119e-10
1.03191e-12
4.67384e-15
0
0
0
0
0
0
0
0
0
0
0
0
0
0
0
0
0
0
0
0
0
0
0
0
0
0
0
0
2.66949e-06
1.5521e-06
7.91043e-07
3.5441e-07
1.39303e-07
4.76807e-08
1.39722e-08
3.37814e-09
6.20347e-10
6.96252e-11
4.17004e-13
1.94955e-15
0
0
0
0
0
0
0
0
0
0
0
0
0
0
0
0
0
0
0
0
0
0
0
0
0
0
0
0
4.81229e-07
2.8208e-07
1.46343e-07
6.75602e-08
2.7791e-08
1.01587e-08
3.26838e-09
9.03415e-10
2.01947e-10
3.04033e-11
2.50127e-13
1.14306e-15
0
0
0
0
0
0
0
0
0
0
0
0
0
0
0
0
0
0
0
0
0
0
0
0
0
0
0
0
7.94625e-08
4.69892e-08
2.48457e-08
1.18379e-08
5.10591e-09
1.99869e-09
7.1012e-10
2.28289e-10
6.59188e-11
1.67192e-11
4.82354e-12
1.15081e-12
2.41808e-13
4.65669e-14
8.50309e-15
1.5209e-15
2.57188e-16
6.35033e-18
0
0
0
0
0
0
0
0
0
0
0
0
0
0
0
0
0
0
0
0
0
0
1.18545e-08
7.07092e-09
3.80863e-09
1.87007e-09
8.42822e-10
3.50644e-10
1.35303e-10
4.85955e-11
1.6242e-11
4.94305e-12
1.30873e-12
3.01063e-13
6.22237e-14
1.1964e-14
2.23214e-15
4.03246e-16
6.03281e-17
0
0
0
0
0
0
0
0
0
0
0
0
0
0
0
0
0
0
0
0
0
0
0
1.57147e-09
9.44672e-10
5.17312e-10
2.60733e-10
1.21889e-10
5.3179e-11
2.17494e-11
8.34505e-12
2.97665e-12
9.48158e-13
2.4791e-13
5.61845e-14
1.15608e-14
2.25437e-15
4.22297e-16
6.66784e-17
0
0
0
0
0
0
0
0
0
0
0
0
0
0
0
0
0
0
0
0
0
0
0
0
1.81464e-10
1.09787e-10
6.09417e-11
3.13615e-11
1.50716e-11
6.79673e-12
2.88045e-12
1.14171e-12
4.15673e-13
1.3275e-13
3.48919e-14
7.99189e-15
1.68919e-15
3.42918e-16
5.39778e-17
0
0
0
0
0
0
0
0
0
0
0
0
0
0
0
0
0
0
0
0
0
0
0
0
0
1.78146e-11
1.08294e-11
6.07287e-12
3.17289e-12
1.55385e-12
7.15117e-13
3.08674e-13
1.23727e-13
4.5046e-14
1.43359e-14
3.85782e-15
9.23973e-16
1.80984e-16
0
0
0
0
0
0
0
0
0
0
0
0
0
0
0
0
0
0
0
0
0
0
0
0
0
0
0
1.44131e-12
8.7893e-13
4.96332e-13
2.61964e-13
1.29832e-13
6.04678e-14
2.63316e-14
1.0605e-14
3.86735e-15
1.24784e-15
3.42918e-16
7.62039e-17
0
0
0
0
0
0
0
0
0
0
0
0
0
0
0
0
0
0
0
0
0
0
0
0
0
0
0
0
9.22671e-14
5.63941e-14
3.20565e-14
1.70665e-14
8.60787e-15
4.07056e-15
1.80349e-15
7.23937e-16
2.47663e-16
7.93791e-17
0
0
0
0
0
0
0
0
0
0
0
0
0
0
0
0
0
0
0
0
0
0
0
0
0
0
0
0
0
0
4.46428e-15
2.73699e-15
1.57806e-15
8.60469e-16
4.41348e-16
1.80984e-16
8.57294e-17
0
0
0
0
0
0
0
0
0
0
0
0
0
0
0
0
0
0
0
0
0
0
0
0
0
0
0
0
0
0
0
0
0
1.20656e-16
7.62039e-17
6.35033e-18
0
0
0
0
0
0
0
0
0
0
0
0
0
0
0
0
0
0
0
0
0
0
0
0
0
0
0
0
0
0
0
0
0
0
0
0
0
0
0
0
0
0
0
0
0
0
0
0
0
0
0
0
0
0
0
0
0
0
0
0
0
0
0
0
0
0
0
0
0
0
0
0
0
0
0
0
0
0.482808
0.434225
0.381222
0.332286
0.290077
0.25451
0.224594
0.199273
0.177722
0.159263
0.143323
0.129423
0.117164
0.106208
0.0962702
0.087099
0.0784645
0.0701413
0.0618939
0.053458
0.0444916
0.0345895
0.0235608
0.0125273
0.00468469
0.00129504
0.000301476
6.37164e-05
1.24808e-05
2.26222e-06
3.75844e-07
5.64705e-08
7.54734e-09
8.79579e-10
8.72297e-11
7.13447e-12
4.61088e-13
2.22293e-14
7.30288e-16
0
0.434236
0.393381
0.349593
0.308417
0.271926
0.240362
0.213204
0.189843
0.169723
0.152327
0.137188
0.123901
0.112113
0.101521
0.0918574
0.0828839
0.0743762
0.0661098
0.0578491
0.0493137
0.040144
0.0299785
0.0189463
0.00896333
0.00300455
0.000786712
0.000180402
3.81271e-05
7.50697e-06
1.37073e-06
2.29628e-07
3.47892e-08
4.68478e-09
5.49377e-10
5.4734e-11
4.48976e-12
2.90632e-13
1.40279e-14
4.60399e-16
0
0.381209
0.349597
0.315004
0.281527
0.250913
0.22361
0.199531
0.178437
0.160005
0.143879
0.129711
0.117174
0.105973
0.095837
0.0865228
0.0778029
0.069456
0.0612571
0.0529608
0.0442562
0.0347764
0.0243026
0.0136314
0.00551337
0.0016475
0.000411678
9.35878e-05
1.99095e-05
3.97247e-06
7.37663e-07
1.25861e-07
1.94142e-08
2.65674e-09
3.15687e-10
3.17627e-11
2.6226e-12
1.70516e-13
8.28718e-15
2.57188e-16
0
0.332288
0.308422
0.281529
0.254631
0.229195
0.205821
0.184726
0.165895
0.14918
0.134364
0.121207
0.10946
0.0988788
0.0892255
0.080273
0.0718005
0.0635865
0.0554013
0.0469677
0.0379449
0.0280241
0.0174487
0.00817037
0.00277152
0.000753787
0.000183241
4.17847e-05
9.03871e-06
1.84806e-06
3.53324e-07
6.21781e-08
9.87876e-09
1.38704e-09
1.6821e-10
1.71754e-11
1.43165e-12
9.36102e-14
4.58494e-15
1.20656e-16
0
0.290079
0.27193
0.250915
0.229195
0.208005
0.188029
0.169605
0.152842
0.137713
0.124114
0.111899
0.10089
0.0908843
0.0816681
0.0730217
0.0647237
0.0565488
0.0482368
0.0394695
0.0299294
0.0196593
0.0100623
0.00375787
0.00109953
0.000283247
6.85247e-05
1.58937e-05
3.54099e-06
7.5258e-07
1.50512e-07
2.77615e-08
4.60699e-09
6.70704e-10
8.35871e-11
8.69375e-12
7.3259e-13
4.82212e-14
2.39407e-15
6.98536e-17
0
0.254511
0.240364
0.223611
0.205821
0.188029
0.170872
0.154709
0.139708
0.125922
0.113335
0.101887
0.0914691
0.0819112
0.0730065
0.0645319
0.0562596
0.0479302
0.0392356
0.0298778
0.019889
0.010502
0.00411469
0.00126487
0.000341143
8.65958e-05
2.12529e-05
5.08189e-06
1.1829e-06
2.65944e-07
5.68013e-08
1.12179e-08
1.97815e-09
3.01947e-10
3.88872e-11
4.12599e-12
3.511e-13
2.32231e-14
1.17481e-15
0
0
0.224594
0.213205
0.199532
0.184726
0.169605
0.154709
0.140366
0.12676
0.113984
0.102087
0.0910994
0.0810058
0.071658
0.062838
0.0543067
0.0457877
0.0369738
0.0276163
0.0179016
0.00921245
0.00359432
0.00112876
0.000314868
8.3072e-05
2.12973e-05
5.3676e-06
1.33761e-06
3.3003e-07
8.01485e-08
1.8802e-08
4.10093e-09
7.85369e-10
1.27056e-10
1.69544e-11
1.83107e-12
1.56691e-13
1.04082e-14
5.30252e-16
0
0
0.199273
0.189843
0.178438
0.165896
0.152842
0.139708
0.12676
0.11415
0.101953
0.090237
0.0791477
0.0689106
0.0593819
0.050294
0.041326
0.0321762
0.0227435
0.0136245
0.00645468
0.00241007
0.000759246
0.00021757
5.93326e-05
1.57356e-05
4.10981e-06
1.0681e-06
2.79021e-07
7.38866e-08
1.98634e-08
5.33025e-09
1.35217e-09
2.8931e-10
5.00041e-11
6.89253e-12
7.52158e-13
6.42907e-14
4.28965e-15
1.87335e-16
0
0
0.177723
0.169724
0.160005
0.14918
0.137713
0.125922
0.113984
0.101953
0.089766
0.0773207
0.0648475
0.0536537
0.0433721
0.0335611
0.0239933
0.0150069
0.00775542
0.00326041
0.0011571
0.000365984
0.000107808
3.03475e-05
8.28289e-06
2.21598e-06
5.8774e-07
1.56711e-07
4.27716e-08
1.22184e-08
3.73124e-09
1.21913e-09
3.99219e-10
9.88544e-11
1.82365e-11
2.56528e-12
2.79395e-13
2.36772e-14
1.59711e-15
7.62039e-17
0
0
0.159263
0.152327
0.143879
0.134364
0.124114
0.113335
0.102087
0.090237
0.0773207
0.0622571
0.0438968
0.0309289
0.020298
0.0118304
0.00594864
0.00258986
0.000994903
0.000345125
0.000110998
3.37537e-05
9.82197e-06
2.75823e-06
7.53416e-07
2.01991e-07
5.37869e-08
1.4472e-08
4.04085e-09
1.22242e-09
4.28182e-10
1.8751e-10
1.03123e-10
3.06344e-11
5.91696e-12
8.34074e-13
8.98603e-14
7.60134e-15
5.17552e-16
0
0
0
0.143323
0.137189
0.129711
0.121207
0.111899
0.101887
0.0910994
0.0791477
0.0648475
0.0438968
0.000665101
0.000287927
0.000180765
9.47228e-05
4.23472e-05
1.66067e-05
5.86616e-06
1.91139e-06
5.86091e-07
1.71441e-07
4.82922e-08
1.32063e-08
3.53659e-09
9.373e-10
2.49386e-10
6.80368e-11
1.96901e-11
6.4106e-12
2.60722e-12
1.56735e-12
3.00996e-11
8.22241e-12
1.56932e-12
2.21814e-13
2.40042e-14
2.08291e-15
1.20656e-16
0
0
0
0.129423
0.123901
0.117174
0.10946
0.10089
0.0914691
0.0810058
0.0689106
0.0536537
0.0309289
0.000287927
3.78372e-06
1.16911e-06
5.6861e-07
2.37989e-07
8.82422e-08
2.97741e-08
9.34507e-09
2.77476e-09
7.88683e-10
2.16576e-10
5.79614e-11
1.5264e-11
4.00265e-12
1.06183e-12
2.91836e-13
8.61295e-14
2.90337e-14
1.22434e-14
7.11237e-15
7.27198e-12
1.91613e-12
3.59575e-13
5.06693e-14
5.57559e-15
5.08026e-16
0
0
0
0
0.117164
0.112113
0.105973
0.0988789
0.0908844
0.0819112
0.0716581
0.059382
0.0433721
0.020298
0.000180765
1.16911e-06
1.19524e-08
2.86499e-09
1.1463e-09
4.10909e-10
1.34595e-10
4.11487e-11
1.19231e-11
3.31164e-12
8.90233e-13
2.33905e-13
6.07345e-14
1.58345e-14
4.22297e-15
1.16529e-15
3.20692e-16
9.52549e-17
0
0
1.54718e-12
3.99966e-13
7.39781e-14
1.04399e-14
1.18751e-15
1.14306e-16
0
0
0
0
0.106208
0.101521
0.095837
0.0892255
0.0816681
0.0730065
0.062838
0.050294
0.0335611
0.0118304
9.47229e-05
5.68611e-07
2.865e-09
2.48495e-11
4.95358e-12
1.72004e-12
5.51993e-13
1.65569e-13
4.7202e-14
1.29293e-14
3.44505e-15
8.6682e-16
1.55583e-16
0
0
0
0
0
0
0
3.00901e-13
7.68199e-14
1.412e-14
2.05116e-15
2.09561e-16
0
0
0
0
0
0.0962702
0.0918574
0.0865228
0.0802731
0.0730217
0.0645319
0.0543067
0.041326
0.0239933
0.00594864
4.23472e-05
2.37989e-07
1.1463e-09
4.95358e-12
3.84576e-14
6.75992e-15
2.11466e-15
5.74705e-16
1.20656e-16
0
0
0
0
0
0
0
0
0
0
0
5.48414e-14
1.39294e-14
2.61633e-15
3.90545e-16
0
0
0
0
0
0
0.087099
0.082884
0.0778029
0.0718006
0.0647237
0.0562596
0.0457877
0.0321762
0.0150069
0.00258986
1.66067e-05
8.82422e-08
4.10909e-10
1.72004e-12
6.75992e-15
0
0
0
0
0
0
0
0
0
0
0
0
0
0
0
9.56359e-15
2.49568e-15
4.88975e-16
5.71529e-17
0
0
0
0
0
0
0.0784645
0.0743762
0.069456
0.0635865
0.0565488
0.0479302
0.0369738
0.0227435
0.00775543
0.000994903
5.86616e-06
2.97741e-08
1.34595e-10
5.51993e-13
2.11466e-15
0
0
0
0
0
0
0
0
0
0
0
0
0
0
0
1.67966e-15
4.41348e-16
7.93791e-17
0
0
0
0
0
0
0
0.0701414
0.0661098
0.0612571
0.0554013
0.0482368
0.0392356
0.0276163
0.0136245
0.00326041
0.000345125
1.91139e-06
9.34507e-09
4.11487e-11
1.65569e-13
5.74705e-16
0
0
0
0
0
0
0
0
0
0
0
0
0
0
0
2.76239e-16
6.66784e-17
0
0
0
0
0
0
0
0
0.0618939
0.0578491
0.0529608
0.0469677
0.0394695
0.0298778
0.0179016
0.00645469
0.0011571
0.000110998
5.86092e-07
2.77477e-09
1.19231e-11
4.7202e-14
1.20656e-16
0
0
0
0
0
0
0
0
0
0
0
0
0
0
0
9.52549e-18
0
0
0
0
0
0
0
0
0
0.0534581
0.0493137
0.0442562
0.0379449
0.0299294
0.0198891
0.00921246
0.00241007
0.000365984
3.37537e-05
1.71441e-07
7.88683e-10
3.31164e-12
1.29293e-14
0
0
0
0
0
0
0
0
0
0
0
0
0
0
0
0
0
0
0
0
0
0
0
0
0
0
0.0444916
0.040144
0.0347764
0.0280241
0.0196593
0.010502
0.00359432
0.000759247
0.000107808
9.82198e-06
4.82922e-08
2.16577e-10
8.90233e-13
3.44505e-15
0
0
0
0
0
0
0
0
0
0
0
0
0
0
0
0
0
0
0
0
0
0
0
0
0
0
0.0345895
0.0299785
0.0243026
0.0174487
0.0100623
0.00411469
0.00112876
0.00021757
3.03475e-05
2.75823e-06
1.32063e-08
5.79614e-11
2.33905e-13
8.6682e-16
0
0
0
0
0
0
0
0
0
0
0
0
0
0
0
0
0
0
0
0
0
0
0
0
0
0
0.0235608
0.0189463
0.0136314
0.00817038
0.00375788
0.00126488
0.000314868
5.93327e-05
8.2829e-06
7.53416e-07
3.53659e-09
1.5264e-11
6.07345e-14
1.55583e-16
0
0
0
0
0
0
0
0
0
0
0
0
0
0
0
0
0
0
0
0
0
0
0
0
0
0
0.0125273
0.00896334
0.00551338
0.00277152
0.00109954
0.000341143
8.30721e-05
1.57356e-05
2.21598e-06
2.01991e-07
9.373e-10
4.00265e-12
1.58345e-14
0
0
0
0
0
0
0
0
0
0
0
0
0
0
0
0
0
0
0
0
0
0
0
0
0
0
0
0.00468469
0.00300456
0.00164751
0.000753788
0.000283248
8.65959e-05
2.12973e-05
4.10982e-06
5.87741e-07
5.37869e-08
2.49386e-10
1.06183e-12
4.22297e-15
0
0
0
0
0
0
0
0
0
0
0
0
0
0
0
0
0
0
0
0
0
0
0
0
0
0
0
0.00129504
0.000786713
0.000411678
0.000183241
6.85248e-05
2.12529e-05
5.36761e-06
1.06811e-06
1.56711e-07
1.4472e-08
6.80368e-11
2.91836e-13
1.16529e-15
0
0
0
0
0
0
0
0
0
0
0
0
0
0
0
0
0
0
0
0
0
0
0
0
0
0
0
0.000301476
0.000180402
9.3588e-05
4.17847e-05
1.58937e-05
5.0819e-06
1.33761e-06
2.79021e-07
4.27716e-08
4.04086e-09
1.96901e-11
8.61295e-14
3.20692e-16
0
0
0
0
0
0
0
0
0
0
0
0
0
0
0
0
0
0
0
0
0
0
0
0
0
0
0
6.37165e-05
3.81271e-05
1.99095e-05
9.03872e-06
3.54099e-06
1.1829e-06
3.3003e-07
7.38867e-08
1.22185e-08
1.22242e-09
6.4106e-12
2.90337e-14
9.52549e-17
0
0
0
0
0
0
0
0
0
0
0
0
0
0
0
0
0
0
0
0
0
0
0
0
0
0
0
1.24808e-05
7.50698e-06
3.97248e-06
1.84807e-06
7.52581e-07
2.65944e-07
8.01486e-08
1.98634e-08
3.73125e-09
4.28182e-10
2.60722e-12
1.22434e-14
0
0
0
0
0
0
0
0
0
0
0
0
0
0
0
0
0
0
0
0
0
0
0
0
0
0
0
0
2.26222e-06
1.37073e-06
7.37664e-07
3.53324e-07
1.50512e-07
5.68013e-08
1.88021e-08
5.33026e-09
1.21913e-09
1.8751e-10
1.56735e-12
7.11237e-15
0
0
0
0
0
0
0
0
0
0
0
0
0
0
0
0
0
0
0
0
0
0
0
0
0
0
0
0
3.75844e-07
2.29629e-07
1.25861e-07
6.21782e-08
2.77615e-08
1.12179e-08
4.10094e-09
1.35218e-09
3.99219e-10
1.03123e-10
3.00997e-11
7.27198e-12
1.54718e-12
3.00901e-13
5.48414e-14
9.56359e-15
1.67966e-15
2.76239e-16
9.52549e-18
0
0
0
0
0
0
0
0
0
0
0
0
0
0
0
0
0
0
0
0
0
5.64706e-08
3.47893e-08
1.94142e-08
9.87878e-09
4.60699e-09
1.97815e-09
7.8537e-10
2.8931e-10
9.88545e-11
3.06344e-11
8.22241e-12
1.91613e-12
3.99966e-13
7.68199e-14
1.39294e-14
2.49568e-15
4.41348e-16
6.66784e-17
0
0
0
0
0
0
0
0
0
0
0
0
0
0
0
0
0
0
0
0
0
0
7.54735e-09
4.68479e-09
2.65674e-09
1.38704e-09
6.70705e-10
3.01947e-10
1.27056e-10
5.00042e-11
1.82365e-11
5.91696e-12
1.56932e-12
3.59575e-13
7.39781e-14
1.412e-14
2.61633e-15
4.88975e-16
7.93791e-17
0
0
0
0
0
0
0
0
0
0
0
0
0
0
0
0
0
0
0
0
0
0
0
8.7958e-10
5.49378e-10
3.15687e-10
1.6821e-10
8.35873e-11
3.88872e-11
1.69544e-11
6.89257e-12
2.56529e-12
8.34084e-13
2.21817e-13
5.06693e-14
1.04399e-14
2.05116e-15
3.90545e-16
5.71529e-17
0
0
0
0
0
0
0
0
0
0
0
0
0
0
0
0
0
0
0
0
0
0
0
0
8.72298e-11
5.4734e-11
3.17627e-11
1.71755e-11
8.69381e-12
4.126e-12
1.83107e-12
7.52158e-13
2.79395e-13
8.98603e-14
2.40233e-14
5.57559e-15
1.18751e-15
2.09561e-16
0
0
0
0
0
0
0
0
0
0
0
0
0
0
0
0
0
0
0
0
0
0
0
0
0
0
7.13448e-12
4.48976e-12
2.6226e-12
1.43165e-12
7.32609e-13
3.511e-13
1.56691e-13
6.42907e-14
2.36772e-14
7.60134e-15
2.08291e-15
5.08026e-16
1.14306e-16
0
0
0
0
0
0
0
0
0
0
0
0
0
0
0
0
0
0
0
0
0
0
0
0
0
0
0
4.61088e-13
2.90632e-13
1.70516e-13
9.36102e-14
4.82212e-14
2.32231e-14
1.04082e-14
4.28965e-15
1.59711e-15
5.17552e-16
1.20656e-16
0
0
0
0
0
0
0
0
0
0
0
0
0
0
0
0
0
0
0
0
0
0
0
0
0
0
0
0
0
2.22293e-14
1.40279e-14
8.28718e-15
4.58494e-15
2.39407e-15
1.17481e-15
5.30252e-16
1.87335e-16
7.62039e-17
0
0
0
0
0
0
0
0
0
0
0
0
0
0
0
0
0
0
0
0
0
0
0
0
0
0
0
0
0
0
0
7.30288e-16
4.60399e-16
2.57188e-16
1.20656e-16
6.98536e-17
0
0
0
0
0
0
0
0
0
0
0
0
0
0
0
0
0
0
0
0
0
0
0
0
0
0
0
0
0
0
0
0
0
0
0
0
0
0
0
0
0
0
0
0
0
0
0
0
0
0
0
0
0
0
0
0
0
0
0
0
0
0
0
0
0
0
0
0
0
0
0
0
0
0
0
0.548657
0.506466
0.443606
0.382121
0.329638
0.286518
0.251221
0.22201
0.197504
0.176727
0.158929
0.143518
0.130012
0.11802
0.107216
0.0973255
0.0881053
0.0793289
0.0707682
0.0621783
0.0532781
0.0436957
0.0330069
0.0211966
0.0101364
0.00334554
0.000839742
0.000182001
3.60357e-05
6.58295e-06
1.10211e-06
1.66952e-07
2.25114e-08
2.64865e-09
2.65367e-10
2.19402e-11
1.43371e-12
6.94726e-14
2.26707e-15
0
0.506501
0.458266
0.403535
0.352116
0.307422
0.269705
0.238047
0.2113
0.188537
0.169035
0.152195
0.137515
0.124576
0.113028
0.102572
0.0929491
0.0839257
0.0752778
0.0667776
0.0581803
0.0491877
0.03941
0.0284939
0.0168606
0.0071718
0.00215987
0.000522182
0.000112332
2.23049e-05
4.10052e-06
6.91772e-07
1.05615e-07
1.43435e-08
1.6977e-09
1.70842e-10
1.4164e-11
9.26671e-13
4.4954e-14
1.49868e-15
0
0.443579
0.403523
0.360176
0.318995
0.28217
0.250107
0.222387
0.198422
0.177686
0.159693
0.143998
0.130204
0.117962
0.106965
0.0969449
0.0876585
0.0788807
0.0703903
0.0619584
0.0533307
0.044175
0.0340975
0.0229449
0.0119605
0.0043835
0.00120413
0.000282474
6.07391e-05
1.21916e-05
2.27649e-06
3.90822e-07
6.07102e-08
8.37421e-09
1.00389e-09
1.01985e-10
8.50811e-12
5.58622e-13
2.71508e-14
9.04922e-16
0
0.382107
0.35211
0.318994
0.286577
0.256605
0.229613
0.205583
0.184348
0.165655
0.149208
0.134703
0.12184
0.110337
0.0999295
0.0903722
0.0814358
0.0728994
0.0645415
0.0561284
0.0473716
0.0379041
0.0274093
0.0163132
0.00708119
0.00221837
0.000567662
0.0001314
2.85769e-05
5.86522e-06
1.12619e-06
1.99232e-07
3.1854e-08
4.50547e-09
5.50964e-10
5.67784e-11
4.77972e-12
3.15316e-13
1.54091e-14
5.08026e-16
0
0.329633
0.30742
0.28217
0.256605
0.232127
0.209355
0.188557
0.169788
0.152971
0.137959
0.124567
0.112585
0.101786
0.0919371
0.0828085
0.074177
0.0658209
0.057513
0.0489879
0.0399072
0.0299293
0.0191543
0.009314
0.003257
0.000901529
0.000222586
5.18869e-05
1.15837e-05
2.46764e-06
4.95151e-07
9.17382e-08
1.531e-08
2.24409e-09
2.8188e-10
2.95773e-11
2.51583e-12
1.66763e-13
8.2332e-15
2.57188e-16
0
0.286515
0.269704
0.250106
0.229613
0.209355
0.189998
0.1719
0.15522
0.139993
0.126187
0.113723
0.102477
0.0922676
0.0828772
0.0740779
0.0656401
0.0573339
0.0488985
0.0400109
0.030345
0.0199363
0.0102013
0.00380794
0.00111701
0.00029044
7.16181e-05
1.71351e-05
3.99097e-06
8.98687e-07
1.92467e-07
3.81597e-08
6.76374e-09
1.03902e-09
1.34823e-10
1.44267e-11
1.23856e-12
8.23447e-14
4.10231e-15
1.20656e-16
0
0.25122
0.238047
0.222386
0.205583
0.188557
0.1719
0.155964
0.140942
0.12693
0.113981
0.102131
0.0913672
0.0815378
0.0724179
0.063762
0.0553243
0.0468265
0.0379462
0.0284015
0.0183527
0.00929013
0.00350736
0.00106078
0.000286527
7.37695e-05
1.85909e-05
4.63218e-06
1.14371e-06
2.78208e-07
6.54317e-08
1.43226e-08
2.75622e-09
4.48639e-10
6.03059e-11
6.56702e-12
5.66497e-13
3.75654e-14
1.86065e-15
4.44523e-17
0
0.222009
0.2113
0.198421
0.184348
0.169788
0.15522
0.140942
0.127122
0.113858
0.101241
0.0894518
0.078736
0.0689386
0.0597864
0.0509866
0.042214
0.0331488
0.0236435
0.0142495
0.00671239
0.00245217
0.000749247
0.000208403
5.55153e-05
1.45107e-05
3.77387e-06
9.87229e-07
2.61951e-07
7.05895e-08
1.89935e-08
4.83438e-09
1.03919e-09
1.80706e-10
2.50908e-11
2.76028e-12
2.37382e-13
1.56409e-14
7.84265e-16
0
0
0.197504
0.188537
0.177686
0.165655
0.152971
0.139993
0.12693
0.113858
0.100751
0.087562
0.074588
0.0631366
0.0528338
0.0432178
0.0338812
0.0245928
0.0156452
0.00819588
0.00345022
0.00120716
0.000372345
0.000106696
2.93301e-05
7.87911e-06
2.09766e-06
5.61649e-07
1.53984e-07
4.41799e-08
1.3541e-08
4.43673e-09
1.45671e-09
3.62327e-10
6.72562e-11
9.53142e-12
1.0462e-12
8.88538e-14
5.83595e-15
2.76239e-16
0
0
0.176726
0.169035
0.159693
0.149208
0.137959
0.126187
0.113981
0.101241
0.087562
0.0719453
0.0531986
0.0399573
0.0288603
0.0193127
0.0115137
0.00594987
0.00265605
0.00103332
0.000357118
0.000113056
3.36624e-05
9.59323e-06
2.64986e-06
7.17508e-07
1.92903e-07
5.23966e-08
1.47628e-08
4.50104e-09
1.58523e-09
6.95755e-10
3.82605e-10
1.14157e-10
2.21966e-11
3.15335e-12
3.42118e-13
2.86876e-14
1.90192e-15
8.89046e-17
0
0
0.158929
0.152195
0.143998
0.134703
0.124567
0.113723
0.102131
0.0894518
0.074588
0.0531986
0.000899967
0.000434132
0.000308675
0.000187449
9.76793e-05
4.39018e-05
1.72779e-05
6.06975e-06
1.94832e-06
5.85517e-07
1.67817e-07
4.64875e-08
1.2588e-08
3.37144e-09
9.06382e-10
2.49801e-10
7.29863e-11
2.39564e-11
9.79729e-12
5.90246e-12
1.12862e-10
3.10309e-11
5.96925e-12
8.50607e-13
9.24385e-14
7.82995e-15
5.39778e-16
0
0
0
0.143518
0.137515
0.130204
0.12184
0.112585
0.102477
0.0913672
0.078736
0.0631366
0.0399573
0.000434132
6.74935e-06
2.36136e-06
1.30642e-06
6.17637e-07
2.5395e-07
9.27412e-08
3.07067e-08
9.42489e-09
2.73613e-09
7.62823e-10
2.06711e-10
5.50617e-11
1.45992e-11
3.91538e-12
1.0869e-12
3.23676e-13
1.09711e-13
4.64241e-14
2.6919e-14
2.75865e-11
7.3223e-12
1.38541e-12
1.96609e-13
2.14514e-14
1.86382e-15
1.20656e-16
0
0
0
0.130012
0.124576
0.117962
0.110337
0.101786
0.0922676
0.0815378
0.0689386
0.0528338
0.0288603
0.000308675
2.36136e-06
2.72671e-08
7.30459e-09
3.22768e-09
1.25418e-09
4.35986e-10
1.387e-10
4.12418e-11
1.16628e-11
3.17942e-12
8.45356e-13
2.2168e-13
5.82547e-14
1.55456e-14
4.38173e-15
1.31452e-15
4.19122e-16
1.36532e-16
6.98536e-17
5.94132e-12
1.54747e-12
2.88175e-13
4.06611e-14
4.54048e-15
4.09596e-16
0
0
0
0
0.11802
0.113028
0.106965
0.0999295
0.0919371
0.0828772
0.0724179
0.0597864
0.0432178
0.0193127
0.000187449
1.30642e-06
7.30459e-09
6.85264e-11
1.48128e-11
5.48289e-12
1.84165e-12
5.69427e-13
1.65388e-13
4.58684e-14
1.23704e-14
3.25137e-15
8.35068e-16
1.55583e-16
0
0
0
0
0
0
1.16954e-12
3.00494e-13
5.51875e-14
7.80773e-15
9.11272e-16
7.62039e-17
0
0
0
0
0.107216
0.102572
0.0969449
0.0903722
0.0828085
0.0740779
0.063762
0.0509866
0.0338812
0.0115137
9.76793e-05
6.17637e-07
3.22768e-09
1.48128e-11
1.20205e-13
2.21753e-14
7.21397e-15
2.17181e-15
5.74705e-16
1.20656e-16
0
0
0
0
0
0
0
0
0
0
2.15203e-13
5.47303e-14
1.00113e-14
1.45105e-15
1.55583e-16
0
0
0
0
0
0.0973255
0.0929491
0.0876586
0.0814358
0.074177
0.0656401
0.0553243
0.042214
0.0245928
0.00594987
4.39018e-05
2.5395e-07
1.25418e-09
5.48289e-12
2.21753e-14
1.20656e-16
0
0
0
0
0
0
0
0
0
0
0
0
0
0
3.76162e-14
9.54137e-15
1.78444e-15
2.57188e-16
0
0
0
0
0
0
0.0881053
0.0839257
0.0788807
0.0728994
0.0658209
0.0573339
0.0468265
0.0331488
0.0156452
0.00265605
1.72779e-05
9.27413e-08
4.35987e-10
1.8417e-12
7.21397e-15
0
0
0
0
0
0
0
0
0
0
0
0
0
0
0
6.3916e-15
1.67014e-15
3.11166e-16
9.52549e-18
0
0
0
0
0
0
0.0793289
0.0752778
0.0703903
0.0645415
0.057513
0.0488985
0.0379462
0.0236435
0.00819588
0.00103332
6.06975e-06
3.07067e-08
1.387e-10
5.69427e-13
2.17181e-15
0
0
0
0
0
0
0
0
0
0
0
0
0
0
0
1.08591e-15
2.76239e-16
2.54013e-17
0
0
0
0
0
0
0
0.0707682
0.0667776
0.0619584
0.0561284
0.0489879
0.0400109
0.0284015
0.0142495
0.00345022
0.000357118
1.94832e-06
9.42489e-09
4.12419e-11
1.65388e-13
5.74705e-16
0
0
0
0
0
0
0
0
0
0
0
0
0
0
0
1.65109e-16
9.52549e-18
0
0
0
0
0
0
0
0
0.0621783
0.0581803
0.0533307
0.0473716
0.0399072
0.030345
0.0183527
0.00671239
0.00120716
0.000113056
5.85517e-07
2.73614e-09
1.16628e-11
4.58684e-14
1.20656e-16
0
0
0
0
0
0
0
0
0
0
0
0
0
0
0
0
0
0
0
0
0
0
0
0
0
0.0532781
0.0491877
0.044175
0.0379041
0.0299293
0.0199363
0.00929014
0.00245218
0.000372346
3.36625e-05
1.67817e-07
7.62823e-10
3.17942e-12
1.23704e-14
0
0
0
0
0
0
0
0
0
0
0
0
0
0
0
0
0
0
0
0
0
0
0
0
0
0
0.0436957
0.03941
0.0340975
0.0274093
0.0191543
0.0102013
0.00350736
0.000749248
0.000106696
9.59323e-06
4.64876e-08
2.06711e-10
8.45356e-13
3.25137e-15
0
0
0
0
0
0
0
0
0
0
0
0
0
0
0
0
0
0
0
0
0
0
0
0
0
0
0.033007
0.0284939
0.0229449
0.0163132
0.009314
0.00380795
0.00106078
0.000208403
2.93301e-05
2.64986e-06
1.2588e-08
5.50617e-11
2.2168e-13
8.35068e-16
0
0
0
0
0
0
0
0
0
0
0
0
0
0
0
0
0
0
0
0
0
0
0
0
0
0
0.0211966
0.0168607
0.0119605
0.0070812
0.003257
0.00111701
0.000286527
5.55154e-05
7.87911e-06
7.17508e-07
3.37144e-09
1.45992e-11
5.82547e-14
1.55583e-16
0
0
0
0
0
0
0
0
0
0
0
0
0
0
0
0
0
0
0
0
0
0
0
0
0
0
0.0101364
0.0071718
0.0043835
0.00221838
0.00090153
0.00029044
7.37696e-05
1.45107e-05
2.09766e-06
1.92904e-07
9.06382e-10
3.91538e-12
1.55456e-14
0
0
0
0
0
0
0
0
0
0
0
0
0
0
0
0
0
0
0
0
0
0
0
0
0
0
0
0.00334554
0.00215987
0.00120413
0.000567663
0.000222586
7.16182e-05
1.85909e-05
3.77387e-06
5.6165e-07
5.23966e-08
2.49802e-10
1.0869e-12
4.38173e-15
0
0
0
0
0
0
0
0
0
0
0
0
0
0
0
0
0
0
0
0
0
0
0
0
0
0
0
0.000839743
0.000522182
0.000282475
0.0001314
5.18869e-05
1.71351e-05
4.63219e-06
9.8723e-07
1.53985e-07
1.47628e-08
7.29864e-11
3.23676e-13
1.31452e-15
0
0
0
0
0
0
0
0
0
0
0
0
0
0
0
0
0
0
0
0
0
0
0
0
0
0
0
0.000182001
0.000112332
6.07392e-05
2.85769e-05
1.15838e-05
3.99098e-06
1.14371e-06
2.61952e-07
4.41799e-08
4.50104e-09
2.39564e-11
1.09711e-13
4.19122e-16
0
0
0
0
0
0
0
0
0
0
0
0
0
0
0
0
0
0
0
0
0
0
0
0
0
0
0
3.60357e-05
2.23049e-05
1.21917e-05
5.86523e-06
2.46764e-06
8.98688e-07
2.78209e-07
7.05896e-08
1.3541e-08
1.58523e-09
9.79729e-12
4.64241e-14
1.36532e-16
0
0
0
0
0
0
0
0
0
0
0
0
0
0
0
0
0
0
0
0
0
0
0
0
0
0
0
6.58296e-06
4.10053e-06
2.2765e-06
1.12619e-06
4.95152e-07
1.92467e-07
6.54317e-08
1.89935e-08
4.43673e-09
6.95755e-10
5.9025e-12
2.6919e-14
6.98536e-17
0
0
0
0
0
0
0
0
0
0
0
0
0
0
0
0
0
0
0
0
0
0
0
0
0
0
0
1.10211e-06
6.91773e-07
3.90822e-07
1.99232e-07
9.17383e-08
3.81597e-08
1.43226e-08
4.83438e-09
1.45671e-09
3.82605e-10
1.12862e-10
2.75865e-11
5.94132e-12
1.16954e-12
2.15203e-13
3.76162e-14
6.3916e-15
1.08591e-15
1.65109e-16
0
0
0
0
0
0
0
0
0
0
0
0
0
0
0
0
0
0
0
0
0
1.66952e-07
1.05616e-07
6.07103e-08
3.1854e-08
1.531e-08
6.76374e-09
2.75622e-09
1.03919e-09
3.62327e-10
1.14158e-10
3.10309e-11
7.3223e-12
1.54747e-12
3.00494e-13
5.47303e-14
9.54137e-15
1.67014e-15
2.76239e-16
9.52549e-18
0
0
0
0
0
0
0
0
0
0
0
0
0
0
0
0
0
0
0
0
0
2.25114e-08
1.43435e-08
8.37422e-09
4.50548e-09
2.24409e-09
1.03903e-09
4.48639e-10
1.80706e-10
6.72563e-11
2.21967e-11
5.96925e-12
1.38541e-12
2.88175e-13
5.51875e-14
1.00113e-14
1.78444e-15
3.11166e-16
2.54013e-17
0
0
0
0
0
0
0
0
0
0
0
0
0
0
0
0
0
0
0
0
0
0
2.64865e-09
1.6977e-09
1.00389e-09
5.50965e-10
2.81881e-10
1.34823e-10
6.03059e-11
2.50908e-11
9.53145e-12
3.15335e-12
8.50607e-13
1.96609e-13
4.06611e-14
7.80773e-15
1.45105e-15
2.57188e-16
9.52549e-18
0
0
0
0
0
0
0
0
0
0
0
0
0
0
0
0
0
0
0
0
0
0
0
2.65368e-10
1.70842e-10
1.01985e-10
5.67785e-11
2.95773e-11
1.44267e-11
6.56702e-12
2.76028e-12
1.0462e-12
3.42118e-13
9.24385e-14
2.14514e-14
4.54048e-15
9.11272e-16
1.55583e-16
0
0
0
0
0
0
0
0
0
0
0
0
0
0
0
0
0
0
0
0
0
0
0
0
0
2.19402e-11
1.4164e-11
8.50812e-12
4.77973e-12
2.51583e-12
1.23856e-12
5.66497e-13
2.37382e-13
8.88538e-14
2.86876e-14
7.82995e-15
1.86382e-15
4.09596e-16
7.62039e-17
0
0
0
0
0
0
0
0
0
0
0
0
0
0
0
0
0
0
0
0
0
0
0
0
0
0
1.43371e-12
9.26671e-13
5.58622e-13
3.15316e-13
1.66763e-13
8.23447e-14
3.75654e-14
1.56409e-14
5.83595e-15
1.90192e-15
5.39778e-16
1.20656e-16
0
0
0
0
0
0
0
0
0
0
0
0
0
0
0
0
0
0
0
0
0
0
0
0
0
0
0
0
6.94726e-14
4.4954e-14
2.71508e-14
1.54091e-14
8.2332e-15
4.10231e-15
1.86065e-15
7.84265e-16
2.76239e-16
8.89046e-17
0
0
0
0
0
0
0
0
0
0
0
0
0
0
0
0
0
0
0
0
0
0
0
0
0
0
0
0
0
0
2.26707e-15
1.49868e-15
9.04922e-16
5.08026e-16
2.57188e-16
1.20656e-16
4.44523e-17
0
0
0
0
0
0
0
0
0
0
0
0
0
0
0
0
0
0
0
0
0
0
0
0
0
0
0
0
0
0
0
0
0
0
0
0
0
0
0
0
0
0
0
0
0
0
0
0
0
0
0
0
0
0
0
0
0
0
0
0
0
0
0
0
0
0
0
0
0
0
0
0
0
0.562429
0.549802
0.494066
0.423331
0.361459
0.311514
0.271504
0.239041
0.212191
0.189622
0.17041
0.153857
0.139416
0.126649
0.115202
0.104778
0.0951225
0.0860032
0.0771966
0.068466
0.0595436
0.0501001
0.0396995
0.0279826
0.015672
0.00610176
0.00167607
0.000374694
7.49818e-05
1.37837e-05
2.32097e-06
3.53711e-07
4.8002e-08
5.68707e-09
5.74019e-10
4.78332e-11
3.15129e-12
1.53799e-13
4.99771e-15
6.66784e-17
0.549875
0.509678
0.448437
0.387763
0.335515
0.292301
0.256762
0.227258
0.202431
0.181319
0.163193
0.14747
0.133674
0.121418
0.110376
0.100273
0.0908634
0.0819238
0.0732309
0.0645458
0.0555966
0.0460296
0.0354109
0.0235724
0.0119517
0.00417212
0.00107917
0.000237211
4.74729e-05
8.77292e-06
1.48758e-06
2.28372e-07
3.12036e-08
3.71782e-09
3.76822e-10
3.14818e-11
2.07633e-12
1.01396e-13
3.30535e-15
9.52549e-18
0.494096
0.448439
0.397201
0.348868
0.306426
0.270183
0.239425
0.21319
0.190684
0.171278
0.154439
0.139709
0.126699
0.115069
0.104528
0.0948219
0.0857196
0.0770017
0.0684428
0.0597992
0.0507808
0.0409998
0.0300664
0.0182474
0.00802113
0.00247288
0.000605595
0.000131877
2.6605e-05
4.98751e-06
8.599e-07
1.3423e-07
1.86184e-08
2.24586e-09
2.29723e-10
1.9307e-11
1.27734e-12
6.24745e-14
2.07656e-15
0
0.423342
0.387765
0.348868
0.311436
0.27745
0.247387
0.22101
0.197917
0.177723
0.160053
0.144545
0.130859
0.11868
0.10772
0.097717
0.0884348
0.0796503
0.0711439
0.0626855
0.0540193
0.0448111
0.0346559
0.0233799
0.0122177
0.00448195
0.00123327
0.000291733
6.38166e-05
1.31333e-05
2.52856e-06
4.48836e-07
7.20622e-08
1.02435e-08
1.25989e-09
1.30678e-10
1.1079e-11
7.362e-13
3.61397e-14
1.18751e-15
0
0.361464
0.335515
0.306426
0.27745
0.250162
0.225137
0.202495
0.1822
0.164117
0.148055
0.133795
0.121101
0.109724
0.0994122
0.0899272
0.0810403
0.0725288
0.064167
0.0557146
0.0468713
0.0372587
0.0265815
0.0154214
0.00647252
0.0019823
0.000505924
0.000118821
2.65669e-05
5.66501e-06
1.13863e-06
2.11504e-07
3.54226e-08
5.21536e-09
6.58607e-10
6.95311e-11
5.95439e-12
3.97337e-13
1.95654e-14
6.44558e-16
0
0.311516
0.292302
0.270183
0.247387
0.225137
0.204064
0.184491
0.16655
0.150254
0.13555
0.122344
0.110498
0.0998142
0.0900648
0.0810143
0.0724309
0.0640829
0.0557312
0.0470869
0.0377933
0.0275489
0.0167289
0.00755718
0.00249375
0.000676028
0.0001682
4.02636e-05
9.37269e-06
2.11069e-06
4.52493e-07
8.98957e-08
1.59827e-08
2.46524e-09
3.215e-10
3.46045e-11
2.99016e-12
1.99864e-13
9.85571e-15
3.27042e-16
0
0.271505
0.256763
0.239425
0.22101
0.202495
0.184491
0.167356
0.151281
0.136361
0.122647
0.110173
0.0989249
0.0887401
0.0793858
0.0706103
0.0621619
0.0537858
0.0451819
0.0360058
0.0260148
0.0156851
0.00713605
0.00242213
0.000682217
0.000177183
4.46424e-05
1.11071e-05
2.73996e-06
6.66461e-07
1.56871e-07
3.43977e-08
6.63799e-09
1.0847e-09
1.4652e-10
1.60473e-11
1.39304e-12
9.28227e-14
4.58176e-15
1.27007e-16
0
0.239042
0.227259
0.213191
0.197917
0.1822
0.16655
0.151281
0.136574
0.122534
0.109269
0.096976
0.085907
0.0758969
0.0666588
0.0578978
0.0493102
0.0405592
0.0313271
0.0215611
0.0121661
0.00523591
0.00175576
0.000504832
0.000135405
3.53819e-05
9.19097e-06
2.40283e-06
6.37602e-07
1.71915e-07
4.63035e-08
1.18051e-08
2.5446e-09
4.44222e-10
6.19864e-11
6.85877e-12
5.93302e-13
3.91879e-14
1.93367e-15
5.39778e-17
0
0.212191
0.202431
0.190684
0.177723
0.164117
0.150254
0.136361
0.122534
0.108767
0.0950449
0.0817074
0.0700629
0.0596965
0.0501586
0.0410281
0.0319352
0.022727
0.0139031
0.00686401
0.0026982
0.000884865
0.000259368
7.17367e-05
1.9298e-05
5.14196e-06
1.3786e-06
3.78676e-07
1.08873e-07
3.34315e-08
1.09699e-08
3.60708e-09
8.99747e-10
1.67713e-10
2.38924e-11
2.63797e-12
2.25202e-13
1.46883e-14
7.23937e-16
0
0
0.189622
0.181319
0.171278
0.160053
0.148055
0.13555
0.122647
0.109269
0.0950449
0.0790373
0.0600591
0.0466911
0.0354492
0.0255486
0.0168967
0.00987929
0.00497817
0.00214879
0.000800166
0.000264054
8.02112e-05
2.30892e-05
6.41803e-06
1.74709e-06
4.72233e-07
1.28993e-07
3.65521e-08
1.12029e-08
3.96104e-09
1.74166e-09
9.57908e-10
2.86697e-10
5.60099e-11
8.00263e-12
8.73383e-13
7.34066e-14
4.76592e-15
2.09561e-16
0
0
0.170411
0.163193
0.154439
0.144545
0.133795
0.122344
0.110173
0.096976
0.0817074
0.0600591
0.00109171
0.000560664
0.000428041
0.000284299
0.000164546
8.22662e-05
3.55231e-05
1.34012e-05
4.5042e-06
1.38762e-06
4.02933e-07
1.1252e-07
3.06639e-08
8.26337e-09
2.23566e-09
6.2019e-10
1.82372e-10
6.02053e-11
2.47259e-11
1.49261e-11
2.84618e-10
7.86189e-11
1.5211e-11
2.1813e-12
2.3829e-13
2.00321e-14
1.33039e-15
5.39778e-17
0
0
0.153858
0.14747
0.13971
0.130859
0.121101
0.110498
0.0989249
0.085907
0.0700629
0.0466911
0.000560664
9.76458e-06
3.69074e-06
2.22408e-06
1.14953e-06
5.13541e-07
2.00936e-07
6.99768e-08
2.21611e-08
6.54715e-09
1.84462e-09
5.03751e-10
1.35124e-10
3.60766e-11
9.74432e-12
2.72415e-12
8.1675e-13
2.78348e-13
1.18221e-13
6.87137e-14
7.01351e-11
1.87166e-11
3.56356e-12
5.08893e-13
5.56289e-14
4.77227e-15
3.27042e-16
0
0
0
0.139416
0.133674
0.126699
0.11868
0.109724
0.0998142
0.0887401
0.0758969
0.0596965
0.0354492
0.000428041
3.69074e-06
4.65453e-08
1.34841e-08
6.42806e-09
2.66977e-09
9.78357e-10
3.22912e-10
9.82141e-11
2.81574e-11
7.74908e-12
2.07635e-12
5.48602e-13
1.4494e-13
3.89434e-14
1.08781e-14
3.33392e-15
1.12718e-15
4.60399e-16
1.87335e-16
1.5237e-11
3.99154e-12
7.48034e-13
1.05981e-13
1.16497e-14
1.03193e-15
6.66784e-17
0
0
0
0.126649
0.121418
0.115069
0.10772
0.0994122
0.0900648
0.0793858
0.0666588
0.0501586
0.0255485
0.000284299
2.22408e-06
1.34841e-08
1.34516e-10
3.10029e-11
1.21131e-11
4.23827e-12
1.34707e-12
3.97953e-13
1.11636e-13
3.02403e-14
8.06492e-15
2.12418e-15
5.20727e-16
1.20656e-16
0
0
0
0
0
3.02652e-12
7.82084e-13
1.44425e-13
2.03052e-14
2.29564e-15
1.87335e-16
0
0
0
0
0.115202
0.110376
0.104528
0.0977171
0.0899272
0.0810143
0.0706103
0.0578978
0.0410281
0.0168967
0.000164546
1.14953e-06
6.42806e-09
3.10029e-11
2.61214e-13
5.01485e-14
1.6895e-14
5.21044e-15
1.5082e-15
3.68319e-16
8.57294e-17
0
0
0
0
0
0
0
0
0
5.61817e-13
1.43495e-13
2.61983e-14
3.72764e-15
4.41348e-16
0
0
0
0
0
0.104778
0.100273
0.0948219
0.0884348
0.0810403
0.0724309
0.0621619
0.0493102
0.0319352
0.00987929
8.22662e-05
5.13541e-07
2.66977e-09
1.21131e-11
5.01485e-14
2.69889e-16
0
0
0
0
0
0
0
0
0
0
0
0
0
0
9.89254e-14
2.50711e-14
4.61669e-15
6.8901e-16
6.98536e-17
0
0
0
0
0
0.0951225
0.0908634
0.0857196
0.0796504
0.0725288
0.0640829
0.0537859
0.0405592
0.022727
0.00497817
3.55231e-05
2.00936e-07
9.78358e-10
4.23827e-12
1.6895e-14
0
0
0
0
0
0
0
0
0
0
0
0
0
0
0
1.67934e-14
4.26424e-15
8.22367e-16
1.17481e-16
0
0
0
0
0
0
0.0860032
0.0819238
0.0770017
0.0711439
0.064167
0.0557312
0.0451819
0.0313271
0.0139031
0.00214879
1.34012e-05
6.99768e-08
3.22912e-10
1.34707e-12
5.21044e-15
0
0
0
0
0
0
0
0
0
0
0
0
0
0
0
2.82907e-15
7.23937e-16
1.20656e-16
0
0
0
0
0
0
0
0.0771966
0.0732309
0.0684428
0.0626855
0.0557146
0.0470869
0.0360058
0.0215611
0.00686401
0.000800166
4.5042e-06
2.21611e-08
9.82141e-11
3.97953e-13
1.5082e-15
0
0
0
0
0
0
0
0
0
0
0
0
0
0
0
4.7945e-16
1.20656e-16
0
0
0
0
0
0
0
0
0.068466
0.0645458
0.0597992
0.0540194
0.0468714
0.0377933
0.0260148
0.0121661
0.0026982
0.000264054
1.38763e-06
6.54716e-09
2.81574e-11
1.11636e-13
3.68319e-16
0
0
0
0
0
0
0
0
0
0
0
0
0
0
0
6.98536e-17
0
0
0
0
0
0
0
0
0
0.0595436
0.0555966
0.0507808
0.0448111
0.0372588
0.0275489
0.0156851
0.00523591
0.000884865
8.02112e-05
4.02933e-07
1.84462e-09
7.74909e-12
3.02403e-14
8.57294e-17
0
0
0
0
0
0
0
0
0
0
0
0
0
0
0
0
0
0
0
0
0
0
0
0
0
0.0501001
0.0460296
0.0409998
0.0346559
0.0265815
0.0167289
0.00713606
0.00175576
0.000259368
2.30892e-05
1.1252e-07
5.03752e-10
2.07635e-12
8.06492e-15
0
0
0
0
0
0
0
0
0
0
0
0
0
0
0
0
0
0
0
0
0
0
0
0
0
0
0.0396995
0.0354109
0.0300664
0.0233799
0.0154214
0.00755718
0.00242213
0.000504833
7.17367e-05
6.41803e-06
3.06639e-08
1.35124e-10
5.48602e-13
2.12418e-15
0
0
0
0
0
0
0
0
0
0
0
0
0
0
0
0
0
0
0
0
0
0
0
0
0
0
0.0279826
0.0235724
0.0182474
0.0122177
0.00647252
0.00249375
0.000682217
0.000135405
1.9298e-05
1.74709e-06
8.26338e-09
3.60766e-11
1.4494e-13
5.20727e-16
0
0
0
0
0
0
0
0
0
0
0
0
0
0
0
0
0
0
0
0
0
0
0
0
0
0
0.015672
0.0119517
0.00802114
0.00448196
0.0019823
0.000676029
0.000177184
3.53819e-05
5.14197e-06
4.72234e-07
2.23566e-09
9.74432e-12
3.89434e-14
1.20656e-16
0
0
0
0
0
0
0
0
0
0
0
0
0
0
0
0
0
0
0
0
0
0
0
0
0
0
0.00610177
0.00417213
0.00247288
0.00123328
0.000505924
0.0001682
4.46425e-05
9.19098e-06
1.3786e-06
1.28994e-07
6.2019e-10
2.72415e-12
1.08781e-14
0
0
0
0
0
0
0
0
0
0
0
0
0
0
0
0
0
0
0
0
0
0
0
0
0
0
0
0.00167607
0.00107917
0.000605596
0.000291734
0.000118821
4.02637e-05
1.11071e-05
2.40284e-06
3.78676e-07
3.65521e-08
1.82373e-10
8.1675e-13
3.33392e-15
0
0
0
0
0
0
0
0
0
0
0
0
0
0
0
0
0
0
0
0
0
0
0
0
0
0
0
0.000374695
0.000237211
0.000131877
6.38167e-05
2.65669e-05
9.3727e-06
2.73997e-06
6.37603e-07
1.08873e-07
1.12029e-08
6.02053e-11
2.78348e-13
1.12718e-15
0
0
0
0
0
0
0
0
0
0
0
0
0
0
0
0
0
0
0
0
0
0
0
0
0
0
0
7.49819e-05
4.74729e-05
2.66051e-05
1.31333e-05
5.66502e-06
2.11069e-06
6.66462e-07
1.71915e-07
3.34315e-08
3.96104e-09
2.47259e-11
1.18221e-13
4.60399e-16
0
0
0
0
0
0
0
0
0
0
0
0
0
0
0
0
0
0
0
0
0
0
0
0
0
0
0
1.37838e-05
8.77293e-06
4.98751e-06
2.52856e-06
1.13863e-06
4.52494e-07
1.56871e-07
4.63036e-08
1.09699e-08
1.74167e-09
1.49262e-11
6.87137e-14
1.87335e-16
0
0
0
0
0
0
0
0
0
0
0
0
0
0
0
0
0
0
0
0
0
0
0
0
0
0
0
2.32098e-06
1.48759e-06
8.59902e-07
4.48837e-07
2.11504e-07
8.98958e-08
3.43978e-08
1.18051e-08
3.60708e-09
9.57909e-10
2.84618e-10
7.01351e-11
1.5237e-11
3.02652e-12
5.61817e-13
9.89254e-14
1.67934e-14
2.82907e-15
4.7945e-16
6.98536e-17
0
0
0
0
0
0
0
0
0
0
0
0
0
0
0
0
0
0
0
0
3.53711e-07
2.28373e-07
1.3423e-07
7.20623e-08
3.54226e-08
1.59827e-08
6.638e-09
2.5446e-09
8.99748e-10
2.86697e-10
7.86191e-11
1.87167e-11
3.99156e-12
7.82084e-13
1.43495e-13
2.50711e-14
4.26424e-15
7.23937e-16
1.20656e-16
0
0
0
0
0
0
0
0
0
0
0
0
0
0
0
0
0
0
0
0
0
4.80021e-08
3.12037e-08
1.86184e-08
1.02435e-08
5.21537e-09
2.46525e-09
1.0847e-09
4.44222e-10
1.67713e-10
5.601e-11
1.5211e-11
3.56357e-12
7.48043e-13
1.44457e-13
2.61983e-14
4.61669e-15
8.22367e-16
1.20656e-16
0
0
0
0
0
0
0
0
0
0
0
0
0
0
0
0
0
0
0
0
0
0
5.68708e-09
3.71782e-09
2.24586e-09
1.25989e-09
6.58608e-10
3.215e-10
1.4652e-10
6.19865e-11
2.38925e-11
8.00265e-12
2.18131e-12
5.08893e-13
1.05981e-13
2.03052e-14
3.72764e-15
6.8901e-16
1.17481e-16
0
0
0
0
0
0
0
0
0
0
0
0
0
0
0
0
0
0
0
0
0
0
0
5.7402e-10
3.76822e-10
2.29724e-10
1.30678e-10
6.95312e-11
3.46046e-11
1.60473e-11
6.85877e-12
2.63797e-12
8.73383e-13
2.3829e-13
5.56289e-14
1.16497e-14
2.29564e-15
4.41348e-16
6.98536e-17
0
0
0
0
0
0
0
0
0
0
0
0
0
0
0
0
0
0
0
0
0
0
0
0
4.78332e-11
3.14818e-11
1.9307e-11
1.1079e-11
5.95439e-12
2.99017e-12
1.39304e-12
5.93302e-13
2.25202e-13
7.34066e-14
2.00321e-14
4.77227e-15
1.03193e-15
1.87335e-16
0
0
0
0
0
0
0
0
0
0
0
0
0
0
0
0
0
0
0
0
0
0
0
0
0
0
3.15129e-12
2.07633e-12
1.27734e-12
7.362e-13
3.97337e-13
1.99864e-13
9.28227e-14
3.91879e-14
1.46883e-14
4.76592e-15
1.33039e-15
3.27042e-16
6.66784e-17
0
0
0
0
0
0
0
0
0
0
0
0
0
0
0
0
0
0
0
0
0
0
0
0
0
0
0
1.53799e-13
1.01396e-13
6.24745e-14
3.61397e-14
1.95654e-14
9.85571e-15
4.58176e-15
1.93367e-15
7.23937e-16
2.09561e-16
5.39778e-17
0
0
0
0
0
0
0
0
0
0
0
0
0
0
0
0
0
0
0
0
0
0
0
0
0
0
0
0
0
4.99771e-15
3.30535e-15
2.07656e-15
1.18751e-15
6.44558e-16
3.27042e-16
1.27007e-16
5.39778e-17
0
0
0
0
0
0
0
0
0
0
0
0
0
0
0
0
0
0
0
0
0
0
0
0
0
0
0
0
0
0
0
0
6.66784e-17
9.52549e-18
0
0
0
0
0
0
0
0
0
0
0
0
0
0
0
0
0
0
0
0
0
0
0
0
0
0
0
0
0
0
0
0
0
0
0
0
0
0
)
;

boundaryField
{
    left
    {
        type            fixedValue;
        value           uniform 0;
    }
    right
    {
        type            fixedValue;
        value           uniform 0;
    }
    up
    {
        type            fixedValue;
        value           uniform 0;
    }
    down
    {
        type            fixedValue;
        value           uniform 0;
    }
    front
    {
        type            fixedValue;
        value           uniform 0;
    }
    back
    {
        type            fixedValue;
        value           uniform 0;
    }
}


// ************************************************************************* //
