/*--------------------------------*- C++ -*----------------------------------*\
| =========                 |                                                 |
| \\      /  F ield         | OpenFOAM: The Open Source CFD Toolbox           |
|  \\    /   O peration     | Version:  2.1.0                                 |
|   \\  /    A nd           | Web:      www.OpenFOAM.org                      |
|    \\/     M anipulation  |                                                 |
\*---------------------------------------------------------------------------*/
FoamFile
{
    version     2.0;
    format      ascii;
    class       volScalarField;
    location    "8030";
    object      po;
}
// * * * * * * * * * * * * * * * * * * * * * * * * * * * * * * * * * * * * * //

dimensions      [1 -1 -2 0 0 0 0];

internalField   nonuniform List<scalar> 
8000
(
14667.5
14650.4
14621.2
14584.9
14544.8
14502.6
14459.2
14414.7
14369.2
14322.4
14273.9
14223.5
14170.8
14115.5
14057.3
13996.1
13931.5
13863.3
13791.2
13714.9
13634.4
13550.2
13463.3
13375.1
13286.9
13200.2
13115.8
13034.5
12957
12883.7
12815.5
12752.9
12696.4
12646.4
12603.3
12567.2
12538.3
12516.6
12502.1
12494.9
14650.4
14635
14608.1
14574.1
14535.9
14495.3
14453.2
14409.8
14365.1
14319
14271.2
14221.2
14168.8
14113.8
14055.8
13994.6
13929.9
13861.4
13788.9
13712.2
13631.4
13547.1
13460.2
13372
13283.8
13197
13112.3
13030.6
12952.5
12878.7
12809.9
12746.8
12689.8
12639.6
12596.2
12560.1
12531.1
12509.3
12494.9
12487.6
14621.2
14608.1
14584.7
14554.3
14519.3
14481.5
14441.7
14400.2
14357.2
14312.5
14265.8
14216.7
14165.1
14110.5
14052.7
13991.5
13926.6
13857.7
13784.6
13707.2
13625.9
13541.3
13454.4
13366.2
13278
13190.8
13105.5
13022.9
12943.6
12868.6
12798.6
12734.4
12676.6
12625.8
12582.1
12545.7
12516.6
12494.9
12480.4
12473.2
14584.9
14574.1
14554.3
14527.8
14496.6
14462.2
14425.4
14386.6
14345.9
14303.2
14258.1
14210.3
14159.6
14105.7
14048.2
13986.9
13921.7
13852.1
13778.3
13700.2
13618.5
13533.7
13446.6
13358.4
13269.9
13182.1
13095.8
13011.6
12930.5
12853.4
12781.5
12715.6
12656.5
12604.8
12560.6
12524
12494.8
12473.1
12458.7
12451.5
14544.8
14535.9
14519.3
14496.6
14469.3
14438.6
14405.3
14369.6
14331.7
14291.4
14248.4
14202.3
14152.8
14099.6
14042.4
13981
13915.2
13844.9
13770.3
13691.8
13609.7
13524.7
13437.6
13349.2
13260.3
13171.5
13083.5
12997.1
12913.3
12833.2
12758.2
12689.9
12629.1
12576.3
12531.6
12494.8
12465.6
12444
12429.7
12422.6
14502.6
14495.3
14481.5
14462.2
14438.6
14411.7
14381.9
14349.7
14315
14277.7
14237.2
14193.1
14144.9
14092.4
14035.4
13973.7
13907.3
13836.4
13761.4
13682.6
13600.4
13515.4
13428.3
13339.6
13249.9
13159.7
13069.5
12980
12892.2
12807.7
12728.4
12656.6
12593.7
12539.7
12494.6
12457.8
12429
12407.6
12393.6
12386.6
14459.2
14453.2
14441.7
14425.4
14405.3
14381.9
14355.9
14327.4
14296.4
14262.5
14225
14183.1
14136.4
14084.5
14027.5
13965.4
13898.7
13827.5
13752.4
13673.5
13591.4
13506.5
13419.3
13330.2
13239.5
13147.6
13054.7
12961.2
12868
12776.8
12691
12614.6
12549.2
12494.4
12449.3
12413
12384.8
12364
12350.3
12343.5
14414.7
14409.8
14400.2
14386.6
14369.6
14349.7
14327.4
14302.8
14276
14246.2
14212.4
14173
14127.6
14076.2
14019.2
13957.1
13890.4
13819.3
13744.3
13665.6
13583.6
13498.8
13411.5
13321.9
13230.1
13136.3
13040.3
12942
12841.6
12740.7
12644
12561.6
12494.1
12439.3
12395.2
12360.2
12333.1
12313.2
12300.2
12293.8
14369.2
14365.1
14357.2
14345.9
14331.7
14315
14296.4
14276
14253.8
14229.1
14200.2
14163.5
14119.3
14068.5
14012
13950.2
13883.7
13812.8
13737.9
13659.4
13577.6
13492.8
13405.4
13315.3
13222.7
13127.1
13028.1
12924.7
12815.7
12700.4
12582.8
12493.7
12426.2
12373.7
12332.1
12299.3
12274.1
12255.6
12243.5
12237.5
14322.4
14319
14312.5
14303.2
14291.4
14277.7
14262.5
14246.2
14229.1
14211.1
14190.5
14156.6
14113.7
14063.6
14007.5
13946
13879.6
13808.8
13734
13655.6
13573.9
13489.1
13401.5
13311.2
13217.9
13121.3
13020.3
12913.1
12796.2
12662.2
12493.2
12404.1
12343.4
12297
12260.2
12231
12208.3
12191.7
12180.7
12175.3
14273.9
14271.2
14265.8
14258.1
14248.4
14237.2
14225
14212.4
14200.2
14190.5
14168.1
14123.1
14073.1
14017.8
13957.5
13892.6
13823.4
13750.1
13673.1
13592.6
13508.9
13422
13332.1
13239
13142.3
13041
12933.2
12815.3
12677.7
12492.7
12323.9
12286
12246.2
12210.8
12180.7
12156.1
12136.5
12122
12112.4
12107.7
14223.5
14221.2
14216.7
14210.3
14202.3
14193.1
14183.1
14173
14163.5
14156.6
14123.1
14060.4
13996.9
13931
13862.2
13790.2
13715.1
13636.7
13555.2
13470.6
13382.9
13292
13197.8
13099.7
12997
12888.3
12771.1
12641.2
12490.7
12306.1
12189.1
12169.9
12144.7
12119.2
12095.9
12076
12059.8
12047.5
12039.3
12035.2
14170.8
14168.8
14165.1
14159.6
14152.8
14144.9
14136.4
14127.6
14119.3
14113.7
14073.1
13996.9
13921.8
13846.2
13769.3
13690.5
13609.5
13526.1
13440.1
13351.4
13259.9
13165.2
13067.1
12964.9
12857.6
12744
12621.7
12487.7
12337.5
12166.9
12071.1
12059.9
12043.4
12025.3
12007.8
11992.1
11979
11968.9
11962.1
11958.7
14115.5
14113.8
14110.5
14105.7
14099.6
14092.4
14084.5
14076.2
14068.5
14063.6
14017.8
13931
13846.2
13762.1
13677.7
13592.5
13506
13417.7
13327.4
13234.9
13139.8
13041.8
12940.4
12835
12724.7
12608.3
12484.1
12350.3
12204.9
12047
11962.3
11955
11943.9
11930.9
11917.8
11905.6
11895.2
11887.1
11881.5
11878.7
14057.3
14055.8
14052.7
14048.2
14042.4
14035.4
14027.5
14019.2
14012
14007.5
13957.5
13862.2
13769.3
13677.7
13586.8
13495.7
13404
13311.2
13216.9
13120.9
13022.6
12921.7
12817.7
12710
12597.9
12480.3
12356.2
12224.5
12084.6
11936.8
11859.2
11854.1
11846.2
11836.7
11826.8
11817.4
11809.2
11802.7
11798.2
11795.9
13996.1
13994.6
13991.5
13986.9
13981
13973.7
13965.4
13957.1
13950.2
13946
13892.6
13790.2
13690.5
13592.5
13495.7
13399.4
13303
13206.1
13108.2
13008.9
12907.9
12804.7
12698.7
12589.5
12476.4
12358.7
12235.8
12107
11972.3
11832.3
11759.8
11755.9
11750
11742.9
11735.3
11728
11721.5
11716.3
11712.6
11710.7
13931.5
13929.9
13926.6
13921.7
13915.2
13907.3
13898.7
13890.4
13883.7
13879.6
13823.4
13715.1
13609.5
13506
13404
13303
13202.4
13101.8
13000.7
12898.8
12795.5
12690.4
12583
12472.9
12359.6
12242.4
12121.1
11995.4
11865.4
11731.6
11662.7
11659.6
11655.1
11649.5
11643.6
11637.8
11632.5
11628.3
11625.3
11623.7
13863.3
13861.4
13857.7
13852.1
13844.9
13836.4
13827.5
13819.3
13812.8
13808.8
13750.1
13636.7
13526.1
13417.7
13311.2
13206.1
13101.8
12998
12894.2
12789.9
12684.8
12578.3
12470
12359.5
12246.4
12130.3
12010.9
11888.2
11762.2
11633.4
11567.5
11564.8
11561.1
11556.6
11551.8
11547
11542.6
11539
11536.5
11535.2
13791.2
13788.9
13784.6
13778.3
13770.3
13761.4
13752.4
13744.3
13737.9
13734
13673.1
13555.2
13440.1
13327.4
13216.9
13108.2
13000.7
12894.2
12788.1
12681.9
12575.4
12467.9
12359.2
12248.8
12136.3
12021.5
11904.1
11784.1
11661.7
11537.1
11473.5
11471.2
11467.9
11464.1
11459.9
11455.7
11451.9
11448.7
11446.5
11445.3
13714.9
13712.2
13707.2
13700.2
13691.8
13682.6
13673.5
13665.6
13659.4
13655.6
13592.6
13470.6
13351.4
13234.9
13120.9
13008.9
12898.8
12789.9
12681.9
12574.4
12466.9
12358.9
12250.1
12140.1
12028.6
11915.2
11799.9
11682.6
11563.3
11442.3
11380.6
11378.4
11375.4
11371.8
11367.9
11364
11360.5
11357.5
11355.4
11354.3
13634.4
13631.4
13625.9
13618.5
13609.7
13600.4
13591.4
13583.6
13577.6
13573.9
13508.9
13382.9
13259.9
13139.8
13022.6
12907.9
12795.5
12684.8
12575.4
12466.9
12358.8
12250.7
12142.2
12032.9
11922.6
11810.9
11697.8
11583
11466.5
11348.7
11288.6
11286.5
11283.5
11279.9
11276
11272.1
11268.5
11265.5
11263.3
11262.2
13550.2
13547.1
13541.3
13533.7
13524.7
13515.4
13506.5
13498.8
13492.8
13489.1
13422
13292
13165.2
13041.8
12921.7
12804.7
12690.4
12578.3
12467.9
12358.9
12250.7
12142.8
12035
11926.8
11818
11708.2
11597.2
11484.9
11371.3
11256.3
11197.6
11195.3
11192.2
11188.3
11184.1
11179.8
11175.8
11172.6
11170.2
11169
13463.3
13460.2
13454.4
13446.6
13437.6
13428.3
13419.3
13411.5
13405.4
13401.5
13332.1
13197.8
13067.1
12940.4
12817.7
12698.7
12583
12470
12359.2
12250.1
12142.2
12035
11928.2
11821.4
11714.3
11606.6
11498
11388.3
11277.4
11165
11107.6
11105.2
11101.6
11097.1
11092.2
11087.2
11082.6
11078.7
11076
11074.5
13375.1
13372
13366.2
13358.4
13349.2
13339.6
13330.2
13321.9
13315.3
13311.2
13239
13099.7
12964.9
12835
12710
12589.5
12472.9
12359.5
12248.8
12140.1
12032.9
11926.8
11821.4
11716.3
11611.2
11505.8
11399.8
11292.9
11184.8
11075.2
11019
11016.1
11011.8
11006.4
11000.3
10994.2
10988.5
10983.8
10980.4
10978.7
13286.9
13283.8
13278
13269.9
13260.3
13249.9
13239.5
13230.1
13222.7
13217.9
13142.3
12997
12857.6
12724.7
12597.9
12476.4
12359.6
12246.4
12136.3
12028.6
11922.6
11818
11714.3
11611.2
11508.5
11405.7
11302.6
11198.8
11093.8
10987.1
10932.1
10928.6
10923.2
10916.3
10908.6
10900.8
10893.6
10887.6
10883.3
10881.1
13200.2
13197
13190.8
13182.1
13171.5
13159.7
13147.6
13136.3
13127.1
13121.3
13041
12888.3
12744
12608.3
12480.3
12358.7
12242.4
12130.3
12021.5
11915.2
11810.9
11708.2
11606.6
11505.8
11405.7
11305.9
11206.1
11105.8
11004.4
10901.1
10847.5
10843.1
10836
10827
10816.9
10806.7
10797.4
10789.6
10784.1
10781.2
13115.8
13112.3
13105.5
13095.8
13083.5
13069.5
13054.7
13040.3
13028.1
13020.3
12933.2
12771.1
12621.7
12484.1
12356.2
12235.8
12121.1
12010.9
11904.1
11799.9
11697.8
11597.2
11498
11399.8
11302.6
11206.1
11110
11013.9
10917.1
10818.1
10766.2
10760.4
10750.9
10738.7
10725.3
10711.9
10699.7
10689.5
10682.3
10678.6
13034.5
13030.6
13022.9
13011.6
12997.1
12980
12961.2
12942
12924.7
12913.1
12815.3
12641.2
12487.7
12350.3
12224.5
12107
11995.4
11888.2
11784.1
11682.6
11583
11484.9
11388.3
11292.9
11198.8
11105.8
11013.9
10922.9
10831.8
10739
10689.6
10681.6
10668.3
10651.8
10633.8
10616
10599.9
10586.6
10577.2
10572.3
12957
12952.5
12943.6
12930.5
12913.3
12892.2
12868
12841.6
12815.7
12796.2
12677.7
12490.7
12337.5
12204.9
12084.6
11972.3
11865.4
11762.2
11661.7
11563.3
11466.5
11371.3
11277.4
11184.8
11093.8
11004.4
10917.1
10831.8
10748.4
10664.9
10620.1
10608.1
10589.1
10566.3
10542.1
10518.6
10497.4
10480
10467.7
10461.3
12883.7
12878.7
12868.6
12853.4
12833.2
12807.7
12776.8
12740.7
12700.4
12662.2
12492.7
12306.1
12166.9
12047
11936.8
11832.3
11731.6
11633.4
11537.1
11442.3
11348.7
11256.3
11165
11075.2
10987.1
10901.1
10818.1
10739
10664.9
10596.3
10561.6
10541.7
10513.7
10482.3
10450
10419
10391.3
10368.7
10352.6
10344.2
12815.5
12809.9
12798.6
12781.5
12758.2
12728.4
12691
12644
12582.8
12493.2
12323.9
12189.1
12071.1
11962.3
11859.2
11759.8
11662.7
11567.5
11473.5
11380.6
11288.6
11197.6
11107.6
11019
10932.1
10847.5
10766.2
10689.6
10620.1
10561.6
10522.5
10483.4
10442
10399.3
10356.8
10316.5
10280.7
10251.3
10230.3
10219.5
12752.9
12746.8
12734.4
12715.6
12689.9
12656.6
12614.6
12561.6
12493.7
12404.1
12286
12169.9
12059.9
11955
11854.1
11755.9
11659.6
11564.8
11471.2
11378.4
11286.5
11195.3
11105.2
11016.1
10928.6
10843.1
10760.4
10681.6
10608.1
10541.7
10483.4
10427.6
10371.9
10316.3
10261.8
10210.3
10164.3
10126.4
10099.3
10085.1
12696.4
12689.8
12676.6
12656.5
12629.1
12593.7
12549.2
12494.1
12426.2
12343.4
12246.2
12144.7
12043.4
11943.9
11846.2
11750
11655.1
11561.1
11467.9
11375.4
11283.5
11192.2
11101.6
11011.8
10923.2
10836
10750.9
10668.3
10589.1
10513.7
10442
10371.9
10302.2
10232.7
10164.6
10099.8
10041.4
9992.75
9957.55
9939.01
12646.4
12639.6
12625.8
12604.8
12576.3
12539.7
12494.4
12439.4
12373.7
12297
12210.8
12119.2
12025.3
11930.9
11836.7
11742.9
11649.5
11556.6
11464.1
11371.8
11279.9
11188.3
11097.1
11006.4
10916.3
10827
10738.7
10651.8
10566.3
10482.3
10399.3
10316.3
10232.7
10148.6
10065.3
9985.06
9911.45
9849.16
9803.44
9779.1
12603.3
12596.2
12582.1
12560.6
12531.6
12494.6
12449.3
12395.2
12332.1
12260.2
12180.7
12095.9
12007.8
11917.8
11826.8
11735.3
11643.6
11551.8
11459.9
11367.9
11276
11184.1
11092.2
11000.3
10908.6
10816.9
10725.3
10633.8
10542.1
10450
10356.8
10261.8
10164.6
10065.3
9965.26
9867.06
9775.09
9695.56
9636.02
9603.86
12567.2
12560.1
12545.7
12524
12494.8
12457.8
12413
12360.2
12299.3
12231
12156.1
12076
11992.1
11905.6
11817.4
11728
11637.8
11547
11455.7
11364
11272.1
11179.8
11087.2
10994.2
10900.8
10806.7
10711.9
10616
10518.6
10419
10316.5
10210.3
10099.8
9985.06
9867.06
9748.6
9634.84
9533.82
9456.28
9413.57
12538.3
12531.1
12516.6
12494.8
12465.6
12429
12384.8
12333.1
12274.1
12208.3
12136.5
12059.8
11979
11895.2
11809.2
11721.5
11632.5
11542.6
11451.9
11360.5
11268.5
11175.8
11082.6
10988.5
10893.6
10797.4
10699.7
10599.9
10497.4
10391.3
10280.7
10164.3
10041.4
9911.45
9775.09
9634.84
9496.33
9369.53
9269.2
9212.56
12516.6
12509.3
12494.9
12473.1
12444
12407.6
12364
12313.2
12255.6
12191.7
12122
12047.5
11968.9
11887.1
11802.7
11716.3
11628.3
11539
11448.7
11357.5
11265.5
11172.6
11078.7
10983.8
10887.6
10789.6
10689.5
10586.6
10480
10368.7
10251.3
10126.4
9992.75
9849.16
9695.56
9533.82
9369.53
9214.2
9087.03
9013.06
12502.1
12494.9
12480.4
12458.7
12429.7
12393.6
12350.3
12300.2
12243.5
12180.7
12112.4
12039.3
11962.1
11881.5
11798.2
11712.6
11625.3
11536.5
11446.5
11355.4
11263.3
11170.2
11076
10980.4
10883.3
10784.1
10682.3
10577.2
10467.7
10352.6
10230.3
10099.3
9957.55
9803.44
9636.02
9456.28
9269.2
9087.03
8932.8
8840.09
12494.9
12487.6
12473.2
12451.5
12422.6
12386.6
12343.5
12293.8
12237.5
12175.3
12107.7
12035.2
11958.7
11878.7
11795.9
11710.7
11623.7
11535.2
11445.3
11354.3
11262.2
11169
11074.5
10978.7
10881.1
10781.2
10678.6
10572.3
10461.3
10344.2
10219.5
10085.1
9939.01
9779.1
9603.86
9413.57
9212.56
9013.06
8840.09
8733.32
14692.3
14669.5
14634.1
14593.1
14549.8
14505.6
14461
14415.8
14369.8
14322.7
14274
14223.4
14170.6
14115.3
14057.1
13996
13931.7
13864
13792.7
13717.8
13639
13556.1
13469
13378.9
13288.9
13201.1
13116.3
13034.7
12957.1
12883.8
12815.5
12752.9
12696.4
12646.4
12603.3
12567.2
12538.3
12516.6
12502.1
12494.9
14669.5
14650.3
14618.9
14581.1
14540.3
14498
14454.8
14410.8
14365.7
14319.3
14271.2
14221.1
14168.7
14113.6
14055.6
13994.6
13930.2
13862.4
13790.9
13715.6
13636.4
13552.9
13465.1
13375.1
13285.5
13197.8
13112.7
13030.8
12952.6
12878.7
12809.9
12746.8
12689.8
12639.6
12596.2
12560.1
12531.1
12509.3
12494.9
12487.6
14634.1
14618.9
14592.6
14559.6
14522.8
14483.7
14443
14401
14357.7
14312.7
14265.8
14216.6
14164.9
14110.3
14052.6
13991.7
13927.2
13859.2
13787.3
13711.4
13631.3
13546.7
13458.3
13368.5
13279.2
13191.5
13105.9
13023.1
12943.7
12868.6
12798.6
12734.4
12676.6
12625.8
12582.1
12545.7
12516.6
12494.9
12480.4
12473.2
14593.1
14581.1
14559.6
14531.6
14499.2
14463.9
14426.4
14387.2
14346.2
14303.2
14258
14210.2
14159.4
14105.5
14048.3
13987.4
13922.9
13854.4
13781.9
13705.1
13623.8
13538
13449.4
13360
13270.8
13182.6
13096
13011.7
12930.6
12853.5
12781.5
12715.6
12656.5
12604.8
12560.6
12524
12494.8
12473.1
12458.7
12451.5
14549.8
14540.3
14522.8
14499.2
14471.1
14439.8
14406
14370
14331.8
14291.4
14248.3
14202.1
14152.7
14099.6
14042.8
13982
13917.2
13848.2
13774.8
13696.8
13614.1
13527.8
13439.5
13350.3
13260.9
13171.9
13083.7
12997.2
12913.3
12833.2
12758.2
12689.9
12629.1
12576.3
12531.6
12494.8
12465.6
12444
12429.7
12422.6
14505.6
14498
14483.7
14463.9
14439.8
14412.4
14382.3
14349.9
14315
14277.6
14237.1
14193
14145
14092.9
14036.5
13975.7
13910.5
13840.7
13766.1
13686.7
13603.3
13517.3
13429.5
13340.3
13250.3
13159.9
13069.7
12980.1
12892.3
12807.7
12728.4
12656.6
12593.7
12539.8
12494.6
12457.8
12429
12407.6
12393.6
12386.6
14461
14454.8
14443
14426.4
14406
14382.3
14356.1
14327.4
14296.3
14262.4
14225
14183.3
14136.9
14085.7
14029.6
13968.6
13902.7
13831.8
13756
13676.1
13593.1
13507.7
13420.1
13330.7
13239.8
13147.8
13054.8
12961.2
12868
12776.8
12691
12614.6
12549.2
12494.4
12449.3
12413
12384.8
12364
12350.3
12343.5
14415.8
14410.8
14401
14387.2
14370
14349.9
14327.4
14302.8
14275.9
14246.2
14212.6
14173.7
14129
14078.5
14022.5
13960.9
13894
13822.2
13746.3
13667
13584.7
13499.5
13412
13322.2
13230.3
13136.4
13040.4
12942
12841.6
12740.7
12644
12561.6
12494.1
12439.4
12395.2
12360.2
12333.1
12313.2
12300.2
12293.8
14369.8
14365.7
14357.7
14346.2
14331.8
14315
14296.3
14275.9
14253.8
14229.5
14201.1
14165.3
14121.9
14071.8
14015.3
13953
13885.9
13814.5
13739.2
13660.4
13578.3
13493.4
13405.7
13315.6
13222.8
13127.2
13028.2
12924.8
12815.8
12700.4
12582.8
12493.7
12426.2
12373.7
12332.1
12299.3
12274.1
12255.6
12243.5
12237.5
14322.7
14319.3
14312.7
14303.2
14291.4
14277.6
14262.4
14246.2
14229.5
14212.1
14192.4
14159.3
14116.5
14066.1
14009.6
13947.7
13881.1
13810
13735
13656.4
13574.4
13489.5
13401.8
13311.4
13218
13121.3
13020.3
12913.1
12796.2
12662.2
12493.2
12404.1
12343.4
12297
12260.2
12231
12208.3
12191.7
12180.7
12175.3
14274
14271.2
14265.8
14258
14248.3
14237.1
14225
14212.6
14201.1
14192.4
14172
14126
14075.1
14019.2
13958.7
13893.6
13824.3
13750.9
13673.8
13593.2
13509.3
13422.3
13332.4
13239.2
13142.4
13041
12933.3
12815.3
12677.8
12492.7
12323.9
12286
12246.2
12210.8
12180.7
12156.1
12136.5
12122
12112.4
12107.7
14223.4
14221.1
14216.6
14210.2
14202.1
14193
14183.3
14173.7
14165.3
14159.3
14126
14062.2
13998.2
13932
13863
13790.9
13715.6
13637.2
13555.6
13470.9
13383.1
13292.2
13197.9
13099.8
12997
12888.3
12771.1
12641.2
12490.7
12306.1
12189.1
12169.9
12144.7
12119.2
12095.9
12076
12059.8
12047.5
12039.3
12035.2
14170.6
14168.7
14164.9
14159.4
14152.7
14145
14136.9
14129
14121.9
14116.5
14075.1
13998.2
13922.6
13846.8
13769.8
13690.9
13609.8
13526.3
13440.3
13351.6
13260
13165.3
13067.2
12964.9
12857.7
12744
12621.8
12487.7
12337.5
12166.9
12071.1
12059.9
12043.4
12025.3
12007.8
11992.1
11979
11968.9
11962.1
11958.7
14115.3
14113.6
14110.3
14105.5
14099.6
14092.9
14085.7
14078.5
14071.8
14066.1
14019.2
13932
13846.8
13762.5
13678.1
13592.8
13506.2
13417.9
13327.6
13235
13139.9
13041.9
12940.5
12835
12724.7
12608.3
12484.1
12350.3
12204.9
12047
11962.3
11955
11943.9
11930.9
11917.8
11905.6
11895.2
11887.1
11881.5
11878.7
14057.1
14055.6
14052.6
14048.3
14042.8
14036.5
14029.6
14022.5
14015.3
14009.6
13958.7
13863
13769.8
13678.1
13587
13495.9
13404.1
13311.3
13217
13120.9
13022.6
12921.7
12817.8
12710.1
12597.9
12480.3
12356.2
12224.5
12084.6
11936.8
11859.2
11854.1
11846.2
11836.7
11826.8
11817.4
11809.2
11802.7
11798.2
11795.9
13996
13994.6
13991.7
13987.4
13982
13975.7
13968.6
13960.9
13953
13947.7
13893.6
13790.9
13690.9
13592.8
13495.9
13399.5
13303
13206.1
13108.2
13009
12908
12804.7
12698.8
12589.5
12476.4
12358.7
12235.8
12107
11972.3
11832.3
11759.8
11755.9
11750
11742.9
11735.3
11728
11721.5
11716.3
11712.6
11710.7
13931.7
13930.2
13927.2
13922.9
13917.2
13910.5
13902.7
13894
13885.9
13881.1
13824.3
13715.6
13609.8
13506.2
13404.1
13303
13202.5
13101.8
13000.8
12898.8
12795.5
12690.4
12583
12472.9
12359.6
12242.4
12121.1
11995.4
11865.4
11731.6
11662.7
11659.6
11655.1
11649.5
11643.6
11637.8
11632.5
11628.3
11625.3
11623.7
13864
13862.4
13859.2
13854.4
13848.2
13840.7
13831.8
13822.2
13814.5
13810
13750.9
13637.2
13526.3
13417.9
13311.3
13206.1
13101.8
12998
12894.2
12789.9
12684.8
12578.3
12470
12359.5
12246.4
12130.3
12010.9
11888.2
11762.2
11633.4
11567.5
11564.8
11561.1
11556.6
11551.8
11546.9
11542.6
11539
11536.5
11535.2
13792.7
13790.9
13787.3
13781.9
13774.8
13766.1
13756
13746.3
13739.2
13735
13673.8
13555.6
13440.3
13327.6
13217
13108.2
13000.8
12894.2
12788.1
12682
12575.4
12467.9
12359.2
12248.8
12136.3
12021.5
11904.1
11784.1
11661.7
11537.1
11473.5
11471.2
11467.9
11464.1
11459.9
11455.7
11451.9
11448.7
11446.5
11445.3
13717.8
13715.6
13711.4
13705.1
13696.8
13686.7
13676.1
13667
13660.4
13656.4
13593.2
13470.9
13351.6
13235
13120.9
13009
12898.8
12789.9
12682
12574.4
12466.9
12358.9
12250.1
12140.1
12028.6
11915.2
11799.9
11682.6
11563.3
11442.3
11380.6
11378.4
11375.4
11371.8
11367.9
11364
11360.5
11357.5
11355.4
11354.3
13639
13636.4
13631.3
13623.8
13614.1
13603.3
13593.1
13584.7
13578.3
13574.4
13509.3
13383.1
13260
13139.9
13022.6
12908
12795.5
12684.8
12575.4
12466.9
12358.8
12250.7
12142.2
12032.9
11922.6
11810.9
11697.8
11583
11466.5
11348.7
11288.6
11286.5
11283.5
11279.9
11276
11272.1
11268.5
11265.5
11263.3
11262.2
13556.1
13552.9
13546.7
13538
13527.8
13517.3
13507.7
13499.5
13493.4
13489.5
13422.3
13292.2
13165.3
13041.9
12921.7
12804.7
12690.4
12578.3
12467.9
12358.9
12250.7
12142.9
12035
11926.8
11818
11708.2
11597.2
11484.9
11371.3
11256.3
11197.6
11195.3
11192.2
11188.3
11184.1
11179.8
11175.8
11172.6
11170.2
11169
13469
13465.1
13458.3
13449.4
13439.5
13429.5
13420.1
13412
13405.7
13401.8
13332.4
13197.9
13067.2
12940.5
12817.8
12698.8
12583
12470
12359.2
12250.1
12142.2
12035
11928.2
11821.4
11714.3
11606.6
11498
11388.3
11277.4
11165
11107.6
11105.2
11101.6
11097.1
11092.2
11087.2
11082.6
11078.7
11076
11074.5
13378.9
13375.1
13368.5
13360
13350.3
13340.3
13330.7
13322.2
13315.6
13311.4
13239.2
13099.8
12964.9
12835
12710.1
12589.5
12472.9
12359.5
12248.8
12140.1
12032.9
11926.8
11821.4
11716.3
11611.2
11505.8
11399.8
11292.9
11184.8
11075.2
11019
11016.1
11011.8
11006.4
11000.3
10994.2
10988.5
10983.8
10980.4
10978.7
13288.9
13285.5
13279.2
13270.8
13260.9
13250.3
13239.8
13230.4
13222.8
13218
13142.4
12997
12857.7
12724.7
12597.9
12476.4
12359.6
12246.4
12136.3
12028.6
11922.6
11818
11714.3
11611.2
11508.5
11405.7
11302.6
11198.8
11093.8
10987.1
10932.1
10928.6
10923.2
10916.3
10908.5
10900.7
10893.5
10887.5
10883.3
10881
13201.1
13197.8
13191.5
13182.6
13171.9
13159.9
13147.8
13136.4
13127.2
13121.3
13041
12888.3
12744
12608.3
12480.3
12358.7
12242.4
12130.3
12021.5
11915.2
11810.9
11708.2
11606.6
11505.8
11405.7
11305.9
11206.1
11105.8
11004.4
10901.1
10847.5
10843.1
10836
10827
10816.9
10806.7
10797.4
10789.6
10784.1
10781.2
13116.3
13112.7
13105.9
13096
13083.7
13069.7
13054.8
13040.4
13028.2
13020.3
12933.3
12771.1
12621.8
12484.1
12356.2
12235.8
12121.1
12010.9
11904.1
11799.9
11697.8
11597.2
11498
11399.8
11302.6
11206.1
11110
11013.9
10917.1
10818.1
10766.2
10760.4
10750.9
10738.7
10725.3
10711.9
10699.6
10689.5
10682.2
10678.5
13034.7
13030.8
13023.1
13011.7
12997.2
12980.1
12961.2
12942
12924.8
12913.1
12815.3
12641.2
12487.7
12350.3
12224.5
12107
11995.4
11888.2
11784.1
11682.6
11583
11484.9
11388.3
11292.9
11198.8
11105.8
11013.9
10922.9
10831.8
10739
10689.6
10681.6
10668.3
10651.7
10633.7
10615.9
10599.8
10586.5
10577
10572.1
12957.1
12952.6
12943.7
12930.6
12913.3
12892.3
12868
12841.6
12815.8
12796.2
12677.8
12490.7
12337.5
12204.9
12084.6
11972.3
11865.4
11762.2
11661.7
11563.3
11466.5
11371.3
11277.4
11184.8
11093.8
11004.4
10917.1
10831.8
10748.3
10664.9
10620
10608
10589
10566.2
10542
10518.4
10497.2
10479.7
10467.4
10460.9
12883.8
12878.7
12868.6
12853.5
12833.2
12807.7
12776.8
12740.7
12700.4
12662.2
12492.7
12306.1
12166.9
12047
11936.8
11832.3
11731.6
11633.4
11537.1
11442.3
11348.7
11256.3
11165
11075.2
10987.1
10901.1
10818.1
10739
10664.9
10596.2
10561.6
10541.6
10513.6
10482.1
10449.7
10418.7
10390.9
10368.1
10351.9
10343.5
12815.5
12809.9
12798.6
12781.5
12758.2
12728.4
12691
12644
12582.8
12493.2
12323.9
12189.1
12071.1
11962.3
11859.2
11759.8
11662.7
11567.5
11473.5
11380.6
11288.6
11197.6
11107.6
11019
10932.1
10847.5
10766.2
10689.6
10620
10561.6
10522.4
10483.3
10441.8
10398.9
10356.3
10315.9
10279.8
10250.2
10229.2
10218.2
12752.9
12746.8
12734.4
12715.6
12689.9
12656.6
12614.6
12561.6
12493.7
12404.1
12286
12169.9
12059.9
11955
11854.1
11755.9
11659.6
11564.8
11471.2
11378.4
11286.5
11195.3
11105.2
11016.1
10928.6
10843.1
10760.4
10681.6
10608
10541.6
10483.3
10427.4
10371.6
10315.7
10261
10209.2
10162.8
10124.5
10097
10082.6
12696.4
12689.8
12676.6
12656.5
12629.1
12593.7
12549.2
12494.1
12426.2
12343.4
12246.2
12144.7
12043.5
11943.9
11846.2
11750
11655.1
11561.1
11467.9
11375.4
11283.5
11192.2
11101.6
11011.8
10923.2
10836
10750.9
10668.3
10589
10513.6
10441.8
10371.6
10301.6
10231.8
10163.2
10097.9
10038.7
9989.19
9953.27
9934.29
12646.4
12639.6
12625.8
12604.8
12576.3
12539.8
12494.4
12439.4
12373.7
12297
12210.8
12119.2
12025.3
11930.9
11836.7
11742.9
11649.5
11556.6
11464.1
11371.8
11279.9
11188.3
11097.1
11006.4
10916.3
10827
10738.7
10651.7
10566.2
10482.1
10398.9
10315.7
10231.8
10147.2
10063
9981.63
9906.55
9842.61
9795.37
9770.08
12603.3
12596.2
12582.1
12560.6
12531.6
12494.6
12449.3
12395.2
12332.1
12260.2
12180.7
12095.9
12007.8
11917.8
11826.8
11735.3
11643.6
11551.8
11459.9
11367.9
11276
11184.1
11092.2
11000.3
10908.5
10816.9
10725.3
10633.7
10542
10449.7
10356.3
10261
10163.2
10063
9961.55
9861.28
9766.53
9683.7
9620.97
9586.75
12567.2
12560.1
12545.7
12524
12494.8
12457.8
12413
12360.2
12299.3
12231
12156.1
12076
11992.1
11905.6
11817.4
11728
11637.8
11546.9
11455.7
11364
11272.1
11179.8
11087.2
10994.2
10900.7
10806.7
10711.9
10615.9
10518.4
10418.7
10315.9
10209.2
10097.9
9981.63
9861.28
9739.23
9620.35
9512.9
9428.76
9381.59
12538.3
12531.1
12516.6
12494.8
12465.6
12429
12384.8
12333.1
12274.1
12208.3
12136.5
12059.8
11979
11895.2
11809.2
11721.5
11632.5
11542.6
11451.9
11360.5
11268.5
11175.8
11082.6
10988.5
10893.5
10797.4
10699.6
10599.8
10497.2
10390.9
10279.8
10162.8
10038.7
9906.55
9766.53
9620.35
9472.9
9334.1
9220.58
9154.43
12516.6
12509.3
12494.9
12473.1
12444
12407.6
12364
12313.2
12255.6
12191.7
12122
12047.5
11968.9
11887.1
11802.7
11716.3
11628.3
11539
11448.7
11357.5
11265.5
11172.6
11078.7
10983.8
10887.5
10789.6
10689.5
10586.5
10479.7
10368.1
10250.2
10124.5
9989.19
9842.61
9683.7
9512.9
9334.1
9157.88
9005.9
8912.54
12502.1
12494.9
12480.4
12458.7
12429.7
12393.6
12350.3
12300.2
12243.5
12180.7
12112.4
12039.3
11962.1
11881.5
11798.2
11712.6
11625.3
11536.5
11446.5
11355.4
11263.3
11170.2
11076
10980.4
10883.3
10784.1
10682.2
10577
10467.4
10351.9
10229.2
10097
9953.27
9795.37
9620.97
9428.76
9220.58
9005.9
8809.78
8681.18
12494.9
12487.6
12473.2
12451.5
12422.6
12386.6
12343.5
12293.8
12237.5
12175.3
12107.7
12035.2
11958.7
11878.7
11795.9
11710.7
11623.7
11535.2
11445.3
11354.3
11262.2
11169
11074.5
10978.7
10881
10781.2
10678.5
10572.1
10460.9
10343.5
10218.2
10082.6
9934.29
9770.08
9586.75
9381.59
9154.43
8912.54
8681.18
8519.78
14749.1
14709.2
14658.6
14607.6
14558.3
14510.6
14464
14417.6
14370.9
14323.3
14274.4
14223.6
14170.7
14115.3
14057.2
13996.2
13932.1
13864.7
13794
13719.9
13642.2
13560.8
13475.2
13385.5
13293.5
13203.2
13117.1
13035.1
12957.2
12883.9
12815.6
12752.9
12696.4
12646.4
12603.3
12567.2
12538.3
12516.6
12502.1
12494.9
14709.2
14680.1
14638.5
14593.3
14547.7
14502.4
14457.5
14412.4
14366.7
14319.9
14271.5
14221.3
14168.7
14113.6
14055.7
13994.8
13930.7
13863.3
13792.4
13718.1
13640
13558
13471.7
13381.3
13289.3
13199.5
13113.4
13031.1
12952.7
12878.8
12810
12746.8
12689.9
12639.6
12596.3
12560.1
12531.1
12509.3
12494.9
12487.6
14658.6
14638.5
14606.4
14568.7
14528.5
14487.3
14445.2
14402.4
14358.5
14313.2
14266
14216.7
14164.9
14110.3
14052.8
13992
13927.9
13860.3
13789.2
13714.3
13635.6
13552.5
13464.9
13373.7
13282
13192.7
13106.4
13023.3
12943.9
12868.7
12798.6
12734.4
12676.6
12625.8
12582.1
12545.7
12516.6
12494.9
12480.4
12473.2
14607.6
14593.3
14568.7
14537.9
14503.4
14466.6
14428.2
14388.3
14346.9
14303.6
14258.2
14210.3
14159.5
14105.7
14048.5
13988
13923.8
13856
13784.4
13708.8
13628.9
13544.3
13455.2
13363.7
13272.7
13183.5
13096.5
13012
12930.7
12853.5
12781.5
12715.6
12656.5
12604.8
12560.6
12524
12494.8
12473.1
12458.7
12451.5
14558.3
14547.7
14528.5
14503.4
14474
14441.7
14407.2
14370.8
14332.3
14291.6
14248.4
14202.2
14152.8
14099.9
14043.3
13982.9
13918.6
13850.4
13778.1
13701.4
13619.9
13533.6
13443.7
13352.7
13262.1
13172.5
13084
12997.4
12913.4
12833.2
12758.3
12689.9
12629.1
12576.3
12531.6
12494.8
12465.6
12444
12429.7
12422.6
14510.6
14502.4
14487.3
14466.6
14441.7
14413.7
14383.2
14350.4
14315.4
14277.8
14237.2
14193.1
14145.3
14093.4
14037.3
13977.1
13912.6
13843.7
13770.3
13692.1
13608.9
13521.5
13431.9
13341.7
13251.1
13160.4
13069.9
12980.2
12892.4
12807.7
12728.4
12656.6
12593.7
12539.8
12494.6
12457.8
12429
12407.6
12393.6
12386.6
14464
14457.5
14445.2
14428.2
14407.2
14383.2
14356.6
14327.8
14296.5
14262.5
14225.1
14183.6
14137.5
14086.6
14031
13970.7
13905.7
13835.8
13761
13681.1
13596.9
13510
13421.5
13331.5
13240.3
13148.1
13054.9
12961.3
12868.1
12776.9
12691
12614.6
12549.2
12494.4
12449.3
12413
12384.8
12364
12350.3
12343.5
14417.6
14412.4
14402.4
14388.3
14370.8
14350.4
14327.8
14303
14276
14246.4
14213
14174.4
14130.1
14080.1
14024.7
13964
13898
13826.8
13750.5
13670.1
13586.7
13500.9
13412.8
13322.7
13230.7
13136.6
13040.5
12942.1
12841.7
12740.7
12644
12561.6
12494.1
12439.4
12395.2
12360.2
12333.1
12313.2
12300.2
12293.8
14370.9
14366.7
14358.5
14346.9
14332.3
14315.4
14296.5
14276
14254
14229.8
14201.8
14166.4
14123.7
14074.3
14018.6
13956.9
13889.7
13817.6
13741.5
13662.1
13579.6
13494.2
13406.3
13315.9
13223.1
13127.4
13028.3
12924.8
12815.8
12700.4
12582.8
12493.7
12426.2
12373.7
12332.1
12299.3
12274.1
12255.6
12243.5
12237.5
14323.3
14319.9
14313.2
14303.6
14291.6
14277.8
14262.5
14246.4
14229.8
14212.8
14193.5
14161.2
14119.3
14069.6
14013
13950.7
13883.6
13812.1
13736.6
13657.6
13575.4
13490.2
13402.3
13311.7
13218.2
13121.5
13020.4
12913.2
12796.3
12662.2
12493.3
12404.1
12343.4
12297
12260.2
12231
12208.3
12191.7
12180.7
12175.3
14274.4
14271.5
14266
14258.2
14248.4
14237.2
14225.1
14213
14201.8
14193.5
14175.6
14129.9
14078.7
14022.1
13960.9
13895.4
13825.8
13752.2
13674.9
13594
13510
13422.8
13332.7
13239.4
13142.5
13041.1
12933.3
12815.4
12677.8
12492.7
12323.9
12286
12246.2
12210.8
12180.7
12156.1
12136.5
12122
12112.4
12107.7
14223.6
14221.3
14216.7
14210.3
14202.2
14193.1
14183.6
14174.4
14166.4
14161.2
14129.9
14064.9
14000.3
13933.6
13864.3
13791.9
13716.5
13637.9
13556.2
13471.4
13383.5
13292.5
13198.1
13099.9
12997.1
12888.4
12771.2
12641.2
12490.7
12306.2
12189.1
12169.9
12144.7
12119.2
12095.9
12076
12059.8
12047.5
12039.3
12035.2
14170.7
14168.7
14164.9
14159.5
14152.8
14145.3
14137.5
14130.1
14123.7
14119.3
14078.7
14000.3
13924.1
13847.9
13770.6
13691.5
13610.3
13526.7
13440.6
13351.9
13260.2
13165.5
13067.3
12965
12857.7
12744.1
12621.8
12487.7
12337.6
12166.9
12071.1
12059.9
12043.5
12025.3
12007.8
11992.1
11979
11968.9
11962.1
11958.7
14115.3
14113.6
14110.3
14105.7
14099.9
14093.4
14086.6
14080.1
14074.3
14069.6
14022.1
13933.6
13847.9
13763.2
13678.6
13593.2
13506.5
13418.1
13327.8
13235.2
13140
13042
12940.5
12835.1
12724.8
12608.3
12484.2
12350.3
12204.9
12047
11962.3
11955
11943.9
11930.9
11917.8
11905.6
11895.2
11887.1
11881.5
11878.7
14057.2
14055.7
14052.8
14048.5
14043.3
14037.3
14031
14024.7
14018.6
14013
13960.9
13864.3
13770.6
13678.6
13587.4
13496.1
13404.3
13311.4
13217.1
13121
13022.7
12921.8
12817.8
12710.1
12597.9
12480.3
12356.2
12224.5
12084.6
11936.8
11859.2
11854.1
11846.2
11836.7
11826.8
11817.4
11809.2
11802.7
11798.2
11795.9
13996.2
13994.8
13992
13988
13982.9
13977.1
13970.7
13964
13956.9
13950.7
13895.4
13791.9
13691.5
13593.2
13496.1
13399.6
13303.2
13206.2
13108.3
13009
12908
12804.7
12698.8
12589.6
12476.4
12358.7
12235.8
12107
11972.3
11832.3
11759.8
11755.9
11750
11742.9
11735.3
11728
11721.5
11716.3
11712.6
11710.7
13932.1
13930.7
13927.9
13923.8
13918.6
13912.6
13905.7
13898
13889.7
13883.6
13825.8
13716.5
13610.3
13506.5
13404.3
13303.2
13202.5
13101.9
13000.8
12898.8
12795.5
12690.4
12583
12472.9
12359.6
12242.4
12121.2
11995.4
11865.4
11731.6
11662.7
11659.6
11655.1
11649.5
11643.6
11637.8
11632.5
11628.3
11625.3
11623.7
13864.7
13863.3
13860.3
13856
13850.4
13843.7
13835.8
13826.8
13817.6
13812.1
13752.2
13637.9
13526.7
13418.1
13311.4
13206.2
13101.9
12998.1
12894.2
12789.9
12684.8
12578.3
12470
12359.5
12246.4
12130.3
12010.9
11888.2
11762.2
11633.4
11567.5
11564.8
11561.1
11556.6
11551.8
11546.9
11542.6
11539
11536.5
11535.2
13794
13792.4
13789.2
13784.4
13778.1
13770.3
13761
13750.5
13741.5
13736.6
13674.9
13556.2
13440.6
13327.8
13217.1
13108.3
13000.8
12894.2
12788.1
12682
12575.4
12467.9
12359.2
12248.8
12136.3
12021.5
11904.1
11784.1
11661.7
11537.1
11473.5
11471.2
11467.9
11464.1
11459.9
11455.7
11451.9
11448.7
11446.5
11445.3
13719.9
13718.1
13714.3
13708.8
13701.4
13692.1
13681.1
13670.1
13662.1
13657.6
13594
13471.4
13351.9
13235.2
13121
13009
12898.8
12790
12682
12574.4
12466.9
12358.9
12250.1
12140.1
12028.6
11915.2
11799.9
11682.6
11563.3
11442.3
11380.6
11378.4
11375.4
11371.8
11367.9
11364
11360.5
11357.5
11355.4
11354.3
13642.2
13640
13635.6
13628.9
13619.9
13608.9
13596.9
13586.7
13579.6
13575.4
13510
13383.5
13260.2
13140
13022.7
12908
12795.5
12684.8
12575.4
12466.9
12358.8
12250.7
12142.2
12032.9
11922.6
11810.9
11697.8
11583
11466.5
11348.7
11288.6
11286.5
11283.5
11279.9
11276
11272.1
11268.5
11265.5
11263.3
11262.2
13560.8
13558
13552.5
13544.3
13533.6
13521.5
13510
13500.9
13494.2
13490.2
13422.8
13292.5
13165.5
13042
12921.8
12804.7
12690.4
12578.3
12467.9
12358.9
12250.7
12142.9
12035
11926.8
11818
11708.2
11597.2
11484.9
11371.3
11256.3
11197.6
11195.3
11192.2
11188.3
11184.1
11179.8
11175.8
11172.6
11170.2
11169
13475.2
13471.7
13464.9
13455.2
13443.7
13431.9
13421.5
13412.8
13406.3
13402.3
13332.7
13198.1
13067.3
12940.5
12817.8
12698.8
12583
12470
12359.2
12250.1
12142.2
12035
11928.2
11821.4
11714.3
11606.6
11498
11388.3
11277.4
11165
11107.6
11105.2
11101.6
11097.1
11092.2
11087.2
11082.6
11078.7
11076
11074.5
13385.5
13381.3
13373.7
13363.7
13352.7
13341.7
13331.5
13322.7
13315.9
13311.7
13239.4
13099.9
12965
12835.1
12710.1
12589.6
12472.9
12359.5
12248.8
12140.1
12032.9
11926.8
11821.4
11716.3
11611.2
11505.8
11399.8
11292.9
11184.8
11075.2
11019
11016.1
11011.8
11006.4
11000.3
10994.2
10988.5
10983.8
10980.4
10978.6
13293.5
13289.3
13282
13272.7
13262.1
13251.1
13240.3
13230.7
13223.1
13218.2
13142.5
12997.1
12857.7
12724.8
12597.9
12476.4
12359.6
12246.4
12136.3
12028.6
11922.6
11818
11714.3
11611.2
11508.5
11405.7
11302.6
11198.8
11093.8
10987
10932
10928.6
10923.2
10916.2
10908.5
10900.7
10893.5
10887.5
10883.2
10881
13203.2
13199.5
13192.7
13183.5
13172.5
13160.4
13148.1
13136.6
13127.4
13121.5
13041.1
12888.4
12744.1
12608.3
12480.3
12358.7
12242.4
12130.3
12021.5
11915.2
11810.9
11708.2
11606.6
11505.8
11405.7
11305.9
11206.1
11105.8
11004.4
10901.1
10847.4
10843.1
10836
10826.9
10816.8
10806.6
10797.3
10789.5
10784
10781.1
13117.1
13113.4
13106.4
13096.5
13084
13069.9
13054.9
13040.5
13028.3
13020.4
12933.3
12771.2
12621.8
12484.2
12356.2
12235.8
12121.2
12010.9
11904.1
11799.9
11697.8
11597.2
11498
11399.8
11302.6
11206.1
11110
11013.9
10917.1
10818.1
10766.1
10760.4
10750.8
10738.6
10725.2
10711.8
10699.5
10689.3
10682.1
10678.3
13035.1
13031.1
13023.3
13012
12997.4
12980.2
12961.3
12942.1
12924.8
12913.2
12815.4
12641.2
12487.7
12350.3
12224.5
12107
11995.4
11888.2
11784.1
11682.6
11583
11484.9
11388.3
11292.9
11198.8
11105.8
11013.9
10922.9
10831.8
10738.9
10689.5
10681.5
10668.2
10651.6
10633.6
10615.7
10599.5
10586.2
10576.7
10571.8
12957.2
12952.7
12943.9
12930.7
12913.4
12892.4
12868.1
12841.7
12815.8
12796.3
12677.8
12490.7
12337.6
12204.9
12084.6
11972.3
11865.4
11762.2
11661.7
11563.3
11466.5
11371.3
11277.4
11184.8
11093.8
11004.4
10917.1
10831.8
10748.3
10664.8
10619.9
10607.9
10588.9
10566
10541.7
10518.1
10496.8
10479.3
10466.8
10460.4
12883.9
12878.8
12868.7
12853.5
12833.2
12807.7
12776.9
12740.7
12700.4
12662.2
12492.7
12306.2
12166.9
12047
11936.8
11832.3
11731.6
11633.4
11537.1
11442.3
11348.7
11256.3
11165
11075.2
10987
10901.1
10818.1
10738.9
10664.8
10596.1
10561.4
10541.5
10513.4
10481.8
10449.3
10418.1
10390.1
10367.2
10350.9
10342.5
12815.6
12810
12798.6
12781.5
12758.3
12728.4
12691
12644
12582.8
12493.3
12323.9
12189.1
12071.1
11962.3
11859.2
11759.8
11662.7
11567.5
11473.5
11380.6
11288.6
11197.6
11107.6
11019
10932
10847.4
10766.1
10689.5
10619.9
10561.4
10522.2
10483
10441.5
10398.4
10355.6
10314.9
10278.5
10248.6
10227.2
10216.1
12752.9
12746.8
12734.4
12715.6
12689.9
12656.6
12614.6
12561.6
12493.7
12404.1
12286
12169.9
12059.9
11955
11854.1
11755.9
11659.6
11564.8
11471.2
11378.4
11286.5
11195.3
11105.2
11016.1
10928.6
10843.1
10760.4
10681.5
10607.9
10541.5
10483
10427
10371
10314.9
10259.7
10207.4
10160.3
10121.4
10093.3
10078.6
12696.4
12689.9
12676.6
12656.5
12629.1
12593.7
12549.2
12494.1
12426.2
12343.4
12246.2
12144.7
12043.5
11943.9
11846.2
11750
11655.1
11561.1
11467.9
11375.4
11283.5
11192.2
11101.6
11011.8
10923.2
10836
10750.8
10668.2
10588.9
10513.4
10441.5
10371
10300.7
10230.3
10161
10094.6
10034.2
9983.31
9946.18
9926.47
12646.4
12639.6
12625.8
12604.8
12576.3
12539.8
12494.4
12439.4
12373.7
12297
12210.8
12119.2
12025.3
11930.9
11836.7
11742.9
11649.5
11556.6
11464.1
11371.8
11279.9
11188.3
11097.1
11006.4
10916.2
10826.9
10738.6
10651.6
10566
10481.8
10398.4
10314.9
10230.3
10144.8
10059.3
9975.98
9898.44
9831.69
9781.83
9754.9
12603.3
12596.3
12582.1
12560.6
12531.6
12494.6
12449.3
12395.2
12332.1
12260.2
12180.7
12095.9
12007.8
11917.8
11826.8
11735.3
11643.6
11551.8
11459.9
11367.9
11276
11184.1
11092.2
11000.3
10908.5
10816.8
10725.2
10633.6
10541.7
10449.3
10355.6
10259.7
10161
10059.3
9955.46
9851.7
9752.2
9663.63
9595.22
9557.25
12567.2
12560.1
12545.7
12524
12494.8
12457.8
12413
12360.2
12299.3
12231
12156.1
12076
11992.1
11905.6
11817.4
11728
11637.8
11546.9
11455.7
11364
11272.1
11179.8
11087.2
10994.2
10900.7
10806.6
10711.8
10615.7
10518.1
10418.1
10314.9
10207.4
10094.6
9975.98
9851.7
9723.5
9595.69
9476.69
9380.26
9324.44
12538.3
12531.1
12516.6
12494.8
12465.6
12429
12384.8
12333.1
12274.1
12208.3
12136.5
12059.8
11979
11895.2
11809.2
11721.5
11632.5
11542.6
11451.9
11360.5
11268.5
11175.8
11082.6
10988.5
10893.5
10797.3
10699.5
10599.5
10496.8
10390.1
10278.5
10160.3
10034.2
9898.44
9752.2
9595.69
9432.16
9270.81
9131.11
9044.86
12516.6
12509.3
12494.9
12473.1
12444
12407.6
12364
12313.2
12255.6
12191.7
12122
12047.5
11968.9
11887.1
11802.7
11716.3
11628.3
11539
11448.7
11357.5
11265.5
11172.6
11078.7
10983.8
10887.5
10789.5
10689.3
10586.2
10479.3
10367.2
10248.6
10121.4
9983.31
9831.69
9663.63
9476.69
9270.81
9053.07
8847.59
8708.15
12502.1
12494.9
12480.4
12458.7
12429.7
12393.6
12350.3
12300.2
12243.5
12180.7
12112.4
12039.3
11962.1
11881.5
11798.2
11712.6
11625.3
11536.5
11446.5
11355.4
11263.3
11170.2
11076
10980.4
10883.2
10784
10682.1
10576.7
10466.8
10350.9
10227.2
10093.3
9946.18
9781.83
9595.22
9380.26
9131.11
8847.59
8551.69
8323.7
12494.9
12487.6
12473.2
12451.5
12422.6
12386.6
12343.5
12293.8
12237.5
12175.3
12107.7
12035.2
11958.7
11878.7
11795.9
11710.7
11623.7
11535.2
11445.3
11354.3
11262.2
11169
11074.5
10978.6
10881
10781.1
10678.3
10571.8
10460.4
10342.5
10216.1
10078.6
9926.47
9754.9
9557.25
9324.44
9044.86
8708.15
8323.7
7983.44
14869.3
14773.6
14691.5
14624.8
14567.7
14515.9
14467.1
14419.4
14372
14324
14274.8
14223.9
14170.9
14115.5
14057.4
13996.4
13932.4
13865.3
13795
13721.4
13644.3
13563.8
13479.4
13390.9
13298.8
13206.2
13118.2
13035.4
12957.3
12883.9
12815.6
12752.9
12696.4
12646.4
12603.3
12567.2
12538.3
12516.6
12502.1
12494.9
14773.6
14722.3
14663.1
14607.3
14555.7
14507.1
14460.3
14414.1
14367.7
14320.5
14272
14221.6
14168.9
14113.8
14055.9
13995
13931.1
13863.9
13793.5
13719.6
13642.3
13561.3
13476.2
13386.9
13294.1
13202
13114.3
13031.4
12952.9
12878.9
12810
12746.8
12689.9
12639.6
12596.3
12560.1
12531.1
12509.3
12494.9
12487.6
14691.5
14663.1
14622.6
14578.8
14534.7
14491
14447.5
14403.8
14359.4
14313.7
14266.4
14217
14165.1
14110.5
14053
13992.3
13928.4
13861.1
13790.4
13716.2
13638.2
13556.3
13470
13379.2
13285.9
13194.5
13107.1
13023.6
12944
12868.8
12798.7
12734.4
12676.7
12625.8
12582.1
12545.7
12516.6
12494.9
12480.4
12473.2
14624.8
14607.3
14578.8
14544.7
14507.8
14469.4
14430
14389.4
14347.6
14304.1
14258.5
14210.5
14159.7
14105.9
14048.8
13988.4
13924.5
13857
13785.9
13711
13632
13548.7
13460.7
13368.4
13275.3
13184.6
13096.9
13012.2
12930.8
12853.6
12781.5
12715.6
12656.5
12604.8
12560.6
12524
12494.8
12473.1
12458.7
12451.5
14567.7
14555.7
14534.7
14507.8
14477
14443.8
14408.6
14371.6
14332.9
14292
14248.7
14202.4
14153
14100.1
14043.7
13983.5
13919.6
13851.8
13780
13704.1
13623.8
13538.7
13448.7
13355.9
13263.7
13173.1
13084.4
12997.6
12913.5
12833.3
12758.3
12689.9
12629.1
12576.3
12531.6
12494.8
12465.6
12444
12429.7
12422.6
14516
14507.1
14491
14469.4
14443.8
14415.1
14384.2
14351.1
14315.8
14278.1
14237.4
14193.4
14145.6
14093.8
14037.9
13978
13913.9
13845.5
13772.9
13695.7
13613.5
13526.3
13435.4
13343.5
13251.9
13160.8
13070.1
12980.4
12892.4
12807.8
12728.4
12656.7
12593.7
12539.8
12494.6
12457.8
12429
12407.6
12393.6
12386.6
14467.1
14460.3
14447.5
14430
14408.6
14384.2
14357.3
14328.2
14296.8
14262.8
14225.4
14183.9
14137.9
14087.3
14032
13972
13907.5
13838.4
13764.4
13685.4
13601.3
13513.2
13423.3
13332.5
13240.8
13148.3
13055.1
12961.4
12868.1
12776.9
12691
12614.6
12549.2
12494.4
12449.3
12413
12384.8
12364
12350.3
12343.5
14419.4
14414.1
14403.8
14389.4
14371.6
14351.1
14328.2
14303.3
14276.3
14246.7
14213.3
14174.8
14130.7
14081.1
14026.1
13965.9
13900.6
13830.2
13754.5
13673.8
13589.3
13502.5
13413.8
13323.3
13231
13136.8
13040.6
12942.1
12841.7
12740.8
12644.1
12561.6
12494.1
12439.4
12395.2
12360.2
12333.1
12313.2
12300.2
12293.8
14372
14367.7
14359.4
14347.6
14332.9
14315.8
14296.8
14276.3
14254.3
14230.1
14202.2
14167.1
14124.9
14075.9
14020.8
13959.8
13893.1
13821.1
13744.4
13664.1
13580.9
13495.2
13406.9
13316.3
13223.3
13127.5
13028.4
12924.9
12815.8
12700.4
12582.9
12493.7
12426.2
12373.7
12332.1
12299.3
12274.1
12255.6
12243.5
12237.5
14324
14320.5
14313.7
14304.1
14292
14278.1
14262.8
14246.7
14230.1
14213.2
14194.1
14162.2
14121
14072.1
14016.1
13953.8
13886.3
13814.4
13738.4
13659
13576.4
13490.9
13402.7
13312
13218.4
13121.6
13020.5
12913.2
12796.3
12662.2
12493.3
12404.1
12343.4
12297
12260.2
12231
12208.3
12191.7
12180.7
12175.3
14274.8
14272
14266.4
14258.5
14248.7
14237.4
14225.4
14213.3
14202.2
14194.1
14178.1
14133
14082.2
14025.4
13963.5
13897.4
13827.4
13753.6
13676
13595
13510.7
13423.3
13333.1
13239.6
13142.7
13041.2
12933.4
12815.4
12677.8
12492.7
12323.9
12286
12246.2
12210.8
12180.7
12156.1
12136.5
12122
12112.4
12107.7
14223.9
14221.6
14217
14210.5
14202.4
14193.4
14183.9
14174.8
14167.1
14162.2
14133
14067.3
14002.3
13935.4
13865.7
13793.1
13717.4
13638.7
13556.8
13471.9
13383.9
13292.8
13198.3
13100.1
12997.2
12888.4
12771.2
12641.3
12490.7
12306.2
12189.1
12169.9
12144.7
12119.2
12095.9
12076
12059.8
12047.5
12039.3
12035.2
14170.9
14168.9
14165.1
14159.7
14153
14145.6
14137.9
14130.7
14124.9
14121
14082.2
14002.3
13925.5
13849
13771.4
13692.2
13610.8
13527.2
13441
13352.1
13260.4
13165.6
13067.4
12965.1
12857.8
12744.1
12621.8
12487.7
12337.6
12166.9
12071.1
12059.9
12043.5
12025.3
12007.8
11992.1
11979
11968.9
11962.1
11958.7
14115.5
14113.8
14110.5
14105.9
14100.1
14093.8
14087.3
14081.1
14075.9
14072.1
14025.4
13935.4
13849
13764
13679.1
13593.6
13506.8
13418.3
13328
13235.3
13140.1
13042.1
12940.6
12835.1
12724.8
12608.3
12484.2
12350.3
12204.9
12047
11962.3
11955
11943.9
11930.9
11917.8
11905.6
11895.2
11887.1
11881.5
11878.7
14057.4
14055.9
14053
14048.8
14043.7
14037.9
14032
14026.1
14020.8
14016.1
13963.5
13865.7
13771.4
13679.1
13587.7
13496.4
13404.5
13311.6
13217.2
13121.1
13022.8
12921.9
12817.8
12710.1
12597.9
12480.3
12356.2
12224.6
12084.6
11936.8
11859.2
11854.1
11846.2
11836.7
11826.8
11817.4
11809.2
11802.7
11798.2
11795.9
13996.4
13995
13992.3
13988.4
13983.5
13978
13972
13965.9
13959.8
13953.8
13897.4
13793.1
13692.2
13593.6
13496.4
13399.8
13303.3
13206.3
13108.4
13009.1
12908
12804.8
12698.8
12589.6
12476.4
12358.7
12235.8
12107
11972.4
11832.3
11759.8
11755.9
11750
11742.9
11735.3
11728
11721.5
11716.3
11712.6
11710.7
13932.4
13931.1
13928.4
13924.5
13919.6
13913.9
13907.5
13900.6
13893.1
13886.3
13827.4
13717.4
13610.8
13506.8
13404.5
13303.3
13202.6
13102
13000.9
12898.9
12795.5
12690.4
12583
12472.9
12359.6
12242.5
12121.2
11995.4
11865.4
11731.6
11662.7
11659.6
11655.1
11649.5
11643.6
11637.8
11632.5
11628.3
11625.3
11623.7
13865.3
13863.9
13861.1
13857
13851.8
13845.5
13838.4
13830.2
13821.1
13814.4
13753.6
13638.7
13527.2
13418.3
13311.6
13206.3
13102
12998.1
12894.3
12790
12684.8
12578.3
12470
12359.6
12246.4
12130.3
12010.9
11888.2
11762.2
11633.4
11567.5
11564.8
11561.1
11556.6
11551.8
11546.9
11542.6
11539
11536.5
11535.2
13795
13793.5
13790.4
13785.9
13780
13772.9
13764.4
13754.5
13744.4
13738.4
13676
13556.8
13441
13328
13217.2
13108.4
13000.9
12894.3
12788.1
12682
12575.4
12468
12359.2
12248.8
12136.3
12021.5
11904.1
11784.1
11661.7
11537.1
11473.5
11471.2
11467.9
11464.1
11459.9
11455.7
11451.9
11448.7
11446.5
11445.3
13721.4
13719.6
13716.2
13711
13704.1
13695.7
13685.4
13673.8
13664.1
13659
13595
13471.9
13352.1
13235.3
13121.1
13009.1
12898.9
12790
12682
12574.4
12466.9
12358.9
12250.1
12140.1
12028.6
11915.2
11799.9
11682.6
11563.3
11442.3
11380.6
11378.4
11375.4
11371.8
11367.9
11364
11360.5
11357.5
11355.4
11354.3
13644.3
13642.3
13638.2
13632
13623.8
13613.5
13601.3
13589.3
13580.9
13576.4
13510.7
13383.9
13260.4
13140.1
13022.8
12908
12795.5
12684.8
12575.4
12466.9
12358.8
12250.7
12142.2
12032.9
11922.6
11810.9
11697.8
11583
11466.5
11348.7
11288.6
11286.5
11283.5
11279.9
11276
11272.1
11268.5
11265.5
11263.3
11262.2
13563.8
13561.3
13556.3
13548.7
13538.7
13526.3
13513.2
13502.5
13495.2
13490.9
13423.3
13292.8
13165.7
13042.1
12921.9
12804.8
12690.4
12578.3
12468
12358.9
12250.7
12142.9
12035
11926.8
11818
11708.2
11597.2
11484.9
11371.3
11256.3
11197.6
11195.3
11192.2
11188.3
11184.1
11179.8
11175.8
11172.5
11170.2
11169
13479.4
13476.2
13470
13460.7
13448.7
13435.4
13423.3
13413.8
13406.9
13402.7
13333.1
13198.3
13067.4
12940.6
12817.8
12698.8
12583
12470
12359.2
12250.1
12142.2
12035
11928.2
11821.4
11714.3
11606.6
11498
11388.3
11277.4
11165
11107.6
11105.2
11101.6
11097.1
11092.1
11087.2
11082.5
11078.7
11075.9
11074.5
13390.9
13386.9
13379.2
13368.4
13355.9
13343.5
13332.5
13323.3
13316.3
13312
13239.6
13100.1
12965.1
12835.1
12710.1
12589.6
12472.9
12359.6
12248.8
12140.1
12032.9
11926.8
11821.4
11716.3
11611.2
11505.8
11399.8
11292.9
11184.8
11075.2
11019
11016.1
11011.8
11006.4
11000.3
10994.2
10988.5
10983.8
10980.4
10978.6
13298.8
13294.1
13285.9
13275.3
13263.7
13251.9
13240.8
13231
13223.3
13218.4
13142.7
12997.2
12857.8
12724.8
12597.9
12476.4
12359.6
12246.4
12136.3
12028.6
11922.6
11818
11714.3
11611.2
11508.5
11405.7
11302.6
11198.8
11093.8
10987
10932
10928.6
10923.2
10916.2
10908.5
10900.7
10893.5
10887.5
10883.2
10880.9
13206.2
13202
13194.5
13184.6
13173.1
13160.8
13148.3
13136.8
13127.5
13121.6
13041.2
12888.4
12744.1
12608.3
12480.3
12358.7
12242.5
12130.3
12021.5
11915.2
11810.9
11708.2
11606.6
11505.8
11405.7
11305.9
11206.1
11105.8
11004.4
10901.1
10847.4
10843.1
10836
10826.9
10816.8
10806.6
10797.2
10789.5
10783.9
10781
13118.2
13114.3
13107.1
13096.9
13084.4
13070.1
13055.1
13040.6
13028.4
13020.5
12933.4
12771.2
12621.8
12484.2
12356.2
12235.8
12121.2
12010.9
11904.1
11799.9
11697.8
11597.2
11498
11399.8
11302.6
11206.1
11110
11013.9
10917
10818.1
10766.1
10760.4
10750.8
10738.6
10725.1
10711.7
10699.4
10689.2
10682
10678.2
13035.4
13031.4
13023.6
13012.2
12997.6
12980.4
12961.4
12942.1
12924.9
12913.2
12815.4
12641.3
12487.7
12350.3
12224.6
12107
11995.4
11888.2
11784.1
11682.6
11583
11484.9
11388.3
11292.9
11198.8
11105.8
11013.9
10922.8
10831.8
10738.9
10689.5
10681.5
10668.1
10651.5
10633.4
10615.6
10599.3
10586
10576.5
10571.5
12957.3
12952.9
12944
12930.8
12913.5
12892.4
12868.1
12841.7
12815.8
12796.3
12677.8
12490.7
12337.6
12204.9
12084.6
11972.4
11865.4
11762.2
11661.7
11563.3
11466.5
11371.3
11277.4
11184.8
11093.8
11004.4
10917
10831.8
10748.3
10664.8
10619.9
10607.9
10588.8
10565.8
10541.5
10517.8
10496.4
10478.8
10466.3
10459.8
12883.9
12878.9
12868.8
12853.6
12833.3
12807.8
12776.9
12740.8
12700.4
12662.2
12492.7
12306.2
12166.9
12047
11936.8
11832.3
11731.6
11633.4
11537.1
11442.3
11348.7
11256.3
11165
11075.2
10987
10901.1
10818.1
10738.9
10664.8
10596
10561.3
10541.3
10513.2
10481.5
10448.9
10417.5
10389.4
10366.3
10349.9
10341.4
12815.6
12810
12798.7
12781.5
12758.3
12728.4
12691
12644.1
12582.9
12493.3
12323.9
12189.1
12071.1
11962.3
11859.2
11759.8
11662.7
11567.5
11473.5
11380.6
11288.6
11197.6
11107.6
11019
10932
10847.4
10766.1
10689.5
10619.9
10561.3
10522.1
10482.8
10441.1
10397.9
10354.8
10313.8
10277.1
10246.9
10225.3
10214
12752.9
12746.8
12734.4
12715.6
12689.9
12656.7
12614.6
12561.6
12493.7
12404.1
12286
12169.9
12059.9
11955
11854.1
11755.9
11659.6
11564.8
11471.2
11378.4
11286.5
11195.3
11105.2
11016.1
10928.6
10843.1
10760.4
10681.5
10607.9
10541.3
10482.8
10426.6
10370.4
10314
10258.4
10205.5
10157.8
10118.2
10089.5
10074.5
12696.4
12689.9
12676.7
12656.5
12629.1
12593.7
12549.2
12494.1
12426.2
12343.4
12246.2
12144.7
12043.5
11943.9
11846.2
11750
11655.1
11561.1
11467.9
11375.4
11283.5
11192.2
11101.6
11011.8
10923.2
10836
10750.8
10668.1
10588.8
10513.2
10441.1
10370.4
10299.7
10228.8
10158.7
10091.3
10029.6
9977.29
9938.87
9918.38
12646.4
12639.6
12625.8
12604.8
12576.3
12539.8
12494.4
12439.4
12373.7
12297
12210.8
12119.2
12025.3
11930.9
11836.7
11742.9
11649.5
11556.6
11464.1
11371.8
11279.9
11188.3
11097.1
11006.4
10916.2
10826.9
10738.6
10651.5
10565.8
10481.5
10397.9
10314
10228.8
10142.4
10055.5
9970.2
9890.08
9820.33
9767.61
9738.85
12603.3
12596.3
12582.1
12560.6
12531.6
12494.6
12449.3
12395.2
12332.1
12260.2
12180.7
12095.9
12007.8
11917.8
11826.8
11735.3
11643.6
11551.8
11459.9
11367.9
11276
11184.1
11092.1
11000.3
10908.5
10816.8
10725.1
10633.4
10541.5
10448.9
10354.8
10258.4
10158.7
10055.5
9949.22
9841.8
9737.19
9642.27
9567.36
9524.96
12567.2
12560.1
12545.7
12524
12494.8
12457.8
12413
12360.2
12299.3
12231
12156.1
12076
11992.1
11905.6
11817.4
11728
11637.8
11546.9
11455.7
11364
11272.1
11179.8
11087.2
10994.2
10900.7
10806.6
10711.7
10615.6
10517.8
10417.5
10313.8
10205.5
10091.3
9970.2
9841.8
9706.99
9569.27
9436.84
9325.34
9258.24
12538.3
12531.1
12516.6
12494.8
12465.6
12429
12384.8
12333.1
12274.1
12208.3
12136.5
12059.8
11979
11895.2
11809.2
11721.5
11632.5
11542.6
11451.9
11360.5
11268.5
11175.8
11082.5
10988.5
10893.5
10797.2
10699.4
10599.3
10496.4
10389.4
10277.1
10157.8
10029.6
9890.08
9737.19
9569.27
9387.06
9197.71
9022.58
8906.16
12516.6
12509.3
12494.9
12473.1
12444
12407.6
12364
12313.2
12255.6
12191.7
12122
12047.5
11968.9
11887.1
11802.7
11716.3
11628.3
11539
11448.7
11357.5
11265.5
11172.5
11078.7
10983.8
10887.5
10789.5
10689.2
10586
10478.8
10366.3
10246.9
10118.2
9977.29
9820.33
9642.27
9436.84
9197.71
8923.76
8635.63
8412.06
12502.1
12494.9
12480.4
12458.7
12429.7
12393.6
12350.3
12300.2
12243.5
12180.7
12112.4
12039.3
11962.1
11881.5
11798.2
11712.6
11625.3
11536.5
11446.5
11355.4
11263.3
11170.2
11075.9
10980.4
10883.2
10783.9
10682
10576.5
10466.3
10349.9
10225.3
10089.5
9938.87
9767.61
9567.36
9325.34
9022.58
8635.63
8157.78
7694.06
12494.9
12487.6
12473.2
12451.5
12422.6
12386.6
12343.5
12293.8
12237.5
12175.3
12107.7
12035.2
11958.7
11878.7
11795.9
11710.7
11623.7
11535.2
11445.3
11354.3
11262.2
11169
11074.5
10978.6
10880.9
10781
10678.2
10571.5
10459.8
10341.4
10214
10074.5
9918.38
9738.85
9524.96
9258.24
8906.16
8412.06
7694.06
6766.56
15173.5
14860.4
14722.3
14638.2
14574.3
14519.5
14469.1
14420.6
14372.8
14324.5
14275.1
14224.1
14171.1
14115.6
14057.5
13996.6
13932.6
13865.6
13795.5
13722.1
13645.3
13565.2
13481.4
13393.7
13302.2
13208.8
13119.1
13035.7
12957.4
12884
12815.6
12752.9
12696.4
12646.4
12603.3
12567.2
12538.3
12516.6
12502.1
12494.9
14860.4
14765
14683.5
14617.6
14561.2
14510.2
14462.1
14415.2
14368.4
14321
14272.2
14221.7
14169.1
14113.9
14056
13995.2
13931.3
13864.3
13794
13720.4
13643.4
13562.8
13478.4
13389.9
13297.5
13204.1
13115.1
13031.6
12952.9
12878.9
12810
12746.8
12689.9
12639.6
12596.3
12560.1
12531.1
12509.3
12494.9
12487.6
14722.3
14683.5
14634.7
14585.8
14538.8
14493.5
14449
14404.7
14360
14314.1
14266.7
14217.1
14165.2
14110.6
14053.1
13992.5
13928.6
13861.5
13791
13717
13639.4
13558
13472.5
13382.5
13289
13196
13107.6
13023.7
12944
12868.8
12798.7
12734.4
12676.7
12625.8
12582.1
12545.7
12516.6
12494.9
12480.4
12473.2
14638.2
14617.6
14585.8
14549.2
14510.7
14471.2
14431.1
14390.2
14348.1
14304.4
14258.7
14210.6
14159.8
14106
14049
13988.6
13924.8
13857.5
13786.6
13712
13633.5
13550.8
13463.6
13371.8
13277.6
13185.5
13097.2
13012.3
12930.8
12853.6
12781.6
12715.6
12656.6
12604.8
12560.6
12524
12494.8
12473.1
12458.7
12451.5
14574.3
14561.2
14538.8
14510.7
14479
14445
14409.4
14372.2
14333.2
14292.3
14248.8
14202.6
14153.1
14100.3
14043.9
13983.8
13920
13852.4
13780.9
13705.4
13625.7
13541.3
13452
13358.7
13265
13173.6
13084.5
12997.7
12913.6
12833.3
12758.3
12689.9
12629.1
12576.3
12531.6
12494.8
12465.6
12444
12429.7
12422.6
14519.5
14510.2
14493.5
14471.2
14445
14416
14384.8
14351.5
14316.1
14278.3
14237.6
14193.5
14145.7
14094
14038.2
13978.4
13914.5
13846.4
13774.1
13697.4
13615.9
13529.4
13438.2
13345.1
13252.6
13161
13070.2
12980.4
12892.5
12807.8
12728.4
12656.7
12593.7
12539.8
12494.6
12457.8
12429
12407.6
12393.6
12386.6
14469.1
14462.1
14449
14431.1
14409.4
14384.8
14357.7
14328.5
14297.1
14262.9
14225.5
14184.1
14138.1
14087.6
14032.4
13972.6
13908.4
13839.5
13766.1
13687.7
13604.2
13515.9
13424.8
13333.2
13241.2
13148.5
13055.2
12961.5
12868.1
12776.9
12691
12614.6
12549.2
12494.4
12449.3
12413
12384.8
12364
12350.3
12343.5
14420.6
14415.2
14404.7
14390.2
14372.2
14351.5
14328.5
14303.5
14276.5
14246.8
14213.5
14175.1
14131.1
14081.6
14026.8
13966.8
13901.9
13831.9
13756.8
13676.4
13591.5
13503.8
13414.5
13323.7
13231.2
13137
13040.7
12942.2
12841.7
12740.8
12644.1
12561.6
12494.1
12439.4
12395.2
12360.2
12333.1
12313.2
12300.2
12293.8
14372.8
14368.4
14360
14348.1
14333.2
14316.1
14297.1
14276.5
14254.4
14230.3
14202.5
14167.5
14125.4
14076.7
14021.8
13961.2
13895
13823.3
13746.6
13665.7
13581.9
13495.8
13407.3
13316.6
13223.5
13127.6
13028.4
12924.9
12815.8
12700.4
12582.9
12493.7
12426.2
12373.7
12332.1
12299.3
12274.1
12255.6
12243.5
12237.5
14324.5
14321
14314.1
14304.4
14292.3
14278.3
14262.9
14246.8
14230.3
14213.4
14194.3
14162.7
14121.8
14073.3
14017.8
13955.9
13888.3
13816
13739.7
13659.9
13577
13491.3
13403
13312.2
13218.6
13121.7
13020.5
12913.3
12796.3
12662.2
12493.3
12404.1
12343.4
12297
12260.2
12231
12208.3
12191.7
12180.7
12175.3
14275.1
14272.2
14266.7
14258.7
14248.8
14237.6
14225.5
14213.5
14202.5
14194.3
14179.5
14134.9
14084.4
14027.7
13965.5
13898.9
13828.4
13754.4
13676.7
13595.5
13511.1
13423.7
13333.3
13239.8
13142.8
13041.3
12933.4
12815.4
12677.8
12492.7
12323.9
12286
12246.2
12210.8
12180.7
12156.1
12136.5
12122
12112.4
12107.7
14224.1
14221.7
14217.1
14210.6
14202.6
14193.5
14184.1
14175.1
14167.5
14162.7
14134.9
14068.7
14003.6
13936.6
13866.7
13793.8
13718
13639.1
13557.2
13472.2
13384.1
13293
13198.4
13100.1
12997.3
12888.5
12771.2
12641.3
12490.7
12306.2
12189.1
12169.9
12144.7
12119.2
12095.9
12076
12059.8
12047.5
12039.3
12035.2
14171.1
14169.1
14165.2
14159.8
14153.1
14145.7
14138.1
14131.1
14125.4
14121.8
14084.4
14003.6
13926.4
13849.7
13772
13692.6
13611.2
13527.4
13441.2
13352.3
13260.6
13165.8
13067.5
12965.1
12857.8
12744.1
12621.8
12487.8
12337.6
12166.9
12071.1
12059.9
12043.5
12025.3
12007.8
11992.1
11979
11968.9
11962.1
11958.7
14115.6
14113.9
14110.6
14106
14100.3
14094
14087.6
14081.6
14076.7
14073.3
14027.7
13936.6
13849.7
13764.4
13679.5
13593.8
13507
13418.5
13328.1
13235.4
13140.2
13042.1
12940.6
12835.2
12724.8
12608.3
12484.2
12350.3
12204.9
12047
11962.3
11955
11943.9
11930.9
11917.8
11905.6
11895.2
11887.1
11881.5
11878.7
14057.5
14056
14053.1
14049
14043.9
14038.2
14032.4
14026.8
14021.8
14017.8
13965.5
13866.7
13772
13679.5
13587.9
13496.5
13404.6
13311.7
13217.3
13121.1
13022.8
12921.9
12817.9
12710.1
12597.9
12480.3
12356.2
12224.6
12084.6
11936.8
11859.2
11854.1
11846.2
11836.7
11826.8
11817.4
11809.2
11802.7
11798.2
11795.9
13996.6
13995.2
13992.5
13988.6
13983.8
13978.4
13972.6
13966.8
13961.2
13955.9
13898.9
13793.8
13692.6
13593.8
13496.5
13399.9
13303.4
13206.3
13108.4
13009.1
12908.1
12804.8
12698.8
12589.6
12476.5
12358.7
12235.8
12107
11972.4
11832.3
11759.8
11755.9
11750
11742.9
11735.3
11728
11721.5
11716.3
11712.6
11710.7
13932.6
13931.3
13928.6
13924.8
13920
13914.5
13908.4
13901.9
13895
13888.3
13828.4
13718
13611.2
13507
13404.6
13303.4
13202.7
13102
13000.9
12898.9
12795.5
12690.4
12583
12472.9
12359.6
12242.5
12121.2
11995.4
11865.4
11731.6
11662.7
11659.6
11655.1
11649.5
11643.6
11637.8
11632.5
11628.3
11625.3
11623.7
13865.6
13864.3
13861.5
13857.5
13852.4
13846.4
13839.5
13831.9
13823.3
13816
13754.4
13639.1
13527.4
13418.5
13311.7
13206.3
13102
12998.1
12894.3
12790
12684.8
12578.3
12470
12359.6
12246.5
12130.3
12010.9
11888.2
11762.2
11633.4
11567.5
11564.8
11561.1
11556.6
11551.8
11546.9
11542.6
11539
11536.5
11535.2
13795.5
13794
13791
13786.6
13780.9
13774.1
13766.1
13756.8
13746.6
13739.7
13676.7
13557.2
13441.2
13328.1
13217.3
13108.4
13000.9
12894.3
12788.1
12682
12575.4
12468
12359.2
12248.8
12136.3
12021.5
11904.1
11784.1
11661.7
11537.1
11473.5
11471.2
11467.9
11464.1
11459.9
11455.7
11451.9
11448.7
11446.5
11445.3
13722.1
13720.4
13717
13712
13705.4
13697.4
13687.7
13676.4
13665.7
13659.9
13595.5
13472.2
13352.3
13235.4
13121.1
13009.1
12898.9
12790
12682
12574.4
12466.9
12358.9
12250.1
12140.1
12028.6
11915.2
11799.9
11682.6
11563.3
11442.3
11380.6
11378.4
11375.4
11371.8
11367.9
11364
11360.5
11357.5
11355.4
11354.3
13645.3
13643.4
13639.4
13633.5
13625.7
13615.9
13604.2
13591.5
13581.9
13577
13511.1
13384.1
13260.6
13140.2
13022.8
12908.1
12795.5
12684.8
12575.4
12466.9
12358.8
12250.7
12142.2
12032.9
11922.6
11810.9
11697.8
11583
11466.5
11348.7
11288.6
11286.5
11283.5
11279.9
11276
11272.1
11268.5
11265.5
11263.3
11262.2
13565.2
13562.8
13558
13550.8
13541.3
13529.4
13515.9
13503.8
13495.8
13491.3
13423.7
13293
13165.8
13042.1
12921.9
12804.8
12690.4
12578.3
12468
12358.9
12250.7
12142.9
12035
11926.8
11818
11708.2
11597.2
11484.9
11371.3
11256.3
11197.6
11195.3
11192.2
11188.3
11184.1
11179.8
11175.8
11172.5
11170.2
11169
13481.4
13478.4
13472.5
13463.6
13452
13438.2
13424.8
13414.5
13407.3
13403
13333.3
13198.4
13067.5
12940.6
12817.9
12698.8
12583
12470
12359.2
12250.1
12142.2
12035
11928.2
11821.4
11714.3
11606.6
11498
11388.3
11277.3
11165
11107.6
11105.2
11101.6
11097.1
11092.1
11087.2
11082.5
11078.7
11075.9
11074.5
13393.7
13389.9
13382.5
13371.8
13358.7
13345.1
13333.2
13323.7
13316.6
13312.2
13239.8
13100.1
12965.1
12835.2
12710.1
12589.6
12472.9
12359.6
12248.8
12140.1
12032.9
11926.8
11821.4
11716.3
11611.2
11505.8
11399.8
11292.9
11184.8
11075.2
11019
11016.1
11011.8
11006.3
11000.3
10994.1
10988.5
10983.7
10980.4
10978.6
13302.2
13297.5
13289
13277.6
13265
13252.6
13241.2
13231.2
13223.5
13218.6
13142.8
12997.3
12857.8
12724.8
12597.9
12476.5
12359.6
12246.5
12136.3
12028.6
11922.6
11818
11714.3
11611.2
11508.5
11405.7
11302.6
11198.8
11093.8
10987
10932
10928.6
10923.1
10916.2
10908.5
10900.7
10893.4
10887.4
10883.2
10880.9
13208.8
13204.1
13196
13185.5
13173.6
13161
13148.5
13137
13127.6
13121.7
13041.3
12888.5
12744.1
12608.3
12480.3
12358.7
12242.5
12130.3
12021.5
11915.2
11810.9
11708.2
11606.6
11505.8
11405.7
11305.9
11206.1
11105.8
11004.4
10901.1
10847.4
10843.1
10836
10826.9
10816.8
10806.6
10797.2
10789.4
10783.9
10781
13119.1
13115.1
13107.6
13097.2
13084.5
13070.2
13055.2
13040.7
13028.4
13020.5
12933.4
12771.2
12621.8
12484.2
12356.2
12235.8
12121.2
12010.9
11904.1
11799.9
11697.8
11597.2
11498
11399.8
11302.6
11206.1
11110
11013.9
10917
10818
10766.1
10760.3
10750.7
10738.5
10725.1
10711.6
10699.3
10689.1
10681.9
10678.1
13035.7
13031.6
13023.7
13012.3
12997.7
12980.4
12961.5
12942.2
12924.9
12913.3
12815.4
12641.3
12487.8
12350.3
12224.6
12107
11995.4
11888.2
11784.1
11682.6
11583
11484.9
11388.3
11292.9
11198.8
11105.8
11013.9
10922.8
10831.8
10738.9
10689.4
10681.4
10668.1
10651.4
10633.4
10615.5
10599.2
10585.8
10576.3
10571.3
12957.4
12952.9
12944
12930.9
12913.6
12892.5
12868.1
12841.7
12815.8
12796.3
12677.8
12490.7
12337.6
12204.9
12084.6
11972.4
11865.4
11762.2
11661.7
11563.3
11466.5
11371.3
11277.3
11184.8
11093.8
11004.4
10917
10831.8
10748.2
10664.7
10619.8
10607.8
10588.7
10565.7
10541.3
10517.6
10496.1
10478.5
10465.9
10459.4
12884
12878.9
12868.8
12853.6
12833.3
12807.8
12776.9
12740.8
12700.4
12662.2
12492.7
12306.2
12166.9
12047
11936.8
11832.3
11731.6
11633.4
11537.1
11442.3
11348.7
11256.3
11165
11075.2
10987
10901.1
10818
10738.9
10664.7
10596
10561.3
10541.2
10513
10481.3
10448.6
10417.2
10388.9
10365.8
10349.3
10340.7
12815.6
12810
12798.7
12781.6
12758.3
12728.4
12691
12644.1
12582.9
12493.3
12323.9
12189.1
12071.1
11962.3
11859.2
11759.8
11662.7
11567.5
11473.5
11380.6
11288.6
11197.6
11107.6
11019
10932
10847.4
10766.1
10689.4
10619.8
10561.3
10522
10482.7
10440.9
10397.6
10354.3
10313.2
10276.3
10245.8
10224
10212.6
12752.9
12746.8
12734.4
12715.6
12689.9
12656.7
12614.6
12561.6
12493.7
12404.1
12286
12169.9
12059.9
11955
11854.1
11755.9
11659.6
11564.8
11471.2
11378.4
11286.5
11195.3
11105.2
11016.1
10928.6
10843.1
10760.3
10681.4
10607.8
10541.2
10482.7
10426.4
10370
10313.4
10257.6
10204.3
10156.3
10116.2
10087.2
10071.9
12696.4
12689.9
12676.7
12656.6
12629.1
12593.7
12549.2
12494.1
12426.2
12343.4
12246.2
12144.7
12043.5
11943.9
11846.2
11750
11655.1
11561.1
11467.9
11375.4
11283.5
11192.2
11101.6
11011.8
10923.1
10836
10750.7
10668.1
10588.7
10513
10440.9
10370
10299.1
10227.9
10157.3
10089.2
10026.7
9973.49
9934.23
9913.22
12646.4
12639.6
12625.8
12604.8
12576.3
12539.8
12494.4
12439.4
12373.7
12297
12210.8
12119.2
12025.3
11930.9
11836.7
11742.9
11649.5
11556.6
11464.1
11371.8
11279.9
11188.3
11097.1
11006.3
10916.2
10826.9
10738.5
10651.4
10565.7
10481.3
10397.6
10313.4
10227.9
10140.9
10053.1
9966.56
9884.78
9813.06
9758.42
9728.4
12603.3
12596.3
12582.1
12560.6
12531.6
12494.6
12449.3
12395.2
12332.1
12260.2
12180.7
12095.9
12007.8
11917.8
11826.8
11735.3
11643.6
11551.8
11459.9
11367.9
11276
11184.1
11092.1
11000.3
10908.5
10816.8
10725.1
10633.4
10541.3
10448.6
10354.3
10257.6
10157.3
10053.1
9945.28
9835.5
9727.51
9628.28
9548.78
9503.11
12567.2
12560.1
12545.7
12524
12494.8
12457.8
12413
12360.2
12299.3
12231
12156.1
12076
11992.1
11905.6
11817.4
11728
11637.8
11546.9
11455.7
11364
11272.1
11179.8
11087.2
10994.1
10900.7
10806.6
10711.6
10615.5
10517.6
10417.2
10313.2
10204.3
10089.2
9966.56
9835.5
9696.33
9551.82
9409.78
9286.74
9210.29
12538.3
12531.1
12516.6
12494.8
12465.6
12429
12384.8
12333.1
12274.1
12208.3
12136.5
12059.8
11979
11895.2
11809.2
11721.5
11632.5
11542.6
11451.9
11360.5
11268.5
11175.8
11082.5
10988.5
10893.4
10797.2
10699.3
10599.2
10496.1
10388.9
10276.3
10156.3
10026.7
9884.78
9727.51
9551.82
9356.23
9145.21
8939.52
8793.07
12516.6
12509.3
12494.9
12473.1
12444
12407.6
12364
12313.2
12255.6
12191.7
12122
12047.5
11968.9
11887.1
11802.7
11716.3
11628.3
11539
11448.7
11357.5
11265.5
11172.5
11078.7
10983.7
10887.4
10789.4
10689.1
10585.8
10478.5
10365.8
10245.8
10116.2
9973.49
9813.06
9628.28
9409.78
9145.21
8822.83
8449.98
8116.32
12502.1
12494.9
12480.4
12458.7
12429.7
12393.6
12350.3
12300.2
12243.5
12180.7
12112.4
12039.3
11962.1
11881.5
11798.2
11712.6
11625.3
11536.5
11446.5
11355.4
11263.3
11170.2
11075.9
10980.4
10883.2
10783.9
10681.9
10576.3
10465.9
10349.3
10224
10087.2
9934.23
9758.42
9548.78
9286.74
8939.52
8449.98
7735.62
6810.17
12494.9
12487.6
12473.2
12451.5
12422.6
12386.6
12343.5
12293.8
12237.5
12175.3
12107.7
12035.2
11958.7
11878.7
11795.9
11710.7
11623.7
11535.2
11445.3
11354.3
11262.2
11169
11074.5
10978.6
10880.9
10781
10678.1
10571.3
10459.4
10340.7
10212.6
10071.9
9913.22
9728.4
9503.11
9210.29
8793.07
8116.32
6810.17
3694.69
)
;

boundaryField
{
    left
    {
        type            zeroGradient;
    }
    right
    {
        type            zeroGradient;
    }
    up
    {
        type            zeroGradient;
    }
    down
    {
        type            zeroGradient;
    }
    front
    {
        type            zeroGradient;
    }
    back
    {
        type            zeroGradient;
    }
}


// ************************************************************************* //
