/*--------------------------------*- C++ -*----------------------------------*\
| =========                 |                                                 |
| \\      /  F ield         | OpenFOAM: The Open Source CFD Toolbox           |
|  \\    /   O peration     | Version:  2.1.0                                 |
|   \\  /    A nd           | Web:      www.OpenFOAM.org                      |
|    \\/     M anipulation  |                                                 |
\*---------------------------------------------------------------------------*/
FoamFile
{
    version     2.0;
    format      ascii;
    class       volScalarField;
    location    "8030";
    object      so;
}
// * * * * * * * * * * * * * * * * * * * * * * * * * * * * * * * * * * * * * //

dimensions      [0 0 0 0 0 0 0];

internalField   nonuniform List<scalar> 
8000
(
0.378809
0.396242
0.416372
0.437183
0.457707
0.477493
0.496362
0.514294
0.531363
0.547704
0.563489
0.578895
0.594146
0.609557
0.625439
0.642116
0.659959
0.679575
0.701562
0.726024
0.751475
0.77401
0.789262
0.796552
0.799069
0.799774
0.799949
0.799989
0.799998
0.8
0.8
0.8
0.8
0.8
0.8
0.8
0.8
0.8
0.8
0.8
0.396241
0.411462
0.42944
0.448442
0.467526
0.486202
0.50425
0.521609
0.538323
0.554503
0.570313
0.585897
0.601526
0.617515
0.634187
0.651875
0.670988
0.692086
0.715436
0.740294
0.764011
0.782558
0.793433
0.798006
0.799473
0.799873
0.799971
0.799994
0.799999
0.8
0.8
0.8
0.8
0.8
0.8
0.8
0.8
0.8
0.8
0.8
0.416373
0.429439
0.445223
0.462275
0.479745
0.497151
0.514248
0.530948
0.547262
0.563278
0.579132
0.594955
0.611051
0.627729
0.645314
0.66413
0.684674
0.707309
0.731668
0.755823
0.776265
0.789885
0.796574
0.799017
0.799745
0.799939
0.799986
0.799997
0.799999
0.8
0.8
0.8
0.8
0.8
0.8
0.8
0.8
0.8
0.8
0.8
0.437182
0.448443
0.462275
0.477528
0.493469
0.509656
0.52585
0.541949
0.557949
0.573919
0.589937
0.606204
0.623001
0.640628
0.659386
0.679707
0.701992
0.72605
0.75032
0.771662
0.786895
0.795164
0.79851
0.79959
0.799895
0.799975
0.799994
0.799999
0.8
0.8
0.8
0.8
0.8
0.8
0.8
0.8
0.8
0.8
0.8
0.8
0.457707
0.467527
0.479744
0.493468
0.508094
0.523244
0.538705
0.554388
0.570289
0.586454
0.60296
0.620035
0.637931
0.656917
0.677394
0.699758
0.723838
0.748152
0.769695
0.785407
0.794325
0.798157
0.799467
0.799857
0.799964
0.799991
0.799998
0.8
0.8
0.8
0.8
0.8
0.8
0.8
0.8
0.8
0.8
0.8
0.8
0.8
0.477493
0.486202
0.497151
0.509656
0.523244
0.537615
0.55261
0.568179
0.584347
0.601132
0.618688
0.637174
0.65679
0.67792
0.700897
0.725422
0.749789
0.770898
0.785971
0.794455
0.798146
0.799444
0.799845
0.799959
0.799989
0.799997
0.799999
0.8
0.8
0.8
0.8
0.8
0.8
0.8
0.8
0.8
0.8
0.8
0.8
0.8
0.496362
0.50425
0.514248
0.52585
0.538705
0.55261
0.567491
0.583381
0.60035
0.618555
0.638091
0.658974
0.681489
0.705803
0.731233
0.755497
0.775304
0.788529
0.795544
0.798498
0.799539
0.799867
0.799963
0.79999
0.799997
0.799999
0.8
0.8
0.8
0.8
0.8
0.8
0.8
0.8
0.8
0.8
0.8
0.8
0.8
0.8
0.514294
0.521609
0.530948
0.541949
0.554388
0.568179
0.583381
0.600163
0.618869
0.639828
0.663099
0.688278
0.714981
0.741647
0.765074
0.782186
0.792308
0.797131
0.799038
0.7997
0.799911
0.799975
0.799993
0.799998
0.8
0.8
0.8
0.8
0.8
0.8
0.8
0.8
0.8
0.8
0.8
0.8
0.8
0.8
0.8
0.8
0.531363
0.538323
0.547262
0.557949
0.570289
0.584347
0.60035
0.618869
0.64075
0.66709
0.698
0.728911
0.756543
0.777242
0.789798
0.795999
0.798577
0.799528
0.799852
0.799955
0.799987
0.799996
0.799999
0.8
0.8
0.8
0.8
0.8
0.8
0.8
0.8
0.8
0.8
0.8
0.8
0.8
0.8
0.8
0.8
0.8
0.547704
0.554503
0.563278
0.573919
0.586454
0.601132
0.618555
0.639828
0.66709
0.703896
0.748075
0.774786
0.789299
0.795911
0.798543
0.799506
0.799839
0.79995
0.799985
0.799996
0.799999
0.8
0.8
0.8
0.8
0.8
0.8
0.8
0.8
0.8
0.8
0.8
0.8
0.8
0.8
0.8
0.8
0.8
0.8
0.8
0.563489
0.570312
0.579132
0.589937
0.60296
0.618688
0.638091
0.663099
0.698
0.748075
0.799402
0.799842
0.799935
0.799976
0.799992
0.799997
0.799999
0.8
0.8
0.8
0.8
0.8
0.8
0.8
0.8
0.8
0.8
0.8
0.8
0.8
0.8
0.8
0.8
0.8
0.8
0.8
0.8
0.8
0.8
0.8
0.578895
0.585897
0.594955
0.606204
0.620035
0.637174
0.658974
0.688278
0.728911
0.774786
0.799842
0.799999
0.8
0.8
0.8
0.8
0.8
0.8
0.8
0.8
0.8
0.8
0.8
0.8
0.8
0.8
0.8
0.8
0.8
0.8
0.8
0.8
0.8
0.8
0.8
0.8
0.8
0.8
0.8
0.8
0.594146
0.601526
0.611051
0.623001
0.637931
0.65679
0.681489
0.714981
0.756543
0.789299
0.799935
0.8
0.8
0.8
0.8
0.8
0.8
0.8
0.8
0.8
0.8
0.8
0.8
0.8
0.8
0.8
0.8
0.8
0.8
0.8
0.8
0.8
0.8
0.8
0.8
0.8
0.8
0.8
0.8
0.8
0.609557
0.617515
0.627729
0.640628
0.656917
0.67792
0.705803
0.741647
0.777242
0.795911
0.799976
0.8
0.8
0.8
0.8
0.8
0.8
0.8
0.8
0.8
0.8
0.8
0.8
0.8
0.8
0.8
0.8
0.8
0.8
0.8
0.8
0.8
0.8
0.8
0.8
0.8
0.8
0.8
0.8
0.8
0.625439
0.634187
0.645314
0.659386
0.677394
0.700897
0.731233
0.765074
0.789798
0.798543
0.799992
0.8
0.8
0.8
0.8
0.8
0.8
0.8
0.8
0.8
0.8
0.8
0.8
0.8
0.8
0.8
0.8
0.8
0.8
0.8
0.8
0.8
0.8
0.8
0.8
0.8
0.8
0.8
0.8
0.8
0.642116
0.651875
0.66413
0.679706
0.699758
0.725422
0.755497
0.782186
0.795999
0.799506
0.799997
0.8
0.8
0.8
0.8
0.8
0.8
0.8
0.8
0.8
0.8
0.8
0.8
0.8
0.8
0.8
0.8
0.8
0.8
0.8
0.8
0.8
0.8
0.8
0.8
0.8
0.8
0.8
0.8
0.8
0.659959
0.670988
0.684674
0.701992
0.723838
0.749789
0.775304
0.792308
0.798577
0.799839
0.799999
0.8
0.8
0.8
0.8
0.8
0.8
0.8
0.8
0.8
0.8
0.8
0.8
0.8
0.8
0.8
0.8
0.8
0.8
0.8
0.8
0.8
0.8
0.8
0.8
0.8
0.8
0.8
0.8
0.8
0.679575
0.692086
0.707309
0.72605
0.748152
0.770898
0.788529
0.797131
0.799528
0.79995
0.8
0.8
0.8
0.8
0.8
0.8
0.8
0.8
0.8
0.8
0.8
0.8
0.8
0.8
0.8
0.8
0.8
0.8
0.8
0.8
0.8
0.8
0.8
0.8
0.8
0.8
0.8
0.8
0.8
0.8
0.701562
0.715436
0.731668
0.75032
0.769695
0.78597
0.795544
0.799038
0.799852
0.799985
0.8
0.8
0.8
0.8
0.8
0.8
0.8
0.8
0.8
0.8
0.8
0.8
0.8
0.8
0.8
0.8
0.8
0.8
0.8
0.8
0.8
0.8
0.8
0.8
0.8
0.8
0.8
0.8
0.8
0.8
0.726024
0.740294
0.755823
0.771662
0.785407
0.794455
0.798498
0.7997
0.799955
0.799996
0.8
0.8
0.8
0.8
0.8
0.8
0.8
0.8
0.8
0.8
0.8
0.8
0.8
0.8
0.8
0.8
0.8
0.8
0.8
0.8
0.8
0.8
0.8
0.8
0.8
0.8
0.8
0.8
0.8
0.8
0.751475
0.764011
0.776265
0.786895
0.794325
0.798146
0.799539
0.799911
0.799987
0.799999
0.8
0.8
0.8
0.8
0.8
0.8
0.8
0.8
0.8
0.8
0.8
0.8
0.8
0.8
0.8
0.8
0.8
0.8
0.8
0.8
0.8
0.8
0.8
0.8
0.8
0.8
0.8
0.8
0.8
0.8
0.77401
0.782558
0.789885
0.795164
0.798157
0.799444
0.799867
0.799975
0.799996
0.8
0.8
0.8
0.8
0.8
0.8
0.8
0.8
0.8
0.8
0.8
0.8
0.8
0.8
0.8
0.8
0.8
0.8
0.8
0.8
0.8
0.8
0.8
0.8
0.8
0.8
0.8
0.8
0.8
0.8
0.8
0.789262
0.793433
0.796574
0.79851
0.799467
0.799845
0.799963
0.799993
0.799999
0.8
0.8
0.8
0.8
0.8
0.8
0.8
0.8
0.8
0.8
0.8
0.8
0.8
0.8
0.8
0.8
0.8
0.8
0.8
0.8
0.8
0.8
0.8
0.8
0.8
0.8
0.8
0.8
0.8
0.8
0.8
0.796552
0.798006
0.799017
0.79959
0.799857
0.799959
0.79999
0.799998
0.8
0.8
0.8
0.8
0.8
0.8
0.8
0.8
0.8
0.8
0.8
0.8
0.8
0.8
0.8
0.8
0.8
0.8
0.8
0.8
0.8
0.8
0.8
0.8
0.8
0.8
0.8
0.8
0.8
0.8
0.8
0.8
0.799069
0.799473
0.799745
0.799895
0.799964
0.799989
0.799997
0.8
0.8
0.8
0.8
0.8
0.8
0.8
0.8
0.8
0.8
0.8
0.8
0.8
0.8
0.8
0.8
0.8
0.8
0.8
0.8
0.8
0.8
0.8
0.8
0.8
0.8
0.8
0.8
0.8
0.8
0.8
0.8
0.8
0.799774
0.799873
0.799939
0.799975
0.799991
0.799997
0.799999
0.8
0.8
0.8
0.8
0.8
0.8
0.8
0.8
0.8
0.8
0.8
0.8
0.8
0.8
0.8
0.8
0.8
0.8
0.8
0.8
0.8
0.8
0.8
0.8
0.8
0.8
0.8
0.8
0.8
0.8
0.8
0.8
0.8
0.799949
0.799971
0.799986
0.799994
0.799998
0.799999
0.8
0.8
0.8
0.8
0.8
0.8
0.8
0.8
0.8
0.8
0.8
0.8
0.8
0.8
0.8
0.8
0.8
0.8
0.8
0.8
0.8
0.8
0.8
0.8
0.8
0.8
0.8
0.8
0.8
0.8
0.8
0.8
0.8
0.8
0.799989
0.799994
0.799997
0.799999
0.8
0.8
0.8
0.8
0.8
0.8
0.8
0.8
0.8
0.8
0.8
0.8
0.8
0.8
0.8
0.8
0.8
0.8
0.8
0.8
0.8
0.8
0.8
0.8
0.8
0.8
0.8
0.8
0.8
0.8
0.8
0.8
0.8
0.8
0.8
0.8
0.799998
0.799999
0.799999
0.8
0.8
0.8
0.8
0.8
0.8
0.8
0.8
0.8
0.8
0.8
0.8
0.8
0.8
0.8
0.8
0.8
0.8
0.8
0.8
0.8
0.8
0.8
0.8
0.8
0.8
0.8
0.8
0.8
0.8
0.8
0.8
0.8
0.8
0.8
0.8
0.8
0.8
0.8
0.8
0.8
0.8
0.8
0.8
0.8
0.8
0.8
0.8
0.8
0.8
0.8
0.8
0.8
0.8
0.8
0.8
0.8
0.8
0.8
0.8
0.8
0.8
0.8
0.8
0.8
0.8
0.8
0.8
0.8
0.8
0.8
0.8
0.8
0.8
0.8
0.8
0.8
0.8
0.8
0.8
0.8
0.8
0.8
0.8
0.8
0.8
0.8
0.8
0.8
0.8
0.8
0.8
0.8
0.8
0.8
0.8
0.8
0.8
0.8
0.8
0.8
0.8
0.8
0.8
0.8
0.8
0.8
0.8
0.8
0.8
0.8
0.8
0.8
0.8
0.8
0.8
0.8
0.8
0.8
0.8
0.8
0.8
0.8
0.8
0.8
0.8
0.8
0.8
0.8
0.8
0.8
0.8
0.8
0.8
0.8
0.8
0.8
0.8
0.8
0.8
0.8
0.8
0.8
0.8
0.8
0.8
0.8
0.8
0.8
0.8
0.8
0.8
0.8
0.8
0.8
0.8
0.8
0.8
0.8
0.8
0.8
0.8
0.8
0.8
0.8
0.8
0.8
0.8
0.8
0.8
0.8
0.8
0.8
0.8
0.8
0.8
0.8
0.8
0.8
0.8
0.8
0.8
0.8
0.8
0.8
0.8
0.8
0.8
0.8
0.8
0.8
0.8
0.8
0.8
0.8
0.8
0.8
0.8
0.8
0.8
0.8
0.8
0.8
0.8
0.8
0.8
0.8
0.8
0.8
0.8
0.8
0.8
0.8
0.8
0.8
0.8
0.8
0.8
0.8
0.8
0.8
0.8
0.8
0.8
0.8
0.8
0.8
0.8
0.8
0.8
0.8
0.8
0.8
0.8
0.8
0.8
0.8
0.8
0.8
0.8
0.8
0.8
0.8
0.8
0.8
0.8
0.8
0.8
0.8
0.8
0.8
0.8
0.8
0.8
0.8
0.8
0.8
0.8
0.8
0.8
0.8
0.8
0.8
0.8
0.8
0.8
0.8
0.8
0.8
0.8
0.8
0.8
0.8
0.8
0.8
0.8
0.8
0.8
0.8
0.8
0.8
0.8
0.8
0.8
0.8
0.8
0.8
0.8
0.8
0.8
0.8
0.8
0.8
0.8
0.8
0.8
0.8
0.8
0.8
0.8
0.8
0.8
0.8
0.8
0.8
0.8
0.8
0.8
0.8
0.8
0.8
0.8
0.8
0.8
0.8
0.8
0.8
0.8
0.8
0.8
0.8
0.8
0.8
0.8
0.8
0.8
0.8
0.8
0.8
0.8
0.8
0.8
0.8
0.8
0.8
0.8
0.8
0.8
0.8
0.8
0.8
0.8
0.8
0.8
0.8
0.8
0.8
0.8
0.8
0.8
0.8
0.8
0.8
0.8
0.8
0.8
0.8
0.8
0.8
0.8
0.8
0.8
0.8
0.8
0.8
0.8
0.8
0.8
0.8
0.8
0.8
0.8
0.8
0.8
0.8
0.8
0.8
0.8
0.8
0.8
0.8
0.8
0.8
0.8
0.8
0.8
0.8
0.8
0.8
0.8
0.8
0.8
0.8
0.8
0.8
0.8
0.8
0.8
0.8
0.8
0.8
0.8
0.8
0.8
0.8
0.8
0.8
0.8
0.8
0.8
0.8
0.8
0.8
0.8
0.8
0.8
0.8
0.8
0.8
0.8
0.8
0.8
0.8
0.8
0.8
0.8
0.8
0.8
0.8
0.8
0.8
0.8
0.8
0.8
0.8
0.8
0.8
0.8
0.8
0.8
0.8
0.8
0.8
0.8
0.8
0.8
0.8
0.8
0.8
0.8
0.8
0.8
0.8
0.8
0.8
0.8
0.8
0.8
0.8
0.8
0.8
0.8
0.8
0.8
0.8
0.8
0.8
0.8
0.8
0.8
0.8
0.8
0.8
0.8
0.8
0.8
0.8
0.302051
0.326094
0.353073
0.379856
0.405105
0.42847
0.449943
0.469614
0.487639
0.504208
0.51953
0.533845
0.547378
0.560296
0.572814
0.585235
0.597994
0.611548
0.626608
0.644368
0.66679
0.696488
0.733829
0.76946
0.790124
0.797474
0.799428
0.79988
0.799977
0.799996
0.799999
0.8
0.8
0.8
0.8
0.8
0.8
0.8
0.8
0.8
0.326092
0.346579
0.369998
0.393788
0.416751
0.43843
0.458652
0.477397
0.494744
0.510829
0.525821
0.539956
0.5534
0.56632
0.578948
0.59164
0.604856
0.619118
0.635294
0.654834
0.679953
0.712774
0.750373
0.780046
0.794099
0.798537
0.79967
0.799931
0.799986
0.799998
0.8
0.8
0.8
0.8
0.8
0.8
0.8
0.8
0.8
0.8
0.353076
0.369996
0.389809
0.410488
0.430985
0.450751
0.469504
0.487139
0.503663
0.519154
0.53374
0.547629
0.560928
0.573816
0.586572
0.599634
0.613462
0.628734
0.646583
0.668811
0.697725
0.733552
0.768046
0.78901
0.796998
0.799273
0.799836
0.799965
0.799993
0.799999
0.8
0.8
0.8
0.8
0.8
0.8
0.8
0.8
0.8
0.8
0.379854
0.393788
0.410489
0.428408
0.446604
0.464509
0.481798
0.498316
0.514014
0.528915
0.543142
0.55679
0.569973
0.582914
0.596
0.609673
0.624511
0.641464
0.662056
0.688416
0.721859
0.757607
0.783444
0.795042
0.798715
0.799691
0.79993
0.799985
0.799997
0.799999
0.8
0.8
0.8
0.8
0.8
0.8
0.8
0.8
0.8
0.8
0.405105
0.416752
0.430986
0.446605
0.462798
0.479041
0.495013
0.510535
0.525521
0.539968
0.553944
0.567476
0.580725
0.594033
0.607819
0.62262
0.639303
0.659242
0.684384
0.716246
0.751606
0.779496
0.793404
0.798191
0.799542
0.799889
0.799974
0.799994
0.799999
0.8
0.8
0.8
0.8
0.8
0.8
0.8
0.8
0.8
0.8
0.8
0.42847
0.438431
0.450752
0.464509
0.479041
0.493896
0.508784
0.523529
0.538031
0.552294
0.566262
0.58
0.593791
0.608019
0.623223
0.64026
0.660467
0.685671
0.717142
0.751625
0.778939
0.792958
0.797987
0.799467
0.799865
0.799967
0.799992
0.799998
0.8
0.8
0.8
0.8
0.8
0.8
0.8
0.8
0.8
0.8
0.8
0.8
0.449943
0.458652
0.469504
0.481798
0.495013
0.508784
0.522876
0.537148
0.551561
0.566043
0.580568
0.595269
0.610453
0.626686
0.644893
0.666466
0.693097
0.725243
0.758171
0.782266
0.794041
0.798251
0.799521
0.799874
0.799968
0.799992
0.799998
0.799999
0.8
0.8
0.8
0.8
0.8
0.8
0.8
0.8
0.8
0.8
0.8
0.8
0.469614
0.477397
0.487139
0.498316
0.510535
0.523529
0.537148
0.551377
0.56623
0.58181
0.598223
0.615356
0.633744
0.654452
0.678963
0.708465
0.741289
0.770261
0.788229
0.796108
0.798838
0.799672
0.799911
0.799976
0.799994
0.799998
0.8
0.8
0.8
0.8
0.8
0.8
0.8
0.8
0.8
0.8
0.8
0.8
0.8
0.8
0.487639
0.494744
0.503663
0.514014
0.525521
0.538031
0.551561
0.56623
0.582485
0.601161
0.62285
0.64599
0.671762
0.701418
0.734003
0.763887
0.7842
0.794233
0.798124
0.799431
0.799835
0.799954
0.799988
0.799997
0.799999
0.8
0.8
0.8
0.8
0.8
0.8
0.8
0.8
0.8
0.8
0.8
0.8
0.8
0.8
0.8
0.504208
0.510829
0.519154
0.528915
0.539968
0.552294
0.566043
0.58181
0.601161
0.627783
0.668353
0.704768
0.739612
0.76806
0.785961
0.794669
0.798164
0.799407
0.799817
0.799946
0.799985
0.799996
0.799999
0.8
0.8
0.8
0.8
0.8
0.8
0.8
0.8
0.8
0.8
0.8
0.8
0.8
0.8
0.8
0.8
0.8
0.51953
0.525821
0.53374
0.543142
0.553944
0.566262
0.580568
0.598223
0.62285
0.668353
0.796848
0.798878
0.799432
0.799758
0.799909
0.799969
0.79999
0.799997
0.799999
0.8
0.8
0.8
0.8
0.8
0.8
0.8
0.8
0.8
0.8
0.8
0.8
0.8
0.8
0.8
0.8
0.8
0.8
0.8
0.8
0.8
0.533845
0.539956
0.547629
0.55679
0.567476
0.58
0.595269
0.615356
0.64599
0.704768
0.798878
0.799988
0.799997
0.799999
0.8
0.8
0.8
0.8
0.8
0.8
0.8
0.8
0.8
0.8
0.8
0.8
0.8
0.8
0.8
0.8
0.8
0.8
0.8
0.8
0.8
0.8
0.8
0.8
0.8
0.8
0.547378
0.5534
0.560928
0.569973
0.580725
0.593791
0.610453
0.633744
0.671762
0.739612
0.799432
0.799997
0.8
0.8
0.8
0.8
0.8
0.8
0.8
0.8
0.8
0.8
0.8
0.8
0.8
0.8
0.8
0.8
0.8
0.8
0.8
0.8
0.8
0.8
0.8
0.8
0.8
0.8
0.8
0.8
0.560296
0.56632
0.573816
0.582914
0.594033
0.608019
0.626686
0.654452
0.701418
0.76806
0.799758
0.799999
0.8
0.8
0.8
0.8
0.8
0.8
0.8
0.8
0.8
0.8
0.8
0.8
0.8
0.8
0.8
0.8
0.8
0.8
0.8
0.8
0.8
0.8
0.8
0.8
0.8
0.8
0.8
0.8
0.572814
0.578948
0.586572
0.596
0.607819
0.623223
0.644893
0.678963
0.734003
0.785961
0.799909
0.8
0.8
0.8
0.8
0.8
0.8
0.8
0.8
0.8
0.8
0.8
0.8
0.8
0.8
0.8
0.8
0.8
0.8
0.8
0.8
0.8
0.8
0.8
0.8
0.8
0.8
0.8
0.8
0.8
0.585235
0.59164
0.599634
0.609673
0.62262
0.64026
0.666466
0.708465
0.763887
0.794669
0.799969
0.8
0.8
0.8
0.8
0.8
0.8
0.8
0.8
0.8
0.8
0.8
0.8
0.8
0.8
0.8
0.8
0.8
0.8
0.8
0.8
0.8
0.8
0.8
0.8
0.8
0.8
0.8
0.8
0.8
0.597994
0.604856
0.613462
0.624511
0.639303
0.660467
0.693097
0.741289
0.7842
0.798164
0.79999
0.8
0.8
0.8
0.8
0.8
0.8
0.8
0.8
0.8
0.8
0.8
0.8
0.8
0.8
0.8
0.8
0.8
0.8
0.8
0.8
0.8
0.8
0.8
0.8
0.8
0.8
0.8
0.8
0.8
0.611548
0.619118
0.628734
0.641464
0.659242
0.685671
0.725243
0.770261
0.794233
0.799407
0.799997
0.8
0.8
0.8
0.8
0.8
0.8
0.8
0.8
0.8
0.8
0.8
0.8
0.8
0.8
0.8
0.8
0.8
0.8
0.8
0.8
0.8
0.8
0.8
0.8
0.8
0.8
0.8
0.8
0.8
0.626608
0.635294
0.646583
0.662056
0.684384
0.717142
0.758171
0.788229
0.798124
0.799817
0.799999
0.8
0.8
0.8
0.8
0.8
0.8
0.8
0.8
0.8
0.8
0.8
0.8
0.8
0.8
0.8
0.8
0.8
0.8
0.8
0.8
0.8
0.8
0.8
0.8
0.8
0.8
0.8
0.8
0.8
0.644368
0.654834
0.668811
0.688416
0.716246
0.751625
0.782266
0.796108
0.799431
0.799946
0.8
0.8
0.8
0.8
0.8
0.8
0.8
0.8
0.8
0.8
0.8
0.8
0.8
0.8
0.8
0.8
0.8
0.8
0.8
0.8
0.8
0.8
0.8
0.8
0.8
0.8
0.8
0.8
0.8
0.8
0.66679
0.679953
0.697725
0.721859
0.751606
0.778939
0.794041
0.798838
0.799835
0.799985
0.8
0.8
0.8
0.8
0.8
0.8
0.8
0.8
0.8
0.8
0.8
0.8
0.8
0.8
0.8
0.8
0.8
0.8
0.8
0.8
0.8
0.8
0.8
0.8
0.8
0.8
0.8
0.8
0.8
0.8
0.696488
0.712774
0.733552
0.757607
0.779496
0.792958
0.798251
0.799672
0.799954
0.799996
0.8
0.8
0.8
0.8
0.8
0.8
0.8
0.8
0.8
0.8
0.8
0.8
0.8
0.8
0.8
0.8
0.8
0.8
0.8
0.8
0.8
0.8
0.8
0.8
0.8
0.8
0.8
0.8
0.8
0.8
0.733829
0.750373
0.768046
0.783444
0.793404
0.797987
0.799521
0.799911
0.799988
0.799999
0.8
0.8
0.8
0.8
0.8
0.8
0.8
0.8
0.8
0.8
0.8
0.8
0.8
0.8
0.8
0.8
0.8
0.8
0.8
0.8
0.8
0.8
0.8
0.8
0.8
0.8
0.8
0.8
0.8
0.8
0.769459
0.780046
0.78901
0.795042
0.798191
0.799467
0.799874
0.799976
0.799997
0.8
0.8
0.8
0.8
0.8
0.8
0.8
0.8
0.8
0.8
0.8
0.8
0.8
0.8
0.8
0.8
0.8
0.8
0.8
0.8
0.8
0.8
0.8
0.8
0.8
0.8
0.8
0.8
0.8
0.8
0.8
0.790124
0.794099
0.796998
0.798715
0.799542
0.799865
0.799968
0.799994
0.799999
0.8
0.8
0.8
0.8
0.8
0.8
0.8
0.8
0.8
0.8
0.8
0.8
0.8
0.8
0.8
0.8
0.8
0.8
0.8
0.8
0.8
0.8
0.8
0.8
0.8
0.8
0.8
0.8
0.8
0.8
0.8
0.797474
0.798537
0.799273
0.799691
0.799889
0.799967
0.799992
0.799998
0.8
0.8
0.8
0.8
0.8
0.8
0.8
0.8
0.8
0.8
0.8
0.8
0.8
0.8
0.8
0.8
0.8
0.8
0.8
0.8
0.8
0.8
0.8
0.8
0.8
0.8
0.8
0.8
0.8
0.8
0.8
0.8
0.799428
0.79967
0.799836
0.79993
0.799974
0.799992
0.799998
0.8
0.8
0.8
0.8
0.8
0.8
0.8
0.8
0.8
0.8
0.8
0.8
0.8
0.8
0.8
0.8
0.8
0.8
0.8
0.8
0.8
0.8
0.8
0.8
0.8
0.8
0.8
0.8
0.8
0.8
0.8
0.8
0.8
0.79988
0.799931
0.799965
0.799985
0.799994
0.799998
0.799999
0.8
0.8
0.8
0.8
0.8
0.8
0.8
0.8
0.8
0.8
0.8
0.8
0.8
0.8
0.8
0.8
0.8
0.8
0.8
0.8
0.8
0.8
0.8
0.8
0.8
0.8
0.8
0.8
0.8
0.8
0.8
0.8
0.8
0.799977
0.799986
0.799993
0.799997
0.799999
0.8
0.8
0.8
0.8
0.8
0.8
0.8
0.8
0.8
0.8
0.8
0.8
0.8
0.8
0.8
0.8
0.8
0.8
0.8
0.8
0.8
0.8
0.8
0.8
0.8
0.8
0.8
0.8
0.8
0.8
0.8
0.8
0.8
0.8
0.8
0.799996
0.799998
0.799999
0.799999
0.8
0.8
0.8
0.8
0.8
0.8
0.8
0.8
0.8
0.8
0.8
0.8
0.8
0.8
0.8
0.8
0.8
0.8
0.8
0.8
0.8
0.8
0.8
0.8
0.8
0.8
0.8
0.8
0.8
0.8
0.8
0.8
0.8
0.8
0.8
0.8
0.799999
0.8
0.8
0.8
0.8
0.8
0.8
0.8
0.8
0.8
0.8
0.8
0.8
0.8
0.8
0.8
0.8
0.8
0.8
0.8
0.8
0.8
0.8
0.8
0.8
0.8
0.8
0.8
0.8
0.8
0.8
0.8
0.8
0.8
0.8
0.8
0.8
0.8
0.8
0.8
0.8
0.8
0.8
0.8
0.8
0.8
0.8
0.8
0.8
0.8
0.8
0.8
0.8
0.8
0.8
0.8
0.8
0.8
0.8
0.8
0.8
0.8
0.8
0.8
0.8
0.8
0.8
0.8
0.8
0.8
0.8
0.8
0.8
0.8
0.8
0.8
0.8
0.8
0.8
0.8
0.8
0.8
0.8
0.8
0.8
0.8
0.8
0.8
0.8
0.8
0.8
0.8
0.8
0.8
0.8
0.8
0.8
0.8
0.8
0.8
0.8
0.8
0.8
0.8
0.8
0.8
0.8
0.8
0.8
0.8
0.8
0.8
0.8
0.8
0.8
0.8
0.8
0.8
0.8
0.8
0.8
0.8
0.8
0.8
0.8
0.8
0.8
0.8
0.8
0.8
0.8
0.8
0.8
0.8
0.8
0.8
0.8
0.8
0.8
0.8
0.8
0.8
0.8
0.8
0.8
0.8
0.8
0.8
0.8
0.8
0.8
0.8
0.8
0.8
0.8
0.8
0.8
0.8
0.8
0.8
0.8
0.8
0.8
0.8
0.8
0.8
0.8
0.8
0.8
0.8
0.8
0.8
0.8
0.8
0.8
0.8
0.8
0.8
0.8
0.8
0.8
0.8
0.8
0.8
0.8
0.8
0.8
0.8
0.8
0.8
0.8
0.8
0.8
0.8
0.8
0.8
0.8
0.8
0.8
0.8
0.8
0.8
0.8
0.8
0.8
0.8
0.8
0.8
0.8
0.8
0.8
0.8
0.8
0.8
0.8
0.8
0.8
0.8
0.8
0.8
0.8
0.8
0.8
0.8
0.8
0.8
0.8
0.8
0.8
0.8
0.8
0.8
0.8
0.8
0.8
0.8
0.8
0.8
0.8
0.8
0.8
0.8
0.8
0.8
0.8
0.8
0.8
0.8
0.8
0.8
0.8
0.8
0.8
0.8
0.8
0.8
0.8
0.8
0.8
0.8
0.8
0.8
0.8
0.8
0.8
0.8
0.8
0.8
0.8
0.8
0.8
0.8
0.8
0.8
0.8
0.8
0.8
0.8
0.8
0.8
0.8
0.8
0.8
0.8
0.8
0.8
0.8
0.8
0.8
0.8
0.8
0.8
0.8
0.8
0.8
0.8
0.8
0.8
0.8
0.8
0.8
0.8
0.8
0.8
0.8
0.8
0.8
0.8
0.8
0.8
0.8
0.8
0.8
0.8
0.8
0.8
0.8
0.8
0.8
0.8
0.8
0.8
0.8
0.8
0.8
0.8
0.8
0.8
0.8
0.8
0.8
0.8
0.8
0.8
0.8
0.8
0.8
0.8
0.8
0.8
0.8
0.8
0.8
0.8
0.8
0.8
0.8
0.8
0.8
0.8
0.8
0.8
0.8
0.8
0.8
0.8
0.8
0.8
0.8
0.8
0.8
0.8
0.8
0.8
0.8
0.8
0.8
0.8
0.8
0.8
0.8
0.8
0.8
0.8
0.8
0.8
0.8
0.8
0.8
0.8
0.8
0.8
0.8
0.8
0.8
0.8
0.8
0.8
0.8
0.8
0.8
0.8
0.8
0.8
0.8
0.8
0.8
0.8
0.8
0.8
0.244205
0.27297
0.30624
0.339042
0.369275
0.396431
0.420702
0.442487
0.462122
0.479907
0.49613
0.511058
0.524947
0.538038
0.550576
0.562813
0.575039
0.587613
0.601023
0.615986
0.633649
0.655983
0.686044
0.72565
0.765678
0.789277
0.797399
0.799445
0.799891
0.79998
0.799997
0.8
0.8
0.8
0.8
0.8
0.8
0.8
0.8
0.8
0.272963
0.298416
0.327188
0.355895
0.382922
0.40773
0.430346
0.450943
0.469709
0.486859
0.502621
0.517223
0.530895
0.543866
0.556376
0.568688
0.581108
0.594035
0.608022
0.623895
0.64303
0.667737
0.701054
0.742021
0.776685
0.79335
0.798435
0.799667
0.799934
0.799988
0.799998
0.8
0.8
0.8
0.8
0.8
0.8
0.8
0.8
0.8
0.306249
0.327185
0.351182
0.375651
0.399275
0.421525
0.442258
0.461452
0.479173
0.495549
0.510742
0.524934
0.538328
0.551138
0.563606
0.576008
0.588688
0.602105
0.616914
0.634142
0.655527
0.683791
0.721031
0.760658
0.786548
0.796465
0.799185
0.799826
0.799965
0.799994
0.799999
0.8
0.8
0.8
0.8
0.8
0.8
0.8
0.8
0.8
0.339041
0.355891
0.375649
0.396336
0.416873
0.43673
0.455618
0.473403
0.490066
0.50566
0.520284
0.534078
0.547217
0.559912
0.572415
0.585036
0.598182
0.612411
0.628562
0.648017
0.673046
0.70635
0.746023
0.778311
0.793619
0.798411
0.799635
0.799921
0.799984
0.799997
0.799999
0.8
0.8
0.8
0.8
0.8
0.8
0.8
0.8
0.8
0.369273
0.38292
0.399274
0.416873
0.434831
0.452593
0.469822
0.486337
0.50206
0.516982
0.53115
0.544662
0.557677
0.570415
0.583163
0.5963
0.610339
0.62602
0.644542
0.667867
0.698612
0.736708
0.771602
0.790824
0.797554
0.799403
0.799861
0.799969
0.799993
0.799999
0.8
0.8
0.8
0.8
0.8
0.8
0.8
0.8
0.8
0.8
0.39643
0.407729
0.421525
0.43673
0.452593
0.468608
0.484454
0.499937
0.514951
0.529442
0.543405
0.556894
0.570068
0.583186
0.596616
0.610858
0.62663
0.645069
0.668005
0.697835
0.734653
0.76928
0.789514
0.797062
0.799246
0.799814
0.799956
0.79999
0.799998
0.8
0.8
0.8
0.8
0.8
0.8
0.8
0.8
0.8
0.8
0.8
0.420702
0.430345
0.442258
0.455617
0.469822
0.484454
0.49924
0.514013
0.528675
0.543154
0.557389
0.571362
0.585256
0.599432
0.614415
0.630964
0.650277
0.674181
0.704723
0.740793
0.772684
0.790591
0.797285
0.799276
0.799814
0.799953
0.799988
0.799997
0.799999
0.8
0.8
0.8
0.8
0.8
0.8
0.8
0.8
0.8
0.8
0.8
0.442487
0.450942
0.461452
0.473403
0.486337
0.499937
0.514013
0.528479
0.543322
0.558546
0.574043
0.589548
0.605333
0.621987
0.640419
0.662008
0.688574
0.721059
0.755236
0.780887
0.793574
0.798116
0.799483
0.799863
0.799964
0.799991
0.799998
0.799999
0.8
0.8
0.8
0.8
0.8
0.8
0.8
0.8
0.8
0.8
0.8
0.8
0.462121
0.469708
0.479173
0.490066
0.502059
0.514951
0.528675
0.543322
0.559181
0.576717
0.596097
0.615622
0.636008
0.658518
0.684725
0.715525
0.748179
0.77493
0.790366
0.796851
0.799062
0.799735
0.799928
0.799981
0.799995
0.799999
0.8
0.8
0.8
0.8
0.8
0.8
0.8
0.8
0.8
0.8
0.8
0.8
0.8
0.8
0.479907
0.486859
0.495549
0.50566
0.516982
0.529442
0.543154
0.558546
0.576717
0.600409
0.634898
0.665229
0.696465
0.728667
0.758116
0.779598
0.791661
0.797028
0.799034
0.799705
0.799914
0.799976
0.799993
0.799998
0.8
0.8
0.8
0.8
0.8
0.8
0.8
0.8
0.8
0.8
0.8
0.8
0.8
0.8
0.8
0.8
0.49613
0.50262
0.510741
0.520284
0.53115
0.543405
0.557389
0.574043
0.596097
0.634898
0.794349
0.797514
0.798432
0.799175
0.799631
0.799855
0.799949
0.799983
0.799995
0.799999
0.8
0.8
0.8
0.8
0.8
0.8
0.8
0.8
0.8
0.8
0.8
0.8
0.8
0.8
0.8
0.8
0.8
0.8
0.8
0.8
0.511058
0.517223
0.524934
0.534078
0.544662
0.556894
0.571362
0.589548
0.615622
0.665229
0.797514
0.799967
0.79999
0.799995
0.799998
0.799999
0.8
0.8
0.8
0.8
0.8
0.8
0.8
0.8
0.8
0.8
0.8
0.8
0.8
0.8
0.8
0.8
0.8
0.8
0.8
0.8
0.8
0.8
0.8
0.8
0.524947
0.530895
0.538328
0.547217
0.557677
0.570068
0.585256
0.605333
0.636008
0.696465
0.798432
0.79999
0.8
0.8
0.8
0.8
0.8
0.8
0.8
0.8
0.8
0.8
0.8
0.8
0.8
0.8
0.8
0.8
0.8
0.8
0.8
0.8
0.8
0.8
0.8
0.8
0.8
0.8
0.8
0.8
0.538038
0.543866
0.551138
0.559912
0.570415
0.583186
0.599432
0.621987
0.658518
0.728667
0.799175
0.799995
0.8
0.8
0.8
0.8
0.8
0.8
0.8
0.8
0.8
0.8
0.8
0.8
0.8
0.8
0.8
0.8
0.8
0.8
0.8
0.8
0.8
0.8
0.8
0.8
0.8
0.8
0.8
0.8
0.550576
0.556376
0.563606
0.572415
0.583163
0.596616
0.614415
0.640419
0.684725
0.758116
0.799631
0.799998
0.8
0.8
0.8
0.8
0.8
0.8
0.8
0.8
0.8
0.8
0.8
0.8
0.8
0.8
0.8
0.8
0.8
0.8
0.8
0.8
0.8
0.8
0.8
0.8
0.8
0.8
0.8
0.8
0.562813
0.568688
0.576008
0.585036
0.5963
0.610858
0.630964
0.662008
0.715525
0.779598
0.799855
0.799999
0.8
0.8
0.8
0.8
0.8
0.8
0.8
0.8
0.8
0.8
0.8
0.8
0.8
0.8
0.8
0.8
0.8
0.8
0.8
0.8
0.8
0.8
0.8
0.8
0.8
0.8
0.8
0.8
0.575039
0.581108
0.588688
0.598182
0.610338
0.62663
0.650277
0.688574
0.748179
0.791661
0.799949
0.8
0.8
0.8
0.8
0.8
0.8
0.8
0.8
0.8
0.8
0.8
0.8
0.8
0.8
0.8
0.8
0.8
0.8
0.8
0.8
0.8
0.8
0.8
0.8
0.8
0.8
0.8
0.8
0.8
0.587613
0.594035
0.602105
0.612411
0.62602
0.645069
0.674181
0.721059
0.77493
0.797028
0.799983
0.8
0.8
0.8
0.8
0.8
0.8
0.8
0.8
0.8
0.8
0.8
0.8
0.8
0.8
0.8
0.8
0.8
0.8
0.8
0.8
0.8
0.8
0.8
0.8
0.8
0.8
0.8
0.8
0.8
0.601023
0.608022
0.616914
0.628562
0.644541
0.668005
0.704723
0.755236
0.790366
0.799034
0.799995
0.8
0.8
0.8
0.8
0.8
0.8
0.8
0.8
0.8
0.8
0.8
0.8
0.8
0.8
0.8
0.8
0.8
0.8
0.8
0.8
0.8
0.8
0.8
0.8
0.8
0.8
0.8
0.8
0.8
0.615986
0.623895
0.634142
0.648017
0.667867
0.697835
0.740793
0.780887
0.796851
0.799705
0.799999
0.8
0.8
0.8
0.8
0.8
0.8
0.8
0.8
0.8
0.8
0.8
0.8
0.8
0.8
0.8
0.8
0.8
0.8
0.8
0.8
0.8
0.8
0.8
0.8
0.8
0.8
0.8
0.8
0.8
0.633649
0.64303
0.655527
0.673046
0.698612
0.734653
0.772684
0.793574
0.799062
0.799914
0.8
0.8
0.8
0.8
0.8
0.8
0.8
0.8
0.8
0.8
0.8
0.8
0.8
0.8
0.8
0.8
0.8
0.8
0.8
0.8
0.8
0.8
0.8
0.8
0.8
0.8
0.8
0.8
0.8
0.8
0.655983
0.667737
0.683791
0.70635
0.736708
0.76928
0.790591
0.798116
0.799735
0.799976
0.8
0.8
0.8
0.8
0.8
0.8
0.8
0.8
0.8
0.8
0.8
0.8
0.8
0.8
0.8
0.8
0.8
0.8
0.8
0.8
0.8
0.8
0.8
0.8
0.8
0.8
0.8
0.8
0.8
0.8
0.686044
0.701054
0.721031
0.746023
0.771602
0.789514
0.797285
0.799483
0.799928
0.799993
0.8
0.8
0.8
0.8
0.8
0.8
0.8
0.8
0.8
0.8
0.8
0.8
0.8
0.8
0.8
0.8
0.8
0.8
0.8
0.8
0.8
0.8
0.8
0.8
0.8
0.8
0.8
0.8
0.8
0.8
0.72565
0.742021
0.760658
0.778311
0.790824
0.797062
0.799276
0.799863
0.799981
0.799998
0.8
0.8
0.8
0.8
0.8
0.8
0.8
0.8
0.8
0.8
0.8
0.8
0.8
0.8
0.8
0.8
0.8
0.8
0.8
0.8
0.8
0.8
0.8
0.8
0.8
0.8
0.8
0.8
0.8
0.8
0.765678
0.776685
0.786548
0.793619
0.797554
0.799246
0.799814
0.799964
0.799995
0.8
0.8
0.8
0.8
0.8
0.8
0.8
0.8
0.8
0.8
0.8
0.8
0.8
0.8
0.8
0.8
0.8
0.8
0.8
0.8
0.8
0.8
0.8
0.8
0.8
0.8
0.8
0.8
0.8
0.8
0.8
0.789277
0.79335
0.796465
0.798411
0.799403
0.799814
0.799953
0.799991
0.799999
0.8
0.8
0.8
0.8
0.8
0.8
0.8
0.8
0.8
0.8
0.8
0.8
0.8
0.8
0.8
0.8
0.8
0.8
0.8
0.8
0.8
0.8
0.8
0.8
0.8
0.8
0.8
0.8
0.8
0.8
0.8
0.797399
0.798435
0.799185
0.799635
0.799861
0.799956
0.799988
0.799998
0.8
0.8
0.8
0.8
0.8
0.8
0.8
0.8
0.8
0.8
0.8
0.8
0.8
0.8
0.8
0.8
0.8
0.8
0.8
0.8
0.8
0.8
0.8
0.8
0.8
0.8
0.8
0.8
0.8
0.8
0.8
0.8
0.799445
0.799667
0.799826
0.799921
0.799969
0.79999
0.799997
0.799999
0.8
0.8
0.8
0.8
0.8
0.8
0.8
0.8
0.8
0.8
0.8
0.8
0.8
0.8
0.8
0.8
0.8
0.8
0.8
0.8
0.8
0.8
0.8
0.8
0.8
0.8
0.8
0.8
0.8
0.8
0.8
0.8
0.799891
0.799934
0.799965
0.799984
0.799993
0.799998
0.799999
0.8
0.8
0.8
0.8
0.8
0.8
0.8
0.8
0.8
0.8
0.8
0.8
0.8
0.8
0.8
0.8
0.8
0.8
0.8
0.8
0.8
0.8
0.8
0.8
0.8
0.8
0.8
0.8
0.8
0.8
0.8
0.8
0.8
0.79998
0.799988
0.799994
0.799997
0.799999
0.8
0.8
0.8
0.8
0.8
0.8
0.8
0.8
0.8
0.8
0.8
0.8
0.8
0.8
0.8
0.8
0.8
0.8
0.8
0.8
0.8
0.8
0.8
0.8
0.8
0.8
0.8
0.8
0.8
0.8
0.8
0.8
0.8
0.8
0.8
0.799997
0.799998
0.799999
0.799999
0.8
0.8
0.8
0.8
0.8
0.8
0.8
0.8
0.8
0.8
0.8
0.8
0.8
0.8
0.8
0.8
0.8
0.8
0.8
0.8
0.8
0.8
0.8
0.8
0.8
0.8
0.8
0.8
0.8
0.8
0.8
0.8
0.8
0.8
0.8
0.8
0.8
0.8
0.8
0.8
0.8
0.8
0.8
0.8
0.8
0.8
0.8
0.8
0.8
0.8
0.8
0.8
0.8
0.8
0.8
0.8
0.8
0.8
0.8
0.8
0.8
0.8
0.8
0.8
0.8
0.8
0.8
0.8
0.8
0.8
0.8
0.8
0.8
0.8
0.8
0.8
0.8
0.8
0.8
0.8
0.8
0.8
0.8
0.8
0.8
0.8
0.8
0.8
0.8
0.8
0.8
0.8
0.8
0.8
0.8
0.8
0.8
0.8
0.8
0.8
0.8
0.8
0.8
0.8
0.8
0.8
0.8
0.8
0.8
0.8
0.8
0.8
0.8
0.8
0.8
0.8
0.8
0.8
0.8
0.8
0.8
0.8
0.8
0.8
0.8
0.8
0.8
0.8
0.8
0.8
0.8
0.8
0.8
0.8
0.8
0.8
0.8
0.8
0.8
0.8
0.8
0.8
0.8
0.8
0.8
0.8
0.8
0.8
0.8
0.8
0.8
0.8
0.8
0.8
0.8
0.8
0.8
0.8
0.8
0.8
0.8
0.8
0.8
0.8
0.8
0.8
0.8
0.8
0.8
0.8
0.8
0.8
0.8
0.8
0.8
0.8
0.8
0.8
0.8
0.8
0.8
0.8
0.8
0.8
0.8
0.8
0.8
0.8
0.8
0.8
0.8
0.8
0.8
0.8
0.8
0.8
0.8
0.8
0.8
0.8
0.8
0.8
0.8
0.8
0.8
0.8
0.8
0.8
0.8
0.8
0.8
0.8
0.8
0.8
0.8
0.8
0.8
0.8
0.8
0.8
0.8
0.8
0.8
0.8
0.8
0.8
0.8
0.8
0.8
0.8
0.8
0.8
0.8
0.8
0.8
0.8
0.8
0.8
0.8
0.8
0.8
0.8
0.8
0.8
0.8
0.8
0.8
0.8
0.8
0.8
0.8
0.8
0.8
0.8
0.8
0.8
0.8
0.8
0.8
0.8
0.8
0.8
0.8
0.8
0.8
0.8
0.8
0.8
0.8
0.8
0.8
0.8
0.8
0.8
0.8
0.8
0.8
0.8
0.8
0.8
0.8
0.8
0.8
0.8
0.8
0.8
0.8
0.8
0.8
0.8
0.8
0.8
0.8
0.8
0.8
0.8
0.8
0.8
0.8
0.8
0.8
0.8
0.8
0.8
0.8
0.8
0.8
0.8
0.8
0.8
0.8
0.8
0.8
0.8
0.8
0.8
0.8
0.8
0.8
0.8
0.8
0.8
0.8
0.8
0.8
0.8
0.8
0.8
0.8
0.8
0.8
0.8
0.8
0.8
0.8
0.8
0.8
0.8
0.8
0.8
0.8
0.8
0.8
0.8
0.8
0.8
0.8
0.8
0.8
0.8
0.8
0.8
0.8
0.8
0.8
0.8
0.8
0.8
0.8
0.8
0.8
0.8
0.8
0.8
0.8
0.8
0.8
0.8
0.8
0.8
0.8
0.8
0.8
0.8
0.8
0.8
0.8
0.8
0.8
0.8
0.8
0.8
0.8
0.8
0.8
0.8
0.8
0.8
0.8
0.8
0.8
0.8
0.8
0.8
0.8
0.8
0.20744
0.230722
0.267295
0.305658
0.340882
0.371918
0.399031
0.422869
0.444058
0.463057
0.480238
0.495926
0.510409
0.523952
0.536804
0.549211
0.561435
0.57378
0.586635
0.600542
0.616321
0.635322
0.659904
0.693507
0.736359
0.774353
0.792917
0.798422
0.799685
0.799942
0.79999
0.799999
0.8
0.8
0.8
0.8
0.8
0.8
0.8
0.8
0.230702
0.258545
0.291973
0.325483
0.35661
0.384622
0.409608
0.431982
0.45213
0.47037
0.486993
0.502272
0.516462
0.529807
0.542547
0.554927
0.56722
0.579753
0.592955
0.607437
0.624143
0.644676
0.67175
0.708495
0.751287
0.782709
0.795537
0.799023
0.799805
0.799964
0.799994
0.799999
0.8
0.8
0.8
0.8
0.8
0.8
0.8
0.8
0.267311
0.29198
0.320079
0.348351
0.375168
0.399915
0.422552
0.443242
0.462156
0.479482
0.495425
0.510198
0.524019
0.53711
0.549702
0.562046
0.574432
0.587224
0.600914
0.616223
0.634312
0.65719
0.687946
0.728097
0.767566
0.789993
0.797561
0.79947
0.799893
0.79998
0.799997
0.799999
0.8
0.8
0.8
0.8
0.8
0.8
0.8
0.8
0.305667
0.325488
0.348352
0.371874
0.394783
0.416527
0.436938
0.455965
0.473637
0.490037
0.505294
0.519561
0.533021
0.545879
0.558364
0.570746
0.58335
0.5966
0.611095
0.627748
0.648112
0.674761
0.710528
0.751778
0.78228
0.795157
0.798858
0.799751
0.799949
0.79999
0.799998
0.8
0.8
0.8
0.8
0.8
0.8
0.8
0.8
0.8
0.340886
0.356612
0.375169
0.394783
0.414453
0.43366
0.452111
0.469647
0.486207
0.501797
0.516472
0.530333
0.543532
0.55627
0.568794
0.581409
0.594505
0.608617
0.624535
0.643559
0.667868
0.700336
0.740297
0.774953
0.792415
0.798073
0.799547
0.799899
0.799978
0.799996
0.799999
0.8
0.8
0.8
0.8
0.8
0.8
0.8
0.8
0.8
0.37192
0.384622
0.399916
0.416527
0.43366
0.450802
0.467627
0.48394
0.499635
0.514654
0.528984
0.542665
0.555831
0.568697
0.581559
0.594799
0.608936
0.624711
0.643327
0.666764
0.697676
0.736054
0.771273
0.790684
0.797493
0.799376
0.79985
0.799965
0.799992
0.799998
0.8
0.8
0.8
0.8
0.8
0.8
0.8
0.8
0.8
0.8
0.399032
0.409609
0.422552
0.436938
0.452111
0.467627
0.483194
0.498632
0.513824
0.528678
0.543099
0.557031
0.5706
0.584087
0.59789
0.612552
0.628847
0.648015
0.672004
0.703125
0.740413
0.773264
0.791133
0.797526
0.799357
0.799838
0.79996
0.79999
0.799998
0.799999
0.8
0.8
0.8
0.8
0.8
0.8
0.8
0.8
0.8
0.8
0.422869
0.431982
0.443242
0.455966
0.469647
0.48394
0.498632
0.51361
0.528824
0.544218
0.559606
0.574643
0.589504
0.604632
0.620654
0.638488
0.659548
0.685791
0.718524
0.7538
0.780583
0.793656
0.798195
0.799516
0.799873
0.799967
0.799991
0.799998
0.799999
0.8
0.8
0.8
0.8
0.8
0.8
0.8
0.8
0.8
0.8
0.8
0.444058
0.45213
0.462156
0.473637
0.486207
0.499635
0.513824
0.528824
0.544837
0.562178
0.580789
0.598932
0.617151
0.636336
0.657724
0.68292
0.713056
0.745892
0.773647
0.789969
0.796797
0.799072
0.799744
0.799931
0.799982
0.799995
0.799999
0.8
0.8
0.8
0.8
0.8
0.8
0.8
0.8
0.8
0.8
0.8
0.8
0.8
0.463057
0.47037
0.479482
0.490037
0.501797
0.514654
0.528678
0.544218
0.562178
0.584813
0.616469
0.643447
0.670748
0.699793
0.730065
0.758109
0.779127
0.791353
0.796926
0.799017
0.799706
0.799916
0.799977
0.799994
0.799998
0.8
0.8
0.8
0.8
0.8
0.8
0.8
0.8
0.8
0.8
0.8
0.8
0.8
0.8
0.8
0.480238
0.486993
0.495425
0.505294
0.516472
0.528984
0.543099
0.559606
0.580789
0.616469
0.792428
0.796275
0.797338
0.798375
0.79915
0.799617
0.799849
0.799947
0.799983
0.799995
0.799999
0.8
0.8
0.8
0.8
0.8
0.8
0.8
0.8
0.8
0.8
0.8
0.8
0.8
0.8
0.8
0.8
0.8
0.8
0.8
0.495926
0.502272
0.510198
0.519561
0.530333
0.542665
0.557031
0.574643
0.598932
0.643447
0.796275
0.799941
0.799979
0.799989
0.799995
0.799998
0.799999
0.8
0.8
0.8
0.8
0.8
0.8
0.8
0.8
0.8
0.8
0.8
0.8
0.8
0.8
0.8
0.8
0.8
0.8
0.8
0.8
0.8
0.8
0.8
0.510409
0.516462
0.524019
0.533021
0.543532
0.555831
0.5706
0.589504
0.617151
0.670748
0.797338
0.799979
0.8
0.8
0.8
0.8
0.8
0.8
0.8
0.8
0.8
0.8
0.8
0.8
0.8
0.8
0.8
0.8
0.8
0.8
0.8
0.8
0.8
0.8
0.8
0.8
0.8
0.8
0.8
0.8
0.523952
0.529807
0.53711
0.545879
0.55627
0.568697
0.584087
0.604632
0.636336
0.699793
0.798375
0.799989
0.8
0.8
0.8
0.8
0.8
0.8
0.8
0.8
0.8
0.8
0.8
0.8
0.8
0.8
0.8
0.8
0.8
0.8
0.8
0.8
0.8
0.8
0.8
0.8
0.8
0.8
0.8
0.8
0.536804
0.542547
0.549702
0.558364
0.568794
0.581559
0.59789
0.620654
0.657724
0.730065
0.79915
0.799995
0.8
0.8
0.8
0.8
0.8
0.8
0.8
0.8
0.8
0.8
0.8
0.8
0.8
0.8
0.8
0.8
0.8
0.8
0.8
0.8
0.8
0.8
0.8
0.8
0.8
0.8
0.8
0.8
0.549211
0.554927
0.562046
0.570746
0.581409
0.594799
0.612552
0.638488
0.68292
0.758109
0.799617
0.799998
0.8
0.8
0.8
0.8
0.8
0.8
0.8
0.8
0.8
0.8
0.8
0.8
0.8
0.8
0.8
0.8
0.8
0.8
0.8
0.8
0.8
0.8
0.8
0.8
0.8
0.8
0.8
0.8
0.561435
0.56722
0.574432
0.58335
0.594505
0.608936
0.628847
0.659548
0.713056
0.779127
0.799849
0.799999
0.8
0.8
0.8
0.8
0.8
0.8
0.8
0.8
0.8
0.8
0.8
0.8
0.8
0.8
0.8
0.8
0.8
0.8
0.8
0.8
0.8
0.8
0.8
0.8
0.8
0.8
0.8
0.8
0.57378
0.579753
0.587224
0.5966
0.608617
0.624711
0.648015
0.685791
0.745892
0.791353
0.799947
0.8
0.8
0.8
0.8
0.8
0.8
0.8
0.8
0.8
0.8
0.8
0.8
0.8
0.8
0.8
0.8
0.8
0.8
0.8
0.8
0.8
0.8
0.8
0.8
0.8
0.8
0.8
0.8
0.8
0.586635
0.592955
0.600914
0.611095
0.624535
0.643327
0.672004
0.718524
0.773647
0.796926
0.799983
0.8
0.8
0.8
0.8
0.8
0.8
0.8
0.8
0.8
0.8
0.8
0.8
0.8
0.8
0.8
0.8
0.8
0.8
0.8
0.8
0.8
0.8
0.8
0.8
0.8
0.8
0.8
0.8
0.8
0.600542
0.607437
0.616223
0.627748
0.643559
0.666764
0.703125
0.7538
0.789969
0.799017
0.799995
0.8
0.8
0.8
0.8
0.8
0.8
0.8
0.8
0.8
0.8
0.8
0.8
0.8
0.8
0.8
0.8
0.8
0.8
0.8
0.8
0.8
0.8
0.8
0.8
0.8
0.8
0.8
0.8
0.8
0.616321
0.624143
0.634312
0.648112
0.667868
0.697676
0.740413
0.780583
0.796797
0.799706
0.799999
0.8
0.8
0.8
0.8
0.8
0.8
0.8
0.8
0.8
0.8
0.8
0.8
0.8
0.8
0.8
0.8
0.8
0.8
0.8
0.8
0.8
0.8
0.8
0.8
0.8
0.8
0.8
0.8
0.8
0.635322
0.644676
0.65719
0.674761
0.700336
0.736054
0.773264
0.793656
0.799072
0.799916
0.8
0.8
0.8
0.8
0.8
0.8
0.8
0.8
0.8
0.8
0.8
0.8
0.8
0.8
0.8
0.8
0.8
0.8
0.8
0.8
0.8
0.8
0.8
0.8
0.8
0.8
0.8
0.8
0.8
0.8
0.659904
0.67175
0.687946
0.710528
0.740297
0.771273
0.791133
0.798195
0.799744
0.799977
0.8
0.8
0.8
0.8
0.8
0.8
0.8
0.8
0.8
0.8
0.8
0.8
0.8
0.8
0.8
0.8
0.8
0.8
0.8
0.8
0.8
0.8
0.8
0.8
0.8
0.8
0.8
0.8
0.8
0.8
0.693507
0.708495
0.728097
0.751778
0.774953
0.790684
0.797526
0.799516
0.799931
0.799994
0.8
0.8
0.8
0.8
0.8
0.8
0.8
0.8
0.8
0.8
0.8
0.8
0.8
0.8
0.8
0.8
0.8
0.8
0.8
0.8
0.8
0.8
0.8
0.8
0.8
0.8
0.8
0.8
0.8
0.8
0.736359
0.751287
0.767566
0.78228
0.792415
0.797493
0.799357
0.799873
0.799982
0.799998
0.8
0.8
0.8
0.8
0.8
0.8
0.8
0.8
0.8
0.8
0.8
0.8
0.8
0.8
0.8
0.8
0.8
0.8
0.8
0.8
0.8
0.8
0.8
0.8
0.8
0.8
0.8
0.8
0.8
0.8
0.774353
0.782709
0.789993
0.795157
0.798073
0.799376
0.799838
0.799967
0.799995
0.8
0.8
0.8
0.8
0.8
0.8
0.8
0.8
0.8
0.8
0.8
0.8
0.8
0.8
0.8
0.8
0.8
0.8
0.8
0.8
0.8
0.8
0.8
0.8
0.8
0.8
0.8
0.8
0.8
0.8
0.8
0.792917
0.795537
0.797561
0.798858
0.799547
0.79985
0.79996
0.799991
0.799999
0.8
0.8
0.8
0.8
0.8
0.8
0.8
0.8
0.8
0.8
0.8
0.8
0.8
0.8
0.8
0.8
0.8
0.8
0.8
0.8
0.8
0.8
0.8
0.8
0.8
0.8
0.8
0.8
0.8
0.8
0.8
0.798422
0.799023
0.79947
0.799751
0.799899
0.799965
0.79999
0.799998
0.8
0.8
0.8
0.8
0.8
0.8
0.8
0.8
0.8
0.8
0.8
0.8
0.8
0.8
0.8
0.8
0.8
0.8
0.8
0.8
0.8
0.8
0.8
0.8
0.8
0.8
0.8
0.8
0.8
0.8
0.8
0.8
0.799685
0.799805
0.799893
0.799949
0.799978
0.799992
0.799998
0.799999
0.8
0.8
0.8
0.8
0.8
0.8
0.8
0.8
0.8
0.8
0.8
0.8
0.8
0.8
0.8
0.8
0.8
0.8
0.8
0.8
0.8
0.8
0.8
0.8
0.8
0.8
0.8
0.8
0.8
0.8
0.8
0.8
0.799942
0.799964
0.79998
0.79999
0.799996
0.799998
0.799999
0.8
0.8
0.8
0.8
0.8
0.8
0.8
0.8
0.8
0.8
0.8
0.8
0.8
0.8
0.8
0.8
0.8
0.8
0.8
0.8
0.8
0.8
0.8
0.8
0.8
0.8
0.8
0.8
0.8
0.8
0.8
0.8
0.8
0.79999
0.799994
0.799997
0.799998
0.799999
0.8
0.8
0.8
0.8
0.8
0.8
0.8
0.8
0.8
0.8
0.8
0.8
0.8
0.8
0.8
0.8
0.8
0.8
0.8
0.8
0.8
0.8
0.8
0.8
0.8
0.8
0.8
0.8
0.8
0.8
0.8
0.8
0.8
0.8
0.8
0.799999
0.799999
0.799999
0.8
0.8
0.8
0.8
0.8
0.8
0.8
0.8
0.8
0.8
0.8
0.8
0.8
0.8
0.8
0.8
0.8
0.8
0.8
0.8
0.8
0.8
0.8
0.8
0.8
0.8
0.8
0.8
0.8
0.8
0.8
0.8
0.8
0.8
0.8
0.8
0.8
0.8
0.8
0.8
0.8
0.8
0.8
0.8
0.8
0.8
0.8
0.8
0.8
0.8
0.8
0.8
0.8
0.8
0.8
0.8
0.8
0.8
0.8
0.8
0.8
0.8
0.8
0.8
0.8
0.8
0.8
0.8
0.8
0.8
0.8
0.8
0.8
0.8
0.8
0.8
0.8
0.8
0.8
0.8
0.8
0.8
0.8
0.8
0.8
0.8
0.8
0.8
0.8
0.8
0.8
0.8
0.8
0.8
0.8
0.8
0.8
0.8
0.8
0.8
0.8
0.8
0.8
0.8
0.8
0.8
0.8
0.8
0.8
0.8
0.8
0.8
0.8
0.8
0.8
0.8
0.8
0.8
0.8
0.8
0.8
0.8
0.8
0.8
0.8
0.8
0.8
0.8
0.8
0.8
0.8
0.8
0.8
0.8
0.8
0.8
0.8
0.8
0.8
0.8
0.8
0.8
0.8
0.8
0.8
0.8
0.8
0.8
0.8
0.8
0.8
0.8
0.8
0.8
0.8
0.8
0.8
0.8
0.8
0.8
0.8
0.8
0.8
0.8
0.8
0.8
0.8
0.8
0.8
0.8
0.8
0.8
0.8
0.8
0.8
0.8
0.8
0.8
0.8
0.8
0.8
0.8
0.8
0.8
0.8
0.8
0.8
0.8
0.8
0.8
0.8
0.8
0.8
0.8
0.8
0.8
0.8
0.8
0.8
0.8
0.8
0.8
0.8
0.8
0.8
0.8
0.8
0.8
0.8
0.8
0.8
0.8
0.8
0.8
0.8
0.8
0.8
0.8
0.8
0.8
0.8
0.8
0.8
0.8
0.8
0.8
0.8
0.8
0.8
0.8
0.8
0.8
0.8
0.8
0.8
0.8
0.8
0.8
0.8
0.8
0.8
0.8
0.8
0.8
0.8
0.8
0.8
0.8
0.8
0.8
0.8
0.8
0.8
0.8
0.8
0.8
0.8
0.8
0.8
0.8
0.8
0.8
0.8
0.8
0.8
0.8
0.8
0.8
0.8
0.8
0.8
0.8
0.8
0.8
0.8
0.8
0.8
0.8
0.8
0.8
0.8
0.8
0.8
0.8
0.8
0.8
0.8
0.8
0.8
0.8
0.8
0.8
0.8
0.8
0.8
0.8
0.8
0.8
0.8
0.8
0.8
0.8
0.8
0.8
0.8
0.8
0.8
0.8
0.8
0.8
0.8
0.8
0.8
0.8
0.8
0.8
0.8
0.8
0.8
0.8
0.8
0.8
0.8
0.8
0.8
0.8
0.8
0.8
0.8
0.8
0.8
0.8
0.8
0.8
0.8
0.8
0.8
0.8
0.8
0.8
0.8
0.8
0.8
0.8
0.8
0.8
0.8
0.8
0.8
0.8
0.8
0.8
0.8
0.8
0.8
0.8
0.8
0.200038
0.206822
0.237748
0.279636
0.319224
0.353673
0.383245
0.408801
0.431216
0.451143
0.46905
0.485311
0.500247
0.514137
0.52724
0.5398
0.55207
0.564324
0.5769
0.590253
0.605053
0.622363
0.644024
0.673161
0.712954
0.757236
0.78633
0.796777
0.799347
0.79988
0.79998
0.799997
0.8
0.8
0.8
0.8
0.8
0.8
0.8
0.8
0.206782
0.228916
0.264396
0.302016
0.336808
0.367631
0.39466
0.41848
0.439699
0.458766
0.476037
0.491824
0.506407
0.520043
0.532974
0.545443
0.557705
0.57005
0.582844
0.596593
0.612057
0.630469
0.653991
0.686009
0.728136
0.768912
0.790986
0.797948
0.799586
0.799923
0.799987
0.799998
0.8
0.8
0.8
0.8
0.8
0.8
0.8
0.8
0.237731
0.264395
0.295982
0.327678
0.357328
0.384256
0.408489
0.430357
0.45018
0.46822
0.484726
0.499935
0.514082
0.527397
0.54011
0.552463
0.564717
0.577188
0.59029
0.604609
0.621049
0.641135
0.667503
0.703496
0.746794
0.780434
0.794842
0.798854
0.799768
0.799956
0.799992
0.799999
0.8
0.8
0.8
0.8
0.8
0.8
0.8
0.8
0.27963
0.302015
0.327678
0.353729
0.378724
0.402082
0.42371
0.443691
0.462121
0.479125
0.494854
0.509478
0.523188
0.53619
0.548707
0.560986
0.573314
0.586051
0.599688
0.614945
0.632983
0.655821
0.6866
0.72698
0.766945
0.789763
0.797482
0.799444
0.799885
0.799978
0.799996
0.799999
0.8
0.8
0.8
0.8
0.8
0.8
0.8
0.8
0.319221
0.336808
0.357328
0.378724
0.399871
0.420248
0.439643
0.457949
0.475134
0.491221
0.506276
0.520404
0.53376
0.546537
0.558964
0.571312
0.583917
0.597219
0.611843
0.628756
0.64961
0.677106
0.713916
0.755136
0.784023
0.795673
0.798967
0.799768
0.79995
0.79999
0.799998
0.8
0.8
0.8
0.8
0.8
0.8
0.8
0.8
0.8
0.353672
0.36763
0.384255
0.402082
0.420248
0.438266
0.455834
0.472769
0.488968
0.50438
0.518988
0.532828
0.546025
0.558778
0.571349
0.584067
0.597358
0.611813
0.628321
0.648368
0.674369
0.708981
0.749225
0.780285
0.794259
0.79854
0.799649
0.799918
0.799982
0.799996
0.799999
0.8
0.8
0.8
0.8
0.8
0.8
0.8
0.8
0.8
0.383244
0.39466
0.408489
0.42371
0.439643
0.455834
0.471989
0.487921
0.503507
0.518643
0.533218
0.547158
0.560571
0.573698
0.586881
0.60057
0.615377
0.632213
0.652565
0.678736
0.712904
0.751481
0.7808
0.794208
0.798463
0.799611
0.799903
0.799976
0.799994
0.799999
0.8
0.8
0.8
0.8
0.8
0.8
0.8
0.8
0.8
0.8
0.4088
0.41848
0.430357
0.443691
0.457949
0.472768
0.487921
0.503279
0.518771
0.534309
0.549662
0.564457
0.578827
0.593146
0.607936
0.623902
0.642108
0.664193
0.692327
0.727204
0.762312
0.785724
0.795682
0.798823
0.799691
0.79992
0.799979
0.799994
0.799998
0.8
0.8
0.8
0.8
0.8
0.8
0.8
0.8
0.8
0.8
0.8
0.431215
0.439699
0.45018
0.462121
0.475134
0.488968
0.503507
0.518771
0.534917
0.552171
0.570358
0.587735
0.604787
0.62225
0.641073
0.662625
0.688626
0.719922
0.752964
0.778829
0.79255
0.797758
0.799375
0.799831
0.799955
0.799988
0.799997
0.799999
0.8
0.8
0.8
0.8
0.8
0.8
0.8
0.8
0.8
0.8
0.8
0.8
0.451143
0.458766
0.46822
0.479125
0.491221
0.50438
0.518643
0.534309
0.552171
0.574204
0.60416
0.629121
0.653898
0.680093
0.708362
0.737575
0.763872
0.78279
0.79324
0.797718
0.799301
0.799798
0.799944
0.799985
0.799996
0.799999
0.8
0.8
0.8
0.8
0.8
0.8
0.8
0.8
0.8
0.8
0.8
0.8
0.8
0.8
0.46905
0.476037
0.484726
0.494854
0.506276
0.518988
0.533218
0.549662
0.570358
0.60416
0.790886
0.795215
0.796327
0.797545
0.798572
0.799283
0.79969
0.799883
0.799961
0.799988
0.799996
0.799999
0.8
0.8
0.8
0.8
0.8
0.8
0.8
0.8
0.8
0.8
0.8
0.8
0.8
0.8
0.8
0.8
0.8
0.8
0.485311
0.491824
0.499935
0.509478
0.520404
0.532828
0.547158
0.564457
0.587735
0.629121
0.795215
0.799915
0.799968
0.799981
0.79999
0.799996
0.799998
0.799999
0.8
0.8
0.8
0.8
0.8
0.8
0.8
0.8
0.8
0.8
0.8
0.8
0.8
0.8
0.8
0.8
0.8
0.8
0.8
0.8
0.8
0.8
0.500247
0.506407
0.514082
0.523188
0.53376
0.546025
0.560571
0.578827
0.604787
0.653898
0.796327
0.799968
0.8
0.8
0.8
0.8
0.8
0.8
0.8
0.8
0.8
0.8
0.8
0.8
0.8
0.8
0.8
0.8
0.8
0.8
0.8
0.8
0.8
0.8
0.8
0.8
0.8
0.8
0.8
0.8
0.514137
0.520043
0.527397
0.536189
0.546537
0.558778
0.573698
0.593146
0.62225
0.680093
0.797545
0.799981
0.8
0.8
0.8
0.8
0.8
0.8
0.8
0.8
0.8
0.8
0.8
0.8
0.8
0.8
0.8
0.8
0.8
0.8
0.8
0.8
0.8
0.8
0.8
0.8
0.8
0.8
0.8
0.8
0.52724
0.532974
0.54011
0.548707
0.558964
0.571349
0.586881
0.607936
0.641073
0.708362
0.798572
0.79999
0.8
0.8
0.8
0.8
0.8
0.8
0.8
0.8
0.8
0.8
0.8
0.8
0.8
0.8
0.8
0.8
0.8
0.8
0.8
0.8
0.8
0.8
0.8
0.8
0.8
0.8
0.8
0.8
0.5398
0.545443
0.552463
0.560986
0.571312
0.584067
0.60057
0.623902
0.662625
0.737575
0.799283
0.799996
0.8
0.8
0.8
0.8
0.8
0.8
0.8
0.8
0.8
0.8
0.8
0.8
0.8
0.8
0.8
0.8
0.8
0.8
0.8
0.8
0.8
0.8
0.8
0.8
0.8
0.8
0.8
0.8
0.55207
0.557705
0.564717
0.573314
0.583917
0.597358
0.615377
0.642108
0.688626
0.763872
0.79969
0.799998
0.8
0.8
0.8
0.8
0.8
0.8
0.8
0.8
0.8
0.8
0.8
0.8
0.8
0.8
0.8
0.8
0.8
0.8
0.8
0.8
0.8
0.8
0.8
0.8
0.8
0.8
0.8
0.8
0.564324
0.57005
0.577188
0.586051
0.597219
0.611813
0.632213
0.664193
0.719922
0.78279
0.799883
0.799999
0.8
0.8
0.8
0.8
0.8
0.8
0.8
0.8
0.8
0.8
0.8
0.8
0.8
0.8
0.8
0.8
0.8
0.8
0.8
0.8
0.8
0.8
0.8
0.8
0.8
0.8
0.8
0.8
0.5769
0.582844
0.59029
0.599688
0.611843
0.628321
0.652565
0.692327
0.752964
0.79324
0.799961
0.8
0.8
0.8
0.8
0.8
0.8
0.8
0.8
0.8
0.8
0.8
0.8
0.8
0.8
0.8
0.8
0.8
0.8
0.8
0.8
0.8
0.8
0.8
0.8
0.8
0.8
0.8
0.8
0.8
0.590253
0.596593
0.604609
0.614945
0.628756
0.648368
0.678736
0.727204
0.778829
0.797718
0.799988
0.8
0.8
0.8
0.8
0.8
0.8
0.8
0.8
0.8
0.8
0.8
0.8
0.8
0.8
0.8
0.8
0.8
0.8
0.8
0.8
0.8
0.8
0.8
0.8
0.8
0.8
0.8
0.8
0.8
0.605053
0.612057
0.621049
0.632983
0.64961
0.674369
0.712904
0.762312
0.79255
0.799301
0.799996
0.8
0.8
0.8
0.8
0.8
0.8
0.8
0.8
0.8
0.8
0.8
0.8
0.8
0.8
0.8
0.8
0.8
0.8
0.8
0.8
0.8
0.8
0.8
0.8
0.8
0.8
0.8
0.8
0.8
0.622363
0.630469
0.641135
0.655821
0.677106
0.708981
0.751481
0.785724
0.797758
0.799798
0.799999
0.8
0.8
0.8
0.8
0.8
0.8
0.8
0.8
0.8
0.8
0.8
0.8
0.8
0.8
0.8
0.8
0.8
0.8
0.8
0.8
0.8
0.8
0.8
0.8
0.8
0.8
0.8
0.8
0.8
0.644024
0.653991
0.667503
0.6866
0.713916
0.749225
0.7808
0.795682
0.799375
0.799944
0.8
0.8
0.8
0.8
0.8
0.8
0.8
0.8
0.8
0.8
0.8
0.8
0.8
0.8
0.8
0.8
0.8
0.8
0.8
0.8
0.8
0.8
0.8
0.8
0.8
0.8
0.8
0.8
0.8
0.8
0.673161
0.686009
0.703496
0.72698
0.755136
0.780285
0.794208
0.798823
0.799831
0.799985
0.8
0.8
0.8
0.8
0.8
0.8
0.8
0.8
0.8
0.8
0.8
0.8
0.8
0.8
0.8
0.8
0.8
0.8
0.8
0.8
0.8
0.8
0.8
0.8
0.8
0.8
0.8
0.8
0.8
0.8
0.712954
0.728136
0.746793
0.766945
0.784023
0.794259
0.798463
0.799691
0.799955
0.799996
0.8
0.8
0.8
0.8
0.8
0.8
0.8
0.8
0.8
0.8
0.8
0.8
0.8
0.8
0.8
0.8
0.8
0.8
0.8
0.8
0.8
0.8
0.8
0.8
0.8
0.8
0.8
0.8
0.8
0.8
0.757236
0.768912
0.780434
0.789763
0.795673
0.79854
0.799611
0.79992
0.799988
0.799999
0.8
0.8
0.8
0.8
0.8
0.8
0.8
0.8
0.8
0.8
0.8
0.8
0.8
0.8
0.8
0.8
0.8
0.8
0.8
0.8
0.8
0.8
0.8
0.8
0.8
0.8
0.8
0.8
0.8
0.8
0.78633
0.790986
0.794842
0.797482
0.798967
0.799649
0.799903
0.799979
0.799997
0.8
0.8
0.8
0.8
0.8
0.8
0.8
0.8
0.8
0.8
0.8
0.8
0.8
0.8
0.8
0.8
0.8
0.8
0.8
0.8
0.8
0.8
0.8
0.8
0.8
0.8
0.8
0.8
0.8
0.8
0.8
0.796777
0.797948
0.798854
0.799444
0.799768
0.799918
0.799976
0.799994
0.799999
0.8
0.8
0.8
0.8
0.8
0.8
0.8
0.8
0.8
0.8
0.8
0.8
0.8
0.8
0.8
0.8
0.8
0.8
0.8
0.8
0.8
0.8
0.8
0.8
0.8
0.8
0.8
0.8
0.8
0.8
0.8
0.799347
0.799586
0.799768
0.799885
0.79995
0.799982
0.799994
0.799998
0.8
0.8
0.8
0.8
0.8
0.8
0.8
0.8
0.8
0.8
0.8
0.8
0.8
0.8
0.8
0.8
0.8
0.8
0.8
0.8
0.8
0.8
0.8
0.8
0.8
0.8
0.8
0.8
0.8
0.8
0.8
0.8
0.79988
0.799923
0.799956
0.799978
0.79999
0.799996
0.799999
0.8
0.8
0.8
0.8
0.8
0.8
0.8
0.8
0.8
0.8
0.8
0.8
0.8
0.8
0.8
0.8
0.8
0.8
0.8
0.8
0.8
0.8
0.8
0.8
0.8
0.8
0.8
0.8
0.8
0.8
0.8
0.8
0.8
0.79998
0.799987
0.799992
0.799996
0.799998
0.799999
0.8
0.8
0.8
0.8
0.8
0.8
0.8
0.8
0.8
0.8
0.8
0.8
0.8
0.8
0.8
0.8
0.8
0.8
0.8
0.8
0.8
0.8
0.8
0.8
0.8
0.8
0.8
0.8
0.8
0.8
0.8
0.8
0.8
0.8
0.799997
0.799998
0.799999
0.799999
0.8
0.8
0.8
0.8
0.8
0.8
0.8
0.8
0.8
0.8
0.8
0.8
0.8
0.8
0.8
0.8
0.8
0.8
0.8
0.8
0.8
0.8
0.8
0.8
0.8
0.8
0.8
0.8
0.8
0.8
0.8
0.8
0.8
0.8
0.8
0.8
0.8
0.8
0.8
0.8
0.8
0.8
0.8
0.8
0.8
0.8
0.8
0.8
0.8
0.8
0.8
0.8
0.8
0.8
0.8
0.8
0.8
0.8
0.8
0.8
0.8
0.8
0.8
0.8
0.8
0.8
0.8
0.8
0.8
0.8
0.8
0.8
0.8
0.8
0.8
0.8
0.8
0.8
0.8
0.8
0.8
0.8
0.8
0.8
0.8
0.8
0.8
0.8
0.8
0.8
0.8
0.8
0.8
0.8
0.8
0.8
0.8
0.8
0.8
0.8
0.8
0.8
0.8
0.8
0.8
0.8
0.8
0.8
0.8
0.8
0.8
0.8
0.8
0.8
0.8
0.8
0.8
0.8
0.8
0.8
0.8
0.8
0.8
0.8
0.8
0.8
0.8
0.8
0.8
0.8
0.8
0.8
0.8
0.8
0.8
0.8
0.8
0.8
0.8
0.8
0.8
0.8
0.8
0.8
0.8
0.8
0.8
0.8
0.8
0.8
0.8
0.8
0.8
0.8
0.8
0.8
0.8
0.8
0.8
0.8
0.8
0.8
0.8
0.8
0.8
0.8
0.8
0.8
0.8
0.8
0.8
0.8
0.8
0.8
0.8
0.8
0.8
0.8
0.8
0.8
0.8
0.8
0.8
0.8
0.8
0.8
0.8
0.8
0.8
0.8
0.8
0.8
0.8
0.8
0.8
0.8
0.8
0.8
0.8
0.8
0.8
0.8
0.8
0.8
0.8
0.8
0.8
0.8
0.8
0.8
0.8
0.8
0.8
0.8
0.8
0.8
0.8
0.8
0.8
0.8
0.8
0.8
0.8
0.8
0.8
0.8
0.8
0.8
0.8
0.8
0.8
0.8
0.8
0.8
0.8
0.8
0.8
0.8
0.8
0.8
0.8
0.8
0.8
0.8
0.8
0.8
0.8
0.8
0.8
0.8
0.8
0.8
0.8
0.8
0.8
0.8
0.8
0.8
0.8
0.8
0.8
0.8
0.8
0.8
0.8
0.8
0.8
0.8
0.8
0.8
0.8
0.8
0.8
0.8
0.8
0.8
0.8
0.8
0.8
0.8
0.8
0.8
0.8
0.8
0.8
0.8
0.8
0.8
0.8
0.8
0.8
0.8
0.8
0.8
0.8
0.8
0.8
0.8
0.8
0.8
0.8
0.8
0.8
0.8
0.8
0.8
0.8
0.8
0.8
0.8
0.8
0.8
0.8
0.8
0.8
0.8
0.8
0.8
0.8
0.8
0.8
0.8
0.8
0.8
0.8
0.8
0.8
0.8
0.8
0.8
0.8
0.8
0.8
0.8
0.8
0.8
0.8
0.8
0.8
0.8
0.8
0.8
0.8
0.8
0.8
0.8
0.8
0.8
0.8
0.8
0.8
0.8
0.8
0.8
0.8
0.8
)
;

boundaryField
{
    left
    {
        type            fixedValue;
        value           uniform 0;
    }
    right
    {
        type            fixedValue;
        value           uniform 0;
    }
    up
    {
        type            fixedValue;
        value           uniform 0;
    }
    down
    {
        type            fixedValue;
        value           uniform 0;
    }
    front
    {
        type            fixedValue;
        value           uniform 0;
    }
    back
    {
        type            fixedValue;
        value           uniform 0;
    }
}


// ************************************************************************* //
