/*--------------------------------*- C++ -*----------------------------------*\
| =========                 |                                                 |
| \\      /  F ield         | OpenFOAM: The Open Source CFD Toolbox           |
|  \\    /   O peration     | Version:  2.1.0                                 |
|   \\  /    A nd           | Web:      www.OpenFOAM.org                      |
|    \\/     M anipulation  |                                                 |
\*---------------------------------------------------------------------------*/
FoamFile
{
    version     2.0;
    format      ascii;
    class       volScalarField;
    location    "32120";
    object      so;
}
// * * * * * * * * * * * * * * * * * * * * * * * * * * * * * * * * * * * * * //

dimensions      [0 0 0 0 0 0 0];

internalField   nonuniform List<scalar> 
15000
(
0.2
0.200001
0.200026
0.200581
0.203635
0.210969
0.221914
0.234658
0.247847
0.26079
0.273195
0.284958
0.29606
0.306515
0.316354
0.325611
0.334321
0.34252
0.350244
0.357524
0.364393
0.370882
0.377019
0.382833
0.38835
0.393596
0.398594
0.403369
0.407942
0.412332
0.416556
0.420629
0.424564
0.428373
0.432066
0.435654
0.439144
0.442546
0.445867
0.449115
0.452296
0.455416
0.45848
0.461494
0.46446
0.467384
0.470268
0.473114
0.475926
0.478705
0.481451
0.484165
0.486848
0.489497
0.492114
0.494697
0.497246
0.499759
0.502236
0.504675
0.507077
0.50944
0.511765
0.514052
0.516302
0.518514
0.520691
0.522834
0.524943
0.52702
0.529067
0.531086
0.533079
0.535046
0.53699
0.538913
0.540815
0.542699
0.544565
0.546416
0.548251
0.550074
0.551884
0.553683
0.555471
0.557249
0.559019
0.56078
0.562533
0.564277
0.566014
0.567743
0.569465
0.571179
0.572885
0.574583
0.57627
0.577948
0.579615
0.58127
0.582912
0.58454
0.586152
0.587747
0.589324
0.590881
0.592417
0.593931
0.595421
0.596887
0.59833
0.599748
0.601145
0.60252
0.603876
0.605217
0.606543
0.607856
0.609159
0.610457
0.611761
0.61309
0.614475
0.615959
0.617591
0.619417
0.621447
0.623593
0.625632
0.627301
0.628565
0.629482
0.630177
0.630885
0.631613
0.63237
0.633168
0.634015
0.63492
0.635898
0.636971
0.638177
0.639571
0.641241
0.643335
0.646152
0.650616
0.660953
0.693096
0.761469
0.200001
0.200005
0.200133
0.201377
0.20584
0.214403
0.225861
0.238589
0.251532
0.264165
0.276268
0.28776
0.298626
0.30888
0.318549
0.327661
0.336248
0.344342
0.351976
0.359178
0.365979
0.372409
0.378494
0.384261
0.389736
0.394944
0.399908
0.404651
0.409196
0.413561
0.417761
0.421811
0.425724
0.429511
0.433182
0.436748
0.440216
0.443597
0.446897
0.450124
0.453285
0.456385
0.459429
0.462423
0.46537
0.468275
0.471141
0.473971
0.476768
0.479532
0.482266
0.484968
0.48764
0.49028
0.492888
0.495465
0.498008
0.500517
0.50299
0.505426
0.507826
0.510187
0.512511
0.514798
0.517047
0.51926
0.521437
0.52358
0.525689
0.527767
0.529815
0.531835
0.533828
0.535797
0.537743
0.539667
0.541571
0.543457
0.545325
0.547178
0.549017
0.550843
0.552656
0.554459
0.556252
0.558037
0.559813
0.561582
0.563344
0.565099
0.566847
0.568591
0.570329
0.572062
0.573789
0.57551
0.577225
0.578934
0.580637
0.582333
0.584021
0.585701
0.587373
0.589036
0.590691
0.592337
0.593976
0.595608
0.597235
0.598861
0.60049
0.602128
0.603782
0.605464
0.607185
0.608959
0.610796
0.612699
0.614665
0.616692
0.618797
0.621028
0.623472
0.626253
0.629531
0.633462
0.638112
0.643241
0.648072
0.651586
0.65392
0.655357
0.656222
0.656806
0.657128
0.657241
0.657267
0.657255
0.657173
0.65696
0.656594
0.656127
0.655667
0.655378
0.655482
0.656348
0.659022
0.668216
0.700885
0.767135
0.200025
0.200129
0.200842
0.203679
0.210102
0.21985
0.231564
0.244029
0.256524
0.268689
0.280362
0.291481
0.30203
0.312017
0.321458
0.330379
0.338803
0.346757
0.354269
0.361367
0.368076
0.374424
0.380435
0.386136
0.391551
0.396704
0.401618
0.406316
0.410819
0.415143
0.419305
0.423318
0.427195
0.430946
0.434583
0.438114
0.441549
0.444896
0.448163
0.451357
0.454485
0.457553
0.460566
0.463529
0.466447
0.469325
0.472165
0.474972
0.477746
0.48049
0.483205
0.485891
0.488548
0.491176
0.493774
0.496342
0.498879
0.501382
0.503851
0.506285
0.508682
0.511042
0.513364
0.51565
0.517898
0.52011
0.522287
0.524428
0.526537
0.528614
0.530661
0.53268
0.534673
0.536641
0.538585
0.540509
0.542412
0.544297
0.546165
0.548019
0.549858
0.551685
0.553501
0.555306
0.557103
0.558892
0.560674
0.56245
0.56422
0.565985
0.567746
0.569504
0.571258
0.57301
0.574759
0.576506
0.578251
0.579993
0.581735
0.583474
0.585213
0.586951
0.58869
0.59043
0.592174
0.593923
0.595681
0.597453
0.599246
0.601068
0.602932
0.604856
0.606864
0.60899
0.611274
0.613758
0.616474
0.619419
0.62255
0.625812
0.629202
0.632803
0.636787
0.641408
0.646997
0.653915
0.66238
0.671997
0.680938
0.686227
0.689403
0.691268
0.692289
0.69252
0.691939
0.690655
0.68918
0.687669
0.685971
0.683856
0.681221
0.678191
0.674994
0.671933
0.669355
0.667725
0.668257
0.676298
0.709882
0.773068
0.200551
0.201325
0.203616
0.208665
0.216782
0.227155
0.238713
0.25067
0.262565
0.274153
0.285314
0.295992
0.306167
0.315838
0.325012
0.333705
0.341935
0.349722
0.357089
0.36406
0.370657
0.376904
0.382825
0.388444
0.393783
0.398867
0.403717
0.408356
0.412803
0.417074
0.421185
0.425148
0.428976
0.432679
0.436268
0.439753
0.443141
0.446442
0.449664
0.452813
0.455896
0.458921
0.461891
0.464814
0.467694
0.470535
0.473342
0.476116
0.478862
0.481579
0.484271
0.486936
0.489576
0.492189
0.494775
0.497333
0.499862
0.502359
0.504823
0.507254
0.509648
0.512006
0.514327
0.516612
0.518859
0.521069
0.523243
0.525383
0.527489
0.529563
0.531608
0.533624
0.535614
0.537579
0.539521
0.541442
0.543342
0.545225
0.547091
0.548943
0.550781
0.552607
0.554423
0.556229
0.558028
0.559821
0.561608
0.56339
0.565167
0.566942
0.568715
0.570487
0.572258
0.57403
0.575803
0.577576
0.579352
0.581132
0.582915
0.584704
0.586498
0.588301
0.590114
0.591942
0.593786
0.595654
0.597552
0.59949
0.601483
0.603549
0.605716
0.608026
0.610536
0.61333
0.616508
0.620175
0.62439
0.629106
0.634133
0.639231
0.64434
0.649608
0.655339
0.661975
0.670082
0.680317
0.693175
0.708199
0.721878
0.727048
0.730164
0.732255
0.733546
0.733551
0.731947
0.72858
0.72523
0.722207
0.718974
0.714875
0.709585
0.703431
0.696845
0.690359
0.684527
0.679973
0.67815
0.685279
0.720368
0.779118
0.203429
0.205588
0.209833
0.216587
0.22551
0.235848
0.246904
0.258187
0.269395
0.280352
0.290959
0.301162
0.310932
0.320258
0.329139
0.337581
0.345595
0.353196
0.360401
0.367229
0.373698
0.379831
0.385648
0.391171
0.396423
0.401425
0.4062
0.410768
0.415147
0.419352
0.423399
0.4273
0.431067
0.43471
0.438239
0.441665
0.444995
0.448238
0.451402
0.454494
0.457521
0.46049
0.463408
0.46628
0.469111
0.471907
0.47467
0.477405
0.480115
0.4828
0.485463
0.488103
0.490721
0.493317
0.495889
0.498436
0.500956
0.503447
0.505907
0.508334
0.510726
0.513083
0.515402
0.517685
0.51993
0.522138
0.52431
0.526446
0.528549
0.53062
0.53266
0.534673
0.536658
0.538618
0.540555
0.542471
0.544367
0.546245
0.548107
0.549955
0.55179
0.553613
0.555427
0.557233
0.559032
0.560827
0.562617
0.564404
0.566189
0.567974
0.569759
0.571545
0.573334
0.575126
0.576923
0.578725
0.580535
0.582354
0.584183
0.586024
0.58788
0.589755
0.591652
0.593577
0.595537
0.597541
0.599602
0.601738
0.603974
0.606347
0.608911
0.611749
0.614985
0.618789
0.623374
0.628941
0.635575
0.643082
0.6509
0.658311
0.665244
0.672039
0.679231
0.687484
0.697613
0.710545
0.726948
0.74614
0.761237
0.76297
0.765401
0.767492
0.769188
0.769714
0.768139
0.762538
0.757915
0.754695
0.751351
0.746417
0.738959
0.729836
0.71977
0.709571
0.700188
0.692531
0.688427
0.695312
0.732604
0.784976
0.210351
0.213752
0.219216
0.226631
0.235539
0.2454
0.25576
0.266296
0.276792
0.287108
0.297154
0.306872
0.316226
0.325196
0.333772
0.341952
0.349739
0.357143
0.364174
0.370849
0.377181
0.38319
0.388893
0.394311
0.399465
0.404377
0.409066
0.413552
0.417852
0.42198
0.425952
0.429779
0.433472
0.437044
0.440502
0.443857
0.447117
0.45029
0.453384
0.456406
0.459365
0.462268
0.465121
0.467931
0.470703
0.473443
0.476154
0.478841
0.481506
0.484153
0.486781
0.489393
0.491987
0.494562
0.497119
0.499653
0.502164
0.504648
0.507104
0.509528
0.511919
0.514274
0.516593
0.518875
0.521118
0.523324
0.525493
0.527625
0.529723
0.531789
0.533824
0.53583
0.537808
0.539762
0.541692
0.543601
0.545491
0.547362
0.549218
0.55106
0.55289
0.554708
0.556518
0.558322
0.56012
0.561915
0.563708
0.565499
0.567291
0.569084
0.570881
0.572682
0.574488
0.576302
0.578124
0.579957
0.581803
0.583665
0.585543
0.587442
0.589366
0.59132
0.59331
0.595345
0.597435
0.599596
0.601848
0.604219
0.606753
0.609515
0.612604
0.616174
0.620453
0.625757
0.632458
0.640887
0.651115
0.66265
0.674195
0.68391
0.692161
0.699786
0.707633
0.716552
0.727445
0.741152
0.757835
0.775746
0.780511
0.794451
0.798773
0.799585
0.798907
0.796969
0.793356
0.77142
0.771075
0.77172
0.771803
0.769705
0.762894
0.753037
0.741098
0.727771
0.715087
0.70461
0.698799
0.706762
0.746618
0.790194
0.2207
0.224661
0.230442
0.237753
0.246193
0.255373
0.264978
0.274769
0.284574
0.294271
0.303773
0.313019
0.321964
0.330582
0.338853
0.346769
0.354327
0.36153
0.368385
0.374902
0.381093
0.386972
0.392556
0.397863
0.402914
0.407727
0.412323
0.416718
0.420928
0.424968
0.428853
0.432595
0.436204
0.439693
0.443069
0.446342
0.449519
0.45261
0.455621
0.458562
0.46144
0.464263
0.467039
0.469775
0.472476
0.475149
0.477798
0.480427
0.483041
0.485641
0.48823
0.490807
0.493373
0.495926
0.498464
0.500985
0.503487
0.505965
0.508418
0.51084
0.51323
0.515586
0.517906
0.520187
0.52243
0.524633
0.526798
0.528926
0.531019
0.533078
0.535105
0.537103
0.539074
0.541019
0.542941
0.544842
0.546722
0.548586
0.550433
0.552267
0.554089
0.555901
0.557705
0.559504
0.561299
0.563093
0.564886
0.56668
0.568478
0.57028
0.572089
0.573903
0.575727
0.577563
0.579412
0.581278
0.583163
0.585069
0.587001
0.588963
0.590961
0.593002
0.595096
0.597253
0.599492
0.601832
0.604306
0.60696
0.609864
0.613125
0.616913
0.621492
0.627243
0.634678
0.644362
0.656735
0.671776
0.688539
0.704622
0.715558
0.723832
0.731117
0.738489
0.746749
0.756492
0.767877
0.780084
0.791185
0.798653
0.8
0.8
0.8
0.799998
0.799864
0.79979
0.79897
0.798524
0.798253
0.796789
0.793597
0.770472
0.765543
0.756606
0.742206
0.727474
0.715305
0.709186
0.720337
0.761732
0.794312
0.232744
0.236747
0.242329
0.249188
0.256998
0.265463
0.274338
0.283433
0.292598
0.301721
0.310715
0.319516
0.328074
0.336354
0.344332
0.351992
0.359328
0.366335
0.373016
0.379377
0.385427
0.391177
0.396642
0.401837
0.406781
0.411492
0.415987
0.420281
0.424392
0.428333
0.43212
0.435765
0.43928
0.442675
0.445958
0.449137
0.452221
0.455217
0.458133
0.460978
0.463761
0.466492
0.469177
0.471824
0.474442
0.477035
0.47961
0.482171
0.484724
0.48727
0.489811
0.492349
0.494882
0.497409
0.499929
0.502436
0.504929
0.507402
0.509852
0.512275
0.514667
0.517026
0.519348
0.521631
0.523874
0.526076
0.528238
0.53036
0.532446
0.534497
0.536515
0.538504
0.540465
0.5424
0.544312
0.546202
0.548073
0.549926
0.551763
0.553586
0.555398
0.557201
0.558997
0.560788
0.562578
0.564368
0.56616
0.567956
0.569758
0.571568
0.573388
0.575216
0.577059
0.578917
0.580795
0.582695
0.584621
0.586576
0.588565
0.590595
0.592674
0.59481
0.597018
0.599313
0.601719
0.604266
0.607003
0.609999
0.613364
0.617272
0.621994
0.627944
0.635706
0.646005
0.659563
0.676799
0.697392
0.719784
0.740523
0.749705
0.756066
0.761666
0.767333
0.773412
0.779904
0.786465
0.792449
0.797261
0.799803
0.799996
0.8
0.8
0.8
0.8
0.799999
0.799996
0.799994
0.799993
0.799871
0.799758
0.795152
0.787501
0.760662
0.748506
0.735407
0.724156
0.720212
0.7369
0.776106
0.797094
0.245166
0.248975
0.254172
0.260494
0.267672
0.275471
0.283689
0.292162
0.300756
0.309364
0.3179
0.326295
0.334497
0.342466
0.350171
0.357592
0.364718
0.37154
0.378057
0.384271
0.390187
0.395815
0.401165
0.406253
0.411092
0.415698
0.420086
0.424271
0.428272
0.432103
0.435781
0.439319
0.442728
0.446019
0.449198
0.452273
0.455251
0.458139
0.460946
0.463681
0.466354
0.468976
0.471554
0.474098
0.476616
0.479115
0.481603
0.484084
0.486563
0.489045
0.491532
0.494023
0.496519
0.499018
0.501516
0.504009
0.506493
0.508963
0.511414
0.51384
0.516237
0.518602
0.52093
0.523217
0.525463
0.527665
0.529824
0.531941
0.534019
0.53606
0.538068
0.540045
0.541994
0.543918
0.545818
0.547697
0.549555
0.551396
0.553221
0.555032
0.55683
0.55862
0.560405
0.562186
0.563968
0.565752
0.567541
0.569336
0.571142
0.572959
0.574789
0.576634
0.578494
0.580375
0.582281
0.584217
0.586186
0.588192
0.590244
0.592348
0.594514
0.596756
0.599091
0.601541
0.604137
0.606926
0.609975
0.613392
0.617343
0.622093
0.628054
0.635832
0.646231
0.660148
0.678284
0.700658
0.726087
0.751867
0.774122
0.77791
0.781127
0.784153
0.787171
0.790128
0.792896
0.795355
0.797418
0.799199
0.799968
0.8
0.8
0.8
0.8
0.8
0.8
0.8
0.8
0.8
0.799999
0.799999
0.799966
0.796516
0.76365
0.752916
0.741696
0.73286
0.733607
0.756107
0.787327
0.798682
0.257279
0.260829
0.265622
0.271436
0.278053
0.285274
0.292928
0.300868
0.30897
0.317131
0.325266
0.333305
0.341191
0.348881
0.356341
0.363548
0.370485
0.37714
0.38351
0.389593
0.395391
0.40091
0.406159
0.411148
0.415888
0.420388
0.424665
0.428733
0.432613
0.436321
0.439878
0.443296
0.446589
0.449765
0.45283
0.45579
0.45865
0.461417
0.464099
0.466708
0.469254
0.471748
0.474201
0.476623
0.479024
0.481411
0.483794
0.486179
0.488572
0.490978
0.493399
0.495837
0.49829
0.500756
0.50323
0.505709
0.508186
0.510655
0.51311
0.515544
0.517952
0.520328
0.522666
0.524963
0.527215
0.529419
0.531576
0.533687
0.535756
0.537785
0.53978
0.541744
0.54368
0.545591
0.547478
0.549344
0.55119
0.553017
0.554826
0.556621
0.558404
0.560178
0.561947
0.563715
0.565485
0.56726
0.569043
0.570837
0.572644
0.574466
0.576306
0.578166
0.580043
0.581948
0.583886
0.585859
0.587874
0.589937
0.592055
0.594239
0.596502
0.598861
0.601337
0.603962
0.606778
0.609852
0.613281
0.617223
0.621926
0.627777
0.635369
0.645524
0.659244
0.677447
0.70041
0.726982
0.753951
0.776575
0.791399
0.798014
0.799702
0.799975
0.799998
0.799982
0.799927
0.799897
0.799719
0.799956
0.799999
0.8
0.8
0.8
0.8
0.8
0.8
0.8
0.8
0.8
0.8
0.8
0.8
0.779493
0.766372
0.757696
0.748451
0.743614
0.750624
0.774577
0.79424
0.799458
0.268787
0.272086
0.27652
0.281904
0.288054
0.2948
0.30199
0.309491
0.317186
0.324975
0.332773
0.34051
0.348127
0.355579
0.362829
0.369852
0.376627
0.383143
0.38939
0.395366
0.401071
0.406506
0.411676
0.416583
0.421233
0.425632
0.429795
0.433737
0.437482
0.441053
0.444473
0.447759
0.450924
0.453975
0.456916
0.45975
0.46248
0.46511
0.467651
0.470114
0.47251
0.474855
0.47716
0.479437
0.481698
0.483952
0.486209
0.488478
0.490767
0.493081
0.495424
0.497798
0.500201
0.50263
0.505079
0.507544
0.510016
0.512488
0.514952
0.5174
0.519825
0.522219
0.524576
0.526888
0.529157
0.531378
0.533543
0.53565
0.537709
0.539726
0.541707
0.543657
0.54558
0.547479
0.549354
0.551207
0.553038
0.554849
0.556641
0.558416
0.560178
0.561931
0.563679
0.565428
0.56718
0.568941
0.570713
0.5725
0.574304
0.576129
0.577977
0.579849
0.581748
0.583675
0.585642
0.587653
0.589715
0.591835
0.594025
0.596296
0.598666
0.601155
0.603792
0.606618
0.609694
0.613112
0.617013
0.621624
0.627301
0.634595
0.644306
0.65748
0.675219
0.698138
0.725384
0.753518
0.776827
0.791199
0.797684
0.79981
0.799996
0.8
0.8
0.8
0.799999
0.799999
0.8
0.8
0.8
0.8
0.8
0.8
0.8
0.8
0.8
0.8
0.8
0.8
0.8
0.8
0.799929
0.784239
0.771551
0.764317
0.757921
0.757749
0.769245
0.78786
0.79767
0.799793
0.279581
0.282665
0.286806
0.291849
0.297633
0.304009
0.310838
0.317996
0.325372
0.332868
0.340399
0.347894
0.355295
0.362554
0.369635
0.376511
0.38316
0.38957
0.395731
0.401637
0.407286
0.412674
0.417797
0.42265
0.42723
0.431539
0.435588
0.439395
0.442988
0.446401
0.449663
0.452799
0.455822
0.458738
0.461547
0.464245
0.466832
0.46931
0.471688
0.47398
0.4762
0.478366
0.480494
0.482597
0.484689
0.486781
0.488885
0.491013
0.493174
0.495376
0.497624
0.499921
0.502264
0.50465
0.507072
0.509523
0.511993
0.514473
0.516953
0.519423
0.521875
0.524299
0.526684
0.529042
0.531355
0.533608
0.535792
0.537905
0.539951
0.541951
0.543912
0.545843
0.547748
0.549631
0.551491
0.553329
0.555144
0.556936
0.558707
0.560459
0.562195
0.563921
0.565642
0.567364
0.569093
0.570834
0.572591
0.574367
0.576167
0.577992
0.579844
0.581727
0.583645
0.585593
0.587588
0.589638
0.591751
0.593935
0.596203
0.59857
0.601058
0.603694
0.606516
0.60958
0.61297
0.616814
0.621316
0.626795
0.633749
0.642928
0.655365
0.672283
0.694643
0.722111
0.751456
0.776169
0.791067
0.797394
0.799364
0.799981
0.8
0.8
0.8
0.8
0.8
0.8
0.8
0.8
0.8
0.8
0.8
0.8
0.8
0.8
0.8
0.8
0.8
0.8
0.8
0.8
0.799774
0.789125
0.77827
0.772875
0.769772
0.77324
0.78437
0.795006
0.799127
0.799925
0.289633
0.292545
0.296466
0.301257
0.306776
0.312885
0.319457
0.326372
0.333519
0.340804
0.348141
0.355459
0.3627
0.369818
0.376777
0.38355
0.390118
0.396468
0.40259
0.40848
0.414127
0.419521
0.424648
0.429492
0.43404
0.438284
0.442227
0.445888
0.449304
0.452525
0.455598
0.458558
0.461421
0.464192
0.466861
0.469417
0.471848
0.474154
0.476344
0.478431
0.480438
0.482387
0.484298
0.486188
0.488073
0.489965
0.491879
0.493829
0.495829
0.497891
0.500021
0.502223
0.504494
0.50683
0.509221
0.511659
0.514131
0.516625
0.51913
0.521634
0.524127
0.526595
0.529052
0.531481
0.533854
0.536157
0.538373
0.540496
0.542526
0.544503
0.546439
0.548346
0.550232
0.552099
0.553946
0.55577
0.55757
0.559344
0.561092
0.562816
0.56452
0.566211
0.567896
0.569583
0.571281
0.572994
0.57473
0.576492
0.578283
0.580106
0.581962
0.583856
0.585791
0.587769
0.589795
0.591885
0.59405
0.596301
0.598655
0.60113
0.603754
0.606562
0.609605
0.612961
0.616744
0.621137
0.626423
0.633048
0.641692
0.653337
0.669245
0.690655
0.717821
0.748092
0.774542
0.790662
0.797379
0.799415
0.799792
0.799998
0.8
0.8
0.8
0.8
0.8
0.8
0.8
0.8
0.8
0.8
0.8
0.8
0.8
0.8
0.8
0.8
0.8
0.8
0.8
0.8
0.799802
0.793013
0.78505
0.781878
0.781503
0.785942
0.793228
0.798107
0.799686
0.799974
0.298949
0.301736
0.305506
0.310133
0.315485
0.321434
0.327853
0.334625
0.34164
0.348799
0.356018
0.363228
0.370371
0.377404
0.384293
0.391017
0.397559
0.40391
0.410062
0.416006
0.421728
0.427206
0.432419
0.437337
0.442069
0.446458
0.450324
0.453826
0.457019
0.459983
0.4628
0.465527
0.468194
0.470797
0.473313
0.475711
0.477963
0.480059
0.482006
0.483824
0.485543
0.487197
0.488817
0.490423
0.492032
0.493658
0.495317
0.49703
0.498815
0.50069
0.502664
0.504742
0.506922
0.509195
0.51155
0.513974
0.516451
0.518967
0.521509
0.524063
0.526615
0.529161
0.531725
0.534262
0.536749
0.539154
0.541442
0.54359
0.5456
0.547542
0.549443
0.55132
0.553184
0.555037
0.556875
0.558691
0.56048
0.562236
0.56396
0.56565
0.567314
0.568957
0.57059
0.572226
0.573876
0.575549
0.577252
0.578991
0.580767
0.582583
0.58444
0.586342
0.588293
0.590299
0.592352
0.594484
0.596708
0.599038
0.601493
0.604098
0.606886
0.609906
0.613227
0.616956
0.621255
0.626377
0.632718
0.640888
0.651792
0.66667
0.68693
0.713356
0.744074
0.772167
0.789782
0.797163
0.799399
0.799913
0.799996
0.8
0.8
0.8
0.8
0.8
0.8
0.8
0.8
0.8
0.8
0.8
0.8
0.8
0.8
0.8
0.8
0.8
0.8
0.8
0.8
0.8
0.7998
0.795675
0.790711
0.789406
0.790318
0.793653
0.797343
0.799312
0.79989
0.799991
0.30755
0.310256
0.313943
0.318492
0.323778
0.329674
0.336052
0.342788
0.34977
0.356895
0.364078
0.371252
0.378362
0.385371
0.392254
0.398993
0.405581
0.412013
0.418283
0.424379
0.430284
0.435974
0.441628
0.44745
0.453135
0.458475
0.463103
0.466338
0.469065
0.471445
0.473675
0.47588
0.478122
0.480396
0.482644
0.484783
0.486738
0.488476
0.489998
0.491335
0.492541
0.493679
0.494801
0.495935
0.497096
0.498296
0.499555
0.500896
0.502349
0.503939
0.50568
0.507577
0.509624
0.511808
0.514111
0.516515
0.518999
0.521545
0.524137
0.526759
0.529396
0.532094
0.534815
0.537541
0.540246
0.542877
0.545349
0.547571
0.549549
0.551432
0.553268
0.555091
0.556921
0.558759
0.560595
0.562411
0.564196
0.565939
0.567636
0.569285
0.570891
0.572462
0.574015
0.575568
0.577141
0.578748
0.580399
0.582098
0.583848
0.585649
0.587501
0.589407
0.591371
0.593401
0.5955
0.597675
0.599962
0.602378
0.604951
0.607711
0.610704
0.613996
0.617682
0.621911
0.626913
0.633042
0.640847
0.651149
0.665125
0.684255
0.709723
0.740434
0.76977
0.788758
0.796825
0.799295
0.799882
0.799988
0.8
0.8
0.8
0.8
0.8
0.8
0.8
0.8
0.8
0.8
0.8
0.8
0.8
0.8
0.8
0.8
0.8
0.8
0.8
0.8
0.8
0.8
0.799186
0.797315
0.794772
0.794515
0.795526
0.797408
0.799015
0.799757
0.799962
0.799997
0.315461
0.318129
0.321799
0.32636
0.331686
0.337645
0.344102
0.350922
0.35798
0.365169
0.372402
0.379616
0.386764
0.393819
0.400766
0.407601
0.414326
0.420941
0.427446
0.433835
0.440097
0.446574
0.453632
0.461052
0.468883
0.476597
0.483619
0.487211
0.489135
0.490317
0.491321
0.492455
0.493882
0.495611
0.497508
0.499342
0.500888
0.502056
0.502835
0.503272
0.503478
0.50361
0.50378
0.504032
0.504374
0.504808
0.505347
0.506028
0.506896
0.507992
0.509336
0.51093
0.512757
0.514794
0.517011
0.519376
0.521861
0.524441
0.527097
0.529811
0.532568
0.53546
0.538442
0.541516
0.544672
0.547842
0.550809
0.553234
0.555162
0.556925
0.55863
0.560348
0.562117
0.563941
0.565793
0.567634
0.569435
0.571178
0.572852
0.574448
0.575966
0.577415
0.578822
0.580222
0.581651
0.583135
0.584687
0.586314
0.588013
0.589781
0.591614
0.593513
0.595483
0.59753
0.599668
0.601881
0.604234
0.606752
0.609467
0.612421
0.615676
0.619324
0.623504
0.628431
0.634435
0.642019
0.651933
0.665277
0.683527
0.708122
0.738562
0.768485
0.788178
0.796601
0.79921
0.799852
0.799979
0.799998
0.8
0.8
0.8
0.8
0.8
0.8
0.8
0.8
0.8
0.8
0.8
0.8
0.8
0.8
0.8
0.8
0.8
0.8
0.8
0.8
0.8
0.8
0.799622
0.798655
0.797401
0.797447
0.798112
0.799007
0.799647
0.799916
0.799987
0.799999
0.322729
0.325416
0.329148
0.33381
0.339268
0.345375
0.351978
0.359084
0.366384
0.373744
0.381119
0.388453
0.395716
0.402896
0.409995
0.417024
0.423996
0.430927
0.437834
0.444733
0.451875
0.460366
0.470073
0.48098
0.493314
0.505023
0.517169
0.521429
0.522031
0.520653
0.519132
0.518147
0.518118
0.519134
0.521035
0.524084
0.525277
0.525644
0.525162
0.523892
0.522062
0.520144
0.518436
0.517016
0.515843
0.514863
0.514068
0.513512
0.513284
0.513464
0.514084
0.515134
0.516575
0.518354
0.520413
0.522699
0.525168
0.527782
0.530515
0.53335
0.536341
0.539511
0.542896
0.546554
0.550562
0.554902
0.559101
0.561903
0.563729
0.5652
0.566596
0.568071
0.569715
0.571542
0.573482
0.575425
0.57731
0.579105
0.580787
0.582331
0.583721
0.584958
0.586082
0.587182
0.588328
0.589572
0.59094
0.592432
0.594039
0.595746
0.59754
0.599415
0.601373
0.603424
0.605585
0.607876
0.610263
0.612872
0.615744
0.618934
0.62253
0.626668
0.631559
0.637531
0.645074
0.654905
0.668054
0.685962
0.710168
0.740396
0.769913
0.788836
0.79676
0.799217
0.799841
0.799974
0.799997
0.8
0.8
0.8
0.8
0.8
0.8
0.8
0.8
0.8
0.8
0.8
0.8
0.8
0.8
0.8
0.8
0.8
0.8
0.8
0.8
0.8
0.8
0.799999
0.799834
0.799389
0.798815
0.798902
0.799252
0.799635
0.799877
0.799971
0.799996
0.8
0.329395
0.332174
0.336067
0.340955
0.346689
0.353094
0.359998
0.367334
0.374853
0.382419
0.390422
0.397966
0.405428
0.412822
0.420174
0.427513
0.434877
0.442311
0.449875
0.457643
0.467451
0.479663
0.49469
0.510406
0.528312
0.54122
0.556609
0.559755
0.559501
0.554741
0.55032
0.547026
0.545644
0.54661
0.551765
0.559226
0.562284
0.562327
0.560573
0.556913
0.55156
0.546036
0.541216
0.537185
0.533691
0.530493
0.527498
0.524795
0.522612
0.521149
0.520484
0.520588
0.521368
0.522711
0.524505
0.526653
0.529077
0.531721
0.534547
0.537539
0.540788
0.544338
0.548292
0.552819
0.55824
0.564684
0.5713
0.574323
0.575912
0.576686
0.577449
0.578445
0.579883
0.581816
0.584458
0.586963
0.589071
0.591029
0.592804
0.594343
0.595575
0.596453
0.597028
0.597544
0.598151
0.598959
0.60001
0.601295
0.602773
0.604403
0.606149
0.607989
0.609919
0.611953
0.614119
0.61645
0.618968
0.621675
0.624733
0.628234
0.63232
0.637213
0.643264
0.651005
0.661204
0.674901
0.693453
0.718394
0.748671
0.77575
0.791355
0.797484
0.799368
0.799862
0.799974
0.799996
0.8
0.8
0.8
0.8
0.8
0.8
0.8
0.8
0.8
0.8
0.8
0.8
0.8
0.8
0.8
0.8
0.8
0.8
0.8
0.8
0.8
0.8
0.8
0.799999
0.799927
0.799735
0.799491
0.799554
0.799717
0.79987
0.799958
0.79999
0.799999
0.8
0.335492
0.338439
0.342609
0.347875
0.354062
0.360953
0.368334
0.376062
0.383913
0.391764
0.399939
0.407993
0.416181
0.423908
0.431629
0.439426
0.447383
0.455609
0.464252
0.474603
0.488715
0.508173
0.530594
0.547756
0.567311
0.57331
0.578127
0.608486
0.619216
0.570041
0.567071
0.564574
0.563796
0.56614
0.575159
0.587189
0.591412
0.593291
0.592761
0.589439
0.581883
0.573509
0.566546
0.560931
0.555918
0.550898
0.5456
0.540171
0.535203
0.53129
0.528697
0.527398
0.527217
0.52794
0.529366
0.531326
0.533693
0.536375
0.539319
0.54251
0.546059
0.550048
0.554658
0.560224
0.567541
0.576608
0.585829
0.588491
0.589739
0.58926
0.589195
0.58957
0.590845
0.593233
0.599169
0.602975
0.60578
0.60807
0.610108
0.611784
0.612909
0.613239
0.612703
0.612122
0.611748
0.611824
0.612416
0.613461
0.614846
0.616464
0.61823
0.620092
0.622032
0.624072
0.626271
0.628692
0.631398
0.634389
0.637795
0.641849
0.646811
0.653104
0.661398
0.672661
0.688139
0.709394
0.736938
0.765477
0.785537
0.795066
0.798531
0.799607
0.799905
0.79998
0.799996
0.799999
0.8
0.8
0.8
0.8
0.8
0.8
0.8
0.8
0.8
0.8
0.8
0.8
0.8
0.8
0.8
0.8
0.8
0.8
0.8
0.8
0.8
0.8
0.8
0.799999
0.799967
0.799888
0.799791
0.799827
0.799896
0.799954
0.799986
0.799997
0.8
0.8
0.341053
0.344258
0.348845
0.354685
0.361563
0.36919
0.377267
0.385569
0.393893
0.40217
0.410604
0.418898
0.427486
0.436569
0.444825
0.453295
0.462164
0.471667
0.482156
0.498282
0.519506
0.548459
0.574354
0.584284
0.591476
0.721505
0.795639
0.797249
0.791961
0.778226
0.627198
0.577696
0.57676
0.580862
0.596038
0.603101
0.66373
0.768929
0.754776
0.643436
0.592143
0.58655
0.582207
0.578795
0.575326
0.570939
0.56504
0.557571
0.549639
0.542861
0.537982
0.535039
0.53376
0.533802
0.534848
0.536645
0.538996
0.541765
0.544873
0.548307
0.552154
0.556535
0.561707
0.568212
0.577611
0.588208
0.596071
0.620909
0.646741
0.603679
0.602359
0.60162
0.602628
0.607121
0.62134
0.627629
0.630612
0.633448
0.636434
0.638584
0.639893
0.639427
0.635976
0.632889
0.630402
0.629034
0.628875
0.629649
0.63104
0.6328
0.634754
0.636782
0.63883
0.640938
0.643251
0.645899
0.64899
0.652658
0.656953
0.662248
0.669222
0.67882
0.692574
0.712437
0.738573
0.765337
0.784371
0.794024
0.797936
0.799339
0.799805
0.799947
0.799987
0.799997
0.8
0.8
0.8
0.8
0.8
0.8
0.8
0.8
0.8
0.8
0.8
0.8
0.8
0.8
0.8
0.8
0.8
0.8
0.8
0.8
0.8
0.8
0.8
0.8
0.8
0.799997
0.799985
0.799955
0.799918
0.799935
0.799963
0.799984
0.799995
0.799999
0.8
0.8
0.346119
0.349683
0.354866
0.361554
0.369474
0.378195
0.387256
0.39635
0.40531
0.414128
0.42293
0.431614
0.440524
0.450039
0.460443
0.469963
0.480317
0.492055
0.507776
0.536064
0.56268
0.595117
0.604878
0.709809
0.794967
0.799304
0.799964
0.799983
0.799954
0.799844
0.796651
0.661711
0.595217
0.600325
0.619021
0.766558
0.799616
0.799906
0.799684
0.795914
0.643152
0.595646
0.593703
0.593004
0.591994
0.58962
0.584666
0.575823
0.564174
0.554156
0.546995
0.54254
0.540312
0.53982
0.540637
0.542418
0.544893
0.547863
0.551206
0.554909
0.558985
0.563574
0.56898
0.576051
0.587558
0.597755
0.707885
0.798332
0.798565
0.79152
0.69033
0.614462
0.614395
0.62136
0.639886
0.741343
0.798593
0.789317
0.799623
0.799567
0.79589
0.730504
0.64797
0.646299
0.644172
0.643117
0.643627
0.645223
0.647471
0.650073
0.652815
0.655526
0.658093
0.660571
0.663392
0.666839
0.671133
0.676585
0.68374
0.693378
0.706734
0.72525
0.748731
0.771494
0.78703
0.794816
0.798035
0.799283
0.799749
0.799917
0.799975
0.799993
0.799998
0.8
0.8
0.8
0.8
0.8
0.8
0.8
0.8
0.8
0.8
0.8
0.8
0.8
0.8
0.8
0.8
0.8
0.8
0.8
0.8
0.8
0.8
0.8
0.8
0.8
0.8
0.799999
0.799994
0.799983
0.79997
0.799977
0.799987
0.799995
0.799998
0.8
0.8
0.8
0.350732
0.354764
0.360779
0.36873
0.378256
0.388642
0.399094
0.409245
0.419015
0.428475
0.437762
0.446959
0.456389
0.466397
0.47769
0.490856
0.504009
0.520423
0.554917
0.600631
0.618436
0.634045
0.78593
0.798907
0.799944
0.799995
0.8
0.8
0.8
0.799999
0.799972
0.788781
0.71128
0.624448
0.701731
0.794732
0.79996
0.8
0.799999
0.799975
0.794106
0.624783
0.690795
0.731834
0.71869
0.654108
0.614849
0.579847
0.569593
0.560543
0.553385
0.548588
0.546068
0.545479
0.546414
0.548489
0.551363
0.554754
0.55843
0.562395
0.566573
0.571061
0.576145
0.583096
0.595644
0.748906
0.799129
0.79999
0.799995
0.799926
0.798054
0.66565
0.623296
0.640639
0.668922
0.76663
0.799795
0.799944
0.799998
0.799998
0.799988
0.799764
0.798764
0.744421
0.653256
0.653645
0.65607
0.659388
0.66321
0.667323
0.671563
0.675721
0.679505
0.682791
0.68712
0.693054
0.700998
0.711532
0.725328
0.742513
0.761514
0.778664
0.789994
0.795837
0.7984
0.799411
0.799773
0.799914
0.799969
0.799989
0.799997
0.799999
0.8
0.8
0.8
0.8
0.8
0.8
0.8
0.8
0.8
0.8
0.8
0.8
0.8
0.8
0.8
0.8
0.8
0.8
0.8
0.8
0.8
0.8
0.8
0.8
0.8
0.8
0.8
0.8
0.799998
0.799994
0.799989
0.799992
0.799996
0.799998
0.799999
0.8
0.8
0.8
0.35493
0.359529
0.366679
0.376554
0.388704
0.401807
0.414283
0.425848
0.436596
0.446765
0.456631
0.466467
0.476661
0.487655
0.500167
0.516061
0.538545
0.568524
0.632211
0.664908
0.775813
0.795172
0.799799
0.79999
0.8
0.8
0.8
0.8
0.8
0.8
0.8
0.799878
0.778305
0.643681
0.744898
0.798347
0.799987
0.8
0.8
0.8
0.731749
0.657347
0.773238
0.798619
0.797283
0.721515
0.645085
0.583095
0.572845
0.56447
0.557724
0.553145
0.550855
0.550647
0.552178
0.555054
0.558834
0.563111
0.567245
0.571442
0.575764
0.580164
0.584964
0.591375
0.603569
0.77059
0.79963
0.799997
0.8
0.799999
0.799946
0.701951
0.654541
0.740819
0.756752
0.790182
0.799939
0.8
0.8
0.8
0.8
0.8
0.799998
0.796738
0.671706
0.674193
0.678938
0.684864
0.691603
0.698992
0.706906
0.71477
0.720842
0.722202
0.727465
0.736531
0.748418
0.761897
0.77502
0.785683
0.792848
0.796822
0.798678
0.799481
0.79981
0.799937
0.799974
0.79999
0.799996
0.799998
0.799999
0.8
0.8
0.8
0.8
0.8
0.8
0.8
0.8
0.8
0.8
0.8
0.8
0.8
0.8
0.8
0.8
0.8
0.8
0.8
0.8
0.8
0.8
0.8
0.8
0.8
0.8
0.8
0.8
0.8
0.799999
0.799998
0.799996
0.799997
0.799998
0.799999
0.8
0.8
0.8
0.8
0.358736
0.363933
0.372533
0.385398
0.402276
0.420577
0.436358
0.44993
0.461683
0.472439
0.482898
0.493564
0.50504
0.518105
0.533984
0.555598
0.59157
0.670639
0.757407
0.796387
0.799748
0.79992
0.799998
0.8
0.8
0.8
0.8
0.8
0.8
0.8
0.8
0.799985
0.797684
0.676964
0.786128
0.799945
0.8
0.8
0.8
0.8
0.758845
0.704088
0.798082
0.79997
0.799973
0.76921
0.679308
0.584729
0.574796
0.566842
0.56056
0.556503
0.554875
0.555607
0.558521
0.563335
0.569381
0.593143
0.602307
0.607499
0.612591
0.616694
0.617394
0.619689
0.623604
0.763113
0.799377
0.799995
0.8
0.8
0.8
0.736063
0.675533
0.797727
0.799238
0.798286
0.799838
0.799994
0.8
0.8
0.8
0.8
0.8
0.799983
0.799822
0.797349
0.792874
0.796205
0.796243
0.794758
0.795271
0.796098
0.792121
0.75195
0.762315
0.773825
0.783718
0.790865
0.795311
0.797752
0.798982
0.799573
0.799827
0.799934
0.799977
0.799993
0.799999
0.8
0.8
0.8
0.8
0.8
0.8
0.8
0.8
0.8
0.8
0.8
0.8
0.8
0.8
0.8
0.8
0.8
0.8
0.8
0.8
0.8
0.8
0.8
0.8
0.8
0.8
0.8
0.8
0.8
0.8
0.8
0.8
0.8
0.8
0.799999
0.799999
0.799999
0.799999
0.8
0.8
0.8
0.8
0.8
0.362158
0.367791
0.377933
0.39599
0.426491
0.467677
0.501189
0.529356
0.509952
0.514797
0.525219
0.536782
0.550325
0.567723
0.591086
0.627838
0.685906
0.779946
0.799365
0.799944
0.799997
0.799999
0.8
0.8
0.8
0.8
0.8
0.8
0.8
0.8
0.8
0.8
0.799964
0.706617
0.797887
0.799997
0.8
0.8
0.8
0.8
0.784876
0.76624
0.799957
0.8
0.8
0.793052
0.664045
0.585319
0.575714
0.568249
0.562647
0.559474
0.55906
0.561548
0.567008
0.584281
0.60439
0.630375
0.740314
0.783638
0.768423
0.739049
0.643713
0.640592
0.63672
0.733354
0.798341
0.799983
0.8
0.8
0.8
0.770413
0.707388
0.795421
0.799993
0.799894
0.799988
0.799999
0.8
0.8
0.8
0.8
0.8
0.8
0.799999
0.799978
0.799932
0.799965
0.799968
0.799958
0.799965
0.799973
0.79995
0.799624
0.799746
0.799855
0.799927
0.799967
0.799988
0.799985
0.799985
0.799997
0.799998
0.799999
0.799999
0.799999
0.8
0.8
0.8
0.8
0.8
0.8
0.8
0.8
0.8
0.8
0.8
0.8
0.8
0.8
0.8
0.8
0.8
0.8
0.8
0.8
0.8
0.8
0.8
0.8
0.8
0.8
0.8
0.8
0.8
0.8
0.8
0.8
0.8
0.8
0.8
0.8
0.8
0.8
0.8
0.8
0.8
0.8
0.8
0.8
0.365222
0.370833
0.381051
0.39943
0.429936
0.470061
0.584703
0.619688
0.615261
0.6111
0.616947
0.62662
0.621104
0.639929
0.658976
0.678008
0.791708
0.79962
0.799991
0.799999
0.8
0.8
0.8
0.8
0.8
0.8
0.8
0.8
0.8
0.8
0.8
0.8
0.8
0.740894
0.798683
0.799999
0.8
0.8
0.8
0.8
0.795668
0.794045
0.799992
0.8
0.8
0.798827
0.601999
0.584394
0.575664
0.56908
0.564717
0.563337
0.565733
0.572368
0.581996
0.745616
0.778251
0.79085
0.79788
0.799339
0.798591
0.797489
0.791434
0.714567
0.641442
0.687716
0.795394
0.799948
0.8
0.8
0.8
0.790208
0.747688
0.799533
0.8
0.799999
0.8
0.8
0.8
0.8
0.8
0.8
0.8
0.8
0.8
0.8
0.799999
0.8
0.8
0.8
0.8
0.8
0.8
0.799998
0.799999
0.799999
0.8
0.8
0.8
0.8
0.8
0.8
0.8
0.8
0.8
0.8
0.8
0.8
0.8
0.8
0.8
0.8
0.8
0.8
0.8
0.8
0.8
0.8
0.8
0.8
0.8
0.8
0.8
0.8
0.8
0.8
0.8
0.8
0.8
0.8
0.8
0.8
0.8
0.8
0.8
0.8
0.8
0.8
0.8
0.8
0.8
0.8
0.8
0.8
0.8
0.8
0.8
0.8
0.8
0.8
0.368114
0.373489
0.383168
0.400371
0.428393
0.464223
0.475559
0.767282
0.784801
0.798347
0.777996
0.704419
0.664603
0.766303
0.78653
0.796304
0.799804
0.799994
0.8
0.8
0.8
0.8
0.8
0.8
0.8
0.8
0.8
0.8
0.8
0.8
0.8
0.8
0.8
0.772433
0.799747
0.8
0.8
0.8
0.8
0.8
0.798927
0.799245
0.8
0.8
0.8
0.782464
0.598243
0.583235
0.575294
0.570193
0.567952
0.569387
0.574793
0.582235
0.718703
0.796106
0.798994
0.799745
0.79995
0.79998
0.799959
0.799935
0.799337
0.774988
0.652738
0.691512
0.796601
0.799969
0.8
0.8
0.8
0.797433
0.779618
0.799976
0.8
0.8
0.8
0.8
0.8
0.8
0.8
0.8
0.8
0.8
0.8
0.8
0.8
0.8
0.8
0.8
0.8
0.8
0.8
0.8
0.8
0.8
0.8
0.8
0.8
0.8
0.8
0.8
0.8
0.8
0.8
0.8
0.8
0.8
0.8
0.8
0.8
0.8
0.8
0.8
0.8
0.8
0.8
0.8
0.8
0.8
0.8
0.8
0.8
0.8
0.8
0.8
0.8
0.8
0.8
0.8
0.8
0.8
0.8
0.8
0.8
0.8
0.8
0.8
0.8
0.8
0.8
0.8
0.8
0.8
0.8
0.8
0.8
0.8
0.8
0.8
0.370955
0.376025
0.384982
0.400576
0.425339
0.456053
0.468958
0.473702
0.799385
0.799946
0.799347
0.795259
0.789666
0.798744
0.799554
0.799936
0.799997
0.8
0.8
0.8
0.8
0.8
0.8
0.8
0.8
0.8
0.8
0.8
0.8
0.8
0.8
0.8
0.8
0.790441
0.79997
0.8
0.8
0.8
0.8
0.8
0.799754
0.79992
0.8
0.8
0.799981
0.764684
0.596634
0.58214
0.575309
0.572574
0.57282
0.576376
0.581689
0.681787
0.789037
0.799595
0.799968
0.799994
0.799999
0.799999
0.799999
0.799998
0.799978
0.798704
0.660069
0.707143
0.798604
0.799993
0.8
0.8
0.8
0.799402
0.794168
0.799988
0.8
0.8
0.8
0.8
0.8
0.8
0.8
0.8
0.8
0.8
0.8
0.8
0.8
0.8
0.8
0.8
0.8
0.8
0.8
0.8
0.8
0.8
0.8
0.8
0.8
0.8
0.8
0.8
0.8
0.8
0.8
0.8
0.8
0.8
0.8
0.8
0.8
0.8
0.8
0.8
0.8
0.8
0.8
0.8
0.8
0.8
0.8
0.8
0.8
0.8
0.8
0.8
0.8
0.8
0.8
0.8
0.8
0.8
0.8
0.8
0.8
0.8
0.8
0.8
0.8
0.8
0.8
0.8
0.8
0.8
0.8
0.8
0.8
0.8
0.8
0.8
0.373802
0.378543
0.38673
0.400637
0.422157
0.448393
0.462735
0.470058
0.47407
0.797832
0.799987
0.799888
0.79969
0.799972
0.799991
0.799999
0.8
0.8
0.8
0.8
0.8
0.8
0.8
0.8
0.8
0.8
0.8
0.8
0.8
0.8
0.8
0.8
0.8
0.797236
0.799995
0.8
0.8
0.8
0.8
0.8
0.799947
0.799992
0.8
0.8
0.799591
0.745467
0.595793
0.581666
0.576768
0.576794
0.578453
0.582606
0.630507
0.780619
0.799069
0.79997
0.799999
0.8
0.8
0.8
0.8
0.8
0.799998
0.79926
0.669268
0.73162
0.799737
0.799999
0.8
0.8
0.8
0.799872
0.798589
0.799993
0.8
0.8
0.8
0.8
0.8
0.8
0.8
0.8
0.8
0.8
0.8
0.8
0.8
0.8
0.8
0.8
0.8
0.8
0.8
0.8
0.8
0.8
0.8
0.8
0.8
0.8
0.8
0.8
0.8
0.8
0.8
0.8
0.8
0.8
0.8
0.8
0.8
0.8
0.8
0.8
0.8
0.8
0.8
0.8
0.8
0.8
0.8
0.8
0.8
0.8
0.8
0.8
0.8
0.8
0.8
0.8
0.8
0.8
0.8
0.8
0.8
0.8
0.8
0.8
0.8
0.8
0.8
0.8
0.8
0.8
0.8
0.8
0.8
0.8
0.8
0.8
0.376691
0.38111
0.388559
0.400893
0.419534
0.442122
0.457057
0.466082
0.471707
0.477387
0.55911
0.771731
0.799936
0.8
0.8
0.8
0.8
0.8
0.8
0.8
0.8
0.8
0.8
0.8
0.8
0.8
0.8
0.8
0.8
0.8
0.8
0.8
0.8
0.799272
0.8
0.8
0.8
0.8
0.8
0.8
0.799989
0.799999
0.8
0.799979
0.779497
0.71989
0.59642
0.582436
0.578136
0.587062
0.589682
0.587168
0.705356
0.796121
0.799882
0.799997
0.8
0.8
0.8
0.8
0.8
0.8
0.8
0.797966
0.684996
0.759203
0.799997
0.8
0.8
0.8
0.8
0.799974
0.799689
0.799998
0.8
0.8
0.8
0.8
0.8
0.8
0.8
0.8
0.8
0.8
0.8
0.8
0.8
0.8
0.8
0.8
0.8
0.8
0.8
0.8
0.8
0.8
0.8
0.8
0.8
0.8
0.8
0.8
0.8
0.8
0.8
0.8
0.8
0.8
0.8
0.8
0.8
0.8
0.8
0.8
0.8
0.8
0.8
0.8
0.8
0.8
0.8
0.8
0.8
0.8
0.8
0.8
0.8
0.8
0.8
0.8
0.8
0.8
0.8
0.8
0.8
0.8
0.8
0.8
0.8
0.8
0.8
0.8
0.8
0.8
0.8
0.8
0.8
0.8
0.8
0.8
0.379642
0.383763
0.390548
0.401506
0.417725
0.437363
0.452193
0.462221
0.46899
0.474681
0.480364
0.487268
0.496907
0.598468
0.76965
0.79996
0.8
0.8
0.8
0.8
0.8
0.8
0.8
0.8
0.8
0.8
0.8
0.8
0.8
0.8
0.8
0.8
0.8
0.799818
0.8
0.8
0.8
0.8
0.8
0.8
0.799998
0.8
0.8
0.799931
0.785822
0.717042
0.597607
0.58427
0.579379
0.595005
0.597146
0.594043
0.761534
0.798299
0.799949
0.799999
0.8
0.8
0.8
0.8
0.8
0.8
0.8
0.780879
0.708552
0.782573
0.8
0.8
0.8
0.8
0.8
0.799995
0.799937
0.799999
0.8
0.8
0.8
0.8
0.8
0.8
0.8
0.8
0.8
0.8
0.8
0.8
0.8
0.8
0.8
0.8
0.8
0.8
0.8
0.8
0.8
0.8
0.8
0.8
0.8
0.8
0.8
0.8
0.8
0.8
0.8
0.8
0.8
0.8
0.8
0.8
0.8
0.8
0.8
0.8
0.8
0.8
0.8
0.8
0.8
0.8
0.8
0.8
0.8
0.8
0.8
0.8
0.8
0.8
0.8
0.8
0.8
0.8
0.8
0.8
0.8
0.8
0.8
0.8
0.8
0.8
0.8
0.8
0.8
0.8
0.8
0.8
0.8
0.8
0.8
0.8
0.382661
0.386517
0.392728
0.402527
0.416766
0.434027
0.448336
0.458846
0.466382
0.472322
0.477306
0.483292
0.492165
0.510822
0.796525
0.799994
0.8
0.8
0.8
0.8
0.8
0.8
0.8
0.8
0.8
0.8
0.8
0.8
0.8
0.8
0.8
0.8
0.799999
0.799956
0.8
0.8
0.8
0.8
0.8
0.8
0.8
0.8
0.799999
0.799623
0.768205
0.695988
0.598883
0.58761
0.5817
0.585637
0.597428
0.616333
0.792777
0.799736
0.799992
0.8
0.8
0.8
0.8
0.8
0.8
0.8
0.8
0.797336
0.73434
0.795796
0.8
0.8
0.8
0.8
0.8
0.799999
0.799989
0.8
0.8
0.8
0.8
0.8
0.8
0.8
0.8
0.8
0.8
0.8
0.8
0.8
0.8
0.8
0.8
0.8
0.8
0.8
0.8
0.8
0.8
0.8
0.8
0.8
0.8
0.8
0.8
0.8
0.8
0.8
0.8
0.8
0.8
0.8
0.8
0.8
0.8
0.8
0.8
0.8
0.8
0.8
0.8
0.8
0.8
0.8
0.8
0.8
0.8
0.8
0.8
0.8
0.8
0.8
0.8
0.8
0.8
0.8
0.8
0.8
0.8
0.8
0.8
0.8
0.8
0.8
0.8
0.8
0.8
0.8
0.8
0.8
0.8
0.8
0.8
0.8
0.385744
0.389371
0.395099
0.40395
0.416603
0.43196
0.44557
0.456227
0.464278
0.470647
0.476014
0.481798
0.489572
0.504276
0.738755
0.799514
0.799999
0.8
0.8
0.8
0.8
0.8
0.8
0.8
0.8
0.8
0.8
0.8
0.8
0.8
0.8
0.8
0.8
0.799991
0.8
0.8
0.8
0.8
0.8
0.8
0.8
0.8
0.799905
0.795151
0.733143
0.65545
0.600591
0.592784
0.585305
0.586791
0.598809
0.675032
0.797195
0.799919
0.799998
0.8
0.8
0.8
0.8
0.8
0.8
0.8
0.799999
0.79889
0.749403
0.799668
0.8
0.8
0.8
0.8
0.8
0.8
0.799998
0.8
0.8
0.8
0.8
0.8
0.8
0.8
0.8
0.8
0.8
0.8
0.8
0.8
0.8
0.8
0.8
0.8
0.8
0.8
0.8
0.8
0.8
0.8
0.8
0.8
0.8
0.8
0.8
0.8
0.8
0.8
0.8
0.8
0.8
0.8
0.8
0.8
0.8
0.8
0.8
0.8
0.8
0.8
0.8
0.8
0.8
0.8
0.8
0.8
0.8
0.8
0.8
0.8
0.8
0.8
0.8
0.8
0.8
0.8
0.8
0.8
0.8
0.8
0.8
0.8
0.8
0.8
0.8
0.8
0.8
0.8
0.8
0.8
0.8
0.8
0.8
0.8
0.388879
0.392314
0.397648
0.405742
0.417147
0.430998
0.443876
0.454477
0.462845
0.469602
0.475352
0.481073
0.487947
0.499559
0.507859
0.535636
0.605331
0.708719
0.782685
0.798566
0.79482
0.798791
0.799835
0.799992
0.8
0.8
0.8
0.8
0.8
0.8
0.8
0.792829
0.79973
0.799989
0.799999
0.8
0.8
0.8
0.8
0.799971
0.799999
0.8
0.79851
0.770265
0.710078
0.651084
0.609243
0.594055
0.587295
0.588148
0.599686
0.756073
0.798143
0.799942
0.799998
0.8
0.8
0.8
0.8
0.8
0.8
0.8
0.8
0.789962
0.764652
0.79987
0.8
0.8
0.8
0.8
0.8
0.8
0.8
0.8
0.8
0.8
0.8
0.8
0.8
0.8
0.8
0.8
0.8
0.8
0.8
0.8
0.8
0.8
0.8
0.8
0.8
0.8
0.8
0.8
0.8
0.8
0.8
0.8
0.8
0.8
0.8
0.8
0.8
0.8
0.8
0.8
0.8
0.8
0.8
0.8
0.8
0.8
0.8
0.8
0.8
0.8
0.8
0.8
0.8
0.8
0.8
0.8
0.8
0.8
0.8
0.8
0.8
0.8
0.8
0.8
0.8
0.8
0.8
0.8
0.8
0.8
0.8
0.8
0.8
0.8
0.8
0.8
0.8
0.8
0.8
0.8
0.8
0.8
0.8
0.8
0.392048
0.395327
0.400352
0.407859
0.418305
0.430984
0.44318
0.453609
0.46213
0.469151
0.475158
0.480831
0.48698
0.495735
0.503285
0.507704
0.513532
0.520317
0.525876
0.529763
0.533201
0.538227
0.5476
0.55717
0.658025
0.786731
0.799898
0.799999
0.8
0.8
0.750152
0.660648
0.602141
0.663288
0.673194
0.731595
0.788002
0.798973
0.799935
0.735409
0.664348
0.678435
0.71986
0.739515
0.708612
0.654466
0.614332
0.595065
0.588512
0.58951
0.600904
0.77059
0.798157
0.799922
0.799997
0.8
0.8
0.8
0.8
0.8
0.8
0.8
0.79999
0.796837
0.782502
0.797039
0.799982
0.8
0.8
0.8
0.8
0.8
0.8
0.8
0.8
0.8
0.8
0.8
0.8
0.8
0.8
0.8
0.8
0.8
0.8
0.8
0.8
0.8
0.8
0.8
0.8
0.8
0.8
0.8
0.8
0.8
0.8
0.8
0.8
0.8
0.8
0.8
0.8
0.8
0.8
0.8
0.8
0.8
0.8
0.8
0.8
0.8
0.8
0.8
0.8
0.8
0.8
0.8
0.8
0.8
0.8
0.8
0.8
0.8
0.8
0.8
0.8
0.8
0.8
0.8
0.8
0.8
0.8
0.8
0.8
0.8
0.8
0.8
0.8
0.8
0.8
0.8
0.8
0.8
0.8
0.8
0.8
0.8
0.8
0.8
0.395227
0.398388
0.403183
0.410256
0.419992
0.431786
0.443395
0.453598
0.46215
0.469313
0.475465
0.481096
0.486756
0.493625
0.49999
0.504416
0.508745
0.513202
0.517586
0.521841
0.52612
0.530833
0.537373
0.547229
0.554425
0.593801
0.666173
0.748439
0.790166
0.693914
0.576488
0.575141
0.576146
0.591978
0.620773
0.6258
0.628453
0.640759
0.619773
0.62096
0.623824
0.631786
0.659646
0.694774
0.71125
0.629368
0.600811
0.595385
0.589822
0.590929
0.602463
0.768358
0.797875
0.79991
0.799997
0.8
0.8
0.8
0.8
0.8
0.8
0.8
0.799987
0.799057
0.794654
0.799367
0.799981
0.8
0.8
0.8
0.8
0.8
0.8
0.8
0.8
0.8
0.8
0.8
0.8
0.8
0.8
0.8
0.8
0.8
0.8
0.8
0.8
0.8
0.8
0.8
0.8
0.8
0.8
0.8
0.8
0.8
0.8
0.8
0.8
0.8
0.8
0.8
0.8
0.8
0.8
0.8
0.8
0.8
0.8
0.8
0.8
0.8
0.8
0.8
0.8
0.8
0.8
0.8
0.8
0.8
0.8
0.8
0.8
0.8
0.8
0.8
0.8
0.8
0.8
0.8
0.8
0.8
0.8
0.8
0.8
0.8
0.8
0.8
0.8
0.8
0.8
0.8
0.8
0.8
0.8
0.8
0.8
0.8
0.8
0.8
0.398391
0.401471
0.406114
0.412896
0.422143
0.433308
0.444448
0.454419
0.462923
0.470133
0.47635
0.481949
0.487324
0.493156
0.498736
0.503367
0.507677
0.511892
0.51603
0.52008
0.524069
0.528122
0.532786
0.539432
0.546945
0.550682
0.55475
0.568281
0.558811
0.559064
0.559577
0.561053
0.563187
0.568089
0.580511
0.591159
0.604962
0.606451
0.607059
0.608955
0.611383
0.617571
0.633968
0.663746
0.696142
0.640678
0.601844
0.596444
0.59129
0.592404
0.60404
0.767233
0.797815
0.79991
0.799997
0.8
0.8
0.8
0.8
0.8
0.8
0.8
0.799958
0.799687
0.798784
0.799903
0.799999
0.8
0.8
0.8
0.8
0.8
0.8
0.8
0.8
0.8
0.8
0.8
0.8
0.8
0.8
0.8
0.8
0.8
0.8
0.8
0.8
0.8
0.8
0.8
0.8
0.8
0.8
0.8
0.8
0.8
0.8
0.8
0.8
0.8
0.8
0.8
0.8
0.8
0.8
0.8
0.8
0.8
0.8
0.8
0.8
0.8
0.8
0.8
0.8
0.8
0.8
0.8
0.8
0.8
0.8
0.8
0.8
0.8
0.8
0.8
0.8
0.8
0.8
0.8
0.8
0.8
0.8
0.8
0.8
0.8
0.8
0.8
0.8
0.8
0.8
0.8
0.8
0.8
0.8
0.8
0.8
0.8
0.8
0.8
0.401511
0.40455
0.409119
0.415748
0.424715
0.435489
0.446297
0.45606
0.464475
0.471667
0.477897
0.483471
0.488697
0.494013
0.499159
0.503828
0.508219
0.512459
0.516566
0.520513
0.524258
0.527791
0.531251
0.535209
0.539941
0.543829
0.54882
0.550142
0.550925
0.552211
0.553754
0.555672
0.557888
0.560655
0.565226
0.57114
0.578878
0.58226
0.58392
0.586911
0.592285
0.600631
0.614686
0.639405
0.674077
0.651795
0.609972
0.598516
0.592915
0.593862
0.605438
0.766805
0.797809
0.799911
0.799997
0.8
0.8
0.8
0.8
0.8
0.8
0.8
0.799988
0.799918
0.799766
0.799986
0.8
0.8
0.8
0.8
0.8
0.8
0.8
0.8
0.8
0.8
0.8
0.8
0.8
0.8
0.8
0.8
0.8
0.8
0.8
0.8
0.8
0.8
0.8
0.8
0.8
0.8
0.8
0.8
0.8
0.8
0.8
0.8
0.8
0.8
0.8
0.8
0.8
0.8
0.8
0.8
0.8
0.8
0.8
0.8
0.8
0.8
0.8
0.8
0.8
0.8
0.8
0.8
0.8
0.8
0.8
0.8
0.8
0.8
0.8
0.8
0.8
0.8
0.8
0.8
0.8
0.8
0.8
0.8
0.8
0.8
0.8
0.8
0.8
0.8
0.8
0.8
0.8
0.8
0.8
0.8
0.8
0.8
0.8
0.8
0.404562
0.407598
0.412173
0.418796
0.427696
0.438317
0.448938
0.458538
0.466843
0.473977
0.480183
0.485736
0.490898
0.49598
0.50092
0.505593
0.510067
0.514395
0.518572
0.522547
0.526244
0.529742
0.533067
0.535827
0.538328
0.540812
0.543584
0.545191
0.546748
0.548408
0.550266
0.552319
0.554506
0.556915
0.559635
0.562794
0.566529
0.569754
0.572727
0.576427
0.58152
0.588884
0.600409
0.620173
0.651267
0.653436
0.621234
0.603414
0.59539
0.595333
0.606518
0.758742
0.797891
0.799923
0.799998
0.8
0.8
0.8
0.8
0.8
0.8
0.8
0.799997
0.799979
0.799955
0.799998
0.8
0.8
0.8
0.8
0.8
0.8
0.8
0.8
0.8
0.8
0.8
0.8
0.8
0.8
0.8
0.8
0.8
0.8
0.8
0.8
0.8
0.8
0.8
0.8
0.8
0.8
0.8
0.8
0.8
0.8
0.8
0.8
0.8
0.8
0.8
0.8
0.8
0.8
0.8
0.8
0.8
0.8
0.8
0.8
0.8
0.8
0.8
0.8
0.8
0.8
0.8
0.8
0.8
0.8
0.8
0.8
0.8
0.8
0.8
0.8
0.8
0.8
0.8
0.8
0.8
0.8
0.8
0.8
0.8
0.8
0.8
0.8
0.8
0.8
0.8
0.8
0.8
0.8
0.8
0.8
0.8
0.8
0.8
0.8
0.407552
0.410675
0.415391
0.422169
0.431147
0.441692
0.452159
0.461802
0.470084
0.47713
0.483289
0.488824
0.493971
0.498979
0.503865
0.508595
0.513202
0.517712
0.522111
0.526352
0.531289
0.537414
0.54556
0.554486
0.556998
0.557456
0.557919
0.559078
0.56068
0.562064
0.563658
0.565419
0.567338
0.569184
0.570671
0.571908
0.573124
0.574402
0.575742
0.577386
0.579952
0.584332
0.59207
0.606332
0.631164
0.646091
0.629809
0.610497
0.599107
0.59702
0.607283
0.72784
0.789972
0.799582
0.799987
0.8
0.8
0.8
0.8
0.8
0.8
0.8
0.799999
0.799994
0.79999
0.8
0.8
0.8
0.8
0.8
0.8
0.8
0.8
0.8
0.8
0.8
0.8
0.8
0.8
0.8
0.8
0.8
0.8
0.8
0.8
0.8
0.8
0.8
0.8
0.8
0.8
0.8
0.8
0.8
0.8
0.8
0.8
0.8
0.8
0.8
0.8
0.8
0.8
0.8
0.8
0.8
0.8
0.8
0.8
0.8
0.8
0.8
0.8
0.8
0.8
0.8
0.8
0.8
0.8
0.8
0.8
0.8
0.8
0.8
0.8
0.8
0.8
0.8
0.8
0.8
0.8
0.8
0.8
0.8
0.8
0.8
0.8
0.8
0.8
0.8
0.8
0.8
0.8
0.8
0.8
0.8
0.8
0.8
0.8
0.8
0.410461
0.413778
0.418816
0.42599
0.435281
0.445884
0.456249
0.465703
0.473835
0.480949
0.487298
0.492827
0.498003
0.503042
0.508
0.512892
0.517763
0.522649
0.527576
0.533783
0.542713
0.554006
0.56968
0.584669
0.589313
0.592604
0.593549
0.594079
0.593836
0.590886
0.589178
0.588714
0.589934
0.594477
0.59665
0.59732
0.597183
0.596246
0.594352
0.591723
0.589603
0.589115
0.591551
0.599316
0.61629
0.63418
0.63243
0.617433
0.60394
0.599178
0.607851
0.715491
0.787984
0.799508
0.799985
0.8
0.8
0.8
0.8
0.8
0.8
0.8
0.8
0.799998
0.799997
0.8
0.8
0.8
0.8
0.8
0.8
0.8
0.8
0.8
0.8
0.8
0.8
0.8
0.8
0.8
0.8
0.8
0.8
0.8
0.8
0.8
0.8
0.8
0.8
0.8
0.8
0.8
0.8
0.8
0.8
0.8
0.8
0.8
0.8
0.8
0.8
0.8
0.8
0.8
0.8
0.8
0.8
0.8
0.8
0.8
0.8
0.8
0.8
0.8
0.8
0.8
0.8
0.8
0.8
0.8
0.8
0.8
0.8
0.8
0.8
0.8
0.8
0.8
0.8
0.8
0.8
0.8
0.8
0.8
0.8
0.8
0.8
0.8
0.8
0.8
0.8
0.8
0.8
0.8
0.8
0.8
0.8
0.8
0.8
0.8
0.413276
0.416927
0.422516
0.430364
0.440199
0.45098
0.461279
0.470529
0.478496
0.485492
0.491782
0.49777
0.503124
0.508302
0.513469
0.518695
0.524071
0.529718
0.536224
0.548178
0.56524
0.57994
0.59794
0.60457
0.639524
0.721537
0.786273
0.759159
0.671992
0.604022
0.602309
0.601678
0.603752
0.617391
0.622956
0.626152
0.626753
0.625857
0.622409
0.615467
0.608102
0.602508
0.599481
0.600481
0.608798
0.623009
0.62972
0.622041
0.609059
0.601897
0.60834
0.697162
0.784044
0.799347
0.799981
0.8
0.8
0.8
0.8
0.8
0.8
0.8
0.8
0.799999
0.799999
0.8
0.8
0.8
0.8
0.8
0.8
0.8
0.8
0.8
0.8
0.8
0.8
0.8
0.8
0.8
0.8
0.8
0.8
0.8
0.8
0.8
0.8
0.8
0.8
0.8
0.8
0.8
0.8
0.8
0.8
0.8
0.8
0.8
0.8
0.8
0.8
0.8
0.8
0.8
0.8
0.8
0.8
0.8
0.8
0.8
0.8
0.8
0.8
0.8
0.8
0.8
0.8
0.8
0.8
0.8
0.8
0.8
0.8
0.8
0.8
0.8
0.8
0.8
0.8
0.8
0.8
0.8
0.8
0.8
0.8
0.8
0.8
0.8
0.8
0.8
0.8
0.8
0.8
0.8
0.8
0.8
0.8
0.8
0.8
0.8
0.415996
0.42017
0.426609
0.435454
0.446057
0.457113
0.467363
0.476404
0.484202
0.491096
0.497372
0.503373
0.509201
0.514994
0.520585
0.52643
0.532769
0.539989
0.553033
0.577044
0.601881
0.611616
0.619863
0.737816
0.795641
0.79966
0.799937
0.799543
0.790306
0.71513
0.669028
0.61488
0.619743
0.638809
0.706686
0.781014
0.798279
0.768901
0.672788
0.624291
0.618863
0.614088
0.610143
0.607559
0.608903
0.616402
0.625071
0.623822
0.613485
0.605022
0.608857
0.666201
0.783019
0.799298
0.799979
0.799999
0.8
0.8
0.8
0.8
0.8
0.8
0.8
0.8
0.8
0.8
0.8
0.8
0.8
0.8
0.8
0.8
0.8
0.8
0.8
0.8
0.8
0.8
0.8
0.8
0.8
0.8
0.8
0.8
0.8
0.8
0.8
0.8
0.8
0.8
0.8
0.8
0.8
0.8
0.8
0.8
0.8
0.8
0.8
0.8
0.8
0.8
0.8
0.8
0.8
0.8
0.8
0.8
0.8
0.8
0.8
0.8
0.8
0.8
0.8
0.8
0.8
0.8
0.8
0.8
0.8
0.8
0.8
0.8
0.8
0.8
0.8
0.8
0.8
0.8
0.8
0.8
0.8
0.8
0.8
0.8
0.8
0.8
0.8
0.8
0.8
0.8
0.8
0.8
0.8
0.8
0.8
0.8
0.8
0.8
0.418633
0.423588
0.431267
0.441489
0.453086
0.464496
0.474707
0.483551
0.491204
0.498036
0.504357
0.510463
0.516503
0.52294
0.529924
0.536954
0.545226
0.55611
0.583806
0.62044
0.632386
0.735928
0.796323
0.79932
0.79995
0.799998
0.8
0.799997
0.799934
0.798423
0.757573
0.640344
0.642755
0.671204
0.786577
0.799907
0.799992
0.799736
0.785399
0.668127
0.624522
0.62265
0.620813
0.618205
0.615798
0.616537
0.622417
0.62419
0.616798
0.608263
0.609551
0.620575
0.790938
0.799578
0.799986
0.8
0.8
0.8
0.8
0.8
0.8
0.8
0.8
0.8
0.8
0.8
0.8
0.8
0.8
0.8
0.8
0.8
0.8
0.8
0.8
0.8
0.8
0.8
0.8
0.8
0.8
0.8
0.8
0.8
0.8
0.8
0.8
0.8
0.8
0.8
0.8
0.8
0.8
0.8
0.8
0.8
0.8
0.8
0.8
0.8
0.8
0.8
0.8
0.8
0.8
0.8
0.8
0.8
0.8
0.8
0.8
0.8
0.8
0.8
0.8
0.8
0.8
0.8
0.8
0.8
0.8
0.8
0.8
0.8
0.8
0.8
0.8
0.8
0.8
0.8
0.8
0.8
0.8
0.8
0.8
0.8
0.8
0.8
0.8
0.8
0.8
0.8
0.8
0.8
0.8
0.8
0.8
0.8
0.8
0.8
0.421207
0.427279
0.436697
0.448773
0.461645
0.473502
0.48372
0.492427
0.499995
0.506839
0.513298
0.519661
0.526165
0.533242
0.54146
0.55227
0.565354
0.587949
0.642429
0.666613
0.790037
0.799029
0.79995
0.799994
0.8
0.8
0.8
0.8
0.8
0.799991
0.799399
0.743062
0.660411
0.778388
0.799629
0.799997
0.8
0.799999
0.799873
0.712116
0.661897
0.759929
0.767931
0.662211
0.629872
0.617861
0.622245
0.624571
0.619159
0.611196
0.610882
0.619479
0.765167
0.798532
0.799953
0.799999
0.8
0.8
0.8
0.8
0.8
0.8
0.8
0.8
0.8
0.8
0.8
0.8
0.8
0.8
0.8
0.8
0.8
0.8
0.8
0.8
0.8
0.8
0.8
0.8
0.8
0.8
0.8
0.8
0.8
0.8
0.8
0.8
0.8
0.8
0.8
0.8
0.8
0.8
0.8
0.8
0.8
0.8
0.8
0.8
0.8
0.8
0.8
0.8
0.8
0.8
0.8
0.8
0.8
0.8
0.8
0.8
0.8
0.8
0.8
0.8
0.8
0.8
0.8
0.8
0.8
0.8
0.8
0.8
0.8
0.8
0.8
0.8
0.8
0.8
0.8
0.8
0.8
0.8
0.8
0.8
0.8
0.8
0.8
0.8
0.8
0.8
0.8
0.8
0.8
0.8
0.8
0.8
0.8
0.8
0.423724
0.431294
0.443082
0.457719
0.472408
0.484938
0.495363
0.504094
0.511692
0.518672
0.525454
0.532413
0.539958
0.548715
0.559557
0.574618
0.610925
0.678119
0.744187
0.796286
0.799859
0.799988
0.799999
0.8
0.8
0.8
0.8
0.8
0.8
0.8
0.799943
0.782468
0.677368
0.783778
0.79991
0.8
0.8
0.8
0.799999
0.75414
0.720277
0.798521
0.799266
0.719953
0.656306
0.619653
0.622725
0.62512
0.620956
0.613639
0.612345
0.619795
0.733819
0.791166
0.7996
0.799989
0.8
0.8
0.8
0.8
0.8
0.8
0.8
0.8
0.8
0.8
0.8
0.8
0.8
0.8
0.8
0.8
0.8
0.8
0.8
0.8
0.8
0.8
0.8
0.8
0.8
0.8
0.8
0.8
0.8
0.8
0.8
0.8
0.8
0.8
0.8
0.8
0.8
0.8
0.8
0.8
0.8
0.8
0.8
0.8
0.8
0.8
0.8
0.8
0.8
0.8
0.8
0.8
0.8
0.8
0.8
0.8
0.8
0.8
0.8
0.8
0.8
0.8
0.8
0.8
0.8
0.8
0.8
0.8
0.8
0.8
0.8
0.8
0.8
0.8
0.8
0.8
0.8
0.8
0.8
0.8
0.8
0.8
0.8
0.8
0.8
0.8
0.8
0.8
0.8
0.8
0.8
0.8
0.8
0.8
0.426125
0.435481
0.450417
0.469016
0.487141
0.501192
0.512591
0.521808
0.529593
0.536938
0.544603
0.553266
0.563891
0.578203
0.598657
0.63377
0.703032
0.793771
0.798812
0.799938
0.799998
0.8
0.8
0.8
0.8
0.8
0.8
0.8
0.8
0.8
0.799989
0.798154
0.708885
0.789591
0.79994
0.8
0.8
0.8
0.8
0.783126
0.776953
0.799906
0.799993
0.777484
0.695891
0.621641
0.623478
0.625806
0.622452
0.615712
0.613787
0.62035
0.725101
0.79369
0.799773
0.799994
0.8
0.8
0.8
0.8
0.8
0.8
0.8
0.8
0.8
0.8
0.8
0.8
0.8
0.8
0.8
0.8
0.8
0.8
0.8
0.8
0.8
0.8
0.8
0.8
0.8
0.8
0.8
0.8
0.8
0.8
0.8
0.8
0.8
0.8
0.8
0.8
0.8
0.8
0.8
0.8
0.8
0.8
0.8
0.8
0.8
0.8
0.8
0.8
0.8
0.8
0.8
0.8
0.8
0.8
0.8
0.8
0.8
0.8
0.8
0.8
0.8
0.8
0.8
0.8
0.8
0.8
0.8
0.8
0.8
0.8
0.8
0.8
0.8
0.8
0.8
0.8
0.8
0.8
0.8
0.8
0.8
0.8
0.8
0.8
0.8
0.8
0.8
0.8
0.8
0.8
0.8
0.8
0.8
0.8
0.428222
0.439217
0.458409
0.486735
0.520762
0.546749
0.569583
0.587779
0.570136
0.5717
0.58036
0.591773
0.607253
0.629767
0.657222
0.685038
0.79411
0.799873
0.799981
0.799999
0.8
0.8
0.8
0.8
0.8
0.8
0.8
0.8
0.8
0.8
0.8
0.799975
0.740314
0.797014
0.799988
0.8
0.8
0.8
0.8
0.795293
0.796644
0.799989
0.8
0.796932
0.748114
0.623527
0.624366
0.626589
0.623797
0.617574
0.615225
0.620805
0.684936
0.781602
0.799273
0.799981
0.8
0.8
0.8
0.8
0.8
0.8
0.8
0.8
0.8
0.8
0.8
0.8
0.8
0.8
0.8
0.8
0.8
0.8
0.8
0.8
0.8
0.8
0.8
0.8
0.8
0.8
0.8
0.8
0.8
0.8
0.8
0.8
0.8
0.8
0.8
0.8
0.8
0.8
0.8
0.8
0.8
0.8
0.8
0.8
0.8
0.8
0.8
0.8
0.8
0.8
0.8
0.8
0.8
0.8
0.8
0.8
0.8
0.8
0.8
0.8
0.8
0.8
0.8
0.8
0.8
0.8
0.8
0.8
0.8
0.8
0.8
0.8
0.8
0.8
0.8
0.8
0.8
0.8
0.8
0.8
0.8
0.8
0.8
0.8
0.8
0.8
0.8
0.8
0.8
0.8
0.8
0.8
0.8
0.8
0.429784
0.440989
0.460525
0.488832
0.521523
0.619498
0.766834
0.647316
0.640215
0.634056
0.635428
0.640764
0.646918
0.652579
0.786217
0.79672
0.799878
0.799998
0.8
0.8
0.8
0.8
0.8
0.8
0.8
0.8
0.8
0.8
0.8
0.8
0.8
0.8
0.771264
0.799495
0.799999
0.8
0.8
0.8
0.8
0.798879
0.799643
0.799999
0.8
0.799718
0.785224
0.625019
0.62532
0.627445
0.625068
0.619328
0.616721
0.620968
0.630676
0.768922
0.79836
0.799948
0.799999
0.8
0.8
0.8
0.8
0.8
0.8
0.8
0.8
0.8
0.8
0.8
0.8
0.8
0.8
0.8
0.8
0.8
0.8
0.8
0.8
0.8
0.8
0.8
0.8
0.8
0.8
0.8
0.8
0.8
0.8
0.8
0.8
0.8
0.8
0.8
0.8
0.8
0.8
0.8
0.8
0.8
0.8
0.8
0.8
0.8
0.8
0.8
0.8
0.8
0.8
0.8
0.8
0.8
0.8
0.8
0.8
0.8
0.8
0.8
0.8
0.8
0.8
0.8
0.8
0.8
0.8
0.8
0.8
0.8
0.8
0.8
0.8
0.8
0.8
0.8
0.8
0.8
0.8
0.8
0.8
0.8
0.8
0.8
0.8
0.8
0.8
0.8
0.8
0.8
0.8
0.8
0.8
0.8
0.431183
0.441986
0.460515
0.486779
0.516249
0.519748
0.798255
0.784828
0.789885
0.7815
0.775066
0.767944
0.79311
0.790985
0.799558
0.799949
0.799998
0.8
0.8
0.8
0.8
0.8
0.8
0.8
0.8
0.8
0.8
0.8
0.8
0.8
0.8
0.8
0.789882
0.799932
0.8
0.8
0.8
0.8
0.8
0.799762
0.799967
0.8
0.8
0.799979
0.797248
0.626292
0.626317
0.628363
0.626303
0.620987
0.618276
0.621686
0.630069
0.768141
0.798402
0.799951
0.799999
0.8
0.8
0.8
0.8
0.8
0.8
0.8
0.8
0.8
0.8
0.8
0.8
0.8
0.8
0.8
0.8
0.8
0.8
0.8
0.8
0.8
0.8
0.8
0.8
0.8
0.8
0.8
0.8
0.8
0.8
0.8
0.8
0.8
0.8
0.8
0.8
0.8
0.8
0.8
0.8
0.8
0.8
0.8
0.8
0.8
0.8
0.8
0.8
0.8
0.8
0.8
0.8
0.8
0.8
0.8
0.8
0.8
0.8
0.8
0.8
0.8
0.8
0.8
0.8
0.8
0.8
0.8
0.8
0.8
0.8
0.8
0.8
0.8
0.8
0.8
0.8
0.8
0.8
0.8
0.8
0.8
0.8
0.8
0.8
0.8
0.8
0.8
0.8
0.8
0.8
0.8
0.8
0.8
0.4326
0.442771
0.459777
0.483267
0.508863
0.516032
0.518806
0.799541
0.799643
0.798903
0.798687
0.798322
0.79983
0.799796
0.799991
0.799999
0.8
0.8
0.8
0.8
0.8
0.8
0.8
0.8
0.8
0.8
0.8
0.8
0.8
0.8
0.8
0.8
0.7971
0.799991
0.8
0.8
0.8
0.8
0.8
0.799954
0.799997
0.8
0.8
0.799999
0.799586
0.627467
0.627346
0.629335
0.627517
0.622539
0.619792
0.622724
0.630796
0.771359
0.798716
0.799962
0.799999
0.8
0.8
0.8
0.8
0.8
0.8
0.8
0.8
0.8
0.8
0.8
0.8
0.8
0.8
0.8
0.8
0.8
0.8
0.8
0.8
0.8
0.8
0.8
0.8
0.8
0.8
0.8
0.8
0.8
0.8
0.8
0.8
0.8
0.8
0.8
0.8
0.8
0.8
0.8
0.8
0.8
0.8
0.8
0.8
0.8
0.8
0.8
0.8
0.8
0.8
0.8
0.8
0.8
0.8
0.8
0.8
0.8
0.8
0.8
0.8
0.8
0.8
0.8
0.8
0.8
0.8
0.8
0.8
0.8
0.8
0.8
0.8
0.8
0.8
0.8
0.8
0.8
0.8
0.8
0.8
0.8
0.8
0.8
0.8
0.8
0.8
0.8
0.8
0.8
0.8
0.8
0.8
0.8
0.434073
0.443524
0.458875
0.479574
0.501801
0.511561
0.516353
0.518914
0.739287
0.799966
0.799958
0.799951
0.799997
0.799997
0.8
0.8
0.8
0.8
0.8
0.8
0.8
0.8
0.8
0.8
0.8
0.8
0.8
0.8
0.8
0.8
0.8
0.8
0.799257
0.799999
0.8
0.8
0.8
0.8
0.8
0.799992
0.8
0.8
0.8
0.8
0.799945
0.628554
0.628399
0.630355
0.628719
0.624
0.621243
0.623885
0.631825
0.767572
0.798832
0.799966
0.799999
0.8
0.8
0.8
0.8
0.8
0.8
0.8
0.8
0.8
0.8
0.8
0.8
0.8
0.8
0.8
0.8
0.8
0.8
0.8
0.8
0.8
0.8
0.8
0.8
0.8
0.8
0.8
0.8
0.8
0.8
0.8
0.8
0.8
0.8
0.8
0.8
0.8
0.8
0.8
0.8
0.8
0.8
0.8
0.8
0.8
0.8
0.8
0.8
0.8
0.8
0.8
0.8
0.8
0.8
0.8
0.8
0.8
0.8
0.8
0.8
0.8
0.8
0.8
0.8
0.8
0.8
0.8
0.8
0.8
0.8
0.8
0.8
0.8
0.8
0.8
0.8
0.8
0.8
0.8
0.8
0.8
0.8
0.8
0.8
0.8
0.8
0.8
0.8
0.8
0.8
0.8
0.8
0.8
0.43563
0.44436
0.458135
0.476335
0.495814
0.506941
0.513276
0.517079
0.52091
0.524874
0.590391
0.706397
0.8
0.8
0.8
0.8
0.8
0.8
0.8
0.8
0.8
0.8
0.8
0.8
0.8
0.8
0.8
0.8
0.8
0.8
0.8
0.8
0.799822
0.8
0.8
0.8
0.8
0.8
0.8
0.799999
0.8
0.8
0.8
0.799977
0.796505
0.629595
0.629472
0.631418
0.629914
0.625394
0.622645
0.625085
0.632923
0.742704
0.792067
0.799625
0.799989
0.8
0.8
0.8
0.8
0.8
0.8
0.8
0.8
0.8
0.8
0.8
0.8
0.8
0.8
0.8
0.8
0.8
0.8
0.8
0.8
0.8
0.8
0.8
0.8
0.8
0.8
0.8
0.8
0.8
0.8
0.8
0.8
0.8
0.8
0.8
0.8
0.8
0.8
0.8
0.8
0.8
0.8
0.8
0.8
0.8
0.8
0.8
0.8
0.8
0.8
0.8
0.8
0.8
0.8
0.8
0.8
0.8
0.8
0.8
0.8
0.8
0.8
0.8
0.8
0.8
0.8
0.8
0.8
0.8
0.8
0.8
0.8
0.8
0.8
0.8
0.8
0.8
0.8
0.8
0.8
0.8
0.8
0.8
0.8
0.8
0.8
0.8
0.8
0.8
0.8
0.8
0.8
0.8
0.437283
0.445342
0.457717
0.473797
0.491046
0.50266
0.510026
0.514763
0.518382
0.522549
0.52694
0.537298
0.552591
0.8
0.8
0.8
0.8
0.8
0.8
0.8
0.8
0.8
0.8
0.8
0.8
0.8
0.8
0.8
0.8
0.8
0.8
0.799999
0.79996
0.8
0.8
0.8
0.8
0.8
0.8
0.8
0.8
0.8
0.799999
0.799719
0.785332
0.63065
0.630562
0.632525
0.631109
0.626754
0.624027
0.626292
0.634016
0.748087
0.796173
0.799851
0.799996
0.8
0.8
0.8
0.8
0.8
0.8
0.8
0.8
0.8
0.8
0.8
0.8
0.8
0.8
0.8
0.8
0.8
0.8
0.8
0.8
0.8
0.8
0.8
0.8
0.8
0.8
0.8
0.8
0.8
0.8
0.8
0.8
0.8
0.8
0.8
0.8
0.8
0.8
0.8
0.8
0.8
0.8
0.8
0.8
0.8
0.8
0.8
0.8
0.8
0.8
0.8
0.8
0.8
0.8
0.8
0.8
0.8
0.8
0.8
0.8
0.8
0.8
0.8
0.8
0.8
0.8
0.8
0.8
0.8
0.8
0.8
0.8
0.8
0.8
0.8
0.8
0.8
0.8
0.8
0.8
0.8
0.8
0.8
0.8
0.8
0.8
0.8
0.8
0.8
0.8
0.8
0.8
0.8
0.43904
0.446499
0.457678
0.47201
0.487453
0.49905
0.507058
0.512563
0.516699
0.520755
0.524593
0.531315
0.544229
0.796253
0.8
0.8
0.8
0.8
0.8
0.8
0.8
0.8
0.8
0.8
0.8
0.8
0.8
0.8
0.8
0.8
0.8
0.8
0.799992
0.8
0.8
0.8
0.8
0.8
0.8
0.8
0.8
0.8
0.79999
0.797695
0.758161
0.631713
0.631679
0.633677
0.632313
0.628108
0.625415
0.62748
0.634984
0.725241
0.788678
0.799523
0.799986
0.8
0.8
0.8
0.8
0.8
0.8
0.8
0.8
0.8
0.8
0.8
0.8
0.8
0.8
0.8
0.8
0.8
0.8
0.8
0.8
0.8
0.8
0.8
0.8
0.8
0.8
0.8
0.8
0.8
0.8
0.8
0.8
0.8
0.8
0.8
0.8
0.8
0.8
0.8
0.8
0.8
0.8
0.8
0.8
0.8
0.8
0.8
0.8
0.8
0.8
0.8
0.8
0.8
0.8
0.8
0.8
0.8
0.8
0.8
0.8
0.8
0.8
0.8
0.8
0.8
0.8
0.8
0.8
0.8
0.8
0.8
0.8
0.8
0.8
0.8
0.8
0.8
0.8
0.8
0.8
0.8
0.8
0.8
0.8
0.8
0.8
0.8
0.8
0.8
0.8
0.8
0.8
0.8
0.440899
0.447839
0.458022
0.470937
0.484927
0.496257
0.504625
0.510715
0.515387
0.519596
0.523555
0.529012
0.539099
0.542038
0.76246
0.799661
0.799995
0.8
0.8
0.8
0.8
0.8
0.8
0.8
0.8
0.8
0.8
0.8
0.8
0.8
0.8
0.8
0.799999
0.8
0.8
0.8
0.8
0.8
0.8
0.8
0.8
0.799999
0.799697
0.787783
0.710908
0.632777
0.632866
0.634863
0.633537
0.629488
0.626842
0.628639
0.635684
0.709027
0.791545
0.799662
0.79999
0.8
0.8
0.8
0.8
0.8
0.8
0.8
0.8
0.8
0.8
0.8
0.8
0.8
0.8
0.8
0.8
0.8
0.8
0.8
0.8
0.8
0.8
0.8
0.8
0.8
0.8
0.8
0.8
0.8
0.8
0.8
0.8
0.8
0.8
0.8
0.8
0.8
0.8
0.8
0.8
0.8
0.8
0.8
0.8
0.8
0.8
0.8
0.8
0.8
0.8
0.8
0.8
0.8
0.8
0.8
0.8
0.8
0.8
0.8
0.8
0.8
0.8
0.8
0.8
0.8
0.8
0.8
0.8
0.8
0.8
0.8
0.8
0.8
0.8
0.8
0.8
0.8
0.8
0.8
0.8
0.8
0.8
0.8
0.8
0.8
0.8
0.8
0.8
0.8
0.8
0.8
0.8
0.8
0.442854
0.449353
0.458724
0.470509
0.483338
0.4943
0.502833
0.50933
0.514436
0.518875
0.522968
0.527724
0.535118
0.539785
0.545067
0.547741
0.551018
0.554769
0.558626
0.562788
0.567591
0.574406
0.675265
0.789703
0.799978
0.8
0.8
0.8
0.8
0.792993
0.720046
0.649499
0.704615
0.716597
0.790714
0.79997
0.8
0.8
0.799543
0.799994
0.787945
0.794902
0.71273
0.662394
0.645743
0.633863
0.63415
0.636103
0.634808
0.630933
0.628335
0.629791
0.635827
0.64805
0.776671
0.798562
0.79995
0.799999
0.8
0.8
0.8
0.8
0.8
0.8
0.8
0.8
0.8
0.8
0.8
0.8
0.8
0.8
0.8
0.8
0.8
0.8
0.8
0.8
0.8
0.8
0.8
0.8
0.8
0.8
0.8
0.8
0.8
0.8
0.8
0.8
0.8
0.8
0.8
0.8
0.8
0.8
0.8
0.8
0.8
0.8
0.8
0.8
0.8
0.8
0.8
0.8
0.8
0.8
0.8
0.8
0.8
0.8
0.8
0.8
0.8
0.8
0.8
0.8
0.8
0.8
0.8
0.8
0.8
0.8
0.8
0.8
0.8
0.8
0.8
0.8
0.8
0.8
0.8
0.8
0.8
0.8
0.8
0.8
0.8
0.8
0.8
0.8
0.8
0.8
0.8
0.8
0.8
0.8
0.8
0.8
0.444891
0.451027
0.45975
0.470648
0.482564
0.493142
0.501712
0.508469
0.513893
0.518545
0.522752
0.527131
0.532794
0.537459
0.541257
0.544563
0.547898
0.551383
0.555046
0.559001
0.563575
0.569846
0.57634
0.582915
0.703461
0.797638
0.79998
0.798013
0.763336
0.655322
0.607901
0.608661
0.628339
0.660466
0.666125
0.736848
0.792068
0.778286
0.738471
0.678545
0.686641
0.71837
0.725977
0.665336
0.644786
0.635413
0.635536
0.637439
0.636173
0.632478
0.629903
0.631107
0.636595
0.647408
0.767331
0.797408
0.79987
0.799996
0.8
0.8
0.8
0.8
0.8
0.8
0.8
0.8
0.8
0.8
0.8
0.8
0.8
0.8
0.8
0.8
0.8
0.8
0.8
0.8
0.8
0.8
0.8
0.8
0.8
0.8
0.8
0.8
0.8
0.8
0.8
0.8
0.8
0.8
0.8
0.8
0.8
0.8
0.8
0.8
0.8
0.8
0.8
0.8
0.8
0.8
0.8
0.8
0.8
0.8
0.8
0.8
0.8
0.8
0.8
0.8
0.8
0.8
0.8
0.8
0.8
0.8
0.8
0.8
0.8
0.8
0.8
0.8
0.8
0.8
0.8
0.8
0.8
0.8
0.8
0.8
0.8
0.8
0.8
0.8
0.8
0.8
0.8
0.8
0.8
0.8
0.8
0.8
0.8
0.8
0.8
0.8
0.446994
0.452841
0.461063
0.471286
0.482501
0.49273
0.501265
0.508173
0.513815
0.518637
0.522945
0.527153
0.53191
0.536285
0.540073
0.543584
0.547048
0.550548
0.554106
0.557753
0.561613
0.566143
0.570922
0.577384
0.583211
0.611425
0.673931
0.664856
0.596063
0.595055
0.595189
0.596928
0.602799
0.620139
0.63872
0.641968
0.643923
0.645685
0.647607
0.649778
0.65509
0.676876
0.70544
0.679553
0.651365
0.637784
0.637083
0.638724
0.63763
0.634131
0.63152
0.632531
0.637851
0.648613
0.765309
0.796954
0.799829
0.799992
0.8
0.8
0.8
0.8
0.8
0.8
0.8
0.8
0.8
0.8
0.8
0.8
0.8
0.8
0.8
0.8
0.8
0.8
0.8
0.8
0.8
0.8
0.8
0.8
0.8
0.8
0.8
0.8
0.8
0.8
0.8
0.8
0.8
0.8
0.8
0.8
0.8
0.8
0.8
0.8
0.8
0.8
0.8
0.8
0.8
0.8
0.8
0.8
0.8
0.8
0.8
0.8
0.8
0.8
0.8
0.8
0.8
0.8
0.8
0.8
0.8
0.8
0.8
0.8
0.8
0.8
0.8
0.8
0.8
0.8
0.8
0.8
0.8
0.8
0.8
0.8
0.8
0.8
0.8
0.8
0.8
0.8
0.8
0.8
0.8
0.8
0.8
0.8
0.8
0.8
0.8
0.8
0.449142
0.454771
0.462627
0.472364
0.483072
0.493017
0.501488
0.508474
0.514257
0.519208
0.523605
0.527763
0.532099
0.536258
0.540088
0.543724
0.547284
0.550814
0.554306
0.557737
0.561107
0.56455
0.568143
0.572684
0.577963
0.580093
0.581682
0.582727
0.583683
0.585099
0.586758
0.588734
0.591845
0.59864
0.60847
0.613172
0.616515
0.619593
0.622761
0.626147
0.633758
0.650312
0.678094
0.681533
0.661258
0.643899
0.639528
0.640074
0.639142
0.635866
0.633153
0.633995
0.639562
0.650644
0.765532
0.797073
0.799848
0.799994
0.8
0.8
0.8
0.8
0.8
0.8
0.8
0.8
0.8
0.8
0.8
0.8
0.8
0.8
0.8
0.8
0.8
0.8
0.8
0.8
0.8
0.8
0.8
0.8
0.8
0.8
0.8
0.8
0.8
0.8
0.8
0.8
0.8
0.8
0.8
0.8
0.8
0.8
0.8
0.8
0.8
0.8
0.8
0.8
0.8
0.8
0.8
0.8
0.8
0.8
0.8
0.8
0.8
0.8
0.8
0.8
0.8
0.8
0.8
0.8
0.8
0.8
0.8
0.8
0.8
0.8
0.8
0.8
0.8
0.8
0.8
0.8
0.8
0.8
0.8
0.8
0.8
0.8
0.8
0.8
0.8
0.8
0.8
0.8
0.8
0.8
0.8
0.8
0.8
0.8
0.8
0.8
0.451312
0.456793
0.464412
0.47384
0.484223
0.493973
0.502385
0.509408
0.515277
0.52032
0.524796
0.528967
0.533134
0.537183
0.541041
0.544761
0.548401
0.551973
0.55545
0.558779
0.561906
0.564813
0.567533
0.570289
0.573234
0.575901
0.578202
0.580338
0.582409
0.583894
0.585577
0.587467
0.58967
0.592579
0.596389
0.599648
0.602656
0.605833
0.609498
0.613959
0.620696
0.632834
0.654603
0.671
0.666412
0.651774
0.643738
0.641975
0.64075
0.63765
0.634777
0.635779
0.642644
0.652767
0.760271
0.796721
0.799843
0.799994
0.8
0.8
0.8
0.8
0.8
0.8
0.8
0.8
0.8
0.8
0.8
0.8
0.8
0.8
0.8
0.8
0.8
0.8
0.8
0.8
0.8
0.8
0.8
0.8
0.8
0.8
0.8
0.8
0.8
0.8
0.8
0.8
0.8
0.8
0.8
0.8
0.8
0.8
0.8
0.8
0.8
0.8
0.8
0.8
0.8
0.8
0.8
0.8
0.8
0.8
0.8
0.8
0.8
0.8
0.8
0.8
0.8
0.8
0.8
0.8
0.8
0.8
0.8
0.8
0.8
0.8
0.8
0.8
0.8
0.8
0.8
0.8
0.8
0.8
0.8
0.8
0.8
0.8
0.8
0.8
0.8
0.8
0.8
0.8
0.8
0.8
0.8
0.8
0.8
0.8
0.8
0.8
0.453479
0.458881
0.46639
0.475684
0.485929
0.495593
0.503976
0.511016
0.516936
0.522043
0.526586
0.530802
0.534928
0.538954
0.542856
0.546663
0.550401
0.554066
0.557623
0.561017
0.564182
0.56742
0.571215
0.576154
0.583547
0.592437
0.596427
0.598713
0.600184
0.601523
0.602548
0.603275
0.603935
0.604813
0.606069
0.607515
0.608863
0.61014
0.611578
0.613609
0.617097
0.624151
0.638556
0.65599
0.663305
0.657149
0.648931
0.644803
0.642626
0.639486
0.636388
0.638189
0.647765
0.65542
0.734705
0.794271
0.79975
0.799982
0.799999
0.8
0.8
0.8
0.8
0.8
0.8
0.8
0.8
0.8
0.8
0.8
0.8
0.8
0.8
0.8
0.8
0.8
0.8
0.8
0.8
0.8
0.8
0.8
0.8
0.8
0.8
0.8
0.8
0.8
0.8
0.8
0.8
0.8
0.8
0.8
0.8
0.8
0.8
0.8
0.8
0.8
0.8
0.8
0.8
0.8
0.8
0.8
0.8
0.8
0.8
0.8
0.8
0.8
0.8
0.8
0.8
0.8
0.8
0.8
0.8
0.8
0.8
0.8
0.8
0.8
0.8
0.8
0.8
0.8
0.8
0.8
0.8
0.8
0.8
0.8
0.8
0.8
0.8
0.8
0.8
0.8
0.8
0.8
0.8
0.8
0.8
0.8
0.8
0.8
0.8
0.8
0.455646
0.461062
0.468603
0.477924
0.488162
0.497799
0.506229
0.513361
0.519308
0.524456
0.529059
0.533337
0.537495
0.541566
0.545557
0.549494
0.553397
0.557264
0.561076
0.564806
0.569358
0.575654
0.584548
0.595233
0.610156
0.624645
0.628104
0.630451
0.631268
0.628744
0.626719
0.625157
0.624515
0.625137
0.628092
0.633691
0.6342
0.633007
0.630434
0.627792
0.626
0.626629
0.63275
0.644635
0.655396
0.657476
0.652957
0.64816
0.644882
0.641417
0.638017
0.639327
0.649156
0.670438
0.734989
0.790735
0.798893
0.79978
0.799974
0.799997
0.8
0.8
0.8
0.8
0.8
0.8
0.8
0.8
0.8
0.8
0.8
0.8
0.8
0.8
0.8
0.8
0.8
0.8
0.8
0.8
0.8
0.8
0.8
0.8
0.8
0.8
0.8
0.8
0.8
0.8
0.8
0.8
0.8
0.8
0.8
0.8
0.8
0.8
0.8
0.8
0.8
0.8
0.8
0.8
0.8
0.8
0.8
0.8
0.8
0.8
0.8
0.8
0.8
0.8
0.8
0.8
0.8
0.8
0.8
0.8
0.8
0.8
0.8
0.8
0.8
0.8
0.8
0.8
0.8
0.8
0.8
0.8
0.8
0.8
0.8
0.8
0.8
0.8
0.8
0.8
0.8
0.8
0.8
0.8
0.8
0.8
0.8
0.8
0.8
0.8
0.457831
0.463398
0.471159
0.480707
0.491064
0.50073
0.509135
0.516226
0.52217
0.527499
0.532321
0.536685
0.54093
0.545112
0.549264
0.553423
0.557626
0.561901
0.566283
0.571872
0.580041
0.592991
0.609811
0.623058
0.63977
0.645316
0.67512
0.729364
0.722775
0.645265
0.642391
0.640364
0.639759
0.641534
0.649474
0.66129
0.664963
0.663647
0.65787
0.65142
0.645339
0.640187
0.638467
0.642199
0.64938
0.654534
0.654445
0.651061
0.647336
0.643452
0.639689
0.640415
0.649938
0.680048
0.725725
0.76125
0.78823
0.79786
0.799636
0.799941
0.799991
0.799999
0.8
0.8
0.8
0.8
0.8
0.8
0.8
0.8
0.8
0.8
0.8
0.8
0.8
0.8
0.8
0.8
0.8
0.8
0.8
0.8
0.8
0.8
0.8
0.8
0.8
0.8
0.8
0.8
0.8
0.8
0.8
0.8
0.8
0.8
0.8
0.8
0.8
0.8
0.8
0.8
0.8
0.8
0.8
0.8
0.8
0.8
0.8
0.8
0.8
0.8
0.8
0.8
0.8
0.8
0.8
0.8
0.8
0.8
0.8
0.8
0.8
0.8
0.8
0.8
0.8
0.8
0.8
0.8
0.8
0.8
0.8
0.8
0.8
0.8
0.8
0.8
0.8
0.8
0.8
0.8
0.8
0.8
0.8
0.8
0.8
0.8
0.8
0.8
0.460016
0.465883
0.474076
0.484067
0.49469
0.504455
0.512847
0.51989
0.525842
0.531189
0.536061
0.54093
0.545412
0.549798
0.554228
0.558776
0.563529
0.568601
0.574544
0.585167
0.600243
0.623397
0.64656
0.653817
0.661523
0.745807
0.793932
0.799748
0.797823
0.77604
0.710483
0.653696
0.65235
0.655713
0.670178
0.677886
0.726227
0.751192
0.672473
0.667932
0.663691
0.657416
0.651641
0.649094
0.650107
0.652937
0.654506
0.653005
0.649637
0.645499
0.641364
0.641512
0.650674
0.68158
0.718964
0.754203
0.783693
0.796958
0.799351
0.799871
0.799976
0.799996
0.799999
0.8
0.8
0.8
0.8
0.8
0.8
0.8
0.8
0.8
0.8
0.8
0.8
0.8
0.8
0.8
0.8
0.8
0.8
0.8
0.8
0.8
0.8
0.8
0.8
0.8
0.8
0.8
0.8
0.8
0.8
0.8
0.8
0.8
0.8
0.8
0.8
0.8
0.8
0.8
0.8
0.8
0.8
0.8
0.8
0.8
0.8
0.8
0.8
0.8
0.8
0.8
0.8
0.8
0.8
0.8
0.8
0.8
0.8
0.8
0.8
0.8
0.8
0.8
0.8
0.8
0.8
0.8
0.8
0.8
0.8
0.8
0.8
0.8
0.8
0.8
0.8
0.8
0.8
0.8
0.8
0.8
0.8
0.8
0.8
0.8
0.8
0.8
0.462186
0.468516
0.477376
0.488052
0.49912
0.509087
0.517505
0.524526
0.530514
0.535912
0.540907
0.545894
0.55096
0.555984
0.560917
0.566171
0.571977
0.578713
0.591519
0.613789
0.634561
0.664079
0.675427
0.763443
0.798153
0.799747
0.799969
0.799999
0.799993
0.799887
0.791546
0.742835
0.67056
0.674806
0.693407
0.783436
0.799307
0.799907
0.786736
0.744596
0.715115
0.666131
0.662356
0.659638
0.657339
0.656085
0.655825
0.654647
0.651658
0.647424
0.642944
0.642609
0.651788
0.689875
0.75444
0.783456
0.791905
0.795647
0.798649
0.799713
0.799945
0.799991
0.799999
0.8
0.8
0.8
0.8
0.8
0.8
0.8
0.8
0.8
0.8
0.8
0.8
0.8
0.8
0.8
0.8
0.8
0.8
0.8
0.8
0.8
0.8
0.8
0.8
0.8
0.8
0.8
0.8
0.8
0.8
0.8
0.8
0.8
0.8
0.8
0.8
0.8
0.8
0.8
0.8
0.8
0.8
0.8
0.8
0.8
0.8
0.8
0.8
0.8
0.8
0.8
0.8
0.8
0.8
0.8
0.8
0.8
0.8
0.8
0.8
0.8
0.8
0.8
0.8
0.8
0.8
0.8
0.8
0.8
0.8
0.8
0.8
0.8
0.8
0.8
0.8
0.8
0.8
0.8
0.8
0.8
0.8
0.8
0.8
0.8
0.8
0.8
0.464324
0.471284
0.481064
0.492709
0.504482
0.514838
0.523383
0.530471
0.536568
0.542095
0.547306
0.552527
0.557895
0.563955
0.570246
0.576947
0.585144
0.596465
0.627213
0.668606
0.681834
0.701323
0.791769
0.799809
0.799986
0.799999
0.8
0.8
0.8
0.8
0.799971
0.797339
0.766178
0.700488
0.788227
0.799864
0.799999
0.8
0.799935
0.796604
0.769264
0.693965
0.752631
0.740289
0.690789
0.659257
0.657833
0.656228
0.653368
0.649117
0.644333
0.644472
0.653116
0.681803
0.716176
0.759236
0.766842
0.778713
0.79144
0.797746
0.799513
0.799911
0.799986
0.799998
0.8
0.8
0.8
0.8
0.8
0.8
0.8
0.8
0.8
0.8
0.8
0.8
0.8
0.8
0.8
0.8
0.8
0.8
0.8
0.8
0.8
0.8
0.8
0.8
0.8
0.8
0.8
0.8
0.8
0.8
0.8
0.8
0.8
0.8
0.8
0.8
0.8
0.8
0.8
0.8
0.8
0.8
0.8
0.8
0.8
0.8
0.8
0.8
0.8
0.8
0.8
0.8
0.8
0.8
0.8
0.8
0.8
0.8
0.8
0.8
0.8
0.8
0.8
0.8
0.8
0.8
0.8
0.8
0.8
0.8
0.8
0.8
0.8
0.8
0.8
0.8
0.8
0.8
0.8
0.8
0.8
0.8
0.8
0.8
0.8
0.8
0.466401
0.474126
0.485079
0.49806
0.510996
0.522176
0.531112
0.538501
0.544877
0.550684
0.556247
0.561906
0.56793
0.574848
0.584206
0.595269
0.611234
0.64291
0.697366
0.732249
0.79398
0.799893
0.79995
0.799999
0.8
0.8
0.8
0.8
0.8
0.8
0.8
0.799987
0.794305
0.730373
0.794168
0.799965
0.8
0.8
0.8
0.79998
0.790217
0.752506
0.798641
0.799009
0.718836
0.672753
0.659201
0.657341
0.654686
0.650552
0.645704
0.648245
0.654798
0.67144
0.696783
0.735584
0.730269
0.741272
0.764013
0.785493
0.795833
0.799076
0.799837
0.799977
0.799998
0.8
0.8
0.8
0.8
0.8
0.8
0.8
0.8
0.8
0.8
0.8
0.8
0.8
0.8
0.8
0.8
0.8
0.8
0.8
0.8
0.8
0.8
0.8
0.8
0.8
0.8
0.8
0.8
0.8
0.8
0.8
0.8
0.8
0.8
0.8
0.8
0.8
0.8
0.8
0.8
0.8
0.8
0.8
0.8
0.8
0.8
0.8
0.8
0.8
0.8
0.8
0.8
0.8
0.8
0.8
0.8
0.8
0.8
0.8
0.8
0.8
0.8
0.8
0.8
0.8
0.8
0.8
0.8
0.8
0.8
0.8
0.8
0.8
0.8
0.8
0.8
0.8
0.8
0.8
0.8
0.8
0.8
0.8
0.8
0.8
0.468362
0.476883
0.489188
0.504024
0.519151
0.532443
0.542569
0.55097
0.55809
0.564435
0.570624
0.577246
0.584949
0.594619
0.608102
0.636308
0.67957
0.743797
0.784281
0.799698
0.799955
0.799999
0.8
0.8
0.8
0.8
0.8
0.8
0.8
0.8
0.8
0.799999
0.799575
0.768304
0.798623
0.799997
0.8
0.8
0.8
0.8
0.797864
0.790529
0.799976
0.799992
0.760595
0.701676
0.661125
0.658425
0.655857
0.651893
0.646971
0.648904
0.667872
0.692037
0.726496
0.713807
0.708371
0.711086
0.725928
0.751337
0.778034
0.793296
0.798524
0.799759
0.799972
0.799998
0.8
0.8
0.8
0.8
0.8
0.8
0.8
0.8
0.8
0.8
0.8
0.8
0.8
0.8
0.8
0.8
0.8
0.8
0.8
0.8
0.8
0.8
0.8
0.8
0.8
0.8
0.8
0.8
0.8
0.8
0.8
0.8
0.8
0.8
0.8
0.8
0.8
0.8
0.8
0.8
0.8
0.8
0.8
0.8
0.8
0.8
0.8
0.8
0.8
0.8
0.8
0.8
0.8
0.8
0.8
0.8
0.8
0.8
0.8
0.8
0.8
0.8
0.8
0.8
0.8
0.8
0.8
0.8
0.8
0.8
0.8
0.8
0.8
0.8
0.8
0.8
0.8
0.8
0.8
0.8
0.8
0.8
0.8
0.8
0.470125
0.479254
0.492854
0.510595
0.532633
0.558494
0.57959
0.599757
0.617698
0.59759
0.60096
0.609122
0.621017
0.638363
0.664512
0.715256
0.787283
0.799642
0.799844
0.799997
0.8
0.8
0.8
0.8
0.8
0.8
0.8
0.8
0.8
0.8
0.8
0.8
0.799996
0.789047
0.799787
0.8
0.8
0.8
0.8
0.8
0.799608
0.798997
0.799995
0.8
0.790533
0.746378
0.663701
0.659639
0.657043
0.653298
0.64848
0.649487
0.684786
0.723474
0.754201
0.682562
0.68024
0.683275
0.689955
0.706955
0.736028
0.768831
0.790244
0.797996
0.799728
0.79998
0.8
0.8
0.8
0.8
0.8
0.8
0.8
0.8
0.8
0.8
0.8
0.8
0.8
0.8
0.8
0.8
0.8
0.8
0.8
0.8
0.8
0.8
0.8
0.8
0.8
0.8
0.8
0.8
0.8
0.8
0.8
0.8
0.8
0.8
0.8
0.8
0.8
0.8
0.8
0.8
0.8
0.8
0.8
0.8
0.8
0.8
0.8
0.8
0.8
0.8
0.8
0.8
0.8
0.8
0.8
0.8
0.8
0.8
0.8
0.8
0.8
0.8
0.8
0.8
0.8
0.8
0.8
0.8
0.8
0.8
0.8
0.8
0.8
0.8
0.8
0.8
0.8
0.8
0.8
0.8
0.8
0.8
0.8
0.8
0.471617
0.480873
0.494815
0.513239
0.53585
0.561155
0.663441
0.75472
0.719106
0.708821
0.699442
0.675767
0.689903
0.717659
0.749226
0.781162
0.799683
0.799996
0.799998
0.8
0.8
0.8
0.8
0.8
0.8
0.8
0.8
0.8
0.8
0.8
0.8
0.8
0.8
0.797105
0.799972
0.8
0.8
0.8
0.8
0.8
0.799935
0.799924
0.8
0.8
0.799002
0.782884
0.66611
0.66104
0.658355
0.654876
0.650352
0.65017
0.659045
0.662264
0.662811
0.66334
0.66522
0.668408
0.673755
0.684936
0.706082
0.737602
0.770775
0.791475
0.798486
0.799846
0.79999
0.799999
0.8
0.8
0.8
0.8
0.8
0.8
0.8
0.8
0.8
0.8
0.8
0.8
0.8
0.8
0.8
0.8
0.8
0.8
0.8
0.8
0.8
0.8
0.8
0.8
0.8
0.8
0.8
0.8
0.8
0.8
0.8
0.8
0.8
0.8
0.8
0.8
0.8
0.8
0.8
0.8
0.8
0.8
0.8
0.8
0.8
0.8
0.8
0.8
0.8
0.8
0.8
0.8
0.8
0.8
0.8
0.8
0.8
0.8
0.8
0.8
0.8
0.8
0.8
0.8
0.8
0.8
0.8
0.8
0.8
0.8
0.8
0.8
0.8
0.8
0.8
0.8
0.8
0.8
0.8
0.8
0.8
0.8
0.472992
0.482003
0.495517
0.513343
0.535185
0.559778
0.61641
0.797922
0.797817
0.799051
0.78293
0.756517
0.734986
0.79338
0.798922
0.799824
0.799996
0.8
0.8
0.8
0.8
0.8
0.8
0.8
0.8
0.8
0.8
0.8
0.8
0.8
0.8
0.8
0.8
0.799344
0.799997
0.8
0.8
0.8
0.8
0.8
0.79999
0.799995
0.8
0.8
0.799943
0.796985
0.668948
0.662768
0.659904
0.656708
0.652669
0.651359
0.652259
0.653044
0.654241
0.655724
0.657636
0.660419
0.665025
0.673086
0.688181
0.713643
0.74767
0.778866
0.794999
0.799354
0.799951
0.799996
0.799999
0.8
0.8
0.8
0.8
0.8
0.8
0.8
0.8
0.8
0.8
0.8
0.8
0.8
0.8
0.8
0.8
0.8
0.8
0.8
0.8
0.8
0.8
0.8
0.8
0.8
0.8
0.8
0.8
0.8
0.8
0.8
0.8
0.8
0.8
0.8
0.8
0.8
0.8
0.8
0.8
0.8
0.8
0.8
0.8
0.8
0.8
0.8
0.8
0.8
0.8
0.8
0.8
0.8
0.8
0.8
0.8
0.8
0.8
0.8
0.8
0.8
0.8
0.8
0.8
0.8
0.8
0.8
0.8
0.8
0.8
0.8
0.8
0.8
0.8
0.8
0.8
0.8
0.8
0.8
0.8
0.8
0.474371
0.482953
0.495649
0.5122
0.532124
0.554029
0.563328
0.566914
0.799959
0.79998
0.799638
0.798883
0.798146
0.799876
0.799984
0.799998
0.8
0.8
0.8
0.8
0.8
0.8
0.8
0.8
0.8
0.8
0.8
0.8
0.8
0.8
0.8
0.8
0.8
0.799865
0.799999
0.8
0.8
0.8
0.8
0.8
0.799999
0.8
0.8
0.8
0.8
0.799598
0.671107
0.664801
0.66178
0.65886
0.655462
0.653753
0.654041
0.654895
0.656041
0.657471
0.659172
0.661264
0.664237
0.669367
0.679496
0.698558
0.728422
0.763478
0.788923
0.798334
0.799932
0.799998
0.8
0.8
0.8
0.8
0.8
0.8
0.8
0.8
0.8
0.8
0.8
0.8
0.8
0.8
0.8
0.8
0.8
0.8
0.8
0.8
0.8
0.8
0.8
0.8
0.8
0.8
0.8
0.8
0.8
0.8
0.8
0.8
0.8
0.8
0.8
0.8
0.8
0.8
0.8
0.8
0.8
0.8
0.8
0.8
0.8
0.8
0.8
0.8
0.8
0.8
0.8
0.8
0.8
0.8
0.8
0.8
0.8
0.8
0.8
0.8
0.8
0.8
0.8
0.8
0.8
0.8
0.8
0.8
0.8
0.8
0.8
0.8
0.8
0.8
0.8
0.8
0.8
0.8
0.8
0.8
0.8
0.8
0.475789
0.483825
0.495495
0.510486
0.528176
0.546943
0.55609
0.562924
0.581555
0.8
0.799994
0.799983
0.799972
0.799998
0.8
0.8
0.8
0.8
0.8
0.8
0.8
0.8
0.8
0.8
0.8
0.8
0.8
0.8
0.8
0.8
0.8
0.8
0.8
0.799975
0.8
0.8
0.8
0.8
0.8
0.8
0.8
0.8
0.8
0.8
0.8
0.799964
0.673207
0.667237
0.664079
0.661369
0.658551
0.656836
0.656638
0.657171
0.658089
0.659308
0.660798
0.662598
0.664932
0.668565
0.675538
0.689495
0.71403
0.748197
0.780367
0.796437
0.79987
0.799997
0.8
0.8
0.8
0.8
0.8
0.8
0.8
0.8
0.8
0.8
0.8
0.8
0.8
0.8
0.8
0.8
0.8
0.8
0.8
0.8
0.8
0.8
0.8
0.8
0.8
0.8
0.8
0.8
0.8
0.8
0.8
0.8
0.8
0.8
0.8
0.8
0.8
0.8
0.8
0.8
0.8
0.8
0.8
0.8
0.8
0.8
0.8
0.8
0.8
0.8
0.8
0.8
0.8
0.8
0.8
0.8
0.8
0.8
0.8
0.8
0.8
0.8
0.8
0.8
0.8
0.8
0.8
0.8
0.8
0.8
0.8
0.8
0.8
0.8
0.8
0.8
0.8
0.8
0.8
0.8
0.8
0.8
0.477272
0.484711
0.495288
0.508675
0.524222
0.540476
0.550622
0.558715
0.561794
0.564373
0.630767
0.8
0.8
0.8
0.8
0.8
0.8
0.8
0.8
0.8
0.8
0.8
0.8
0.8
0.8
0.8
0.8
0.8
0.8
0.8
0.8
0.8
0.8
0.799996
0.8
0.8
0.8
0.8
0.8
0.8
0.8
0.8
0.8
0.8
0.8
0.799998
0.675633
0.670351
0.666965
0.664314
0.661897
0.660278
0.65975
0.659939
0.660574
0.661538
0.66278
0.664306
0.666232
0.669006
0.674004
0.684191
0.703606
0.734236
0.769413
0.792859
0.799731
0.799995
0.8
0.8
0.8
0.8
0.8
0.8
0.8
0.8
0.8
0.8
0.8
0.8
0.8
0.8
0.8
0.8
0.8
0.8
0.8
0.8
0.8
0.8
0.8
0.8
0.8
0.8
0.8
0.8
0.8
0.8
0.8
0.8
0.8
0.8
0.8
0.8
0.8
0.8
0.8
0.8
0.8
0.8
0.8
0.8
0.8
0.8
0.8
0.8
0.8
0.8
0.8
0.8
0.8
0.8
0.8
0.8
0.8
0.8
0.8
0.8
0.8
0.8
0.8
0.8
0.8
0.8
0.8
0.8
0.8
0.8
0.8
0.8
0.8
0.8
0.8
0.8
0.8
0.8
0.8
0.8
0.8
0.8
0.478845
0.485676
0.495183
0.507049
0.520671
0.534861
0.545246
0.553421
0.557685
0.561577
0.565564
0.568034
0.572414
0.641966
0.771371
0.798556
0.79999
0.8
0.8
0.8
0.8
0.8
0.8
0.8
0.8
0.8
0.8
0.8
0.8
0.8
0.8
0.8
0.8
0.799999
0.8
0.8
0.8
0.8
0.8
0.8
0.8
0.8
0.8
0.8
0.8
0.8
0.67828
0.674495
0.670628
0.667816
0.665596
0.664057
0.663305
0.663179
0.663511
0.664194
0.665165
0.666409
0.667986
0.670165
0.673853
0.681286
0.696201
0.72198
0.756257
0.785817
0.798701
0.79995
0.799999
0.8
0.8
0.8
0.8
0.8
0.8
0.8
0.8
0.8
0.8
0.8
0.8
0.8
0.8
0.8
0.8
0.8
0.8
0.8
0.8
0.8
0.8
0.8
0.8
0.8
0.8
0.8
0.8
0.8
0.8
0.8
0.8
0.8
0.8
0.8
0.8
0.8
0.8
0.8
0.8
0.8
0.8
0.8
0.8
0.8
0.8
0.8
0.8
0.8
0.8
0.8
0.8
0.8
0.8
0.8
0.8
0.8
0.8
0.8
0.8
0.8
0.8
0.8
0.8
0.8
0.8
0.8
0.8
0.8
0.8
0.8
0.8
0.8
0.8
0.8
0.8
0.8
0.8
0.8
0.8
0.8
0.480526
0.486768
0.495272
0.505754
0.517689
0.530136
0.540237
0.548338
0.55367
0.558045
0.561535
0.564929
0.569605
0.581337
0.798391
0.799935
0.8
0.8
0.8
0.8
0.8
0.8
0.8
0.8
0.8
0.8
0.8
0.8
0.8
0.8
0.8
0.8
0.8
0.8
0.8
0.8
0.8
0.8
0.8
0.8
0.8
0.8
0.8
0.8
0.8
0.8
0.717531
0.678084
0.674052
0.671526
0.669622
0.668224
0.667323
0.666908
0.666931
0.667319
0.668006
0.668959
0.670202
0.671901
0.674648
0.680047
0.691179
0.71169
0.741816
0.772768
0.783035
0.798963
0.799984
0.8
0.8
0.8
0.8
0.8
0.8
0.8
0.8
0.8
0.8
0.8
0.8
0.8
0.8
0.8
0.8
0.8
0.8
0.8
0.8
0.8
0.8
0.8
0.8
0.8
0.8
0.8
0.8
0.8
0.8
0.8
0.8
0.8
0.8
0.8
0.8
0.8
0.8
0.8
0.8
0.8
0.8
0.8
0.8
0.8
0.8
0.8
0.8
0.8
0.8
0.8
0.8
0.8
0.8
0.8
0.8
0.8
0.8
0.8
0.8
0.8
0.8
0.8
0.8
0.8
0.8
0.8
0.8
0.8
0.8
0.8
0.8
0.8
0.8
0.8
0.8
0.8
0.8
0.8
0.8
0.8
0.482333
0.488017
0.495606
0.504853
0.515323
0.526281
0.535828
0.543776
0.549739
0.554579
0.558568
0.562416
0.567027
0.576004
0.794603
0.799983
0.8
0.8
0.8
0.8
0.8
0.8
0.8
0.8
0.8
0.8
0.8
0.8
0.8
0.8
0.8
0.8
0.8
0.8
0.8
0.8
0.8
0.8
0.8
0.8
0.8
0.8
0.8
0.8
0.8
0.8
0.777986
0.682601
0.678122
0.675847
0.674319
0.673103
0.672007
0.671242
0.670923
0.671001
0.671395
0.672051
0.672966
0.674239
0.676258
0.680134
0.688213
0.703762
0.728328
0.757238
0.777121
0.797352
0.799904
0.799998
0.8
0.8
0.8
0.8
0.8
0.8
0.8
0.8
0.8
0.8
0.8
0.8
0.8
0.8
0.8
0.8
0.8
0.8
0.8
0.8
0.8
0.8
0.8
0.8
0.8
0.8
0.8
0.8
0.8
0.8
0.8
0.8
0.8
0.8
0.8
0.8
0.8
0.8
0.8
0.8
0.8
0.8
0.8
0.8
0.8
0.8
0.8
0.8
0.8
0.8
0.8
0.8
0.8
0.8
0.8
0.8
0.8
0.8
0.8
0.8
0.8
0.8
0.8
0.8
0.8
0.8
0.8
0.8
0.8
0.8
0.8
0.8
0.8
0.8
0.8
0.8
0.8
0.8
0.8
0.8
0.484279
0.489442
0.496207
0.504365
0.513562
0.523235
0.5321
0.539788
0.54604
0.551251
0.555702
0.559883
0.564425
0.571689
0.573169
0.575592
0.626928
0.710325
0.778217
0.797523
0.786536
0.754742
0.784007
0.799685
0.8
0.8
0.8
0.8
0.8
0.8
0.8
0.795479
0.791566
0.799559
0.799848
0.799999
0.8
0.8
0.8
0.8
0.8
0.8
0.8
0.8
0.8
0.8
0.797899
0.687541
0.683377
0.681488
0.680788
0.679877
0.678159
0.676639
0.675811
0.675514
0.675581
0.675919
0.676495
0.677365
0.67878
0.681494
0.687194
0.698522
0.717524
0.74258
0.766131
0.776893
0.797397
0.799914
0.799998
0.8
0.8
0.8
0.8
0.8
0.8
0.8
0.8
0.8
0.8
0.8
0.8
0.8
0.8
0.8
0.8
0.8
0.8
0.8
0.8
0.8
0.8
0.8
0.8
0.8
0.8
0.8
0.8
0.8
0.8
0.8
0.8
0.8
0.8
0.8
0.8
0.8
0.8
0.8
0.8
0.8
0.8
0.8
0.8
0.8
0.8
0.8
0.8
0.8
0.8
0.8
0.8
0.8
0.8
0.8
0.8
0.8
0.8
0.8
0.8
0.8
0.8
0.8
0.8
0.8
0.8
0.8
0.8
0.8
0.8
0.8
0.8
0.8
0.8
0.8
0.8
0.8
0.8
0.8
0.486378
0.491059
0.497085
0.504283
0.512372
0.520921
0.529053
0.536371
0.542657
0.548066
0.552801
0.557165
0.561534
0.566996
0.56999
0.573196
0.575319
0.578261
0.580984
0.583046
0.584815
0.586806
0.598156
0.602895
0.739292
0.799652
0.799999
0.8
0.8
0.8
0.799086
0.691634
0.636074
0.6603
0.707404
0.790613
0.799959
0.8
0.8
0.799958
0.739362
0.687487
0.692523
0.698475
0.704958
0.715498
0.733404
0.704722
0.694694
0.69162
0.737259
0.734467
0.685546
0.682518
0.681402
0.680912
0.680759
0.68084
0.681119
0.681629
0.682541
0.684365
0.688276
0.696261
0.710306
0.7304
0.752629
0.769347
0.780222
0.797333
0.799894
0.799987
0.799998
0.8
0.8
0.8
0.8
0.8
0.8
0.8
0.8
0.8
0.8
0.8
0.8
0.8
0.8
0.8
0.8
0.8
0.8
0.8
0.8
0.8
0.8
0.8
0.8
0.8
0.8
0.8
0.8
0.8
0.8
0.8
0.8
0.8
0.8
0.8
0.8
0.8
0.8
0.8
0.8
0.8
0.8
0.8
0.8
0.8
0.8
0.8
0.8
0.8
0.8
0.8
0.8
0.8
0.8
0.8
0.8
0.8
0.8
0.8
0.8
0.8
0.8
0.8
0.8
0.8
0.8
0.8
0.8
0.8
0.8
0.8
0.8
0.8
0.8
0.8
0.8
0.8
0.488644
0.492881
0.498245
0.504597
0.511714
0.51927
0.526657
0.533516
0.539646
0.545077
0.54992
0.554347
0.558562
0.563017
0.566487
0.569666
0.571823
0.57389
0.575982
0.578128
0.580404
0.582962
0.588144
0.595287
0.599873
0.623065
0.731037
0.794446
0.788224
0.69552
0.615388
0.615377
0.616884
0.625335
0.658336
0.663281
0.704967
0.772011
0.759329
0.658275
0.656781
0.656663
0.658661
0.662294
0.669127
0.680387
0.699638
0.706865
0.704203
0.700467
0.75683
0.784354
0.699164
0.693156
0.690565
0.689179
0.688408
0.688011
0.687878
0.687986
0.688435
0.689562
0.692176
0.697716
0.707879
0.723393
0.742569
0.760869
0.77528
0.783893
0.791096
0.7962
0.799709
0.799989
0.8
0.799999
0.799999
0.799999
0.8
0.8
0.8
0.8
0.8
0.8
0.8
0.8
0.8
0.8
0.8
0.8
0.8
0.8
0.8
0.8
0.8
0.8
0.8
0.8
0.8
0.8
0.8
0.8
0.8
0.8
0.8
0.8
0.8
0.8
0.8
0.8
0.8
0.8
0.8
0.8
0.8
0.8
0.8
0.8
0.8
0.8
0.8
0.8
0.8
0.8
0.8
0.8
0.8
0.8
0.8
0.8
0.8
0.8
0.8
0.8
0.8
0.8
0.8
0.8
0.8
0.8
0.8
0.8
0.8
0.8
0.8
0.8
0.8
0.8
0.8
0.8
0.491091
0.494918
0.499689
0.505292
0.511553
0.518224
0.524881
0.531221
0.53706
0.542363
0.54717
0.551568
0.555659
0.559628
0.563107
0.566207
0.5687
0.57094
0.573109
0.575306
0.577615
0.580144
0.583593
0.588736
0.594201
0.596892
0.599938
0.601786
0.603169
0.604189
0.604569
0.605738
0.607681
0.611915
0.626657
0.641584
0.644714
0.646717
0.647073
0.645138
0.644218
0.644605
0.646683
0.649812
0.65472
0.662609
0.676327
0.691597
0.700913
0.703404
0.710996
0.719717
0.722028
0.716603
0.710993
0.706727
0.703692
0.70159
0.700182
0.699322
0.698989
0.699363
0.700985
0.704893
0.712478
0.724736
0.741107
0.758672
0.773852
0.784553
0.791784
0.796001
0.797877
0.798934
0.799484
0.799755
0.799885
0.799947
0.799975
0.799989
0.799995
0.799997
0.799999
0.799999
0.8
0.8
0.8
0.8
0.8
0.8
0.8
0.8
0.8
0.8
0.8
0.8
0.8
0.8
0.8
0.8
0.8
0.8
0.8
0.8
0.8
0.8
0.8
0.8
0.8
0.8
0.8
0.8
0.8
0.8
0.8
0.8
0.8
0.8
0.8
0.8
0.8
0.8
0.8
0.8
0.8
0.8
0.8
0.8
0.8
0.8
0.8
0.8
0.8
0.8
0.8
0.8
0.8
0.8
0.8
0.8
0.8
0.8
0.8
0.8
0.8
0.8
0.8
0.8
0.8
0.8
0.493735
0.497184
0.501423
0.506362
0.511865
0.517744
0.5237
0.52949
0.53495
0.540013
0.544675
0.548969
0.552939
0.556665
0.560051
0.563107
0.565784
0.568221
0.570544
0.572842
0.575185
0.577642
0.580419
0.583882
0.587731
0.590163
0.592142
0.593831
0.595303
0.596708
0.598025
0.599621
0.601499
0.604279
0.609935
0.617754
0.621359
0.623281
0.624536
0.6253
0.626373
0.62801
0.630187
0.633544
0.638506
0.645521
0.65597
0.669918
0.683838
0.694017
0.701504
0.709819
0.718808
0.724616
0.726322
0.725482
0.723587
0.721503
0.719645
0.718201
0.717301
0.717162
0.718249
0.721411
0.727814
0.738366
0.752588
0.767795
0.780573
0.789303
0.794459
0.797198
0.798593
0.799313
0.799672
0.799846
0.799929
0.799967
0.799985
0.799993
0.799997
0.799998
0.799999
0.8
0.8
0.8
0.8
0.8
0.8
0.8
0.8
0.8
0.8
0.8
0.8
0.8
0.8
0.8
0.8
0.8
0.8
0.8
0.8
0.8
0.8
0.8
0.8
0.8
0.8
0.8
0.8
0.8
0.8
0.8
0.8
0.8
0.8
0.8
0.8
0.8
0.8
0.8
0.8
0.8
0.8
0.8
0.8
0.8
0.8
0.8
0.8
0.8
0.8
0.8
0.8
0.8
0.8
0.8
0.8
0.8
0.8
0.8
0.8
0.8
0.8
0.8
0.8
0.8
0.8
0.8
0.496594
0.499694
0.503454
0.507803
0.512633
0.517803
0.523099
0.528332
0.533361
0.538109
0.542547
0.546674
0.550506
0.554075
0.557367
0.560388
0.563144
0.565701
0.568136
0.570514
0.572884
0.575285
0.577773
0.580435
0.583176
0.585465
0.587435
0.5892
0.590813
0.592389
0.593995
0.595715
0.597562
0.599748
0.602534
0.605915
0.608562
0.610502
0.612131
0.613722
0.615451
0.617365
0.619616
0.62268
0.62676
0.632219
0.639766
0.650021
0.662084
0.673651
0.683137
0.692477
0.702854
0.713434
0.722563
0.729422
0.734104
0.737125
0.739042
0.740314
0.741335
0.742539
0.744518
0.748081
0.754084
0.762812
0.773169
0.78287
0.790126
0.794697
0.797255
0.798601
0.799303
0.799661
0.799838
0.799924
0.799964
0.799983
0.799992
0.799996
0.799998
0.799999
0.8
0.8
0.8
0.8
0.8
0.8
0.8
0.8
0.8
0.8
0.8
0.8
0.8
0.8
0.8
0.8
0.8
0.8
0.8
0.8
0.8
0.8
0.8
0.8
0.8
0.8
0.8
0.8
0.8
0.8
0.8
0.8
0.8
0.8
0.8
0.8
0.8
0.8
0.8
0.8
0.8
0.8
0.8
0.8
0.8
0.8
0.8
0.8
0.8
0.8
0.8
0.8
0.8
0.8
0.8
0.8
0.8
0.8
0.8
0.8
0.8
0.8
0.8
0.8
0.8
0.8
0.8
0.8
0.499688
0.502467
0.505796
0.509618
0.51385
0.518385
0.523069
0.527757
0.532333
0.53672
0.540879
0.544791
0.548456
0.551884
0.55508
0.558054
0.560826
0.563433
0.565925
0.568342
0.570718
0.573074
0.575422
0.577767
0.580064
0.582182
0.584127
0.58594
0.587658
0.589316
0.590984
0.592706
0.594548
0.596522
0.598625
0.600807
0.602858
0.604718
0.606422
0.608143
0.609932
0.611865
0.61409
0.616699
0.619844
0.623771
0.628886
0.635669
0.644139
0.653456
0.662545
0.671754
0.681739
0.692606
0.703815
0.714694
0.724809
0.734014
0.742333
0.749813
0.756457
0.762302
0.767567
0.772691
0.778093
0.783746
0.78904
0.793255
0.796136
0.797893
0.798885
0.799421
0.799706
0.799854
0.799929
0.799966
0.799984
0.799992
0.799996
0.799998
0.799999
0.8
0.8
0.8
0.8
0.8
0.8
0.8
0.8
0.8
0.8
0.8
0.8
0.8
0.8
0.8
0.8
0.8
0.8
0.8
0.8
0.8
0.8
0.8
0.8
0.8
0.8
0.8
0.8
0.8
0.8
0.8
0.8
0.8
0.8
0.8
0.8
0.8
0.8
0.8
0.8
0.8
0.8
0.8
0.8
0.8
0.8
0.8
0.8
0.8
0.8
0.8
0.8
0.8
0.8
0.8
0.8
0.8
0.8
0.8
0.8
0.8
0.8
0.8
0.8
0.8
0.8
0.8
0.8
0.8
0.503042
0.505524
0.508465
0.511818
0.515519
0.519486
0.523609
0.527777
0.531898
0.535902
0.539748
0.543409
0.546876
0.550149
0.553232
0.556136
0.558878
0.561483
0.563981
0.566399
0.568758
0.571069
0.573336
0.575549
0.577688
0.579721
0.581648
0.583488
0.585267
0.587011
0.588751
0.590523
0.592344
0.594217
0.596124
0.598035
0.599905
0.601724
0.603506
0.605293
0.607137
0.609083
0.611168
0.613442
0.615979
0.618906
0.622429
0.626835
0.632327
0.638789
0.645853
0.65348
0.661874
0.671184
0.681331
0.692074
0.703159
0.714415
0.725768
0.737173
0.748515
0.759501
0.769631
0.778356
0.785341
0.790564
0.794219
0.796611
0.798082
0.798943
0.799429
0.799696
0.79984
0.799917
0.799957
0.799978
0.799989
0.799994
0.799997
0.799999
0.799999
0.8
0.8
0.8
0.8
0.8
0.8
0.8
0.8
0.8
0.8
0.8
0.8
0.8
0.8
0.8
0.8
0.8
0.8
0.8
0.8
0.8
0.8
0.8
0.8
0.8
0.8
0.8
0.8
0.8
0.8
0.8
0.8
0.8
0.8
0.8
0.8
0.8
0.8
0.8
0.8
0.8
0.8
0.8
0.8
0.8
0.8
0.8
0.8
0.8
0.8
0.8
0.8
0.8
0.8
0.8
0.8
0.8
0.8
0.8
0.8
0.8
0.8
0.8
0.8
0.8
0.8
0.8
0.8
0.8
0.506688
0.508896
0.511485
0.51442
0.517648
0.521109
0.524722
0.528405
0.532084
0.535702
0.539217
0.542604
0.545848
0.548942
0.551887
0.554691
0.557365
0.559925
0.56239
0.564776
0.567097
0.569359
0.571564
0.573707
0.575779
0.577773
0.579693
0.581552
0.583367
0.585155
0.586937
0.588729
0.590542
0.592374
0.594216
0.596055
0.597879
0.599687
0.601491
0.603311
0.605171
0.607095
0.609102
0.611214
0.61346
0.615891
0.618592
0.621702
0.625374
0.629698
0.634658
0.640263
0.646596
0.653757
0.661784
0.67064
0.680239
0.690498
0.701365
0.712825
0.724871
0.737451
0.750349
0.763022
0.774519
0.783817
0.790436
0.794645
0.797107
0.79847
0.7992
0.799584
0.799785
0.799889
0.799943
0.799971
0.799985
0.799992
0.799996
0.799998
0.799999
0.8
0.8
0.8
0.8
0.8
0.8
0.8
0.8
0.8
0.8
0.8
0.8
0.8
0.8
0.8
0.8
0.8
0.8
0.8
0.8
0.8
0.8
0.8
0.8
0.8
0.8
0.8
0.8
0.8
0.8
0.8
0.8
0.8
0.8
0.8
0.8
0.8
0.8
0.8
0.8
0.8
0.8
0.8
0.8
0.8
0.8
0.8
0.8
0.8
0.8
0.8
0.8
0.8
0.8
0.8
0.8
0.8
0.8
0.8
0.8
0.8
0.8
0.8
0.8
0.8
0.8
0.8
0.8
0.8
0.510666
0.51262
0.514892
0.517452
0.52026
0.52327
0.526424
0.529659
0.53292
0.53616
0.539342
0.542443
0.545444
0.548337
0.55112
0.553795
0.556368
0.55885
0.561249
0.563577
0.56584
0.568044
0.570191
0.57228
0.574308
0.576277
0.578189
0.580057
0.581889
0.5837
0.585501
0.587302
0.589108
0.590919
0.592733
0.594545
0.596351
0.598155
0.599964
0.60179
0.603647
0.605547
0.607501
0.609519
0.611614
0.613802
0.616115
0.618606
0.621354
0.624442
0.62794
0.631912
0.636439
0.641608
0.647494
0.654139
0.661559
0.669747
0.678698
0.688423
0.698962
0.710391
0.72281
0.736276
0.750578
0.76484
0.77744
0.786909
0.792979
0.79642
0.798224
0.79913
0.799575
0.799793
0.799899
0.799951
0.799976
0.799988
0.799994
0.799997
0.799999
0.799999
0.8
0.8
0.8
0.8
0.8
0.8
0.8
0.8
0.8
0.8
0.8
0.8
0.8
0.8
0.8
0.8
0.8
0.8
0.8
0.8
0.8
0.8
0.8
0.8
0.8
0.8
0.8
0.8
0.8
0.8
0.8
0.8
0.8
0.8
0.8
0.8
0.8
0.8
0.8
0.8
0.8
0.8
0.8
0.8
0.8
0.8
0.8
0.8
0.8
0.8
0.8
0.8
0.8
0.8
0.8
0.8
0.8
0.8
0.8
0.8
0.8
0.8
0.8
0.8
0.8
0.8
0.8
0.8
0.515026
0.516746
0.51873
0.520955
0.52339
0.526
0.528742
0.531571
0.534443
0.537322
0.540179
0.542991
0.54574
0.548417
0.551017
0.55354
0.555987
0.558363
0.560671
0.562918
0.565108
0.567246
0.569332
0.571367
0.573354
0.575294
0.577192
0.579056
0.580893
0.582712
0.584519
0.586322
0.588122
0.589921
0.59172
0.593518
0.595316
0.597116
0.598923
0.600746
0.602592
0.604467
0.606378
0.608331
0.610329
0.612381
0.614497
0.616696
0.619009
0.621482
0.624168
0.62713
0.630437
0.634166
0.638397
0.6432
0.648636
0.654752
0.661591
0.6692
0.677651
0.68706
0.697626
0.709654
0.723527
0.739439
0.756636
0.772748
0.784992
0.792525
0.796487
0.798391
0.799269
0.799668
0.799849
0.799931
0.799968
0.799985
0.799993
0.799997
0.799999
0.799999
0.8
0.8
0.8
0.8
0.8
0.8
0.8
0.8
0.8
0.8
0.8
0.8
0.8
0.8
0.8
0.8
0.8
0.8
0.8
0.8
0.8
0.8
0.8
0.8
0.8
0.8
0.8
0.8
0.8
0.8
0.8
0.8
0.8
0.8
0.8
0.8
0.8
0.8
0.8
0.8
0.8
0.8
0.8
0.8
0.8
0.8
0.8
0.8
0.8
0.8
0.8
0.8
0.8
0.8
0.8
0.8
0.8
0.8
0.8
0.8
0.8
0.8
0.8
0.8
0.8
0.8
0.8
0.8
0.51984
0.521342
0.523066
0.524991
0.527095
0.52935
0.531726
0.534188
0.536705
0.539248
0.541795
0.544323
0.54682
0.549275
0.551681
0.554037
0.55634
0.55859
0.560789
0.56294
0.565046
0.567108
0.569128
0.571108
0.573049
0.574957
0.576834
0.578687
0.58052
0.582339
0.584147
0.585949
0.587747
0.589543
0.591338
0.593132
0.594929
0.59673
0.59854
0.600363
0.602203
0.604063
0.605945
0.607853
0.609789
0.611756
0.613759
0.615805
0.617908
0.620088
0.622376
0.624808
0.627434
0.630308
0.633495
0.637063
0.641081
0.64562
0.650752
0.656557
0.663139
0.670649
0.679324
0.689556
0.701955
0.717317
0.736089
0.756858
0.775421
0.787987
0.794666
0.797728
0.799042
0.799595
0.799827
0.799926
0.799968
0.799986
0.799994
0.799997
0.799999
0.799999
0.8
0.8
0.8
0.8
0.8
0.8
0.8
0.8
0.8
0.8
0.8
0.8
0.8
0.8
0.8
0.8
0.8
0.8
0.8
0.8
0.8
0.8
0.8
0.8
0.8
0.8
0.8
0.8
0.8
0.8
0.8
0.8
0.8
0.8
0.8
0.8
0.8
0.8
0.8
0.8
0.8
0.8
0.8
0.8
0.8
0.8
0.8
0.8
0.8
0.8
0.8
0.8
0.8
0.8
0.8
0.8
0.8
0.8
0.8
0.8
0.8
0.8
0.8
0.8
0.8
0.8
0.8
0.8
0.525202
0.526504
0.527991
0.529649
0.531459
0.533402
0.535453
0.537589
0.539786
0.542022
0.544279
0.54654
0.548792
0.551028
0.553239
0.555422
0.557571
0.559687
0.561769
0.563817
0.565832
0.567815
0.569768
0.571691
0.573589
0.575464
0.57732
0.579161
0.58099
0.58281
0.584624
0.586434
0.588242
0.59005
0.591859
0.593671
0.595486
0.597309
0.599141
0.600984
0.60284
0.604708
0.606589
0.608484
0.610394
0.61232
0.614264
0.616232
0.618232
0.620276
0.62238
0.624566
0.626862
0.629307
0.631946
0.634832
0.638028
0.641604
0.645646
0.650255
0.655566
0.66177
0.669161
0.678222
0.689734
0.704851
0.724687
0.748437
0.771018
0.786494
0.794393
0.797773
0.79912
0.799649
0.799858
0.799942
0.799976
0.79999
0.799996
0.799998
0.799999
0.8
0.8
0.8
0.8
0.8
0.8
0.8
0.8
0.8
0.8
0.8
0.8
0.8
0.8
0.8
0.8
0.8
0.8
0.8
0.8
0.8
0.8
0.8
0.8
0.8
0.8
0.8
0.8
0.8
0.8
0.8
0.8
0.8
0.8
0.8
0.8
0.8
0.8
0.8
0.8
0.8
0.8
0.8
0.8
0.8
0.8
0.8
0.8
0.8
0.8
0.8
0.8
0.8
0.8
0.8
0.8
0.8
0.8
0.8
0.8
0.8
0.8
0.8
0.8
0.8
0.8
0.8
0.8
0.8
0.531253
0.53237
0.533645
0.535065
0.536617
0.538285
0.540052
0.541902
0.543815
0.545777
0.547772
0.549787
0.551814
0.553843
0.555867
0.557882
0.559883
0.561867
0.563833
0.565781
0.56771
0.56962
0.571514
0.573391
0.575255
0.577109
0.578956
0.580799
0.582639
0.584478
0.586319
0.588164
0.590012
0.591865
0.593725
0.595592
0.597468
0.599353
0.601249
0.603155
0.605071
0.606993
0.608921
0.610854
0.61279
0.61473
0.616677
0.618635
0.620612
0.622618
0.624665
0.62677
0.628955
0.631247
0.63368
0.636297
0.639154
0.642324
0.645898
0.65
0.654803
0.660567
0.667701
0.676871
0.689158
0.706088
0.72879
0.754966
0.777226
0.790378
0.796281
0.798595
0.799465
0.799793
0.799918
0.799967
0.799987
0.799995
0.799998
0.799999
0.8
0.8
0.8
0.8
0.8
0.8
0.8
0.8
0.8
0.8
0.8
0.8
0.8
0.8
0.8
0.8
0.8
0.8
0.8
0.8
0.8
0.8
0.8
0.8
0.8
0.8
0.8
0.8
0.8
0.8
0.8
0.8
0.8
0.8
0.8
0.8
0.8
0.8
0.8
0.8
0.8
0.8
0.8
0.8
0.8
0.8
0.8
0.8
0.8
0.8
0.8
0.8
0.8
0.8
0.8
0.8
0.8
0.8
0.8
0.8
0.8
0.8
0.8
0.8
0.8
0.8
0.8
0.8
0.8
0.8
0.538212
0.539162
0.540247
0.541458
0.542785
0.544216
0.54574
0.547342
0.549012
0.550736
0.552503
0.554305
0.556133
0.55798
0.55984
0.561707
0.563577
0.565448
0.567318
0.569185
0.57105
0.572911
0.57477
0.576628
0.578489
0.580354
0.582226
0.584107
0.585998
0.587902
0.589819
0.591749
0.593694
0.595652
0.597625
0.599613
0.601615
0.603631
0.605659
0.607698
0.609744
0.611795
0.613846
0.615895
0.617941
0.619985
0.622029
0.624079
0.626145
0.628238
0.630374
0.632569
0.634847
0.637235
0.639769
0.642496
0.64548
0.648808
0.6526
0.657033
0.662371
0.669024
0.67765
0.689281
0.705369
0.727084
0.752685
0.775403
0.789447
0.795921
0.798474
0.799428
0.799782
0.799915
0.799967
0.799987
0.799995
0.799998
0.799999
0.8
0.8
0.8
0.8
0.8
0.8
0.8
0.8
0.8
0.8
0.8
0.8
0.8
0.8
0.8
0.8
0.8
0.8
0.8
0.8
0.8
0.8
0.8
0.8
0.8
0.8
0.8
0.8
0.8
0.8
0.8
0.8
0.8
0.8
0.8
0.8
0.8
0.8
0.8
0.8
0.8
0.8
0.8
0.8
0.8
0.8
0.8
0.8
0.8
0.8
0.8
0.8
0.8
0.8
0.8
0.8
0.8
0.8
0.8
0.8
0.8
0.8
0.8
0.8
0.8
0.8
0.8
0.8
0.8
0.8
0.8
0.546455
0.547254
0.548173
0.549204
0.550341
0.551576
0.552898
0.554299
0.55577
0.557302
0.558887
0.560519
0.562191
0.563897
0.565632
0.567391
0.569172
0.570971
0.572788
0.574619
0.576466
0.578328
0.580206
0.582102
0.584018
0.585957
0.58792
0.589909
0.591926
0.593972
0.596046
0.598149
0.600279
0.602435
0.604617
0.606823
0.609052
0.611302
0.613572
0.615858
0.618158
0.620467
0.622784
0.625106
0.627433
0.629769
0.63212
0.634496
0.636911
0.639382
0.641932
0.644586
0.647378
0.650348
0.653551
0.657059
0.660972
0.665435
0.670654
0.676938
0.684745
0.694744
0.707817
0.724778
0.745324
0.766402
0.782981
0.792644
0.797091
0.798886
0.799575
0.799836
0.799936
0.799975
0.79999
0.799996
0.799998
0.799999
0.8
0.8
0.8
0.8
0.8
0.8
0.8
0.8
0.8
0.8
0.8
0.8
0.8
0.8
0.8
0.8
0.8
0.8
0.8
0.8
0.8
0.8
0.8
0.8
0.8
0.8
0.8
0.8
0.8
0.8
0.8
0.8
0.8
0.8
0.8
0.8
0.8
0.8
0.8
0.8
0.8
0.8
0.8
0.8
0.8
0.8
0.8
0.8
0.8
0.8
0.8
0.8
0.8
0.8
0.8
0.8
0.8
0.8
0.8
0.8
0.8
0.8
0.8
0.8
0.8
0.8
0.8
0.8
0.8
0.8
0.8
0.8
0.556669
0.55734
0.558121
0.559009
0.559998
0.561082
0.562254
0.563509
0.564839
0.56624
0.567705
0.569231
0.570811
0.572442
0.57412
0.575842
0.577605
0.579407
0.581246
0.583123
0.585037
0.586987
0.588977
0.591007
0.59308
0.595197
0.597361
0.599573
0.601835
0.604146
0.606505
0.608913
0.611369
0.613872
0.616422
0.61902
0.621665
0.624359
0.627103
0.629898
0.632746
0.635651
0.638619
0.641656
0.644771
0.647977
0.651286
0.654717
0.65829
0.662028
0.665957
0.670109
0.674525
0.67926
0.684392
0.690031
0.696327
0.703483
0.711754
0.721427
0.73274
0.74569
0.759699
0.773342
0.784668
0.792349
0.796594
0.798587
0.799434
0.799776
0.799911
0.799964
0.799986
0.799994
0.799998
0.799999
0.8
0.8
0.8
0.8
0.8
0.8
0.8
0.8
0.8
0.8
0.8
0.8
0.8
0.8
0.8
0.8
0.8
0.8
0.8
0.8
0.8
0.8
0.8
0.8
0.8
0.8
0.8
0.8
0.8
0.8
0.8
0.8
0.8
0.8
0.8
0.8
0.8
0.8
0.8
0.8
0.8
0.8
0.8
0.8
0.8
0.8
0.8
0.8
0.8
0.8
0.8
0.8
0.8
0.8
0.8
0.8
0.8
0.8
0.8
0.8
0.8
0.8
0.8
0.8
0.8
0.8
0.8
0.8
0.8
0.8
0.8
0.8
0.8
0.8
0.570215
0.57079
0.571475
0.572268
0.573166
0.574162
0.575255
0.576439
0.57771
0.579066
0.580503
0.582017
0.583606
0.585267
0.586997
0.588794
0.590657
0.592584
0.594576
0.596631
0.598751
0.600937
0.603189
0.605512
0.607907
0.610378
0.612928
0.615559
0.618276
0.62108
0.623976
0.626969
0.630065
0.633272
0.636602
0.640066
0.643683
0.64747
0.651452
0.655654
0.660105
0.664831
0.669851
0.675168
0.680765
0.686596
0.692597
0.698692
0.704812
0.710906
0.716954
0.722966
0.728978
0.735043
0.741221
0.747567
0.754122
0.760885
0.767792
0.77468
0.781263
0.787154
0.791958
0.795445
0.797663
0.798899
0.799513
0.799793
0.799914
0.799965
0.799985
0.799994
0.799998
0.799999
0.8
0.8
0.8
0.8
0.8
0.8
0.8
0.8
0.8
0.8
0.8
0.8
0.8
0.8
0.8
0.8
0.8
0.8
0.8
0.8
0.8
0.8
0.8
0.8
0.8
0.8
0.8
0.8
0.8
0.8
0.8
0.8
0.8
0.8
0.8
0.8
0.8
0.8
0.8
0.8
0.8
0.8
0.8
0.8
0.8
0.8
0.8
0.8
0.8
0.8
0.8
0.8
0.8
0.8
0.8
0.8
0.8
0.8
0.8
0.8
0.8
0.8
0.8
0.8
0.8
0.8
0.8
0.8
0.8
0.8
0.8
0.8
0.8
0.8
0.8
0.8
0.589967
0.590499
0.591154
0.591927
0.592818
0.593823
0.594942
0.596171
0.597509
0.598954
0.600505
0.60216
0.603919
0.605779
0.607741
0.609803
0.611965
0.614229
0.616596
0.619068
0.621648
0.624341
0.627153
0.630093
0.63317
0.636395
0.639781
0.643344
0.647102
0.651079
0.655303
0.65981
0.664644
0.669853
0.675491
0.681605
0.688222
0.695334
0.702881
0.710735
0.718711
0.726589
0.734155
0.741245
0.747762
0.753674
0.758992
0.763756
0.768019
0.771844
0.775297
0.77844
0.781327
0.784003
0.786496
0.788821
0.790977
0.792948
0.794706
0.796218
0.797453
0.798398
0.799065
0.799495
0.799746
0.79988
0.799946
0.799976
0.79999
0.799996
0.799998
0.799999
0.8
0.8
0.8
0.8
0.8
0.8
0.8
0.8
0.8
0.8
0.8
0.8
0.8
0.8
0.8
0.8
0.8
0.8
0.8
0.8
0.8
0.8
0.8
0.8
0.8
0.8
0.8
0.8
0.8
0.8
0.8
0.8
0.8
0.8
0.8
0.8
0.8
0.8
0.8
0.8
0.8
0.8
0.8
0.8
0.8
0.8
0.8
0.8
0.8
0.8
0.8
0.8
0.8
0.8
0.8
0.8
0.8
0.8
0.8
0.8
0.8
0.8
0.8
0.8
0.8
0.8
0.8
0.8
0.8
0.8
0.8
0.8
0.8
0.8
0.8
0.8
0.8
0.8
0.622451
0.623039
0.623774
0.624654
0.625682
0.626856
0.628179
0.629649
0.631268
0.633038
0.634959
0.637033
0.639263
0.641651
0.644203
0.646921
0.649814
0.652888
0.656156
0.659629
0.663324
0.667262
0.671467
0.675967
0.680793
0.685977
0.691552
0.697542
0.703959
0.710794
0.718002
0.725501
0.73316
0.740813
0.748275
0.755368
0.761942
0.767893
0.773158
0.777717
0.781583
0.784803
0.787445
0.789593
0.791333
0.792744
0.793895
0.794842
0.795629
0.796293
0.79686
0.797352
0.797785
0.798169
0.79851
0.798814
0.799081
0.799312
0.799505
0.799661
0.79978
0.799866
0.799924
0.799959
0.799979
0.79999
0.799995
0.799998
0.799999
0.8
0.8
0.8
0.8
0.8
0.8
0.8
0.8
0.8
0.8
0.8
0.8
0.8
0.8
0.8
0.8
0.8
0.8
0.8
0.8
0.8
0.8
0.8
0.8
0.8
0.8
0.8
0.8
0.8
0.8
0.8
0.8
0.8
0.8
0.8
0.8
0.8
0.8
0.8
0.8
0.8
0.8
0.8
0.8
0.8
0.8
0.8
0.8
0.8
0.8
0.8
0.8
0.8
0.8
0.8
0.8
0.8
0.8
0.8
0.8
0.8
0.8
0.8
0.8
0.8
0.8
0.8
0.8
0.8
0.8
0.8
0.8
0.8
0.8
0.8
0.8
0.8
0.8
0.8
0.8
0.8
0.681644
0.682428
0.683399
0.684564
0.685929
0.687498
0.689274
0.691261
0.693462
0.695881
0.69852
0.701384
0.704474
0.707794
0.711344
0.715123
0.719128
0.723353
0.727786
0.73241
0.737203
0.742132
0.747157
0.752226
0.75728
0.762253
0.767071
0.771661
0.775954
0.77989
0.783421
0.786518
0.789174
0.7914
0.793227
0.7947
0.795869
0.796786
0.797499
0.798049
0.79847
0.798792
0.799037
0.799226
0.79937
0.799483
0.799572
0.799644
0.799702
0.79975
0.799791
0.799826
0.799856
0.799883
0.799906
0.799927
0.799944
0.799959
0.799971
0.799981
0.799988
0.799993
0.799996
0.799998
0.799999
0.799999
0.8
0.8
0.8
0.8
0.8
0.8
0.8
0.8
0.8
0.8
0.8
0.8
0.8
0.8
0.8
0.8
0.8
0.8
0.8
0.8
0.8
0.8
0.8
0.8
0.8
0.8
0.8
0.8
0.8
0.8
0.8
0.8
0.8
0.8
0.8
0.8
0.8
0.8
0.8
0.8
0.8
0.8
0.8
0.8
0.8
0.8
0.8
0.8
0.8
0.8
0.8
0.8
0.8
0.8
0.8
0.8
0.8
0.8
0.8
0.8
0.8
0.8
0.8
0.8
0.8
0.8
0.8
0.8
0.8
0.8
0.8
0.8
0.8
0.8
0.8
0.8
0.8
0.8
0.8
0.8
0.8
0.8
0.8
0.8
0.765385
0.765946
0.766631
0.767443
0.768382
0.769443
0.770619
0.771901
0.77328
0.774743
0.776277
0.777869
0.779501
0.781157
0.782818
0.784466
0.786083
0.787649
0.789149
0.790566
0.791887
0.793103
0.794205
0.795189
0.796054
0.796804
0.797442
0.797977
0.798419
0.798778
0.799064
0.79929
0.799465
0.799599
0.799701
0.799777
0.799833
0.799875
0.799906
0.799929
0.799946
0.799958
0.799968
0.799974
0.799979
0.799983
0.799986
0.799989
0.799991
0.799992
0.799994
0.799995
0.799996
0.799996
0.799997
0.799998
0.799998
0.799999
0.799999
0.799999
0.8
0.8
0.8
0.8
0.8
0.8
0.8
0.8
0.8
0.8
0.8
0.8
0.8
0.8
0.8
0.8
0.8
0.8
0.8
0.8
0.8
0.8
0.8
0.8
0.8
0.8
0.8
0.8
0.8
0.8
0.8
0.8
0.8
0.8
0.8
0.8
0.8
0.8
0.8
0.8
0.8
0.8
0.8
0.8
0.8
0.8
0.8
0.8
0.8
0.8
0.8
0.8
0.8
0.8
0.8
0.8
0.8
0.8
0.8
0.8
0.8
0.8
0.8
0.8
0.8
0.8
0.8
0.8
0.8
0.8
0.8
0.8
0.8
0.8
0.8
0.8
0.8
0.8
0.8
0.8
0.8
0.8
0.8
0.8
0.8
0.8
0.8
0.8
0.8
0.8
)
;

boundaryField
{
    left
    {
        type            fixedValue;
        value           uniform 0;
    }
    right
    {
        type            fixedValue;
        value           uniform 0;
    }
    up
    {
        type            fixedValue;
        value           uniform 0;
    }
    down
    {
        type            fixedValue;
        value           uniform 0;
    }
    front
    {
        type            fixedValue;
        value           uniform 0;
    }
    back
    {
        type            fixedValue;
        value           uniform 0;
    }
}


// ************************************************************************* //
