/*--------------------------------*- C++ -*----------------------------------*\
| =========                 |                                                 |
| \\      /  F ield         | OpenFOAM: The Open Source CFD Toolbox           |
|  \\    /   O peration     | Version:  2.1.0                                 |
|   \\  /    A nd           | Web:      www.OpenFOAM.org                      |
|    \\/     M anipulation  |                                                 |
\*---------------------------------------------------------------------------*/
FoamFile
{
    version     2.0;
    format      ascii;
    class       volScalarField;
    location    "32120";
    object      sw;
}
// * * * * * * * * * * * * * * * * * * * * * * * * * * * * * * * * * * * * * //

dimensions      [0 0 0 0 0 0 0];

internalField   nonuniform List<scalar> 
15000
(
0.8
0.799999
0.799974
0.799419
0.796365
0.789031
0.778086
0.765342
0.752153
0.73921
0.726805
0.715042
0.70394
0.693485
0.683646
0.674389
0.665679
0.65748
0.649756
0.642476
0.635607
0.629118
0.622981
0.617167
0.61165
0.606404
0.601406
0.596631
0.592058
0.587668
0.583444
0.579371
0.575436
0.571627
0.567934
0.564346
0.560856
0.557454
0.554133
0.550885
0.547704
0.544584
0.54152
0.538506
0.53554
0.532616
0.529732
0.526886
0.524074
0.521295
0.518549
0.515835
0.513152
0.510503
0.507886
0.505303
0.502754
0.500241
0.497764
0.495325
0.492923
0.49056
0.488235
0.485948
0.483698
0.481486
0.479309
0.477166
0.475057
0.47298
0.470933
0.468914
0.466921
0.464954
0.46301
0.461087
0.459185
0.457301
0.455435
0.453584
0.451749
0.449926
0.448116
0.446317
0.444529
0.442751
0.440981
0.43922
0.437467
0.435723
0.433986
0.432257
0.430535
0.428821
0.427115
0.425417
0.42373
0.422052
0.420385
0.41873
0.417088
0.41546
0.413848
0.412253
0.410676
0.409119
0.407583
0.406069
0.404579
0.403113
0.40167
0.400252
0.398855
0.39748
0.396124
0.394783
0.393457
0.392144
0.390841
0.389543
0.388239
0.38691
0.385525
0.384041
0.382409
0.380583
0.378553
0.376407
0.374368
0.372699
0.371435
0.370518
0.369823
0.369115
0.368387
0.36763
0.366832
0.365985
0.36508
0.364102
0.363029
0.361823
0.360429
0.358759
0.356665
0.353848
0.349384
0.339047
0.306904
0.238531
0.799999
0.799995
0.799867
0.798623
0.79416
0.785597
0.774139
0.761411
0.748468
0.735835
0.723732
0.71224
0.701374
0.69112
0.681451
0.672339
0.663752
0.655658
0.648024
0.640822
0.634021
0.627591
0.621506
0.615739
0.610264
0.605056
0.600092
0.595349
0.590804
0.586439
0.582239
0.578189
0.574276
0.570489
0.566818
0.563252
0.559784
0.556403
0.553103
0.549876
0.546715
0.543615
0.540571
0.537577
0.53463
0.531725
0.528859
0.526029
0.523232
0.520468
0.517734
0.515032
0.51236
0.50972
0.507112
0.504535
0.501992
0.499483
0.49701
0.494574
0.492174
0.489813
0.487489
0.485202
0.482953
0.48074
0.478563
0.47642
0.474311
0.472233
0.470185
0.468165
0.466172
0.464203
0.462257
0.460333
0.458429
0.456543
0.454675
0.452822
0.450983
0.449157
0.447344
0.445541
0.443748
0.441963
0.440187
0.438418
0.436656
0.434901
0.433153
0.431409
0.429671
0.427938
0.426211
0.42449
0.422775
0.421066
0.419363
0.417667
0.415979
0.414299
0.412627
0.410964
0.409309
0.407663
0.406024
0.404392
0.402765
0.401139
0.39951
0.397872
0.396218
0.394536
0.392815
0.391041
0.389204
0.387301
0.385335
0.383308
0.381203
0.378972
0.376528
0.373747
0.370469
0.366538
0.361888
0.356759
0.351928
0.348414
0.34608
0.344643
0.343778
0.343194
0.342872
0.342759
0.342733
0.342745
0.342827
0.34304
0.343406
0.343873
0.344333
0.344622
0.344518
0.343652
0.340978
0.331784
0.299115
0.232865
0.799975
0.799871
0.799158
0.796321
0.789898
0.78015
0.768436
0.755971
0.743476
0.731311
0.719638
0.708519
0.69797
0.687983
0.678542
0.669621
0.661197
0.653243
0.645731
0.638633
0.631924
0.625576
0.619565
0.613864
0.608449
0.603296
0.598382
0.593684
0.589181
0.584857
0.580695
0.576682
0.572805
0.569054
0.565417
0.561886
0.558451
0.555104
0.551837
0.548643
0.545515
0.542447
0.539434
0.536471
0.533553
0.530675
0.527835
0.525028
0.522254
0.51951
0.516795
0.514109
0.511452
0.508824
0.506226
0.503658
0.501121
0.498618
0.496149
0.493715
0.491318
0.488958
0.486636
0.48435
0.482102
0.47989
0.477713
0.475572
0.473463
0.471386
0.469339
0.46732
0.465327
0.463359
0.461415
0.459491
0.457588
0.455703
0.453835
0.451981
0.450142
0.448315
0.446499
0.444694
0.442897
0.441108
0.439326
0.43755
0.43578
0.434015
0.432254
0.430496
0.428742
0.42699
0.425241
0.423494
0.421749
0.420007
0.418265
0.416526
0.414787
0.413049
0.41131
0.40957
0.407826
0.406077
0.404319
0.402547
0.400754
0.398932
0.397068
0.395144
0.393136
0.39101
0.388726
0.386242
0.383526
0.380581
0.37745
0.374188
0.370798
0.367197
0.363213
0.358592
0.353003
0.346085
0.33762
0.328003
0.319062
0.313773
0.310597
0.308732
0.307711
0.30748
0.308061
0.309345
0.31082
0.312331
0.314029
0.316144
0.318779
0.321809
0.325006
0.328067
0.330645
0.332275
0.331743
0.323702
0.290118
0.226932
0.799449
0.798675
0.796384
0.791335
0.783218
0.772845
0.761287
0.74933
0.737435
0.725847
0.714686
0.704008
0.693833
0.684162
0.674988
0.666295
0.658065
0.650278
0.642911
0.63594
0.629343
0.623096
0.617175
0.611556
0.606217
0.601133
0.596283
0.591644
0.587197
0.582926
0.578815
0.574852
0.571024
0.567321
0.563732
0.560247
0.556859
0.553558
0.550336
0.547187
0.544104
0.541079
0.538109
0.535186
0.532306
0.529465
0.526658
0.523884
0.521138
0.518421
0.515729
0.513064
0.510424
0.507811
0.505225
0.502667
0.500138
0.497641
0.495177
0.492746
0.490352
0.487994
0.485673
0.483388
0.481141
0.478931
0.476757
0.474617
0.472511
0.470437
0.468392
0.466376
0.464386
0.462421
0.460479
0.458558
0.456658
0.454775
0.452909
0.451057
0.449219
0.447393
0.445577
0.443771
0.441972
0.440179
0.438392
0.43661
0.434833
0.433058
0.431285
0.429513
0.427742
0.42597
0.424197
0.422424
0.420648
0.418868
0.417085
0.415296
0.413502
0.411699
0.409886
0.408058
0.406214
0.404346
0.402448
0.40051
0.398517
0.396451
0.394284
0.391974
0.389464
0.38667
0.383492
0.379825
0.37561
0.370894
0.365867
0.360769
0.35566
0.350392
0.344661
0.338025
0.329918
0.319683
0.306825
0.291801
0.278122
0.272952
0.269836
0.267745
0.266454
0.266449
0.268053
0.27142
0.27477
0.277793
0.281026
0.285125
0.290415
0.296569
0.303155
0.309641
0.315473
0.320027
0.32185
0.314721
0.279632
0.220882
0.796571
0.794412
0.790167
0.783413
0.77449
0.764152
0.753096
0.741813
0.730605
0.719648
0.709041
0.698838
0.689068
0.679742
0.670861
0.662419
0.654405
0.646804
0.639599
0.632771
0.626302
0.620169
0.614352
0.608829
0.603577
0.598575
0.5938
0.589232
0.584853
0.580648
0.576601
0.5727
0.568933
0.56529
0.561761
0.558335
0.555005
0.551762
0.548598
0.545506
0.542479
0.53951
0.536592
0.53372
0.530889
0.528093
0.52533
0.522595
0.519885
0.5172
0.514537
0.511897
0.509279
0.506683
0.504111
0.501564
0.499044
0.496553
0.494093
0.491666
0.489274
0.486917
0.484598
0.482315
0.48007
0.477862
0.47569
0.473554
0.471451
0.46938
0.46734
0.465327
0.463342
0.461382
0.459445
0.457529
0.455633
0.453755
0.451893
0.450045
0.44821
0.446387
0.444573
0.442767
0.440968
0.439173
0.437383
0.435596
0.433811
0.432026
0.430241
0.428455
0.426666
0.424874
0.423077
0.421275
0.419465
0.417646
0.415817
0.413976
0.41212
0.410245
0.408348
0.406423
0.404463
0.402459
0.400398
0.398262
0.396026
0.393653
0.391089
0.388251
0.385015
0.381211
0.376626
0.371059
0.364425
0.356918
0.3491
0.341689
0.334756
0.327961
0.320769
0.312516
0.302387
0.289455
0.273052
0.25386
0.238763
0.23703
0.234599
0.232508
0.230812
0.230286
0.231861
0.237462
0.242085
0.245305
0.248649
0.253583
0.261041
0.270164
0.28023
0.290429
0.299812
0.307469
0.311573
0.304688
0.267396
0.215024
0.789649
0.786248
0.780784
0.773369
0.764461
0.7546
0.74424
0.733704
0.723208
0.712892
0.702846
0.693128
0.683774
0.674804
0.666228
0.658048
0.650261
0.642857
0.635826
0.629151
0.622819
0.61681
0.611107
0.605689
0.600535
0.595623
0.590934
0.586448
0.582148
0.57802
0.574048
0.570221
0.566528
0.562956
0.559498
0.556143
0.552883
0.54971
0.546616
0.543594
0.540635
0.537732
0.534879
0.532069
0.529297
0.526557
0.523846
0.521159
0.518494
0.515847
0.513219
0.510607
0.508013
0.505438
0.502881
0.500347
0.497836
0.495352
0.492896
0.490472
0.488081
0.485726
0.483407
0.481125
0.478882
0.476676
0.474507
0.472375
0.470277
0.468211
0.466176
0.46417
0.462192
0.460238
0.458308
0.456399
0.454509
0.452638
0.450782
0.44894
0.44711
0.445292
0.443482
0.441678
0.43988
0.438085
0.436292
0.434501
0.432709
0.430916
0.429119
0.427318
0.425512
0.423698
0.421876
0.420043
0.418197
0.416335
0.414457
0.412558
0.410634
0.40868
0.40669
0.404655
0.402565
0.400404
0.398152
0.395781
0.393247
0.390485
0.387396
0.383826
0.379547
0.374243
0.367542
0.359113
0.348885
0.33735
0.325805
0.31609
0.307839
0.300214
0.292367
0.283448
0.272555
0.258848
0.242165
0.224254
0.219489
0.205549
0.201227
0.200415
0.201093
0.203031
0.206644
0.22858
0.228925
0.22828
0.228197
0.230295
0.237106
0.246963
0.258902
0.272229
0.284913
0.29539
0.301201
0.293238
0.253382
0.209806
0.7793
0.775339
0.769558
0.762247
0.753807
0.744627
0.735022
0.725231
0.715426
0.705729
0.696227
0.686981
0.678036
0.669418
0.661147
0.653231
0.645673
0.63847
0.631615
0.625098
0.618907
0.613028
0.607444
0.602137
0.597086
0.592273
0.587677
0.583282
0.579072
0.575032
0.571147
0.567405
0.563796
0.560307
0.556931
0.553658
0.550481
0.54739
0.544379
0.541438
0.53856
0.535737
0.532961
0.530225
0.527524
0.524851
0.522202
0.519573
0.516959
0.514359
0.51177
0.509193
0.506627
0.504074
0.501536
0.499015
0.496513
0.494035
0.491582
0.48916
0.48677
0.484414
0.482094
0.479813
0.47757
0.475367
0.473202
0.471074
0.468981
0.466922
0.464895
0.462897
0.460926
0.458981
0.457059
0.455158
0.453278
0.451414
0.449567
0.447733
0.445911
0.444099
0.442295
0.440496
0.438701
0.436907
0.435114
0.43332
0.431522
0.42972
0.427911
0.426097
0.424273
0.422437
0.420588
0.418722
0.416837
0.414931
0.412999
0.411037
0.409039
0.406998
0.404904
0.402747
0.400508
0.398168
0.395694
0.39304
0.390136
0.386875
0.383087
0.378508
0.372757
0.365322
0.355638
0.343265
0.328224
0.311461
0.295378
0.284442
0.276168
0.268883
0.261511
0.253251
0.243508
0.232123
0.219916
0.208815
0.201347
0.2
0.2
0.2
0.200002
0.200136
0.20021
0.20103
0.201476
0.201747
0.203211
0.206403
0.229528
0.234457
0.243394
0.257794
0.272526
0.284695
0.290814
0.279663
0.238268
0.205688
0.767256
0.763253
0.757671
0.750812
0.743002
0.734537
0.725662
0.716567
0.707402
0.698279
0.689285
0.680484
0.671926
0.663646
0.655668
0.648008
0.640672
0.633665
0.626984
0.620623
0.614573
0.608823
0.603358
0.598163
0.593219
0.588508
0.584013
0.579719
0.575608
0.571667
0.56788
0.564235
0.56072
0.557325
0.554042
0.550863
0.547779
0.544783
0.541867
0.539022
0.536239
0.533508
0.530823
0.528176
0.525558
0.522965
0.52039
0.517829
0.515276
0.51273
0.510189
0.507651
0.505118
0.502591
0.500071
0.497564
0.495071
0.492598
0.490148
0.487725
0.485333
0.482974
0.480652
0.478369
0.476126
0.473924
0.471762
0.46964
0.467554
0.465503
0.463485
0.461496
0.459535
0.4576
0.455688
0.453798
0.451927
0.450074
0.448237
0.446414
0.444602
0.442799
0.441003
0.439212
0.437422
0.435632
0.43384
0.432044
0.430242
0.428432
0.426612
0.424784
0.422941
0.421083
0.419205
0.417305
0.415379
0.413424
0.411435
0.409405
0.407326
0.40519
0.402982
0.400687
0.398281
0.395734
0.392997
0.390001
0.386636
0.382728
0.378006
0.372056
0.364294
0.353995
0.340437
0.323201
0.302608
0.280216
0.259477
0.250295
0.243934
0.238334
0.232667
0.226588
0.220096
0.213535
0.207551
0.202739
0.200197
0.200004
0.2
0.2
0.2
0.2
0.200001
0.200004
0.200006
0.200007
0.200129
0.200242
0.204848
0.212499
0.239338
0.251494
0.264593
0.275844
0.279788
0.2631
0.223894
0.202906
0.754834
0.751025
0.745828
0.739506
0.732328
0.724529
0.716311
0.707838
0.699244
0.690636
0.6821
0.673705
0.665503
0.657534
0.649829
0.642408
0.635282
0.62846
0.621943
0.615729
0.609813
0.604185
0.598835
0.593747
0.588908
0.584302
0.579914
0.575729
0.571728
0.567897
0.564219
0.560681
0.557272
0.553981
0.550802
0.547727
0.544749
0.541861
0.539054
0.536319
0.533646
0.531024
0.528446
0.525902
0.523384
0.520885
0.518397
0.515916
0.513437
0.510955
0.508468
0.505977
0.503481
0.500982
0.498484
0.495991
0.493507
0.491037
0.488586
0.48616
0.483763
0.481398
0.47907
0.476783
0.474537
0.472335
0.470176
0.468059
0.465981
0.46394
0.461932
0.459955
0.458006
0.456082
0.454182
0.452303
0.450445
0.448604
0.446779
0.444968
0.44317
0.44138
0.439595
0.437814
0.436032
0.434248
0.432459
0.430664
0.428858
0.427041
0.425211
0.423366
0.421506
0.419625
0.417719
0.415783
0.413814
0.411808
0.409756
0.407652
0.405486
0.403244
0.400909
0.398459
0.395863
0.393074
0.390025
0.386608
0.382657
0.377907
0.371946
0.364168
0.353769
0.339852
0.321716
0.299342
0.273913
0.248133
0.225878
0.22209
0.218873
0.215847
0.212829
0.209872
0.207104
0.204645
0.202582
0.200801
0.200032
0.2
0.2
0.2
0.2
0.2
0.2
0.2
0.2
0.2
0.200001
0.200001
0.200034
0.203484
0.23635
0.247084
0.258304
0.26714
0.266393
0.243893
0.212673
0.201318
0.742721
0.739171
0.734378
0.728564
0.721947
0.714726
0.707072
0.699132
0.69103
0.682869
0.674734
0.666695
0.658809
0.651119
0.643659
0.636452
0.629515
0.62286
0.61649
0.610407
0.604609
0.59909
0.593841
0.588852
0.584112
0.579612
0.575335
0.571267
0.567387
0.563679
0.560122
0.556704
0.553411
0.550235
0.54717
0.54421
0.54135
0.538583
0.535901
0.533292
0.530746
0.528252
0.525799
0.523377
0.520976
0.518589
0.516206
0.513821
0.511428
0.509022
0.506601
0.504163
0.50171
0.499244
0.49677
0.494291
0.491814
0.489345
0.48689
0.484456
0.482048
0.479672
0.477334
0.475037
0.472785
0.470581
0.468424
0.466313
0.464244
0.462215
0.46022
0.458256
0.45632
0.454409
0.452522
0.450656
0.44881
0.446983
0.445174
0.443379
0.441596
0.439822
0.438053
0.436285
0.434515
0.43274
0.430957
0.429163
0.427356
0.425534
0.423694
0.421834
0.419957
0.418052
0.416114
0.414141
0.412126
0.410063
0.407945
0.405761
0.403498
0.401139
0.398663
0.396038
0.393222
0.390148
0.386719
0.382777
0.378074
0.372223
0.364631
0.354476
0.340756
0.322553
0.29959
0.273018
0.246049
0.223425
0.208601
0.201986
0.200298
0.200025
0.200002
0.200018
0.200073
0.200103
0.200281
0.200044
0.200001
0.2
0.2
0.2
0.2
0.2
0.2
0.2
0.2
0.2
0.2
0.2
0.2
0.220507
0.233628
0.242304
0.251549
0.256386
0.249376
0.225423
0.20576
0.200542
0.731213
0.727914
0.72348
0.718096
0.711946
0.7052
0.69801
0.690509
0.682814
0.675025
0.667227
0.65949
0.651873
0.644421
0.637171
0.630148
0.623373
0.616857
0.61061
0.604634
0.598929
0.593494
0.588324
0.583417
0.578767
0.574368
0.570205
0.566263
0.562518
0.558947
0.555527
0.552241
0.549076
0.546025
0.543084
0.54025
0.53752
0.53489
0.532349
0.529886
0.52749
0.525145
0.52284
0.520563
0.518302
0.516048
0.513791
0.511522
0.509233
0.506919
0.504576
0.502202
0.499799
0.49737
0.494921
0.492456
0.489984
0.487512
0.485048
0.4826
0.480175
0.477781
0.475424
0.473112
0.470843
0.468622
0.466457
0.46435
0.462291
0.460274
0.458293
0.456343
0.45442
0.452521
0.450646
0.448793
0.446962
0.445151
0.443359
0.441584
0.439822
0.438069
0.436321
0.434572
0.43282
0.431059
0.429287
0.4275
0.425696
0.423871
0.422023
0.420151
0.418252
0.416325
0.414358
0.412347
0.410285
0.408165
0.405975
0.403704
0.401334
0.398845
0.396208
0.393382
0.390306
0.386888
0.382987
0.378376
0.372699
0.365405
0.355694
0.34252
0.324781
0.301862
0.274616
0.246482
0.223173
0.208801
0.202316
0.20019
0.200004
0.2
0.2
0.2
0.200001
0.200001
0.2
0.2
0.2
0.2
0.2
0.2
0.2
0.2
0.2
0.2
0.2
0.2
0.2
0.2
0.200071
0.215761
0.228449
0.235683
0.242079
0.242251
0.230755
0.21214
0.20233
0.200207
0.720419
0.717335
0.713194
0.708151
0.702367
0.695991
0.689162
0.682004
0.674628
0.667132
0.659601
0.652106
0.644705
0.637446
0.630365
0.623489
0.61684
0.61043
0.604269
0.598363
0.592714
0.587326
0.582203
0.57735
0.57277
0.568461
0.564412
0.560605
0.557012
0.553599
0.550337
0.547201
0.544178
0.541262
0.538453
0.535755
0.533168
0.53069
0.528312
0.52602
0.5238
0.521634
0.519506
0.517403
0.515311
0.513219
0.511115
0.508987
0.506826
0.504624
0.502376
0.500079
0.497736
0.49535
0.492928
0.490477
0.488007
0.485527
0.483047
0.480577
0.478125
0.475701
0.473316
0.470958
0.468645
0.466392
0.464208
0.462095
0.460049
0.458049
0.456088
0.454157
0.452252
0.450369
0.448509
0.446671
0.444856
0.443064
0.441293
0.439541
0.437805
0.436079
0.434358
0.432636
0.430907
0.429166
0.427409
0.425633
0.423833
0.422008
0.420156
0.418273
0.416355
0.414407
0.412412
0.410362
0.408249
0.406065
0.403797
0.40143
0.398942
0.396306
0.393484
0.39042
0.38703
0.383186
0.378684
0.373205
0.366251
0.357072
0.344635
0.327717
0.305357
0.277889
0.248544
0.223831
0.208933
0.202606
0.200636
0.200019
0.2
0.2
0.2
0.2
0.2
0.2
0.2
0.2
0.2
0.2
0.2
0.2
0.2
0.2
0.2
0.2
0.2
0.2
0.2
0.2
0.200226
0.210875
0.22173
0.227125
0.230228
0.22676
0.21563
0.204994
0.200873
0.200075
0.710367
0.707455
0.703534
0.698743
0.693224
0.687115
0.680543
0.673628
0.666481
0.659196
0.651859
0.644541
0.6373
0.630182
0.623223
0.61645
0.609882
0.603532
0.59741
0.59152
0.585873
0.580479
0.575352
0.570508
0.56596
0.561716
0.557773
0.554112
0.550696
0.547475
0.544402
0.541442
0.538579
0.535808
0.533139
0.530583
0.528152
0.525846
0.523656
0.521569
0.519562
0.517613
0.515702
0.513812
0.511927
0.510035
0.508121
0.506171
0.504171
0.502109
0.499979
0.497777
0.495506
0.49317
0.490779
0.488341
0.485869
0.483375
0.48087
0.478366
0.475873
0.473405
0.470948
0.468519
0.466146
0.463843
0.461627
0.459504
0.457474
0.455497
0.453561
0.451654
0.449768
0.447901
0.446054
0.44423
0.44243
0.440656
0.438908
0.437184
0.43548
0.433789
0.432104
0.430417
0.428719
0.427006
0.42527
0.423508
0.421717
0.419894
0.418038
0.416144
0.414209
0.412231
0.410205
0.408115
0.40595
0.403699
0.401345
0.39887
0.396246
0.393438
0.390395
0.387039
0.383256
0.378863
0.373577
0.366952
0.358308
0.346663
0.330755
0.309345
0.282179
0.251908
0.225458
0.209338
0.202621
0.200585
0.200208
0.200002
0.2
0.2
0.2
0.2
0.2
0.2
0.2
0.2
0.2
0.2
0.2
0.2
0.2
0.2
0.2
0.2
0.2
0.2
0.2
0.2
0.200198
0.206987
0.21495
0.218122
0.218497
0.214058
0.206772
0.201893
0.200314
0.200026
0.701051
0.698264
0.694494
0.689867
0.684515
0.678566
0.672147
0.665375
0.65836
0.651201
0.643982
0.636772
0.629629
0.622596
0.615707
0.608983
0.602441
0.59609
0.589938
0.583994
0.578272
0.572794
0.567581
0.562663
0.557931
0.553542
0.549676
0.546174
0.542981
0.540017
0.5372
0.534473
0.531806
0.529203
0.526687
0.524289
0.522037
0.519941
0.517994
0.516176
0.514457
0.512803
0.511183
0.509577
0.507968
0.506342
0.504683
0.50297
0.501185
0.49931
0.497336
0.495258
0.493078
0.490805
0.48845
0.486026
0.483549
0.481033
0.478491
0.475937
0.473385
0.470839
0.468275
0.465738
0.463251
0.460846
0.458558
0.45641
0.4544
0.452458
0.450557
0.44868
0.446816
0.444963
0.443125
0.441309
0.43952
0.437764
0.43604
0.43435
0.432686
0.431043
0.42941
0.427774
0.426124
0.424451
0.422748
0.421009
0.419233
0.417417
0.41556
0.413658
0.411707
0.409701
0.407648
0.405516
0.403292
0.400962
0.398507
0.395902
0.393114
0.390094
0.386773
0.383044
0.378745
0.373623
0.367282
0.359112
0.348208
0.33333
0.31307
0.286644
0.255926
0.227833
0.210218
0.202837
0.200601
0.200087
0.200004
0.2
0.2
0.2
0.2
0.2
0.2
0.2
0.2
0.2
0.2
0.2
0.2
0.2
0.2
0.2
0.2
0.2
0.2
0.2
0.2
0.2
0.2002
0.204325
0.209289
0.210594
0.209682
0.206347
0.202657
0.200688
0.20011
0.200009
0.69245
0.689744
0.686057
0.681508
0.676222
0.670326
0.663948
0.657212
0.65023
0.643105
0.635922
0.628748
0.621638
0.614629
0.607746
0.601007
0.594419
0.587987
0.581717
0.575621
0.569716
0.564026
0.558372
0.55255
0.546865
0.541525
0.536897
0.533662
0.530935
0.528555
0.526325
0.52412
0.521878
0.519604
0.517356
0.515217
0.513262
0.511524
0.510002
0.508665
0.507459
0.506321
0.505199
0.504065
0.502904
0.501704
0.500445
0.499104
0.497651
0.496061
0.49432
0.492423
0.490376
0.488192
0.485889
0.483485
0.481001
0.478455
0.475863
0.473241
0.470604
0.467906
0.465185
0.462459
0.459754
0.457123
0.454651
0.452429
0.450451
0.448568
0.446732
0.444909
0.443079
0.441241
0.439405
0.437589
0.435804
0.434061
0.432364
0.430715
0.429109
0.427538
0.425985
0.424432
0.422859
0.421252
0.419601
0.417902
0.416152
0.414351
0.412499
0.410593
0.408629
0.406599
0.4045
0.402325
0.400038
0.397622
0.395049
0.392289
0.389296
0.386004
0.382318
0.378089
0.373087
0.366958
0.359153
0.348851
0.334875
0.315745
0.290277
0.259566
0.23023
0.211242
0.203175
0.200705
0.200118
0.200012
0.2
0.2
0.2
0.2
0.2
0.2
0.2
0.2
0.2
0.2
0.2
0.2
0.2
0.2
0.2
0.2
0.2
0.2
0.2
0.2
0.2
0.2
0.200814
0.202685
0.205228
0.205485
0.204474
0.202592
0.200985
0.200243
0.200038
0.200003
0.684539
0.681871
0.678201
0.67364
0.668314
0.662355
0.655898
0.649078
0.64202
0.634831
0.627598
0.620384
0.613236
0.606181
0.599234
0.592399
0.585674
0.579059
0.572554
0.566165
0.559903
0.553426
0.546368
0.538948
0.531117
0.523403
0.516381
0.512789
0.510865
0.509683
0.508679
0.507545
0.506118
0.504389
0.502492
0.500658
0.499112
0.497944
0.497165
0.496728
0.496522
0.49639
0.49622
0.495968
0.495626
0.495192
0.494653
0.493972
0.493104
0.492008
0.490664
0.48907
0.487243
0.485206
0.482989
0.480624
0.478139
0.475559
0.472903
0.470189
0.467432
0.46454
0.461558
0.458484
0.455328
0.452158
0.449191
0.446766
0.444838
0.443075
0.44137
0.439652
0.437883
0.436059
0.434207
0.432366
0.430565
0.428822
0.427148
0.425552
0.424034
0.422585
0.421178
0.419778
0.418349
0.416865
0.415313
0.413686
0.411987
0.410219
0.408386
0.406487
0.404517
0.40247
0.400332
0.398119
0.395766
0.393248
0.390533
0.387579
0.384324
0.380676
0.376496
0.371569
0.365565
0.357981
0.348067
0.334723
0.316473
0.291878
0.261438
0.231515
0.211822
0.203399
0.20079
0.200148
0.200021
0.200002
0.2
0.2
0.2
0.2
0.2
0.2
0.2
0.2
0.2
0.2
0.2
0.2
0.2
0.2
0.2
0.2
0.2
0.2
0.2
0.2
0.2
0.2
0.200378
0.201345
0.202599
0.202553
0.201888
0.200993
0.200353
0.200084
0.200013
0.200001
0.677271
0.674584
0.670852
0.66619
0.660732
0.654625
0.648022
0.640916
0.633616
0.626256
0.618881
0.611547
0.604284
0.597104
0.590005
0.582976
0.576004
0.569073
0.562166
0.555267
0.548125
0.539634
0.529927
0.51902
0.506686
0.494977
0.482831
0.478571
0.477969
0.479347
0.480868
0.481853
0.481882
0.480866
0.478965
0.475916
0.474723
0.474356
0.474838
0.476108
0.477938
0.479856
0.481564
0.482984
0.484157
0.485137
0.485932
0.486488
0.486716
0.486536
0.485916
0.484866
0.483425
0.481646
0.479587
0.477301
0.474832
0.472218
0.469485
0.46665
0.463659
0.460489
0.457104
0.453446
0.449438
0.445098
0.440899
0.438097
0.436271
0.4348
0.433404
0.431929
0.430285
0.428458
0.426518
0.424575
0.42269
0.420895
0.419213
0.417669
0.416279
0.415042
0.413918
0.412818
0.411672
0.410428
0.40906
0.407568
0.405961
0.404254
0.40246
0.400585
0.398627
0.396576
0.394415
0.392124
0.389737
0.387128
0.384256
0.381066
0.37747
0.373332
0.368441
0.362469
0.354926
0.345095
0.331946
0.314038
0.289832
0.259604
0.230087
0.211164
0.20324
0.200783
0.200159
0.200026
0.200003
0.2
0.2
0.2
0.2
0.2
0.2
0.2
0.2
0.2
0.2
0.2
0.2
0.2
0.2
0.2
0.2
0.2
0.2
0.2
0.2
0.2
0.2
0.200001
0.200166
0.200611
0.201185
0.201098
0.200748
0.200365
0.200123
0.200029
0.200004
0.2
0.670605
0.667826
0.663933
0.659045
0.653311
0.646906
0.640002
0.632666
0.625147
0.617581
0.609578
0.602034
0.594572
0.587178
0.579826
0.572487
0.565123
0.557689
0.550125
0.542357
0.532549
0.520337
0.50531
0.489594
0.471688
0.45878
0.443391
0.440245
0.440499
0.445259
0.44968
0.452974
0.454356
0.45339
0.448235
0.440774
0.437716
0.437673
0.439427
0.443087
0.44844
0.453964
0.458784
0.462815
0.466309
0.469507
0.472502
0.475205
0.477388
0.478851
0.479516
0.479412
0.478632
0.477289
0.475495
0.473347
0.470923
0.468279
0.465453
0.462461
0.459212
0.455662
0.451708
0.447181
0.44176
0.435316
0.4287
0.425677
0.424088
0.423314
0.422551
0.421555
0.420117
0.418184
0.415542
0.413037
0.410929
0.408971
0.407196
0.405657
0.404425
0.403547
0.402972
0.402456
0.401849
0.401041
0.39999
0.398705
0.397227
0.395597
0.393851
0.392011
0.390081
0.388047
0.385881
0.38355
0.381032
0.378325
0.375267
0.371766
0.36768
0.362787
0.356736
0.348995
0.338796
0.325099
0.306547
0.281606
0.251329
0.22425
0.208645
0.202516
0.200632
0.200138
0.200026
0.200004
0.2
0.2
0.2
0.2
0.2
0.2
0.2
0.2
0.2
0.2
0.2
0.2
0.2
0.2
0.2
0.2
0.2
0.2
0.2
0.2
0.2
0.2
0.2
0.200001
0.200073
0.200265
0.200509
0.200446
0.200283
0.20013
0.200042
0.20001
0.200001
0.2
0.664508
0.661561
0.657391
0.652125
0.645938
0.639047
0.631666
0.623938
0.616087
0.608236
0.600061
0.592007
0.583819
0.576092
0.568371
0.560574
0.552617
0.544391
0.535748
0.525397
0.511285
0.491827
0.469406
0.452244
0.432689
0.42669
0.421873
0.391514
0.380784
0.429959
0.432929
0.435426
0.436204
0.43386
0.424841
0.412811
0.408588
0.406709
0.407239
0.410561
0.418117
0.426491
0.433454
0.439069
0.444082
0.449102
0.4544
0.459829
0.464797
0.46871
0.471303
0.472602
0.472783
0.47206
0.470634
0.468674
0.466307
0.463625
0.460681
0.45749
0.453941
0.449952
0.445342
0.439776
0.432459
0.423392
0.414171
0.411509
0.410261
0.41074
0.410805
0.41043
0.409155
0.406767
0.400831
0.397025
0.39422
0.39193
0.389892
0.388216
0.387091
0.386761
0.387297
0.387878
0.388252
0.388176
0.387584
0.386539
0.385154
0.383536
0.38177
0.379908
0.377968
0.375928
0.373729
0.371308
0.368602
0.365611
0.362205
0.358151
0.353189
0.346896
0.338602
0.327339
0.311861
0.290606
0.263062
0.234523
0.214463
0.204934
0.201469
0.200393
0.200095
0.20002
0.200004
0.200001
0.2
0.2
0.2
0.2
0.2
0.2
0.2
0.2
0.2
0.2
0.2
0.2
0.2
0.2
0.2
0.2
0.2
0.2
0.2
0.2
0.2
0.2
0.2
0.200001
0.200033
0.200112
0.200209
0.200173
0.200104
0.200046
0.200014
0.200003
0.2
0.2
0.658947
0.655742
0.651155
0.645315
0.638437
0.63081
0.622733
0.614431
0.606107
0.59783
0.589396
0.581102
0.572514
0.563431
0.555175
0.546705
0.537836
0.528333
0.517844
0.501718
0.480494
0.451541
0.425646
0.415716
0.408524
0.278495
0.204361
0.202751
0.208039
0.221774
0.372802
0.422304
0.42324
0.419138
0.403962
0.396899
0.33627
0.231071
0.245224
0.356564
0.407857
0.41345
0.417793
0.421205
0.424674
0.429061
0.43496
0.442429
0.450361
0.457139
0.462018
0.464961
0.46624
0.466198
0.465152
0.463355
0.461004
0.458235
0.455127
0.451693
0.447846
0.443465
0.438293
0.431788
0.422389
0.411792
0.403929
0.379091
0.353259
0.396321
0.397641
0.39838
0.397372
0.392879
0.37866
0.372371
0.369388
0.366552
0.363566
0.361416
0.360107
0.360573
0.364024
0.367111
0.369598
0.370966
0.371125
0.370351
0.36896
0.3672
0.365246
0.363218
0.36117
0.359062
0.356749
0.354101
0.35101
0.347342
0.343047
0.337752
0.330778
0.32118
0.307426
0.287563
0.261427
0.234663
0.215629
0.205976
0.202064
0.200661
0.200195
0.200053
0.200013
0.200003
0.2
0.2
0.2
0.2
0.2
0.2
0.2
0.2
0.2
0.2
0.2
0.2
0.2
0.2
0.2
0.2
0.2
0.2
0.2
0.2
0.2
0.2
0.2
0.2
0.2
0.200003
0.200015
0.200045
0.200082
0.200065
0.200037
0.200016
0.200005
0.200001
0.2
0.2
0.653881
0.650317
0.645134
0.638446
0.630526
0.621805
0.612744
0.60365
0.59469
0.585872
0.57707
0.568386
0.559476
0.549961
0.539557
0.530037
0.519683
0.507945
0.492224
0.463936
0.43732
0.404883
0.395122
0.290191
0.205033
0.200696
0.200036
0.200017
0.200046
0.200156
0.203349
0.338289
0.404783
0.399675
0.380979
0.233442
0.200384
0.200094
0.200316
0.204086
0.356848
0.404354
0.406297
0.406996
0.408006
0.41038
0.415334
0.424177
0.435826
0.445844
0.453005
0.45746
0.459688
0.46018
0.459363
0.457582
0.455107
0.452137
0.448794
0.445091
0.441015
0.436426
0.43102
0.423949
0.412442
0.402245
0.292115
0.201668
0.201435
0.20848
0.30967
0.385538
0.385605
0.37864
0.360114
0.258657
0.201407
0.210683
0.200377
0.200433
0.20411
0.269496
0.35203
0.353701
0.355828
0.356883
0.356373
0.354777
0.352529
0.349927
0.347185
0.344474
0.341907
0.339429
0.336608
0.333161
0.328867
0.323415
0.31626
0.306622
0.293266
0.27475
0.251269
0.228506
0.21297
0.205184
0.201965
0.200717
0.200251
0.200083
0.200025
0.200007
0.200002
0.2
0.2
0.2
0.2
0.2
0.2
0.2
0.2
0.2
0.2
0.2
0.2
0.2
0.2
0.2
0.2
0.2
0.2
0.2
0.2
0.2
0.2
0.2
0.2
0.2
0.2
0.200001
0.200006
0.200017
0.20003
0.200023
0.200013
0.200005
0.200002
0.2
0.2
0.2
0.649268
0.645236
0.639221
0.63127
0.621744
0.611358
0.600906
0.590755
0.580985
0.571525
0.562238
0.553041
0.543611
0.533603
0.52231
0.509144
0.495991
0.479577
0.445083
0.399369
0.381564
0.365955
0.21407
0.201093
0.200056
0.200005
0.2
0.2
0.2
0.200001
0.200028
0.211219
0.28872
0.375552
0.298269
0.205268
0.20004
0.2
0.200001
0.200025
0.205894
0.375217
0.309205
0.268166
0.28131
0.345892
0.385151
0.420153
0.430407
0.439457
0.446615
0.451412
0.453932
0.454521
0.453586
0.451511
0.448637
0.445246
0.44157
0.437605
0.433427
0.428939
0.423855
0.416904
0.404356
0.251094
0.200871
0.20001
0.200005
0.200074
0.201946
0.33435
0.376704
0.359361
0.331078
0.23337
0.200205
0.200056
0.200002
0.200002
0.200012
0.200236
0.201236
0.255579
0.346744
0.346355
0.34393
0.340612
0.33679
0.332677
0.328437
0.324279
0.320495
0.317209
0.31288
0.306946
0.299002
0.288468
0.274672
0.257487
0.238486
0.221336
0.210006
0.204163
0.2016
0.200589
0.200227
0.200086
0.200031
0.200011
0.200003
0.200001
0.2
0.2
0.2
0.2
0.2
0.2
0.2
0.2
0.2
0.2
0.2
0.2
0.2
0.2
0.2
0.2
0.2
0.2
0.2
0.2
0.2
0.2
0.2
0.2
0.2
0.2
0.2
0.2
0.200002
0.200006
0.200011
0.200008
0.200004
0.200002
0.200001
0.2
0.2
0.2
0.64507
0.640471
0.633321
0.623446
0.611296
0.598193
0.585717
0.574152
0.563404
0.553235
0.543369
0.533533
0.523339
0.512345
0.499833
0.483939
0.461455
0.431476
0.367789
0.335092
0.224187
0.204828
0.200201
0.20001
0.2
0.2
0.2
0.2
0.2
0.2
0.2
0.200122
0.221695
0.356319
0.255102
0.201653
0.200013
0.2
0.2
0.2
0.268251
0.342653
0.226762
0.201381
0.202717
0.278485
0.354915
0.416905
0.427155
0.43553
0.442276
0.446855
0.449145
0.449353
0.447822
0.444946
0.441166
0.436889
0.432755
0.428558
0.424236
0.419836
0.415036
0.408625
0.396431
0.22941
0.20037
0.200003
0.2
0.200001
0.200054
0.298049
0.345459
0.259181
0.243248
0.209818
0.200061
0.2
0.2
0.2
0.2
0.2
0.200002
0.203262
0.328294
0.325807
0.321062
0.315136
0.308397
0.301008
0.293094
0.28523
0.279158
0.277798
0.272535
0.263469
0.251582
0.238103
0.22498
0.214317
0.207152
0.203178
0.201322
0.200519
0.20019
0.200063
0.200026
0.20001
0.200004
0.200002
0.200001
0.2
0.2
0.2
0.2
0.2
0.2
0.2
0.2
0.2
0.2
0.2
0.2
0.2
0.2
0.2
0.2
0.2
0.2
0.2
0.2
0.2
0.2
0.2
0.2
0.2
0.2
0.2
0.2
0.2
0.200001
0.200002
0.200004
0.200003
0.200002
0.200001
0.2
0.2
0.2
0.2
0.641264
0.636067
0.627467
0.614602
0.597724
0.579423
0.563642
0.55007
0.538317
0.527561
0.517102
0.506436
0.49496
0.481895
0.466016
0.444402
0.40843
0.329361
0.242593
0.203613
0.200252
0.20008
0.200002
0.2
0.2
0.2
0.2
0.2
0.2
0.2
0.2
0.200015
0.202316
0.323036
0.213872
0.200055
0.2
0.2
0.2
0.2
0.241155
0.295912
0.201918
0.20003
0.200027
0.23079
0.320692
0.415271
0.425204
0.433158
0.43944
0.443497
0.445125
0.444393
0.441479
0.436665
0.430619
0.406857
0.397693
0.392501
0.387409
0.383306
0.382606
0.380311
0.376396
0.236887
0.200623
0.200005
0.2
0.2
0.2
0.263937
0.324467
0.202273
0.200762
0.201714
0.200162
0.200006
0.2
0.2
0.2
0.2
0.2
0.200017
0.200178
0.202651
0.207126
0.203795
0.203757
0.205242
0.204729
0.203902
0.207879
0.24805
0.237685
0.226175
0.216282
0.209135
0.204689
0.202248
0.201018
0.200427
0.200173
0.200066
0.200023
0.200007
0.200001
0.2
0.2
0.2
0.2
0.2
0.2
0.2
0.2
0.2
0.2
0.2
0.2
0.2
0.2
0.2
0.2
0.2
0.2
0.2
0.2
0.2
0.2
0.2
0.2
0.2
0.2
0.2
0.2
0.2
0.2
0.2
0.2
0.2
0.2
0.200001
0.200001
0.200001
0.200001
0.2
0.2
0.2
0.2
0.2
0.637842
0.632209
0.622067
0.60401
0.573509
0.532323
0.498811
0.470644
0.490048
0.485203
0.474781
0.463218
0.449675
0.432277
0.408914
0.372162
0.314094
0.220054
0.200635
0.200056
0.200003
0.200001
0.2
0.2
0.2
0.2
0.2
0.2
0.2
0.2
0.2
0.2
0.200036
0.293383
0.202113
0.200003
0.2
0.2
0.2
0.2
0.215124
0.23376
0.200043
0.2
0.2
0.206948
0.335955
0.414681
0.424286
0.431751
0.437353
0.440526
0.44094
0.438452
0.432992
0.415719
0.39561
0.369625
0.259686
0.216362
0.231577
0.260951
0.356287
0.359408
0.36328
0.266646
0.201659
0.200017
0.2
0.2
0.2
0.229587
0.292612
0.204579
0.200007
0.200106
0.200012
0.200001
0.2
0.2
0.2
0.2
0.2
0.2
0.200001
0.200022
0.200068
0.200035
0.200032
0.200042
0.200035
0.200027
0.20005
0.200376
0.200254
0.200145
0.200073
0.200033
0.200012
0.200015
0.200015
0.200003
0.200002
0.200001
0.200001
0.200001
0.2
0.2
0.2
0.2
0.2
0.2
0.2
0.2
0.2
0.2
0.2
0.2
0.2
0.2
0.2
0.2
0.2
0.2
0.2
0.2
0.2
0.2
0.2
0.2
0.2
0.2
0.2
0.2
0.2
0.2
0.2
0.2
0.2
0.2
0.2
0.2
0.2
0.2
0.2
0.2
0.2
0.2
0.2
0.2
0.634778
0.629167
0.618949
0.60057
0.570064
0.529939
0.415297
0.380312
0.384739
0.3889
0.383053
0.37338
0.378896
0.360071
0.341024
0.321992
0.208292
0.20038
0.200009
0.200001
0.2
0.2
0.2
0.2
0.2
0.2
0.2
0.2
0.2
0.2
0.2
0.2
0.2
0.259106
0.201317
0.200001
0.2
0.2
0.2
0.2
0.204332
0.205955
0.200008
0.2
0.2
0.201173
0.398001
0.415606
0.424336
0.43092
0.435283
0.436663
0.434267
0.427632
0.418004
0.254384
0.221749
0.20915
0.20212
0.200661
0.201409
0.202511
0.208566
0.285433
0.358558
0.312284
0.204606
0.200052
0.2
0.2
0.2
0.209792
0.252312
0.200467
0.2
0.200001
0.2
0.2
0.2
0.2
0.2
0.2
0.2
0.2
0.2
0.2
0.200001
0.2
0.2
0.2
0.2
0.2
0.2
0.200002
0.200001
0.200001
0.2
0.2
0.2
0.2
0.2
0.2
0.2
0.2
0.2
0.2
0.2
0.2
0.2
0.2
0.2
0.2
0.2
0.2
0.2
0.2
0.2
0.2
0.2
0.2
0.2
0.2
0.2
0.2
0.2
0.2
0.2
0.2
0.2
0.2
0.2
0.2
0.2
0.2
0.2
0.2
0.2
0.2
0.2
0.2
0.2
0.2
0.2
0.2
0.2
0.2
0.2
0.2
0.2
0.2
0.631886
0.626511
0.616832
0.599629
0.571607
0.535777
0.524441
0.232718
0.215199
0.201653
0.222004
0.295581
0.335397
0.233697
0.21347
0.203696
0.200196
0.200006
0.2
0.2
0.2
0.2
0.2
0.2
0.2
0.2
0.2
0.2
0.2
0.2
0.2
0.2
0.2
0.227567
0.200253
0.2
0.2
0.2
0.2
0.2
0.201073
0.200755
0.2
0.2
0.2
0.217536
0.401757
0.416765
0.424706
0.429807
0.432048
0.430613
0.425207
0.417765
0.281297
0.203894
0.201006
0.200255
0.20005
0.20002
0.200041
0.200065
0.200663
0.225012
0.347262
0.308488
0.203399
0.200031
0.2
0.2
0.2
0.202567
0.220382
0.200024
0.2
0.2
0.2
0.2
0.2
0.2
0.2
0.2
0.2
0.2
0.2
0.2
0.2
0.2
0.2
0.2
0.2
0.2
0.2
0.2
0.2
0.2
0.2
0.2
0.2
0.2
0.2
0.2
0.2
0.2
0.2
0.2
0.2
0.2
0.2
0.2
0.2
0.2
0.2
0.2
0.2
0.2
0.2
0.2
0.2
0.2
0.2
0.2
0.2
0.2
0.2
0.2
0.2
0.2
0.2
0.2
0.2
0.2
0.2
0.2
0.2
0.2
0.2
0.2
0.2
0.2
0.2
0.2
0.2
0.2
0.2
0.2
0.2
0.2
0.2
0.2
0.629045
0.623975
0.615018
0.599424
0.574661
0.543947
0.531042
0.526298
0.200615
0.200054
0.200653
0.204741
0.210334
0.201256
0.200446
0.200064
0.200003
0.2
0.2
0.2
0.2
0.2
0.2
0.2
0.2
0.2
0.2
0.2
0.2
0.2
0.2
0.2
0.2
0.209559
0.20003
0.2
0.2
0.2
0.2
0.2
0.200246
0.20008
0.2
0.2
0.200019
0.235316
0.403366
0.41786
0.424691
0.427426
0.42718
0.423624
0.418311
0.318213
0.210963
0.200405
0.200032
0.200006
0.200001
0.200001
0.200001
0.200002
0.200022
0.201296
0.339931
0.292857
0.201396
0.200007
0.2
0.2
0.2
0.200598
0.205832
0.200012
0.2
0.2
0.2
0.2
0.2
0.2
0.2
0.2
0.2
0.2
0.2
0.2
0.2
0.2
0.2
0.2
0.2
0.2
0.2
0.2
0.2
0.2
0.2
0.2
0.2
0.2
0.2
0.2
0.2
0.2
0.2
0.2
0.2
0.2
0.2
0.2
0.2
0.2
0.2
0.2
0.2
0.2
0.2
0.2
0.2
0.2
0.2
0.2
0.2
0.2
0.2
0.2
0.2
0.2
0.2
0.2
0.2
0.2
0.2
0.2
0.2
0.2
0.2
0.2
0.2
0.2
0.2
0.2
0.2
0.2
0.2
0.2
0.2
0.2
0.2
0.2
0.626198
0.621457
0.61327
0.599363
0.577843
0.551607
0.537265
0.529942
0.52593
0.202168
0.200013
0.200112
0.20031
0.200028
0.200009
0.200001
0.2
0.2
0.2
0.2
0.2
0.2
0.2
0.2
0.2
0.2
0.2
0.2
0.2
0.2
0.2
0.2
0.2
0.202764
0.200005
0.2
0.2
0.2
0.2
0.2
0.200053
0.200008
0.2
0.2
0.200409
0.254533
0.404207
0.418334
0.423232
0.423206
0.421547
0.417394
0.369493
0.219381
0.200931
0.20003
0.200001
0.2
0.2
0.2
0.2
0.2
0.200002
0.20074
0.330732
0.26838
0.200263
0.200001
0.2
0.2
0.2
0.200128
0.201411
0.200007
0.2
0.2
0.2
0.2
0.2
0.2
0.2
0.2
0.2
0.2
0.2
0.2
0.2
0.2
0.2
0.2
0.2
0.2
0.2
0.2
0.2
0.2
0.2
0.2
0.2
0.2
0.2
0.2
0.2
0.2
0.2
0.2
0.2
0.2
0.2
0.2
0.2
0.2
0.2
0.2
0.2
0.2
0.2
0.2
0.2
0.2
0.2
0.2
0.2
0.2
0.2
0.2
0.2
0.2
0.2
0.2
0.2
0.2
0.2
0.2
0.2
0.2
0.2
0.2
0.2
0.2
0.2
0.2
0.2
0.2
0.2
0.2
0.2
0.2
0.2
0.2
0.623309
0.61889
0.611441
0.599107
0.580466
0.557878
0.542943
0.533918
0.528293
0.522613
0.44089
0.228269
0.200064
0.2
0.2
0.2
0.2
0.2
0.2
0.2
0.2
0.2
0.2
0.2
0.2
0.2
0.2
0.2
0.2
0.2
0.2
0.2
0.2
0.200728
0.2
0.2
0.2
0.2
0.2
0.2
0.200011
0.200001
0.2
0.200021
0.220503
0.28011
0.40358
0.417564
0.421864
0.412938
0.410318
0.412832
0.294644
0.203879
0.200118
0.200003
0.2
0.2
0.2
0.2
0.2
0.2
0.2
0.202034
0.315004
0.240797
0.200003
0.2
0.2
0.2
0.2
0.200026
0.200311
0.200002
0.2
0.2
0.2
0.2
0.2
0.2
0.2
0.2
0.2
0.2
0.2
0.2
0.2
0.2
0.2
0.2
0.2
0.2
0.2
0.2
0.2
0.2
0.2
0.2
0.2
0.2
0.2
0.2
0.2
0.2
0.2
0.2
0.2
0.2
0.2
0.2
0.2
0.2
0.2
0.2
0.2
0.2
0.2
0.2
0.2
0.2
0.2
0.2
0.2
0.2
0.2
0.2
0.2
0.2
0.2
0.2
0.2
0.2
0.2
0.2
0.2
0.2
0.2
0.2
0.2
0.2
0.2
0.2
0.2
0.2
0.2
0.2
0.2
0.2
0.2
0.2
0.620358
0.616237
0.609452
0.598494
0.582275
0.562637
0.547807
0.537779
0.53101
0.525319
0.519636
0.512732
0.503093
0.401532
0.23035
0.20004
0.2
0.2
0.2
0.2
0.2
0.2
0.2
0.2
0.2
0.2
0.2
0.2
0.2
0.2
0.2
0.2
0.2
0.200182
0.2
0.2
0.2
0.2
0.2
0.2
0.200002
0.2
0.2
0.200069
0.214178
0.282958
0.402393
0.41573
0.420621
0.404995
0.402854
0.405957
0.238466
0.201701
0.200051
0.200001
0.2
0.2
0.2
0.2
0.2
0.2
0.2
0.219121
0.291448
0.217427
0.2
0.2
0.2
0.2
0.2
0.200005
0.200063
0.200001
0.2
0.2
0.2
0.2
0.2
0.2
0.2
0.2
0.2
0.2
0.2
0.2
0.2
0.2
0.2
0.2
0.2
0.2
0.2
0.2
0.2
0.2
0.2
0.2
0.2
0.2
0.2
0.2
0.2
0.2
0.2
0.2
0.2
0.2
0.2
0.2
0.2
0.2
0.2
0.2
0.2
0.2
0.2
0.2
0.2
0.2
0.2
0.2
0.2
0.2
0.2
0.2
0.2
0.2
0.2
0.2
0.2
0.2
0.2
0.2
0.2
0.2
0.2
0.2
0.2
0.2
0.2
0.2
0.2
0.2
0.2
0.2
0.2
0.2
0.2
0.2
0.617339
0.613483
0.607272
0.597473
0.583234
0.565973
0.551664
0.541154
0.533618
0.527678
0.522694
0.516708
0.507835
0.489178
0.203475
0.200006
0.2
0.2
0.2
0.2
0.2
0.2
0.2
0.2
0.2
0.2
0.2
0.2
0.2
0.2
0.2
0.2
0.200001
0.200044
0.2
0.2
0.2
0.2
0.2
0.2
0.2
0.2
0.200001
0.200377
0.231795
0.304012
0.401117
0.41239
0.4183
0.414363
0.402572
0.383667
0.207223
0.200264
0.200008
0.2
0.2
0.2
0.2
0.2
0.2
0.2
0.2
0.202664
0.26566
0.204204
0.2
0.2
0.2
0.2
0.2
0.200001
0.200011
0.2
0.2
0.2
0.2
0.2
0.2
0.2
0.2
0.2
0.2
0.2
0.2
0.2
0.2
0.2
0.2
0.2
0.2
0.2
0.2
0.2
0.2
0.2
0.2
0.2
0.2
0.2
0.2
0.2
0.2
0.2
0.2
0.2
0.2
0.2
0.2
0.2
0.2
0.2
0.2
0.2
0.2
0.2
0.2
0.2
0.2
0.2
0.2
0.2
0.2
0.2
0.2
0.2
0.2
0.2
0.2
0.2
0.2
0.2
0.2
0.2
0.2
0.2
0.2
0.2
0.2
0.2
0.2
0.2
0.2
0.2
0.2
0.2
0.2
0.2
0.2
0.2
0.614256
0.610629
0.604901
0.59605
0.583397
0.56804
0.55443
0.543773
0.535722
0.529353
0.523986
0.518202
0.510428
0.495724
0.261245
0.200486
0.200001
0.2
0.2
0.2
0.2
0.2
0.2
0.2
0.2
0.2
0.2
0.2
0.2
0.2
0.2
0.2
0.2
0.200009
0.2
0.2
0.2
0.2
0.2
0.2
0.2
0.2
0.200095
0.204849
0.266857
0.34455
0.399409
0.407216
0.414695
0.413209
0.401191
0.324968
0.202805
0.200081
0.200002
0.2
0.2
0.2
0.2
0.2
0.2
0.2
0.200001
0.20111
0.250597
0.200332
0.2
0.2
0.2
0.2
0.2
0.2
0.200002
0.2
0.2
0.2
0.2
0.2
0.2
0.2
0.2
0.2
0.2
0.2
0.2
0.2
0.2
0.2
0.2
0.2
0.2
0.2
0.2
0.2
0.2
0.2
0.2
0.2
0.2
0.2
0.2
0.2
0.2
0.2
0.2
0.2
0.2
0.2
0.2
0.2
0.2
0.2
0.2
0.2
0.2
0.2
0.2
0.2
0.2
0.2
0.2
0.2
0.2
0.2
0.2
0.2
0.2
0.2
0.2
0.2
0.2
0.2
0.2
0.2
0.2
0.2
0.2
0.2
0.2
0.2
0.2
0.2
0.2
0.2
0.2
0.2
0.2
0.2
0.2
0.2
0.611121
0.607686
0.602352
0.594258
0.582853
0.569002
0.556124
0.545523
0.537155
0.530398
0.524648
0.518927
0.512053
0.500441
0.492141
0.464364
0.394669
0.291281
0.217315
0.201434
0.20518
0.201209
0.200165
0.200008
0.2
0.2
0.2
0.2
0.2
0.2
0.2
0.207171
0.20027
0.200011
0.200001
0.2
0.2
0.2
0.2
0.200029
0.200001
0.2
0.20149
0.229735
0.289922
0.348916
0.390757
0.405945
0.412705
0.411852
0.400314
0.243927
0.201857
0.200058
0.200002
0.2
0.2
0.2
0.2
0.2
0.2
0.2
0.2
0.210038
0.235348
0.20013
0.2
0.2
0.2
0.2
0.2
0.2
0.2
0.2
0.2
0.2
0.2
0.2
0.2
0.2
0.2
0.2
0.2
0.2
0.2
0.2
0.2
0.2
0.2
0.2
0.2
0.2
0.2
0.2
0.2
0.2
0.2
0.2
0.2
0.2
0.2
0.2
0.2
0.2
0.2
0.2
0.2
0.2
0.2
0.2
0.2
0.2
0.2
0.2
0.2
0.2
0.2
0.2
0.2
0.2
0.2
0.2
0.2
0.2
0.2
0.2
0.2
0.2
0.2
0.2
0.2
0.2
0.2
0.2
0.2
0.2
0.2
0.2
0.2
0.2
0.2
0.2
0.2
0.2
0.2
0.2
0.2
0.2
0.2
0.2
0.607952
0.604673
0.599648
0.592141
0.581695
0.569016
0.55682
0.546391
0.53787
0.530849
0.524842
0.519169
0.51302
0.504265
0.496715
0.492296
0.486468
0.479683
0.474124
0.470237
0.466799
0.461773
0.4524
0.44283
0.341975
0.213269
0.200102
0.200001
0.2
0.2
0.249848
0.339352
0.397859
0.336712
0.326806
0.268405
0.211998
0.201027
0.200065
0.264591
0.335652
0.321565
0.28014
0.260485
0.291388
0.345534
0.385668
0.404935
0.411488
0.41049
0.399096
0.22941
0.201843
0.200078
0.200003
0.2
0.2
0.2
0.2
0.2
0.2
0.2
0.20001
0.203163
0.217498
0.202961
0.200018
0.2
0.2
0.2
0.2
0.2
0.2
0.2
0.2
0.2
0.2
0.2
0.2
0.2
0.2
0.2
0.2
0.2
0.2
0.2
0.2
0.2
0.2
0.2
0.2
0.2
0.2
0.2
0.2
0.2
0.2
0.2
0.2
0.2
0.2
0.2
0.2
0.2
0.2
0.2
0.2
0.2
0.2
0.2
0.2
0.2
0.2
0.2
0.2
0.2
0.2
0.2
0.2
0.2
0.2
0.2
0.2
0.2
0.2
0.2
0.2
0.2
0.2
0.2
0.2
0.2
0.2
0.2
0.2
0.2
0.2
0.2
0.2
0.2
0.2
0.2
0.2
0.2
0.2
0.2
0.2
0.2
0.2
0.2
0.604773
0.601612
0.596817
0.589744
0.580008
0.568214
0.556605
0.546402
0.53785
0.530687
0.524535
0.518904
0.513244
0.506375
0.50001
0.495584
0.491255
0.486798
0.482414
0.478159
0.47388
0.469167
0.462627
0.452771
0.445575
0.406199
0.333827
0.251561
0.209834
0.306086
0.423512
0.424859
0.423854
0.408022
0.379227
0.3742
0.371547
0.359241
0.380227
0.37904
0.376176
0.368214
0.340354
0.305226
0.28875
0.370632
0.399189
0.404615
0.410178
0.409071
0.397537
0.231642
0.202125
0.20009
0.200003
0.2
0.2
0.2
0.2
0.2
0.2
0.2
0.200013
0.200943
0.205346
0.200633
0.200019
0.2
0.2
0.2
0.2
0.2
0.2
0.2
0.2
0.2
0.2
0.2
0.2
0.2
0.2
0.2
0.2
0.2
0.2
0.2
0.2
0.2
0.2
0.2
0.2
0.2
0.2
0.2
0.2
0.2
0.2
0.2
0.2
0.2
0.2
0.2
0.2
0.2
0.2
0.2
0.2
0.2
0.2
0.2
0.2
0.2
0.2
0.2
0.2
0.2
0.2
0.2
0.2
0.2
0.2
0.2
0.2
0.2
0.2
0.2
0.2
0.2
0.2
0.2
0.2
0.2
0.2
0.2
0.2
0.2
0.2
0.2
0.2
0.2
0.2
0.2
0.2
0.2
0.2
0.2
0.2
0.2
0.2
0.2
0.601609
0.598529
0.593886
0.587104
0.577857
0.566692
0.555552
0.545581
0.537077
0.529867
0.52365
0.518051
0.512676
0.506844
0.501264
0.496633
0.492323
0.488108
0.48397
0.47992
0.475931
0.471878
0.467214
0.460568
0.453055
0.449318
0.44525
0.431719
0.441189
0.440936
0.440423
0.438947
0.436813
0.431911
0.419489
0.408841
0.395038
0.393549
0.392941
0.391045
0.388617
0.382429
0.366032
0.336254
0.303858
0.359322
0.398156
0.403556
0.40871
0.407596
0.39596
0.232767
0.202185
0.20009
0.200003
0.2
0.2
0.2
0.2
0.2
0.2
0.2
0.200042
0.200313
0.201216
0.200097
0.200001
0.2
0.2
0.2
0.2
0.2
0.2
0.2
0.2
0.2
0.2
0.2
0.2
0.2
0.2
0.2
0.2
0.2
0.2
0.2
0.2
0.2
0.2
0.2
0.2
0.2
0.2
0.2
0.2
0.2
0.2
0.2
0.2
0.2
0.2
0.2
0.2
0.2
0.2
0.2
0.2
0.2
0.2
0.2
0.2
0.2
0.2
0.2
0.2
0.2
0.2
0.2
0.2
0.2
0.2
0.2
0.2
0.2
0.2
0.2
0.2
0.2
0.2
0.2
0.2
0.2
0.2
0.2
0.2
0.2
0.2
0.2
0.2
0.2
0.2
0.2
0.2
0.2
0.2
0.2
0.2
0.2
0.2
0.2
0.598489
0.59545
0.590881
0.584252
0.575285
0.564511
0.553703
0.54394
0.535525
0.528333
0.522103
0.516529
0.511303
0.505987
0.500841
0.496172
0.491781
0.487541
0.483434
0.479487
0.475742
0.472209
0.468749
0.464791
0.460059
0.456171
0.45118
0.449858
0.449075
0.447789
0.446246
0.444328
0.442112
0.439345
0.434774
0.42886
0.421122
0.41774
0.41608
0.413089
0.407715
0.399369
0.385314
0.360595
0.325923
0.348205
0.390028
0.401484
0.407085
0.406138
0.394562
0.233195
0.202191
0.200089
0.200003
0.2
0.2
0.2
0.2
0.2
0.2
0.2
0.200012
0.200082
0.200234
0.200014
0.2
0.2
0.2
0.2
0.2
0.2
0.2
0.2
0.2
0.2
0.2
0.2
0.2
0.2
0.2
0.2
0.2
0.2
0.2
0.2
0.2
0.2
0.2
0.2
0.2
0.2
0.2
0.2
0.2
0.2
0.2
0.2
0.2
0.2
0.2
0.2
0.2
0.2
0.2
0.2
0.2
0.2
0.2
0.2
0.2
0.2
0.2
0.2
0.2
0.2
0.2
0.2
0.2
0.2
0.2
0.2
0.2
0.2
0.2
0.2
0.2
0.2
0.2
0.2
0.2
0.2
0.2
0.2
0.2
0.2
0.2
0.2
0.2
0.2
0.2
0.2
0.2
0.2
0.2
0.2
0.2
0.2
0.2
0.2
0.595438
0.592402
0.587827
0.581204
0.572304
0.561683
0.551062
0.541462
0.533157
0.526023
0.519817
0.514264
0.509102
0.50402
0.49908
0.494407
0.489933
0.485605
0.481428
0.477453
0.473756
0.470258
0.466933
0.464173
0.461672
0.459188
0.456416
0.454809
0.453252
0.451592
0.449734
0.447681
0.445494
0.443085
0.440365
0.437206
0.433471
0.430246
0.427273
0.423573
0.41848
0.411116
0.399591
0.379827
0.348733
0.346564
0.378766
0.396586
0.40461
0.404667
0.393482
0.241258
0.202109
0.200077
0.200002
0.2
0.2
0.2
0.2
0.2
0.2
0.2
0.200003
0.200021
0.200045
0.200002
0.2
0.2
0.2
0.2
0.2
0.2
0.2
0.2
0.2
0.2
0.2
0.2
0.2
0.2
0.2
0.2
0.2
0.2
0.2
0.2
0.2
0.2
0.2
0.2
0.2
0.2
0.2
0.2
0.2
0.2
0.2
0.2
0.2
0.2
0.2
0.2
0.2
0.2
0.2
0.2
0.2
0.2
0.2
0.2
0.2
0.2
0.2
0.2
0.2
0.2
0.2
0.2
0.2
0.2
0.2
0.2
0.2
0.2
0.2
0.2
0.2
0.2
0.2
0.2
0.2
0.2
0.2
0.2
0.2
0.2
0.2
0.2
0.2
0.2
0.2
0.2
0.2
0.2
0.2
0.2
0.2
0.2
0.2
0.2
0.592448
0.589325
0.584609
0.577831
0.568853
0.558308
0.547841
0.538198
0.529916
0.52287
0.516711
0.511176
0.506029
0.501021
0.496135
0.491405
0.486798
0.482288
0.477889
0.473648
0.468711
0.462586
0.45444
0.445514
0.443002
0.442544
0.442081
0.440922
0.43932
0.437936
0.436342
0.434581
0.432662
0.430816
0.429329
0.428092
0.426876
0.425598
0.424258
0.422614
0.420048
0.415668
0.40793
0.393668
0.368836
0.353909
0.370191
0.389503
0.400893
0.40298
0.392717
0.27216
0.210028
0.200418
0.200013
0.2
0.2
0.2
0.2
0.2
0.2
0.2
0.200001
0.200006
0.20001
0.2
0.2
0.2
0.2
0.2
0.2
0.2
0.2
0.2
0.2
0.2
0.2
0.2
0.2
0.2
0.2
0.2
0.2
0.2
0.2
0.2
0.2
0.2
0.2
0.2
0.2
0.2
0.2
0.2
0.2
0.2
0.2
0.2
0.2
0.2
0.2
0.2
0.2
0.2
0.2
0.2
0.2
0.2
0.2
0.2
0.2
0.2
0.2
0.2
0.2
0.2
0.2
0.2
0.2
0.2
0.2
0.2
0.2
0.2
0.2
0.2
0.2
0.2
0.2
0.2
0.2
0.2
0.2
0.2
0.2
0.2
0.2
0.2
0.2
0.2
0.2
0.2
0.2
0.2
0.2
0.2
0.2
0.2
0.2
0.2
0.589539
0.586222
0.581184
0.57401
0.564719
0.554116
0.543751
0.534297
0.526165
0.519051
0.512702
0.507173
0.501997
0.496958
0.492
0.487108
0.482237
0.477351
0.472424
0.466217
0.457287
0.445994
0.43032
0.415331
0.410687
0.407396
0.406451
0.405921
0.406164
0.409114
0.410822
0.411286
0.410066
0.405523
0.40335
0.40268
0.402817
0.403754
0.405648
0.408277
0.410397
0.410885
0.408449
0.400684
0.38371
0.36582
0.36757
0.382567
0.39606
0.400822
0.392149
0.284509
0.212016
0.200492
0.200015
0.2
0.2
0.2
0.2
0.2
0.2
0.2
0.2
0.200002
0.200003
0.2
0.2
0.2
0.2
0.2
0.2
0.2
0.2
0.2
0.2
0.2
0.2
0.2
0.2
0.2
0.2
0.2
0.2
0.2
0.2
0.2
0.2
0.2
0.2
0.2
0.2
0.2
0.2
0.2
0.2
0.2
0.2
0.2
0.2
0.2
0.2
0.2
0.2
0.2
0.2
0.2
0.2
0.2
0.2
0.2
0.2
0.2
0.2
0.2
0.2
0.2
0.2
0.2
0.2
0.2
0.2
0.2
0.2
0.2
0.2
0.2
0.2
0.2
0.2
0.2
0.2
0.2
0.2
0.2
0.2
0.2
0.2
0.2
0.2
0.2
0.2
0.2
0.2
0.2
0.2
0.2
0.2
0.2
0.2
0.2
0.586724
0.583073
0.577484
0.569636
0.559801
0.54902
0.538721
0.529471
0.521504
0.514508
0.508218
0.50223
0.496876
0.491698
0.486531
0.481305
0.475929
0.470282
0.463776
0.451822
0.43476
0.42006
0.40206
0.39543
0.360476
0.278463
0.213727
0.240841
0.328008
0.395978
0.397691
0.398322
0.396248
0.382609
0.377044
0.373848
0.373247
0.374143
0.377591
0.384533
0.391898
0.397492
0.400519
0.399519
0.391202
0.376991
0.37028
0.377959
0.390941
0.398103
0.39166
0.302838
0.215956
0.200653
0.200019
0.2
0.2
0.2
0.2
0.2
0.2
0.2
0.2
0.200001
0.200001
0.2
0.2
0.2
0.2
0.2
0.2
0.2
0.2
0.2
0.2
0.2
0.2
0.2
0.2
0.2
0.2
0.2
0.2
0.2
0.2
0.2
0.2
0.2
0.2
0.2
0.2
0.2
0.2
0.2
0.2
0.2
0.2
0.2
0.2
0.2
0.2
0.2
0.2
0.2
0.2
0.2
0.2
0.2
0.2
0.2
0.2
0.2
0.2
0.2
0.2
0.2
0.2
0.2
0.2
0.2
0.2
0.2
0.2
0.2
0.2
0.2
0.2
0.2
0.2
0.2
0.2
0.2
0.2
0.2
0.2
0.2
0.2
0.2
0.2
0.2
0.2
0.2
0.2
0.2
0.2
0.2
0.2
0.2
0.2
0.2
0.584004
0.57983
0.573391
0.564546
0.553943
0.542887
0.532637
0.523596
0.515798
0.508904
0.502628
0.496627
0.490799
0.485006
0.479415
0.47357
0.467231
0.460011
0.446967
0.422956
0.398119
0.388384
0.380137
0.262184
0.204359
0.20034
0.200063
0.200457
0.209694
0.28487
0.330972
0.38512
0.380257
0.361191
0.293314
0.218986
0.201721
0.231099
0.327212
0.375709
0.381137
0.385912
0.389857
0.392441
0.391097
0.383598
0.374929
0.376178
0.386515
0.394978
0.391143
0.333799
0.216981
0.200702
0.200021
0.200001
0.2
0.2
0.2
0.2
0.2
0.2
0.2
0.2
0.2
0.2
0.2
0.2
0.2
0.2
0.2
0.2
0.2
0.2
0.2
0.2
0.2
0.2
0.2
0.2
0.2
0.2
0.2
0.2
0.2
0.2
0.2
0.2
0.2
0.2
0.2
0.2
0.2
0.2
0.2
0.2
0.2
0.2
0.2
0.2
0.2
0.2
0.2
0.2
0.2
0.2
0.2
0.2
0.2
0.2
0.2
0.2
0.2
0.2
0.2
0.2
0.2
0.2
0.2
0.2
0.2
0.2
0.2
0.2
0.2
0.2
0.2
0.2
0.2
0.2
0.2
0.2
0.2
0.2
0.2
0.2
0.2
0.2
0.2
0.2
0.2
0.2
0.2
0.2
0.2
0.2
0.2
0.2
0.2
0.2
0.581367
0.576412
0.568733
0.558511
0.546914
0.535504
0.525293
0.516449
0.508796
0.501964
0.495643
0.489537
0.483497
0.47706
0.470076
0.463046
0.454774
0.44389
0.416194
0.37956
0.367614
0.264072
0.203677
0.20068
0.20005
0.200002
0.2
0.200003
0.200066
0.201577
0.242427
0.359656
0.357245
0.328796
0.213423
0.200093
0.200008
0.200264
0.214601
0.331873
0.375478
0.37735
0.379187
0.381795
0.384202
0.383463
0.377583
0.37581
0.383202
0.391737
0.390449
0.379425
0.209062
0.200422
0.200014
0.2
0.2
0.2
0.2
0.2
0.2
0.2
0.2
0.2
0.2
0.2
0.2
0.2
0.2
0.2
0.2
0.2
0.2
0.2
0.2
0.2
0.2
0.2
0.2
0.2
0.2
0.2
0.2
0.2
0.2
0.2
0.2
0.2
0.2
0.2
0.2
0.2
0.2
0.2
0.2
0.2
0.2
0.2
0.2
0.2
0.2
0.2
0.2
0.2
0.2
0.2
0.2
0.2
0.2
0.2
0.2
0.2
0.2
0.2
0.2
0.2
0.2
0.2
0.2
0.2
0.2
0.2
0.2
0.2
0.2
0.2
0.2
0.2
0.2
0.2
0.2
0.2
0.2
0.2
0.2
0.2
0.2
0.2
0.2
0.2
0.2
0.2
0.2
0.2
0.2
0.2
0.2
0.2
0.2
0.2
0.578793
0.572721
0.563303
0.551227
0.538355
0.526498
0.51628
0.507573
0.500005
0.493161
0.486702
0.480339
0.473835
0.466758
0.45854
0.44773
0.434646
0.412051
0.357571
0.333387
0.209963
0.200971
0.20005
0.200006
0.2
0.2
0.2
0.2
0.2
0.200009
0.200601
0.256938
0.339589
0.221612
0.200371
0.200003
0.2
0.200001
0.200127
0.287884
0.338103
0.240071
0.232069
0.337789
0.370128
0.382139
0.377755
0.375429
0.380841
0.388804
0.389118
0.380521
0.234833
0.201468
0.200047
0.200001
0.2
0.2
0.2
0.2
0.2
0.2
0.2
0.2
0.2
0.2
0.2
0.2
0.2
0.2
0.2
0.2
0.2
0.2
0.2
0.2
0.2
0.2
0.2
0.2
0.2
0.2
0.2
0.2
0.2
0.2
0.2
0.2
0.2
0.2
0.2
0.2
0.2
0.2
0.2
0.2
0.2
0.2
0.2
0.2
0.2
0.2
0.2
0.2
0.2
0.2
0.2
0.2
0.2
0.2
0.2
0.2
0.2
0.2
0.2
0.2
0.2
0.2
0.2
0.2
0.2
0.2
0.2
0.2
0.2
0.2
0.2
0.2
0.2
0.2
0.2
0.2
0.2
0.2
0.2
0.2
0.2
0.2
0.2
0.2
0.2
0.2
0.2
0.2
0.2
0.2
0.2
0.2
0.2
0.2
0.576276
0.568706
0.556918
0.542281
0.527592
0.515062
0.504637
0.495906
0.488308
0.481328
0.474546
0.467587
0.460042
0.451285
0.440443
0.425382
0.389075
0.321881
0.255813
0.203714
0.200141
0.200012
0.200001
0.2
0.2
0.2
0.2
0.2
0.2
0.2
0.200057
0.217532
0.322632
0.216222
0.20009
0.2
0.2
0.2
0.200001
0.24586
0.279723
0.201479
0.200734
0.280047
0.343694
0.380347
0.377275
0.37488
0.379044
0.386361
0.387655
0.380205
0.266181
0.208834
0.2004
0.200011
0.2
0.2
0.2
0.2
0.2
0.2
0.2
0.2
0.2
0.2
0.2
0.2
0.2
0.2
0.2
0.2
0.2
0.2
0.2
0.2
0.2
0.2
0.2
0.2
0.2
0.2
0.2
0.2
0.2
0.2
0.2
0.2
0.2
0.2
0.2
0.2
0.2
0.2
0.2
0.2
0.2
0.2
0.2
0.2
0.2
0.2
0.2
0.2
0.2
0.2
0.2
0.2
0.2
0.2
0.2
0.2
0.2
0.2
0.2
0.2
0.2
0.2
0.2
0.2
0.2
0.2
0.2
0.2
0.2
0.2
0.2
0.2
0.2
0.2
0.2
0.2
0.2
0.2
0.2
0.2
0.2
0.2
0.2
0.2
0.2
0.2
0.2
0.2
0.2
0.2
0.2
0.2
0.2
0.2
0.573875
0.564519
0.549583
0.530984
0.512859
0.498808
0.487409
0.478192
0.470407
0.463062
0.455397
0.446734
0.436109
0.421797
0.401343
0.36623
0.296968
0.206229
0.201188
0.200062
0.200002
0.2
0.2
0.2
0.2
0.2
0.2
0.2
0.2
0.2
0.200011
0.201846
0.291115
0.210409
0.20006
0.2
0.2
0.2
0.2
0.216874
0.223047
0.200094
0.200007
0.222516
0.304109
0.378359
0.376522
0.374194
0.377548
0.384288
0.386213
0.37965
0.274899
0.20631
0.200227
0.200006
0.2
0.2
0.2
0.2
0.2
0.2
0.2
0.2
0.2
0.2
0.2
0.2
0.2
0.2
0.2
0.2
0.2
0.2
0.2
0.2
0.2
0.2
0.2
0.2
0.2
0.2
0.2
0.2
0.2
0.2
0.2
0.2
0.2
0.2
0.2
0.2
0.2
0.2
0.2
0.2
0.2
0.2
0.2
0.2
0.2
0.2
0.2
0.2
0.2
0.2
0.2
0.2
0.2
0.2
0.2
0.2
0.2
0.2
0.2
0.2
0.2
0.2
0.2
0.2
0.2
0.2
0.2
0.2
0.2
0.2
0.2
0.2
0.2
0.2
0.2
0.2
0.2
0.2
0.2
0.2
0.2
0.2
0.2
0.2
0.2
0.2
0.2
0.2
0.2
0.2
0.2
0.2
0.2
0.2
0.571778
0.560783
0.541591
0.513265
0.479238
0.453251
0.430417
0.412221
0.429864
0.4283
0.41964
0.408227
0.392747
0.370233
0.342778
0.314962
0.20589
0.200127
0.200019
0.200001
0.2
0.2
0.2
0.2
0.2
0.2
0.2
0.2
0.2
0.2
0.2
0.200025
0.259686
0.202986
0.200012
0.2
0.2
0.2
0.2
0.204707
0.203356
0.200011
0.2
0.203068
0.251886
0.376473
0.375634
0.373411
0.376203
0.382426
0.384775
0.379195
0.315064
0.218398
0.200727
0.200019
0.2
0.2
0.2
0.2
0.2
0.2
0.2
0.2
0.2
0.2
0.2
0.2
0.2
0.2
0.2
0.2
0.2
0.2
0.2
0.2
0.2
0.2
0.2
0.2
0.2
0.2
0.2
0.2
0.2
0.2
0.2
0.2
0.2
0.2
0.2
0.2
0.2
0.2
0.2
0.2
0.2
0.2
0.2
0.2
0.2
0.2
0.2
0.2
0.2
0.2
0.2
0.2
0.2
0.2
0.2
0.2
0.2
0.2
0.2
0.2
0.2
0.2
0.2
0.2
0.2
0.2
0.2
0.2
0.2
0.2
0.2
0.2
0.2
0.2
0.2
0.2
0.2
0.2
0.2
0.2
0.2
0.2
0.2
0.2
0.2
0.2
0.2
0.2
0.2
0.2
0.2
0.2
0.2
0.2
0.570216
0.559011
0.539475
0.511168
0.478477
0.380502
0.233166
0.352684
0.359785
0.365944
0.364572
0.359236
0.353082
0.347421
0.213783
0.20328
0.200122
0.200002
0.2
0.2
0.2
0.2
0.2
0.2
0.2
0.2
0.2
0.2
0.2
0.2
0.2
0.2
0.228736
0.200505
0.200001
0.2
0.2
0.2
0.2
0.201121
0.200357
0.200001
0.2
0.200282
0.214776
0.374981
0.37468
0.372555
0.374932
0.380672
0.383279
0.379032
0.369324
0.231078
0.20164
0.200052
0.200001
0.2
0.2
0.2
0.2
0.2
0.2
0.2
0.2
0.2
0.2
0.2
0.2
0.2
0.2
0.2
0.2
0.2
0.2
0.2
0.2
0.2
0.2
0.2
0.2
0.2
0.2
0.2
0.2
0.2
0.2
0.2
0.2
0.2
0.2
0.2
0.2
0.2
0.2
0.2
0.2
0.2
0.2
0.2
0.2
0.2
0.2
0.2
0.2
0.2
0.2
0.2
0.2
0.2
0.2
0.2
0.2
0.2
0.2
0.2
0.2
0.2
0.2
0.2
0.2
0.2
0.2
0.2
0.2
0.2
0.2
0.2
0.2
0.2
0.2
0.2
0.2
0.2
0.2
0.2
0.2
0.2
0.2
0.2
0.2
0.2
0.2
0.2
0.2
0.2
0.2
0.2
0.2
0.2
0.568817
0.558014
0.539485
0.513221
0.483751
0.480252
0.201745
0.215172
0.210115
0.2185
0.224934
0.232056
0.20689
0.209015
0.200442
0.200051
0.200002
0.2
0.2
0.2
0.2
0.2
0.2
0.2
0.2
0.2
0.2
0.2
0.2
0.2
0.2
0.2
0.210118
0.200068
0.2
0.2
0.2
0.2
0.2
0.200238
0.200033
0.2
0.2
0.200021
0.202752
0.373708
0.373683
0.371637
0.373697
0.379013
0.381724
0.378314
0.369931
0.231859
0.201598
0.200049
0.200001
0.2
0.2
0.2
0.2
0.2
0.2
0.2
0.2
0.2
0.2
0.2
0.2
0.2
0.2
0.2
0.2
0.2
0.2
0.2
0.2
0.2
0.2
0.2
0.2
0.2
0.2
0.2
0.2
0.2
0.2
0.2
0.2
0.2
0.2
0.2
0.2
0.2
0.2
0.2
0.2
0.2
0.2
0.2
0.2
0.2
0.2
0.2
0.2
0.2
0.2
0.2
0.2
0.2
0.2
0.2
0.2
0.2
0.2
0.2
0.2
0.2
0.2
0.2
0.2
0.2
0.2
0.2
0.2
0.2
0.2
0.2
0.2
0.2
0.2
0.2
0.2
0.2
0.2
0.2
0.2
0.2
0.2
0.2
0.2
0.2
0.2
0.2
0.2
0.2
0.2
0.2
0.2
0.2
0.5674
0.557229
0.540223
0.516733
0.491137
0.483968
0.481194
0.200459
0.200357
0.201097
0.201313
0.201678
0.20017
0.200204
0.200009
0.200001
0.2
0.2
0.2
0.2
0.2
0.2
0.2
0.2
0.2
0.2
0.2
0.2
0.2
0.2
0.2
0.2
0.2029
0.200009
0.2
0.2
0.2
0.2
0.2
0.200046
0.200003
0.2
0.2
0.200001
0.200414
0.372533
0.372654
0.370665
0.372483
0.377461
0.380208
0.377276
0.369204
0.228641
0.201284
0.200038
0.200001
0.2
0.2
0.2
0.2
0.2
0.2
0.2
0.2
0.2
0.2
0.2
0.2
0.2
0.2
0.2
0.2
0.2
0.2
0.2
0.2
0.2
0.2
0.2
0.2
0.2
0.2
0.2
0.2
0.2
0.2
0.2
0.2
0.2
0.2
0.2
0.2
0.2
0.2
0.2
0.2
0.2
0.2
0.2
0.2
0.2
0.2
0.2
0.2
0.2
0.2
0.2
0.2
0.2
0.2
0.2
0.2
0.2
0.2
0.2
0.2
0.2
0.2
0.2
0.2
0.2
0.2
0.2
0.2
0.2
0.2
0.2
0.2
0.2
0.2
0.2
0.2
0.2
0.2
0.2
0.2
0.2
0.2
0.2
0.2
0.2
0.2
0.2
0.2
0.2
0.2
0.2
0.2
0.2
0.565927
0.556476
0.541125
0.520426
0.498199
0.488439
0.483647
0.481086
0.260713
0.200034
0.200042
0.200049
0.200003
0.200003
0.2
0.2
0.2
0.2
0.2
0.2
0.2
0.2
0.2
0.2
0.2
0.2
0.2
0.2
0.2
0.2
0.2
0.2
0.200743
0.200001
0.2
0.2
0.2
0.2
0.2
0.200008
0.2
0.2
0.2
0.2
0.200055
0.371446
0.371601
0.369645
0.371281
0.376
0.378757
0.376115
0.368175
0.232428
0.201168
0.200034
0.200001
0.2
0.2
0.2
0.2
0.2
0.2
0.2
0.2
0.2
0.2
0.2
0.2
0.2
0.2
0.2
0.2
0.2
0.2
0.2
0.2
0.2
0.2
0.2
0.2
0.2
0.2
0.2
0.2
0.2
0.2
0.2
0.2
0.2
0.2
0.2
0.2
0.2
0.2
0.2
0.2
0.2
0.2
0.2
0.2
0.2
0.2
0.2
0.2
0.2
0.2
0.2
0.2
0.2
0.2
0.2
0.2
0.2
0.2
0.2
0.2
0.2
0.2
0.2
0.2
0.2
0.2
0.2
0.2
0.2
0.2
0.2
0.2
0.2
0.2
0.2
0.2
0.2
0.2
0.2
0.2
0.2
0.2
0.2
0.2
0.2
0.2
0.2
0.2
0.2
0.2
0.2
0.2
0.2
0.56437
0.55564
0.541865
0.523665
0.504186
0.493059
0.486724
0.482921
0.47909
0.475126
0.409609
0.293603
0.2
0.2
0.2
0.2
0.2
0.2
0.2
0.2
0.2
0.2
0.2
0.2
0.2
0.2
0.2
0.2
0.2
0.2
0.2
0.2
0.200178
0.2
0.2
0.2
0.2
0.2
0.2
0.200001
0.2
0.2
0.2
0.200023
0.203495
0.370405
0.370528
0.368582
0.370086
0.374606
0.377355
0.374915
0.367077
0.257296
0.207933
0.200375
0.200011
0.2
0.2
0.2
0.2
0.2
0.2
0.2
0.2
0.2
0.2
0.2
0.2
0.2
0.2
0.2
0.2
0.2
0.2
0.2
0.2
0.2
0.2
0.2
0.2
0.2
0.2
0.2
0.2
0.2
0.2
0.2
0.2
0.2
0.2
0.2
0.2
0.2
0.2
0.2
0.2
0.2
0.2
0.2
0.2
0.2
0.2
0.2
0.2
0.2
0.2
0.2
0.2
0.2
0.2
0.2
0.2
0.2
0.2
0.2
0.2
0.2
0.2
0.2
0.2
0.2
0.2
0.2
0.2
0.2
0.2
0.2
0.2
0.2
0.2
0.2
0.2
0.2
0.2
0.2
0.2
0.2
0.2
0.2
0.2
0.2
0.2
0.2
0.2
0.2
0.2
0.2
0.2
0.2
0.562717
0.554658
0.542283
0.526203
0.508954
0.49734
0.489974
0.485237
0.481618
0.477451
0.47306
0.462702
0.447409
0.2
0.2
0.2
0.2
0.2
0.2
0.2
0.2
0.2
0.2
0.2
0.2
0.2
0.2
0.2
0.2
0.2
0.2
0.200001
0.20004
0.2
0.2
0.2
0.2
0.2
0.2
0.2
0.2
0.2
0.200001
0.200281
0.214668
0.36935
0.369438
0.367475
0.368891
0.373246
0.375973
0.373708
0.365984
0.251913
0.203827
0.200149
0.200004
0.2
0.2
0.2
0.2
0.2
0.2
0.2
0.2
0.2
0.2
0.2
0.2
0.2
0.2
0.2
0.2
0.2
0.2
0.2
0.2
0.2
0.2
0.2
0.2
0.2
0.2
0.2
0.2
0.2
0.2
0.2
0.2
0.2
0.2
0.2
0.2
0.2
0.2
0.2
0.2
0.2
0.2
0.2
0.2
0.2
0.2
0.2
0.2
0.2
0.2
0.2
0.2
0.2
0.2
0.2
0.2
0.2
0.2
0.2
0.2
0.2
0.2
0.2
0.2
0.2
0.2
0.2
0.2
0.2
0.2
0.2
0.2
0.2
0.2
0.2
0.2
0.2
0.2
0.2
0.2
0.2
0.2
0.2
0.2
0.2
0.2
0.2
0.2
0.2
0.2
0.2
0.2
0.2
0.56096
0.553501
0.542322
0.52799
0.512547
0.50095
0.492942
0.487437
0.483301
0.479245
0.475407
0.468685
0.455771
0.203747
0.2
0.2
0.2
0.2
0.2
0.2
0.2
0.2
0.2
0.2
0.2
0.2
0.2
0.2
0.2
0.2
0.2
0.2
0.200008
0.2
0.2
0.2
0.2
0.2
0.2
0.2
0.2
0.2
0.20001
0.202305
0.241839
0.368287
0.368321
0.366323
0.367687
0.371892
0.374585
0.37252
0.365016
0.274759
0.211322
0.200477
0.200014
0.2
0.2
0.2
0.2
0.2
0.2
0.2
0.2
0.2
0.2
0.2
0.2
0.2
0.2
0.2
0.2
0.2
0.2
0.2
0.2
0.2
0.2
0.2
0.2
0.2
0.2
0.2
0.2
0.2
0.2
0.2
0.2
0.2
0.2
0.2
0.2
0.2
0.2
0.2
0.2
0.2
0.2
0.2
0.2
0.2
0.2
0.2
0.2
0.2
0.2
0.2
0.2
0.2
0.2
0.2
0.2
0.2
0.2
0.2
0.2
0.2
0.2
0.2
0.2
0.2
0.2
0.2
0.2
0.2
0.2
0.2
0.2
0.2
0.2
0.2
0.2
0.2
0.2
0.2
0.2
0.2
0.2
0.2
0.2
0.2
0.2
0.2
0.2
0.2
0.2
0.2
0.2
0.2
0.559101
0.552161
0.541978
0.529063
0.515073
0.503743
0.495375
0.489285
0.484613
0.480404
0.476445
0.470988
0.460901
0.457962
0.23754
0.200339
0.200005
0.2
0.2
0.2
0.2
0.2
0.2
0.2
0.2
0.2
0.2
0.2
0.2
0.2
0.2
0.2
0.200001
0.2
0.2
0.2
0.2
0.2
0.2
0.2
0.2
0.200001
0.200303
0.212217
0.289092
0.367223
0.367134
0.365137
0.366463
0.370512
0.373158
0.371361
0.364316
0.290973
0.208455
0.200338
0.20001
0.2
0.2
0.2
0.2
0.2
0.2
0.2
0.2
0.2
0.2
0.2
0.2
0.2
0.2
0.2
0.2
0.2
0.2
0.2
0.2
0.2
0.2
0.2
0.2
0.2
0.2
0.2
0.2
0.2
0.2
0.2
0.2
0.2
0.2
0.2
0.2
0.2
0.2
0.2
0.2
0.2
0.2
0.2
0.2
0.2
0.2
0.2
0.2
0.2
0.2
0.2
0.2
0.2
0.2
0.2
0.2
0.2
0.2
0.2
0.2
0.2
0.2
0.2
0.2
0.2
0.2
0.2
0.2
0.2
0.2
0.2
0.2
0.2
0.2
0.2
0.2
0.2
0.2
0.2
0.2
0.2
0.2
0.2
0.2
0.2
0.2
0.2
0.2
0.2
0.2
0.2
0.2
0.2
0.557146
0.550647
0.541276
0.529491
0.516662
0.5057
0.497167
0.49067
0.485564
0.481125
0.477032
0.472276
0.464882
0.460215
0.454933
0.452259
0.448982
0.445231
0.441374
0.437212
0.432409
0.425594
0.324735
0.210297
0.200022
0.2
0.2
0.2
0.2
0.207007
0.279954
0.350501
0.295385
0.283403
0.209286
0.20003
0.2
0.2
0.200457
0.200006
0.212055
0.205098
0.28727
0.337606
0.354257
0.366137
0.36585
0.363897
0.365192
0.369067
0.371665
0.370209
0.364173
0.35195
0.223329
0.201438
0.20005
0.200001
0.2
0.2
0.2
0.2
0.2
0.2
0.2
0.2
0.2
0.2
0.2
0.2
0.2
0.2
0.2
0.2
0.2
0.2
0.2
0.2
0.2
0.2
0.2
0.2
0.2
0.2
0.2
0.2
0.2
0.2
0.2
0.2
0.2
0.2
0.2
0.2
0.2
0.2
0.2
0.2
0.2
0.2
0.2
0.2
0.2
0.2
0.2
0.2
0.2
0.2
0.2
0.2
0.2
0.2
0.2
0.2
0.2
0.2
0.2
0.2
0.2
0.2
0.2
0.2
0.2
0.2
0.2
0.2
0.2
0.2
0.2
0.2
0.2
0.2
0.2
0.2
0.2
0.2
0.2
0.2
0.2
0.2
0.2
0.2
0.2
0.2
0.2
0.2
0.2
0.2
0.2
0.2
0.555109
0.548973
0.54025
0.529352
0.517436
0.506858
0.498288
0.491531
0.486107
0.481455
0.477248
0.472869
0.467206
0.462541
0.458743
0.455437
0.452102
0.448617
0.444954
0.440999
0.436425
0.430154
0.42366
0.417085
0.296539
0.202362
0.20002
0.201987
0.236664
0.344678
0.392099
0.391339
0.371661
0.339534
0.333875
0.263152
0.207932
0.221714
0.261529
0.321455
0.313359
0.28163
0.274023
0.334664
0.355214
0.364587
0.364464
0.362561
0.363827
0.367522
0.370097
0.368893
0.363405
0.352592
0.232669
0.202592
0.20013
0.200004
0.2
0.2
0.2
0.2
0.2
0.2
0.2
0.2
0.2
0.2
0.2
0.2
0.2
0.2
0.2
0.2
0.2
0.2
0.2
0.2
0.2
0.2
0.2
0.2
0.2
0.2
0.2
0.2
0.2
0.2
0.2
0.2
0.2
0.2
0.2
0.2
0.2
0.2
0.2
0.2
0.2
0.2
0.2
0.2
0.2
0.2
0.2
0.2
0.2
0.2
0.2
0.2
0.2
0.2
0.2
0.2
0.2
0.2
0.2
0.2
0.2
0.2
0.2
0.2
0.2
0.2
0.2
0.2
0.2
0.2
0.2
0.2
0.2
0.2
0.2
0.2
0.2
0.2
0.2
0.2
0.2
0.2
0.2
0.2
0.2
0.2
0.2
0.2
0.2
0.2
0.2
0.2
0.553006
0.547159
0.538937
0.528714
0.517499
0.50727
0.498735
0.491827
0.486185
0.481363
0.477055
0.472847
0.46809
0.463715
0.459927
0.456416
0.452952
0.449452
0.445894
0.442247
0.438387
0.433857
0.429078
0.422616
0.416789
0.388575
0.326069
0.335144
0.403937
0.404945
0.404811
0.403072
0.397201
0.379861
0.36128
0.358032
0.356077
0.354315
0.352393
0.350222
0.34491
0.323124
0.29456
0.320447
0.348635
0.362216
0.362917
0.361276
0.36237
0.365869
0.36848
0.367469
0.362149
0.351387
0.234691
0.203046
0.200171
0.200008
0.2
0.2
0.2
0.2
0.2
0.2
0.2
0.2
0.2
0.2
0.2
0.2
0.2
0.2
0.2
0.2
0.2
0.2
0.2
0.2
0.2
0.2
0.2
0.2
0.2
0.2
0.2
0.2
0.2
0.2
0.2
0.2
0.2
0.2
0.2
0.2
0.2
0.2
0.2
0.2
0.2
0.2
0.2
0.2
0.2
0.2
0.2
0.2
0.2
0.2
0.2
0.2
0.2
0.2
0.2
0.2
0.2
0.2
0.2
0.2
0.2
0.2
0.2
0.2
0.2
0.2
0.2
0.2
0.2
0.2
0.2
0.2
0.2
0.2
0.2
0.2
0.2
0.2
0.2
0.2
0.2
0.2
0.2
0.2
0.2
0.2
0.2
0.2
0.2
0.2
0.2
0.2
0.550858
0.545229
0.537373
0.527636
0.516928
0.506983
0.498512
0.491526
0.485743
0.480792
0.476395
0.472237
0.467901
0.463742
0.459912
0.456276
0.452716
0.449186
0.445694
0.442263
0.438893
0.43545
0.431857
0.427316
0.422037
0.419907
0.418318
0.417273
0.416317
0.414901
0.413242
0.411266
0.408155
0.40136
0.39153
0.386828
0.383485
0.380407
0.377239
0.373853
0.366242
0.349688
0.321906
0.318467
0.338742
0.356101
0.360472
0.359926
0.360858
0.364134
0.366847
0.366005
0.360438
0.349356
0.234468
0.202927
0.200152
0.200006
0.2
0.2
0.2
0.2
0.2
0.2
0.2
0.2
0.2
0.2
0.2
0.2
0.2
0.2
0.2
0.2
0.2
0.2
0.2
0.2
0.2
0.2
0.2
0.2
0.2
0.2
0.2
0.2
0.2
0.2
0.2
0.2
0.2
0.2
0.2
0.2
0.2
0.2
0.2
0.2
0.2
0.2
0.2
0.2
0.2
0.2
0.2
0.2
0.2
0.2
0.2
0.2
0.2
0.2
0.2
0.2
0.2
0.2
0.2
0.2
0.2
0.2
0.2
0.2
0.2
0.2
0.2
0.2
0.2
0.2
0.2
0.2
0.2
0.2
0.2
0.2
0.2
0.2
0.2
0.2
0.2
0.2
0.2
0.2
0.2
0.2
0.2
0.2
0.2
0.2
0.2
0.2
0.548688
0.543207
0.535588
0.52616
0.515777
0.506027
0.497615
0.490592
0.484723
0.47968
0.475204
0.471033
0.466866
0.462817
0.458959
0.455239
0.451599
0.448027
0.44455
0.441221
0.438094
0.435187
0.432467
0.429711
0.426766
0.424099
0.421798
0.419662
0.417591
0.416106
0.414423
0.412533
0.41033
0.407421
0.403611
0.400352
0.397344
0.394167
0.390502
0.386041
0.379304
0.367166
0.345397
0.329
0.333588
0.348226
0.356262
0.358025
0.35925
0.36235
0.365223
0.364221
0.357356
0.347233
0.239729
0.203279
0.200157
0.200006
0.2
0.2
0.2
0.2
0.2
0.2
0.2
0.2
0.2
0.2
0.2
0.2
0.2
0.2
0.2
0.2
0.2
0.2
0.2
0.2
0.2
0.2
0.2
0.2
0.2
0.2
0.2
0.2
0.2
0.2
0.2
0.2
0.2
0.2
0.2
0.2
0.2
0.2
0.2
0.2
0.2
0.2
0.2
0.2
0.2
0.2
0.2
0.2
0.2
0.2
0.2
0.2
0.2
0.2
0.2
0.2
0.2
0.2
0.2
0.2
0.2
0.2
0.2
0.2
0.2
0.2
0.2
0.2
0.2
0.2
0.2
0.2
0.2
0.2
0.2
0.2
0.2
0.2
0.2
0.2
0.2
0.2
0.2
0.2
0.2
0.2
0.2
0.2
0.2
0.2
0.2
0.2
0.546521
0.541119
0.53361
0.524316
0.514071
0.504407
0.496024
0.488984
0.483064
0.477957
0.473414
0.469198
0.465072
0.461046
0.457144
0.453337
0.449599
0.445934
0.442377
0.438983
0.435818
0.43258
0.428785
0.423846
0.416453
0.407563
0.403573
0.401287
0.399816
0.398477
0.397452
0.396725
0.396065
0.395187
0.393931
0.392485
0.391137
0.38986
0.388422
0.386391
0.382903
0.375849
0.361444
0.34401
0.336695
0.342851
0.351069
0.355197
0.357374
0.360514
0.363612
0.361811
0.352235
0.34458
0.265295
0.205729
0.20025
0.200018
0.200001
0.2
0.2
0.2
0.2
0.2
0.2
0.2
0.2
0.2
0.2
0.2
0.2
0.2
0.2
0.2
0.2
0.2
0.2
0.2
0.2
0.2
0.2
0.2
0.2
0.2
0.2
0.2
0.2
0.2
0.2
0.2
0.2
0.2
0.2
0.2
0.2
0.2
0.2
0.2
0.2
0.2
0.2
0.2
0.2
0.2
0.2
0.2
0.2
0.2
0.2
0.2
0.2
0.2
0.2
0.2
0.2
0.2
0.2
0.2
0.2
0.2
0.2
0.2
0.2
0.2
0.2
0.2
0.2
0.2
0.2
0.2
0.2
0.2
0.2
0.2
0.2
0.2
0.2
0.2
0.2
0.2
0.2
0.2
0.2
0.2
0.2
0.2
0.2
0.2
0.2
0.2
0.544354
0.538938
0.531397
0.522076
0.511838
0.502201
0.493771
0.486639
0.480692
0.475544
0.470941
0.466663
0.462505
0.458434
0.454443
0.450506
0.446603
0.442736
0.438924
0.435194
0.430642
0.424346
0.415452
0.404767
0.389844
0.375355
0.371896
0.369549
0.368732
0.371256
0.373281
0.374843
0.375485
0.374863
0.371908
0.366309
0.3658
0.366993
0.369566
0.372208
0.374
0.373371
0.36725
0.355365
0.344604
0.342524
0.347043
0.35184
0.355118
0.358583
0.361983
0.360673
0.350844
0.329562
0.265011
0.209265
0.201107
0.20022
0.200026
0.200003
0.2
0.2
0.2
0.2
0.2
0.2
0.2
0.2
0.2
0.2
0.2
0.2
0.2
0.2
0.2
0.2
0.2
0.2
0.2
0.2
0.2
0.2
0.2
0.2
0.2
0.2
0.2
0.2
0.2
0.2
0.2
0.2
0.2
0.2
0.2
0.2
0.2
0.2
0.2
0.2
0.2
0.2
0.2
0.2
0.2
0.2
0.2
0.2
0.2
0.2
0.2
0.2
0.2
0.2
0.2
0.2
0.2
0.2
0.2
0.2
0.2
0.2
0.2
0.2
0.2
0.2
0.2
0.2
0.2
0.2
0.2
0.2
0.2
0.2
0.2
0.2
0.2
0.2
0.2
0.2
0.2
0.2
0.2
0.2
0.2
0.2
0.2
0.2
0.2
0.2
0.542169
0.536602
0.528841
0.519293
0.508936
0.49927
0.490865
0.483774
0.47783
0.472501
0.467679
0.463315
0.45907
0.454888
0.450736
0.446577
0.442374
0.438099
0.433717
0.428128
0.419959
0.407009
0.390189
0.376942
0.36023
0.354684
0.32488
0.270636
0.277225
0.354735
0.357609
0.359636
0.360241
0.358466
0.350526
0.33871
0.335037
0.336353
0.34213
0.34858
0.354661
0.359813
0.361533
0.357801
0.35062
0.345466
0.345555
0.348939
0.352664
0.356548
0.360311
0.359585
0.350062
0.319952
0.274275
0.23875
0.21177
0.20214
0.200364
0.200059
0.200009
0.200001
0.2
0.2
0.2
0.2
0.2
0.2
0.2
0.2
0.2
0.2
0.2
0.2
0.2
0.2
0.2
0.2
0.2
0.2
0.2
0.2
0.2
0.2
0.2
0.2
0.2
0.2
0.2
0.2
0.2
0.2
0.2
0.2
0.2
0.2
0.2
0.2
0.2
0.2
0.2
0.2
0.2
0.2
0.2
0.2
0.2
0.2
0.2
0.2
0.2
0.2
0.2
0.2
0.2
0.2
0.2
0.2
0.2
0.2
0.2
0.2
0.2
0.2
0.2
0.2
0.2
0.2
0.2
0.2
0.2
0.2
0.2
0.2
0.2
0.2
0.2
0.2
0.2
0.2
0.2
0.2
0.2
0.2
0.2
0.2
0.2
0.2
0.2
0.2
0.539984
0.534117
0.525924
0.515933
0.50531
0.495545
0.487153
0.48011
0.474158
0.468811
0.463939
0.45907
0.454588
0.450202
0.445772
0.441224
0.436471
0.431399
0.425456
0.414833
0.399757
0.376603
0.35344
0.346183
0.338477
0.254193
0.206068
0.200252
0.202177
0.22396
0.289517
0.346304
0.34765
0.344287
0.329822
0.322114
0.273773
0.248808
0.327527
0.332068
0.336309
0.342584
0.348359
0.350906
0.349893
0.347063
0.345494
0.346995
0.350363
0.354501
0.358636
0.358488
0.349326
0.31842
0.281036
0.245797
0.216307
0.203042
0.200649
0.200129
0.200024
0.200004
0.200001
0.2
0.2
0.2
0.2
0.2
0.2
0.2
0.2
0.2
0.2
0.2
0.2
0.2
0.2
0.2
0.2
0.2
0.2
0.2
0.2
0.2
0.2
0.2
0.2
0.2
0.2
0.2
0.2
0.2
0.2
0.2
0.2
0.2
0.2
0.2
0.2
0.2
0.2
0.2
0.2
0.2
0.2
0.2
0.2
0.2
0.2
0.2
0.2
0.2
0.2
0.2
0.2
0.2
0.2
0.2
0.2
0.2
0.2
0.2
0.2
0.2
0.2
0.2
0.2
0.2
0.2
0.2
0.2
0.2
0.2
0.2
0.2
0.2
0.2
0.2
0.2
0.2
0.2
0.2
0.2
0.2
0.2
0.2
0.2
0.2
0.2
0.2
0.537814
0.531484
0.522624
0.511948
0.50088
0.490913
0.482495
0.475474
0.469486
0.464088
0.459093
0.454106
0.44904
0.444016
0.439083
0.433829
0.428023
0.421287
0.408481
0.386211
0.365439
0.335921
0.324573
0.236557
0.201847
0.200253
0.200031
0.200001
0.200007
0.200113
0.208454
0.257165
0.32944
0.325194
0.306593
0.216564
0.200693
0.200093
0.213264
0.255404
0.284885
0.333869
0.337644
0.340362
0.342661
0.343915
0.344175
0.345353
0.348342
0.352576
0.357056
0.357391
0.348212
0.310125
0.24556
0.216544
0.208095
0.204353
0.201351
0.200287
0.200055
0.200009
0.200001
0.2
0.2
0.2
0.2
0.2
0.2
0.2
0.2
0.2
0.2
0.2
0.2
0.2
0.2
0.2
0.2
0.2
0.2
0.2
0.2
0.2
0.2
0.2
0.2
0.2
0.2
0.2
0.2
0.2
0.2
0.2
0.2
0.2
0.2
0.2
0.2
0.2
0.2
0.2
0.2
0.2
0.2
0.2
0.2
0.2
0.2
0.2
0.2
0.2
0.2
0.2
0.2
0.2
0.2
0.2
0.2
0.2
0.2
0.2
0.2
0.2
0.2
0.2
0.2
0.2
0.2
0.2
0.2
0.2
0.2
0.2
0.2
0.2
0.2
0.2
0.2
0.2
0.2
0.2
0.2
0.2
0.2
0.2
0.2
0.2
0.2
0.2
0.535676
0.528716
0.518936
0.507291
0.495518
0.485162
0.476617
0.469529
0.463432
0.457905
0.452694
0.447473
0.442105
0.436045
0.429754
0.423053
0.414856
0.403535
0.372787
0.331394
0.318166
0.298677
0.208231
0.200191
0.200014
0.200001
0.2
0.2
0.2
0.2
0.200029
0.202661
0.233822
0.299512
0.211773
0.200136
0.200001
0.2
0.200065
0.203396
0.230736
0.306035
0.247369
0.259711
0.309211
0.340743
0.342167
0.343772
0.346632
0.350883
0.355667
0.355528
0.346884
0.318197
0.283824
0.240764
0.233158
0.221287
0.20856
0.202254
0.200487
0.200089
0.200014
0.200002
0.2
0.2
0.2
0.2
0.2
0.2
0.2
0.2
0.2
0.2
0.2
0.2
0.2
0.2
0.2
0.2
0.2
0.2
0.2
0.2
0.2
0.2
0.2
0.2
0.2
0.2
0.2
0.2
0.2
0.2
0.2
0.2
0.2
0.2
0.2
0.2
0.2
0.2
0.2
0.2
0.2
0.2
0.2
0.2
0.2
0.2
0.2
0.2
0.2
0.2
0.2
0.2
0.2
0.2
0.2
0.2
0.2
0.2
0.2
0.2
0.2
0.2
0.2
0.2
0.2
0.2
0.2
0.2
0.2
0.2
0.2
0.2
0.2
0.2
0.2
0.2
0.2
0.2
0.2
0.2
0.2
0.2
0.2
0.2
0.2
0.2
0.533599
0.525874
0.514921
0.50194
0.489004
0.477824
0.468888
0.461499
0.455123
0.449316
0.443753
0.438094
0.43207
0.425152
0.415794
0.404731
0.388766
0.35709
0.302634
0.267751
0.20602
0.200107
0.20005
0.200001
0.2
0.2
0.2
0.2
0.2
0.2
0.2
0.200013
0.205695
0.269627
0.205832
0.200035
0.2
0.2
0.2
0.20002
0.209783
0.247494
0.201359
0.200991
0.281164
0.327247
0.340799
0.342659
0.345314
0.349448
0.354296
0.351755
0.345202
0.32856
0.303217
0.264416
0.269731
0.258728
0.235987
0.214507
0.204167
0.200924
0.200163
0.200023
0.200002
0.2
0.2
0.2
0.2
0.2
0.2
0.2
0.2
0.2
0.2
0.2
0.2
0.2
0.2
0.2
0.2
0.2
0.2
0.2
0.2
0.2
0.2
0.2
0.2
0.2
0.2
0.2
0.2
0.2
0.2
0.2
0.2
0.2
0.2
0.2
0.2
0.2
0.2
0.2
0.2
0.2
0.2
0.2
0.2
0.2
0.2
0.2
0.2
0.2
0.2
0.2
0.2
0.2
0.2
0.2
0.2
0.2
0.2
0.2
0.2
0.2
0.2
0.2
0.2
0.2
0.2
0.2
0.2
0.2
0.2
0.2
0.2
0.2
0.2
0.2
0.2
0.2
0.2
0.2
0.2
0.2
0.2
0.2
0.2
0.2
0.531638
0.523117
0.510812
0.495976
0.480849
0.467557
0.457431
0.44903
0.44191
0.435565
0.429376
0.422754
0.415051
0.405381
0.391898
0.363692
0.32043
0.256203
0.215719
0.200302
0.200045
0.200001
0.2
0.2
0.2
0.2
0.2
0.2
0.2
0.2
0.2
0.200001
0.200425
0.231696
0.201377
0.200003
0.2
0.2
0.2
0.2
0.202136
0.209471
0.200024
0.200008
0.239405
0.298324
0.338875
0.341575
0.344143
0.348107
0.353029
0.351096
0.332128
0.307963
0.273504
0.286193
0.291629
0.288914
0.274072
0.248663
0.221966
0.206704
0.201476
0.200241
0.200028
0.200002
0.2
0.2
0.2
0.2
0.2
0.2
0.2
0.2
0.2
0.2
0.2
0.2
0.2
0.2
0.2
0.2
0.2
0.2
0.2
0.2
0.2
0.2
0.2
0.2
0.2
0.2
0.2
0.2
0.2
0.2
0.2
0.2
0.2
0.2
0.2
0.2
0.2
0.2
0.2
0.2
0.2
0.2
0.2
0.2
0.2
0.2
0.2
0.2
0.2
0.2
0.2
0.2
0.2
0.2
0.2
0.2
0.2
0.2
0.2
0.2
0.2
0.2
0.2
0.2
0.2
0.2
0.2
0.2
0.2
0.2
0.2
0.2
0.2
0.2
0.2
0.2
0.2
0.2
0.2
0.2
0.2
0.2
0.2
0.2
0.529875
0.520746
0.507146
0.489405
0.467367
0.441506
0.42041
0.400243
0.382302
0.40241
0.39904
0.390878
0.378983
0.361637
0.335488
0.284744
0.212717
0.200358
0.200156
0.200003
0.2
0.2
0.2
0.2
0.2
0.2
0.2
0.2
0.2
0.2
0.2
0.2
0.200004
0.210953
0.200213
0.2
0.2
0.2
0.2
0.2
0.200392
0.201003
0.200005
0.2
0.209467
0.253622
0.336299
0.340361
0.342957
0.346702
0.35152
0.350513
0.315214
0.276526
0.245799
0.317438
0.31976
0.316725
0.310045
0.293045
0.263972
0.231169
0.209756
0.202004
0.200272
0.20002
0.2
0.2
0.2
0.2
0.2
0.2
0.2
0.2
0.2
0.2
0.2
0.2
0.2
0.2
0.2
0.2
0.2
0.2
0.2
0.2
0.2
0.2
0.2
0.2
0.2
0.2
0.2
0.2
0.2
0.2
0.2
0.2
0.2
0.2
0.2
0.2
0.2
0.2
0.2
0.2
0.2
0.2
0.2
0.2
0.2
0.2
0.2
0.2
0.2
0.2
0.2
0.2
0.2
0.2
0.2
0.2
0.2
0.2
0.2
0.2
0.2
0.2
0.2
0.2
0.2
0.2
0.2
0.2
0.2
0.2
0.2
0.2
0.2
0.2
0.2
0.2
0.2
0.2
0.2
0.2
0.2
0.2
0.2
0.2
0.528383
0.519127
0.505185
0.486761
0.46415
0.438845
0.336559
0.24528
0.280894
0.291179
0.300558
0.324233
0.310097
0.282341
0.250774
0.218838
0.200317
0.200004
0.200002
0.2
0.2
0.2
0.2
0.2
0.2
0.2
0.2
0.2
0.2
0.2
0.2
0.2
0.2
0.202895
0.200028
0.2
0.2
0.2
0.2
0.2
0.200065
0.200076
0.2
0.2
0.200998
0.217116
0.33389
0.33896
0.341645
0.345124
0.349648
0.34983
0.340955
0.337736
0.337189
0.33666
0.33478
0.331592
0.326245
0.315064
0.293918
0.262398
0.229225
0.208525
0.201514
0.200154
0.20001
0.200001
0.2
0.2
0.2
0.2
0.2
0.2
0.2
0.2
0.2
0.2
0.2
0.2
0.2
0.2
0.2
0.2
0.2
0.2
0.2
0.2
0.2
0.2
0.2
0.2
0.2
0.2
0.2
0.2
0.2
0.2
0.2
0.2
0.2
0.2
0.2
0.2
0.2
0.2
0.2
0.2
0.2
0.2
0.2
0.2
0.2
0.2
0.2
0.2
0.2
0.2
0.2
0.2
0.2
0.2
0.2
0.2
0.2
0.2
0.2
0.2
0.2
0.2
0.2
0.2
0.2
0.2
0.2
0.2
0.2
0.2
0.2
0.2
0.2
0.2
0.2
0.2
0.2
0.2
0.2
0.2
0.2
0.2
0.527008
0.517997
0.504483
0.486657
0.464815
0.440222
0.38359
0.202078
0.202183
0.200949
0.21707
0.243483
0.265014
0.20662
0.201078
0.200176
0.200004
0.2
0.2
0.2
0.2
0.2
0.2
0.2
0.2
0.2
0.2
0.2
0.2
0.2
0.2
0.2
0.2
0.200656
0.200003
0.2
0.2
0.2
0.2
0.2
0.20001
0.200005
0.2
0.2
0.200057
0.203015
0.331052
0.337232
0.340096
0.343292
0.347331
0.348641
0.347741
0.346956
0.345759
0.344276
0.342364
0.339581
0.334975
0.326914
0.311819
0.286357
0.25233
0.221134
0.205001
0.200646
0.200049
0.200004
0.200001
0.2
0.2
0.2
0.2
0.2
0.2
0.2
0.2
0.2
0.2
0.2
0.2
0.2
0.2
0.2
0.2
0.2
0.2
0.2
0.2
0.2
0.2
0.2
0.2
0.2
0.2
0.2
0.2
0.2
0.2
0.2
0.2
0.2
0.2
0.2
0.2
0.2
0.2
0.2
0.2
0.2
0.2
0.2
0.2
0.2
0.2
0.2
0.2
0.2
0.2
0.2
0.2
0.2
0.2
0.2
0.2
0.2
0.2
0.2
0.2
0.2
0.2
0.2
0.2
0.2
0.2
0.2
0.2
0.2
0.2
0.2
0.2
0.2
0.2
0.2
0.2
0.2
0.2
0.2
0.2
0.2
0.525629
0.517047
0.504351
0.4878
0.467876
0.445971
0.436672
0.433086
0.200041
0.20002
0.200362
0.201117
0.201854
0.200124
0.200016
0.200002
0.2
0.2
0.2
0.2
0.2
0.2
0.2
0.2
0.2
0.2
0.2
0.2
0.2
0.2
0.2
0.2
0.2
0.200135
0.200001
0.2
0.2
0.2
0.2
0.2
0.200001
0.2
0.2
0.2
0.2
0.200402
0.328893
0.335199
0.33822
0.34114
0.344538
0.346247
0.345959
0.345105
0.343959
0.342529
0.340828
0.338736
0.335763
0.330633
0.320504
0.301442
0.271578
0.236522
0.211077
0.201666
0.200068
0.200002
0.2
0.2
0.2
0.2
0.2
0.2
0.2
0.2
0.2
0.2
0.2
0.2
0.2
0.2
0.2
0.2
0.2
0.2
0.2
0.2
0.2
0.2
0.2
0.2
0.2
0.2
0.2
0.2
0.2
0.2
0.2
0.2
0.2
0.2
0.2
0.2
0.2
0.2
0.2
0.2
0.2
0.2
0.2
0.2
0.2
0.2
0.2
0.2
0.2
0.2
0.2
0.2
0.2
0.2
0.2
0.2
0.2
0.2
0.2
0.2
0.2
0.2
0.2
0.2
0.2
0.2
0.2
0.2
0.2
0.2
0.2
0.2
0.2
0.2
0.2
0.2
0.2
0.2
0.2
0.2
0.2
0.2
0.524211
0.516175
0.504505
0.489514
0.471824
0.453057
0.44391
0.437076
0.418445
0.2
0.200006
0.200017
0.200028
0.200002
0.2
0.2
0.2
0.2
0.2
0.2
0.2
0.2
0.2
0.2
0.2
0.2
0.2
0.2
0.2
0.2
0.2
0.2
0.2
0.200025
0.2
0.2
0.2
0.2
0.2
0.2
0.2
0.2
0.2
0.2
0.2
0.200036
0.326793
0.332763
0.335921
0.338631
0.341449
0.343164
0.343362
0.342829
0.341911
0.340692
0.339202
0.337402
0.335068
0.331435
0.324462
0.310505
0.28597
0.251803
0.219633
0.203563
0.20013
0.200003
0.2
0.2
0.2
0.2
0.2
0.2
0.2
0.2
0.2
0.2
0.2
0.2
0.2
0.2
0.2
0.2
0.2
0.2
0.2
0.2
0.2
0.2
0.2
0.2
0.2
0.2
0.2
0.2
0.2
0.2
0.2
0.2
0.2
0.2
0.2
0.2
0.2
0.2
0.2
0.2
0.2
0.2
0.2
0.2
0.2
0.2
0.2
0.2
0.2
0.2
0.2
0.2
0.2
0.2
0.2
0.2
0.2
0.2
0.2
0.2
0.2
0.2
0.2
0.2
0.2
0.2
0.2
0.2
0.2
0.2
0.2
0.2
0.2
0.2
0.2
0.2
0.2
0.2
0.2
0.2
0.2
0.2
0.522728
0.515289
0.504712
0.491325
0.475778
0.459524
0.449378
0.441285
0.438206
0.435627
0.369233
0.2
0.2
0.2
0.2
0.2
0.2
0.2
0.2
0.2
0.2
0.2
0.2
0.2
0.2
0.2
0.2
0.2
0.2
0.2
0.2
0.2
0.2
0.200004
0.2
0.2
0.2
0.2
0.2
0.2
0.2
0.2
0.2
0.2
0.2
0.200002
0.324367
0.329649
0.333035
0.335686
0.338103
0.339722
0.34025
0.340061
0.339426
0.338462
0.33722
0.335694
0.333768
0.330994
0.325996
0.315809
0.296394
0.265764
0.230587
0.207141
0.200269
0.200005
0.2
0.2
0.2
0.2
0.2
0.2
0.2
0.2
0.2
0.2
0.2
0.2
0.2
0.2
0.2
0.2
0.2
0.2
0.2
0.2
0.2
0.2
0.2
0.2
0.2
0.2
0.2
0.2
0.2
0.2
0.2
0.2
0.2
0.2
0.2
0.2
0.2
0.2
0.2
0.2
0.2
0.2
0.2
0.2
0.2
0.2
0.2
0.2
0.2
0.2
0.2
0.2
0.2
0.2
0.2
0.2
0.2
0.2
0.2
0.2
0.2
0.2
0.2
0.2
0.2
0.2
0.2
0.2
0.2
0.2
0.2
0.2
0.2
0.2
0.2
0.2
0.2
0.2
0.2
0.2
0.2
0.2
0.521155
0.514324
0.504817
0.492951
0.479329
0.465139
0.454754
0.446579
0.442315
0.438423
0.434436
0.431966
0.427586
0.358034
0.228629
0.201444
0.20001
0.2
0.2
0.2
0.2
0.2
0.2
0.2
0.2
0.2
0.2
0.2
0.2
0.2
0.2
0.2
0.2
0.200001
0.2
0.2
0.2
0.2
0.2
0.2
0.2
0.2
0.2
0.2
0.2
0.2
0.32172
0.325505
0.329372
0.332184
0.334404
0.335943
0.336695
0.336821
0.336489
0.335806
0.334835
0.333591
0.332014
0.329835
0.326147
0.318714
0.303799
0.27802
0.243743
0.214183
0.201299
0.20005
0.200001
0.2
0.2
0.2
0.2
0.2
0.2
0.2
0.2
0.2
0.2
0.2
0.2
0.2
0.2
0.2
0.2
0.2
0.2
0.2
0.2
0.2
0.2
0.2
0.2
0.2
0.2
0.2
0.2
0.2
0.2
0.2
0.2
0.2
0.2
0.2
0.2
0.2
0.2
0.2
0.2
0.2
0.2
0.2
0.2
0.2
0.2
0.2
0.2
0.2
0.2
0.2
0.2
0.2
0.2
0.2
0.2
0.2
0.2
0.2
0.2
0.2
0.2
0.2
0.2
0.2
0.2
0.2
0.2
0.2
0.2
0.2
0.2
0.2
0.2
0.2
0.2
0.2
0.2
0.2
0.2
0.2
0.519474
0.513232
0.504728
0.494246
0.482311
0.469864
0.459763
0.451662
0.44633
0.441955
0.438465
0.435071
0.430395
0.418663
0.201609
0.200065
0.2
0.2
0.2
0.2
0.2
0.2
0.2
0.2
0.2
0.2
0.2
0.2
0.2
0.2
0.2
0.2
0.2
0.2
0.2
0.2
0.2
0.2
0.2
0.2
0.2
0.2
0.2
0.2
0.2
0.2
0.282469
0.321916
0.325948
0.328474
0.330378
0.331776
0.332677
0.333092
0.333069
0.332681
0.331994
0.331041
0.329798
0.328099
0.325352
0.319953
0.308821
0.28831
0.258184
0.227232
0.216965
0.201037
0.200016
0.2
0.2
0.2
0.2
0.2
0.2
0.2
0.2
0.2
0.2
0.2
0.2
0.2
0.2
0.2
0.2
0.2
0.2
0.2
0.2
0.2
0.2
0.2
0.2
0.2
0.2
0.2
0.2
0.2
0.2
0.2
0.2
0.2
0.2
0.2
0.2
0.2
0.2
0.2
0.2
0.2
0.2
0.2
0.2
0.2
0.2
0.2
0.2
0.2
0.2
0.2
0.2
0.2
0.2
0.2
0.2
0.2
0.2
0.2
0.2
0.2
0.2
0.2
0.2
0.2
0.2
0.2
0.2
0.2
0.2
0.2
0.2
0.2
0.2
0.2
0.2
0.2
0.2
0.2
0.2
0.2
0.517667
0.511983
0.504394
0.495147
0.484677
0.473719
0.464172
0.456224
0.450261
0.445421
0.441432
0.437584
0.432973
0.423996
0.205397
0.200017
0.2
0.2
0.2
0.2
0.2
0.2
0.2
0.2
0.2
0.2
0.2
0.2
0.2
0.2
0.2
0.2
0.2
0.2
0.2
0.2
0.2
0.2
0.2
0.2
0.2
0.2
0.2
0.2
0.2
0.2
0.222014
0.317399
0.321878
0.324153
0.325681
0.326897
0.327993
0.328758
0.329077
0.328999
0.328605
0.327949
0.327034
0.325761
0.323742
0.319866
0.311787
0.296238
0.271672
0.242762
0.222879
0.202648
0.200096
0.200002
0.2
0.2
0.2
0.2
0.2
0.2
0.2
0.2
0.2
0.2
0.2
0.2
0.2
0.2
0.2
0.2
0.2
0.2
0.2
0.2
0.2
0.2
0.2
0.2
0.2
0.2
0.2
0.2
0.2
0.2
0.2
0.2
0.2
0.2
0.2
0.2
0.2
0.2
0.2
0.2
0.2
0.2
0.2
0.2
0.2
0.2
0.2
0.2
0.2
0.2
0.2
0.2
0.2
0.2
0.2
0.2
0.2
0.2
0.2
0.2
0.2
0.2
0.2
0.2
0.2
0.2
0.2
0.2
0.2
0.2
0.2
0.2
0.2
0.2
0.2
0.2
0.2
0.2
0.2
0.2
0.515721
0.510558
0.503793
0.495635
0.486438
0.476765
0.4679
0.460212
0.45396
0.448749
0.444298
0.440117
0.435575
0.428311
0.426831
0.424408
0.373072
0.289675
0.221783
0.202477
0.213464
0.245258
0.215993
0.200315
0.2
0.2
0.2
0.2
0.2
0.2
0.2
0.204521
0.208434
0.200441
0.200152
0.200001
0.2
0.2
0.2
0.2
0.2
0.2
0.2
0.2
0.2
0.2
0.202101
0.312459
0.316623
0.318512
0.319212
0.320123
0.321841
0.323361
0.324189
0.324486
0.324419
0.324081
0.323505
0.322635
0.32122
0.318506
0.312806
0.301478
0.282476
0.25742
0.233869
0.223107
0.202603
0.200086
0.200002
0.2
0.2
0.2
0.2
0.2
0.2
0.2
0.2
0.2
0.2
0.2
0.2
0.2
0.2
0.2
0.2
0.2
0.2
0.2
0.2
0.2
0.2
0.2
0.2
0.2
0.2
0.2
0.2
0.2
0.2
0.2
0.2
0.2
0.2
0.2
0.2
0.2
0.2
0.2
0.2
0.2
0.2
0.2
0.2
0.2
0.2
0.2
0.2
0.2
0.2
0.2
0.2
0.2
0.2
0.2
0.2
0.2
0.2
0.2
0.2
0.2
0.2
0.2
0.2
0.2
0.2
0.2
0.2
0.2
0.2
0.2
0.2
0.2
0.2
0.2
0.2
0.2
0.2
0.2
0.513622
0.508941
0.502915
0.495717
0.487628
0.479079
0.470947
0.463629
0.457343
0.451934
0.447199
0.442835
0.438466
0.433004
0.43001
0.426804
0.424681
0.421739
0.419016
0.416954
0.415185
0.413194
0.401844
0.397105
0.260708
0.200348
0.200001
0.2
0.2
0.2
0.200914
0.308366
0.363926
0.3397
0.292596
0.209387
0.200041
0.2
0.2
0.200042
0.260638
0.312513
0.307477
0.301525
0.295042
0.284502
0.266596
0.295278
0.305306
0.30838
0.262741
0.265533
0.314454
0.317482
0.318598
0.319088
0.319241
0.31916
0.318881
0.318371
0.317459
0.315635
0.311724
0.303739
0.289694
0.2696
0.247371
0.230653
0.219778
0.202667
0.200106
0.200013
0.200002
0.2
0.2
0.2
0.2
0.2
0.2
0.2
0.2
0.2
0.2
0.2
0.2
0.2
0.2
0.2
0.2
0.2
0.2
0.2
0.2
0.2
0.2
0.2
0.2
0.2
0.2
0.2
0.2
0.2
0.2
0.2
0.2
0.2
0.2
0.2
0.2
0.2
0.2
0.2
0.2
0.2
0.2
0.2
0.2
0.2
0.2
0.2
0.2
0.2
0.2
0.2
0.2
0.2
0.2
0.2
0.2
0.2
0.2
0.2
0.2
0.2
0.2
0.2
0.2
0.2
0.2
0.2
0.2
0.2
0.2
0.2
0.2
0.2
0.2
0.2
0.2
0.2
0.511356
0.507119
0.501755
0.495403
0.488286
0.48073
0.473343
0.466484
0.460354
0.454923
0.45008
0.445653
0.441438
0.436983
0.433513
0.430334
0.428177
0.42611
0.424018
0.421872
0.419596
0.417038
0.411856
0.404713
0.400127
0.376935
0.268963
0.205554
0.211776
0.30448
0.384612
0.384623
0.383116
0.374665
0.341664
0.336719
0.295033
0.227989
0.240671
0.341725
0.343219
0.343337
0.341339
0.337706
0.330873
0.319613
0.300362
0.293135
0.295797
0.299533
0.24317
0.215646
0.300836
0.306844
0.309435
0.310821
0.311592
0.311989
0.312122
0.312014
0.311565
0.310438
0.307824
0.302284
0.292121
0.276607
0.257431
0.239131
0.22472
0.216107
0.208904
0.2038
0.200291
0.200011
0.2
0.200001
0.200001
0.200001
0.2
0.2
0.2
0.2
0.2
0.2
0.2
0.2
0.2
0.2
0.2
0.2
0.2
0.2
0.2
0.2
0.2
0.2
0.2
0.2
0.2
0.2
0.2
0.2
0.2
0.2
0.2
0.2
0.2
0.2
0.2
0.2
0.2
0.2
0.2
0.2
0.2
0.2
0.2
0.2
0.2
0.2
0.2
0.2
0.2
0.2
0.2
0.2
0.2
0.2
0.2
0.2
0.2
0.2
0.2
0.2
0.2
0.2
0.2
0.2
0.2
0.2
0.2
0.2
0.2
0.2
0.2
0.2
0.2
0.2
0.2
0.2
0.508909
0.505082
0.500311
0.494708
0.488447
0.481776
0.475119
0.468779
0.46294
0.457637
0.45283
0.448432
0.444341
0.440372
0.436893
0.433793
0.4313
0.42906
0.426891
0.424694
0.422385
0.419856
0.416407
0.411264
0.405799
0.403108
0.400062
0.398214
0.396831
0.395811
0.395431
0.394262
0.392319
0.388085
0.373343
0.358416
0.355286
0.353283
0.352927
0.354862
0.355782
0.355395
0.353317
0.350188
0.34528
0.337391
0.323673
0.308403
0.299087
0.296596
0.289004
0.280283
0.277972
0.283397
0.289007
0.293273
0.296308
0.29841
0.299818
0.300678
0.301011
0.300637
0.299015
0.295107
0.287522
0.275264
0.258893
0.241328
0.226148
0.215447
0.208216
0.203999
0.202123
0.201066
0.200516
0.200245
0.200115
0.200053
0.200025
0.200011
0.200005
0.200003
0.200001
0.200001
0.2
0.2
0.2
0.2
0.2
0.2
0.2
0.2
0.2
0.2
0.2
0.2
0.2
0.2
0.2
0.2
0.2
0.2
0.2
0.2
0.2
0.2
0.2
0.2
0.2
0.2
0.2
0.2
0.2
0.2
0.2
0.2
0.2
0.2
0.2
0.2
0.2
0.2
0.2
0.2
0.2
0.2
0.2
0.2
0.2
0.2
0.2
0.2
0.2
0.2
0.2
0.2
0.2
0.2
0.2
0.2
0.2
0.2
0.2
0.2
0.2
0.2
0.2
0.2
0.2
0.2
0.506265
0.502816
0.498577
0.493638
0.488135
0.482256
0.4763
0.47051
0.46505
0.459987
0.455325
0.451031
0.447061
0.443335
0.439949
0.436893
0.434216
0.431779
0.429456
0.427158
0.424815
0.422358
0.419581
0.416118
0.412269
0.409837
0.407858
0.406169
0.404697
0.403292
0.401975
0.400379
0.398501
0.395721
0.390065
0.382246
0.378641
0.376719
0.375464
0.3747
0.373627
0.37199
0.369813
0.366456
0.361494
0.354479
0.34403
0.330082
0.316162
0.305983
0.298496
0.290181
0.281192
0.275384
0.273678
0.274518
0.276413
0.278497
0.280355
0.281799
0.282699
0.282838
0.281751
0.278589
0.272186
0.261634
0.247412
0.232205
0.219427
0.210697
0.205541
0.202802
0.201407
0.200687
0.200328
0.200154
0.200071
0.200033
0.200015
0.200007
0.200003
0.200002
0.200001
0.2
0.2
0.2
0.2
0.2
0.2
0.2
0.2
0.2
0.2
0.2
0.2
0.2
0.2
0.2
0.2
0.2
0.2
0.2
0.2
0.2
0.2
0.2
0.2
0.2
0.2
0.2
0.2
0.2
0.2
0.2
0.2
0.2
0.2
0.2
0.2
0.2
0.2
0.2
0.2
0.2
0.2
0.2
0.2
0.2
0.2
0.2
0.2
0.2
0.2
0.2
0.2
0.2
0.2
0.2
0.2
0.2
0.2
0.2
0.2
0.2
0.2
0.2
0.2
0.2
0.2
0.2
0.503406
0.500306
0.496546
0.492197
0.487367
0.482197
0.476901
0.471668
0.466639
0.461891
0.457453
0.453326
0.449494
0.445925
0.442633
0.439612
0.436856
0.434299
0.431864
0.429486
0.427116
0.424715
0.422227
0.419565
0.416824
0.414535
0.412565
0.4108
0.409187
0.407611
0.406005
0.404285
0.402438
0.400252
0.397466
0.394085
0.391438
0.389498
0.387869
0.386278
0.384549
0.382635
0.380384
0.37732
0.37324
0.367781
0.360234
0.349979
0.337916
0.326349
0.316863
0.307523
0.297146
0.286566
0.277437
0.270578
0.265896
0.262875
0.260958
0.259686
0.258665
0.257461
0.255482
0.251919
0.245916
0.237188
0.226831
0.21713
0.209874
0.205303
0.202745
0.201399
0.200697
0.200339
0.200162
0.200076
0.200036
0.200017
0.200008
0.200004
0.200002
0.200001
0.2
0.2
0.2
0.2
0.2
0.2
0.2
0.2
0.2
0.2
0.2
0.2
0.2
0.2
0.2
0.2
0.2
0.2
0.2
0.2
0.2
0.2
0.2
0.2
0.2
0.2
0.2
0.2
0.2
0.2
0.2
0.2
0.2
0.2
0.2
0.2
0.2
0.2
0.2
0.2
0.2
0.2
0.2
0.2
0.2
0.2
0.2
0.2
0.2
0.2
0.2
0.2
0.2
0.2
0.2
0.2
0.2
0.2
0.2
0.2
0.2
0.2
0.2
0.2
0.2
0.2
0.2
0.2
0.500312
0.497533
0.494204
0.490382
0.48615
0.481615
0.476931
0.472243
0.467667
0.46328
0.459121
0.455209
0.451544
0.448116
0.44492
0.441946
0.439174
0.436567
0.434075
0.431658
0.429282
0.426926
0.424578
0.422233
0.419936
0.417818
0.415873
0.41406
0.412342
0.410684
0.409016
0.407294
0.405452
0.403478
0.401375
0.399193
0.397142
0.395282
0.393578
0.391857
0.390068
0.388135
0.38591
0.383301
0.380156
0.376229
0.371114
0.364331
0.355861
0.346544
0.337455
0.328246
0.318261
0.307394
0.296185
0.285306
0.275191
0.265986
0.257667
0.250187
0.243543
0.237698
0.232433
0.227309
0.221907
0.216254
0.21096
0.206745
0.203864
0.202107
0.201115
0.200579
0.200294
0.200146
0.200071
0.200034
0.200016
0.200008
0.200004
0.200002
0.200001
0.2
0.2
0.2
0.2
0.2
0.2
0.2
0.2
0.2
0.2
0.2
0.2
0.2
0.2
0.2
0.2
0.2
0.2
0.2
0.2
0.2
0.2
0.2
0.2
0.2
0.2
0.2
0.2
0.2
0.2
0.2
0.2
0.2
0.2
0.2
0.2
0.2
0.2
0.2
0.2
0.2
0.2
0.2
0.2
0.2
0.2
0.2
0.2
0.2
0.2
0.2
0.2
0.2
0.2
0.2
0.2
0.2
0.2
0.2
0.2
0.2
0.2
0.2
0.2
0.2
0.2
0.2
0.2
0.2
0.496958
0.494476
0.491535
0.488182
0.484481
0.480514
0.476391
0.472223
0.468102
0.464098
0.460252
0.456591
0.453124
0.449851
0.446768
0.443864
0.441122
0.438517
0.436019
0.433601
0.431242
0.428931
0.426664
0.424451
0.422312
0.420279
0.418352
0.416512
0.414733
0.412989
0.411249
0.409477
0.407656
0.405783
0.403876
0.401965
0.400095
0.398276
0.396494
0.394707
0.392863
0.390917
0.388832
0.386558
0.384021
0.381094
0.377571
0.373165
0.367673
0.361211
0.354147
0.34652
0.338126
0.328816
0.318669
0.307926
0.296841
0.285585
0.274232
0.262827
0.251485
0.240499
0.230369
0.221644
0.214659
0.209436
0.205781
0.203389
0.201918
0.201057
0.200571
0.200304
0.20016
0.200083
0.200043
0.200022
0.200011
0.200006
0.200003
0.200001
0.200001
0.2
0.2
0.2
0.2
0.2
0.2
0.2
0.2
0.2
0.2
0.2
0.2
0.2
0.2
0.2
0.2
0.2
0.2
0.2
0.2
0.2
0.2
0.2
0.2
0.2
0.2
0.2
0.2
0.2
0.2
0.2
0.2
0.2
0.2
0.2
0.2
0.2
0.2
0.2
0.2
0.2
0.2
0.2
0.2
0.2
0.2
0.2
0.2
0.2
0.2
0.2
0.2
0.2
0.2
0.2
0.2
0.2
0.2
0.2
0.2
0.2
0.2
0.2
0.2
0.2
0.2
0.2
0.2
0.2
0.493312
0.491104
0.488515
0.48558
0.482352
0.478891
0.475278
0.471595
0.467916
0.464298
0.460783
0.457396
0.454152
0.451058
0.448113
0.445309
0.442635
0.440075
0.43761
0.435224
0.432903
0.430641
0.428436
0.426293
0.424221
0.422227
0.420307
0.418448
0.416633
0.414845
0.413063
0.411271
0.409458
0.407626
0.405784
0.403945
0.402121
0.400313
0.398509
0.396689
0.394829
0.392905
0.390898
0.388786
0.38654
0.384109
0.381408
0.378298
0.374626
0.370302
0.365342
0.359737
0.353404
0.346243
0.338216
0.32936
0.319761
0.309502
0.298635
0.287175
0.275129
0.262549
0.249651
0.236978
0.225481
0.216183
0.209564
0.205355
0.202893
0.20153
0.2008
0.200416
0.200215
0.200111
0.200057
0.200029
0.200015
0.200008
0.200004
0.200002
0.200001
0.2
0.2
0.2
0.2
0.2
0.2
0.2
0.2
0.2
0.2
0.2
0.2
0.2
0.2
0.2
0.2
0.2
0.2
0.2
0.2
0.2
0.2
0.2
0.2
0.2
0.2
0.2
0.2
0.2
0.2
0.2
0.2
0.2
0.2
0.2
0.2
0.2
0.2
0.2
0.2
0.2
0.2
0.2
0.2
0.2
0.2
0.2
0.2
0.2
0.2
0.2
0.2
0.2
0.2
0.2
0.2
0.2
0.2
0.2
0.2
0.2
0.2
0.2
0.2
0.2
0.2
0.2
0.2
0.2
0.489334
0.48738
0.485108
0.482548
0.47974
0.47673
0.473576
0.470341
0.46708
0.46384
0.460658
0.457557
0.454556
0.451663
0.44888
0.446205
0.443632
0.44115
0.438751
0.436423
0.43416
0.431956
0.429809
0.42772
0.425692
0.423723
0.421811
0.419943
0.418111
0.4163
0.414499
0.412698
0.410892
0.409081
0.407267
0.405455
0.403649
0.401845
0.400036
0.39821
0.396353
0.394453
0.392499
0.390481
0.388386
0.386198
0.383885
0.381394
0.378646
0.375558
0.37206
0.368088
0.363561
0.358392
0.352506
0.345861
0.338441
0.330253
0.321302
0.311577
0.301038
0.289609
0.27719
0.263724
0.249422
0.23516
0.22256
0.213091
0.207021
0.20358
0.201776
0.20087
0.200425
0.200207
0.200101
0.200049
0.200024
0.200012
0.200006
0.200003
0.200001
0.200001
0.2
0.2
0.2
0.2
0.2
0.2
0.2
0.2
0.2
0.2
0.2
0.2
0.2
0.2
0.2
0.2
0.2
0.2
0.2
0.2
0.2
0.2
0.2
0.2
0.2
0.2
0.2
0.2
0.2
0.2
0.2
0.2
0.2
0.2
0.2
0.2
0.2
0.2
0.2
0.2
0.2
0.2
0.2
0.2
0.2
0.2
0.2
0.2
0.2
0.2
0.2
0.2
0.2
0.2
0.2
0.2
0.2
0.2
0.2
0.2
0.2
0.2
0.2
0.2
0.2
0.2
0.2
0.2
0.484974
0.483254
0.48127
0.479045
0.47661
0.474
0.471258
0.468429
0.465557
0.462678
0.459821
0.457009
0.45426
0.451583
0.448983
0.44646
0.444013
0.441637
0.439329
0.437082
0.434892
0.432754
0.430668
0.428633
0.426646
0.424706
0.422808
0.420944
0.419107
0.417288
0.415481
0.413678
0.411878
0.410079
0.40828
0.406482
0.404684
0.402884
0.401077
0.399254
0.397408
0.395533
0.393622
0.391669
0.389671
0.387619
0.385503
0.383304
0.380991
0.378518
0.375832
0.37287
0.369563
0.365834
0.361603
0.3568
0.351364
0.345248
0.338409
0.3308
0.322349
0.31294
0.302374
0.290346
0.276473
0.260561
0.243364
0.227252
0.215008
0.207475
0.203513
0.201609
0.200731
0.200332
0.200151
0.200069
0.200032
0.200015
0.200007
0.200003
0.200001
0.200001
0.2
0.2
0.2
0.2
0.2
0.2
0.2
0.2
0.2
0.2
0.2
0.2
0.2
0.2
0.2
0.2
0.2
0.2
0.2
0.2
0.2
0.2
0.2
0.2
0.2
0.2
0.2
0.2
0.2
0.2
0.2
0.2
0.2
0.2
0.2
0.2
0.2
0.2
0.2
0.2
0.2
0.2
0.2
0.2
0.2
0.2
0.2
0.2
0.2
0.2
0.2
0.2
0.2
0.2
0.2
0.2
0.2
0.2
0.2
0.2
0.2
0.2
0.2
0.2
0.2
0.2
0.2
0.2
0.48016
0.478658
0.476934
0.475009
0.472905
0.47065
0.468274
0.465812
0.463295
0.460752
0.458205
0.455677
0.45318
0.450725
0.448319
0.445963
0.44366
0.44141
0.439211
0.43706
0.434954
0.432892
0.430872
0.428892
0.426951
0.425043
0.423166
0.421313
0.41948
0.417661
0.415853
0.414051
0.412253
0.410457
0.408662
0.406868
0.405071
0.40327
0.40146
0.399637
0.397797
0.395937
0.394055
0.392147
0.390211
0.388244
0.386241
0.384195
0.382092
0.379912
0.377624
0.375192
0.372566
0.369692
0.366505
0.362937
0.358919
0.35438
0.349248
0.343443
0.336861
0.329351
0.320676
0.310444
0.298045
0.282683
0.263911
0.243142
0.224579
0.212013
0.205334
0.202272
0.200958
0.200405
0.200173
0.200074
0.200032
0.200014
0.200006
0.200003
0.200001
0.200001
0.2
0.2
0.2
0.2
0.2
0.2
0.2
0.2
0.2
0.2
0.2
0.2
0.2
0.2
0.2
0.2
0.2
0.2
0.2
0.2
0.2
0.2
0.2
0.2
0.2
0.2
0.2
0.2
0.2
0.2
0.2
0.2
0.2
0.2
0.2
0.2
0.2
0.2
0.2
0.2
0.2
0.2
0.2
0.2
0.2
0.2
0.2
0.2
0.2
0.2
0.2
0.2
0.2
0.2
0.2
0.2
0.2
0.2
0.2
0.2
0.2
0.2
0.2
0.2
0.2
0.2
0.2
0.2
0.474798
0.473496
0.472009
0.470351
0.468541
0.466598
0.464547
0.462411
0.460214
0.457978
0.455721
0.45346
0.451208
0.448972
0.446761
0.444578
0.442429
0.440313
0.438231
0.436183
0.434168
0.432185
0.430232
0.428309
0.426411
0.424536
0.42268
0.420839
0.41901
0.41719
0.415376
0.413566
0.411758
0.40995
0.408141
0.406329
0.404514
0.402691
0.400859
0.399016
0.39716
0.395292
0.393411
0.391516
0.389606
0.38768
0.385736
0.383768
0.381768
0.379724
0.37762
0.375434
0.373138
0.370693
0.368054
0.365168
0.361972
0.358396
0.354354
0.349745
0.344434
0.33823
0.330839
0.321778
0.310266
0.295149
0.275313
0.251563
0.228982
0.213506
0.205607
0.202227
0.20088
0.200351
0.200142
0.200058
0.200024
0.20001
0.200004
0.200002
0.200001
0.2
0.2
0.2
0.2
0.2
0.2
0.2
0.2
0.2
0.2
0.2
0.2
0.2
0.2
0.2
0.2
0.2
0.2
0.2
0.2
0.2
0.2
0.2
0.2
0.2
0.2
0.2
0.2
0.2
0.2
0.2
0.2
0.2
0.2
0.2
0.2
0.2
0.2
0.2
0.2
0.2
0.2
0.2
0.2
0.2
0.2
0.2
0.2
0.2
0.2
0.2
0.2
0.2
0.2
0.2
0.2
0.2
0.2
0.2
0.2
0.2
0.2
0.2
0.2
0.2
0.2
0.2
0.2
0.2
0.468747
0.46763
0.466355
0.464935
0.463383
0.461715
0.459948
0.458098
0.456185
0.454223
0.452228
0.450213
0.448186
0.446157
0.444133
0.442118
0.440117
0.438133
0.436167
0.434219
0.43229
0.43038
0.428486
0.426609
0.424745
0.422891
0.421044
0.419201
0.417361
0.415522
0.413681
0.411836
0.409988
0.408135
0.406275
0.404408
0.402532
0.400647
0.398751
0.396845
0.394929
0.393007
0.391079
0.389146
0.38721
0.38527
0.383323
0.381365
0.379388
0.377382
0.375335
0.37323
0.371045
0.368753
0.36632
0.363703
0.360846
0.357676
0.354102
0.35
0.345197
0.339433
0.332299
0.323129
0.310842
0.293912
0.27121
0.245034
0.222774
0.209622
0.203719
0.201405
0.200535
0.200207
0.200082
0.200033
0.200013
0.200005
0.200002
0.200001
0.2
0.2
0.2
0.2
0.2
0.2
0.2
0.2
0.2
0.2
0.2
0.2
0.2
0.2
0.2
0.2
0.2
0.2
0.2
0.2
0.2
0.2
0.2
0.2
0.2
0.2
0.2
0.2
0.2
0.2
0.2
0.2
0.2
0.2
0.2
0.2
0.2
0.2
0.2
0.2
0.2
0.2
0.2
0.2
0.2
0.2
0.2
0.2
0.2
0.2
0.2
0.2
0.2
0.2
0.2
0.2
0.2
0.2
0.2
0.2
0.2
0.2
0.2
0.2
0.2
0.2
0.2
0.2
0.2
0.2
0.461788
0.460838
0.459753
0.458542
0.457215
0.455784
0.45426
0.452658
0.450988
0.449264
0.447497
0.445695
0.443867
0.44202
0.44016
0.438293
0.436423
0.434552
0.432682
0.430815
0.42895
0.427089
0.42523
0.423372
0.421511
0.419646
0.417774
0.415893
0.414002
0.412098
0.410181
0.408251
0.406306
0.404348
0.402375
0.400387
0.398385
0.396369
0.394341
0.392302
0.390256
0.388205
0.386154
0.384105
0.382059
0.380015
0.377971
0.375921
0.373855
0.371762
0.369626
0.367431
0.365153
0.362765
0.360231
0.357504
0.35452
0.351192
0.3474
0.342967
0.337629
0.330976
0.32235
0.310719
0.294631
0.272916
0.247315
0.224597
0.210553
0.204079
0.201526
0.200572
0.200218
0.200085
0.200033
0.200013
0.200005
0.200002
0.200001
0.2
0.2
0.2
0.2
0.2
0.2
0.2
0.2
0.2
0.2
0.2
0.2
0.2
0.2
0.2
0.2
0.2
0.2
0.2
0.2
0.2
0.2
0.2
0.2
0.2
0.2
0.2
0.2
0.2
0.2
0.2
0.2
0.2
0.2
0.2
0.2
0.2
0.2
0.2
0.2
0.2
0.2
0.2
0.2
0.2
0.2
0.2
0.2
0.2
0.2
0.2
0.2
0.2
0.2
0.2
0.2
0.2
0.2
0.2
0.2
0.2
0.2
0.2
0.2
0.2
0.2
0.2
0.2
0.2
0.2
0.2
0.453545
0.452746
0.451827
0.450796
0.449659
0.448424
0.447102
0.445701
0.44423
0.442698
0.441113
0.439481
0.437809
0.436103
0.434368
0.432609
0.430828
0.429029
0.427212
0.425381
0.423534
0.421672
0.419794
0.417898
0.415982
0.414043
0.41208
0.410091
0.408074
0.406028
0.403954
0.401851
0.399721
0.397565
0.395383
0.393177
0.390948
0.388698
0.386428
0.384142
0.381842
0.379533
0.377216
0.374894
0.372567
0.370231
0.36788
0.365504
0.363089
0.360618
0.358068
0.355414
0.352622
0.349652
0.346449
0.342941
0.339028
0.334565
0.329346
0.323062
0.315255
0.305256
0.292183
0.275222
0.254676
0.233598
0.217019
0.207356
0.202909
0.201114
0.200425
0.200164
0.200064
0.200025
0.20001
0.200004
0.200002
0.200001
0.2
0.2
0.2
0.2
0.2
0.2
0.2
0.2
0.2
0.2
0.2
0.2
0.2
0.2
0.2
0.2
0.2
0.2
0.2
0.2
0.2
0.2
0.2
0.2
0.2
0.2
0.2
0.2
0.2
0.2
0.2
0.2
0.2
0.2
0.2
0.2
0.2
0.2
0.2
0.2
0.2
0.2
0.2
0.2
0.2
0.2
0.2
0.2
0.2
0.2
0.2
0.2
0.2
0.2
0.2
0.2
0.2
0.2
0.2
0.2
0.2
0.2
0.2
0.2
0.2
0.2
0.2
0.2
0.2
0.2
0.2
0.2
0.443331
0.44266
0.441879
0.440991
0.440002
0.438918
0.437746
0.436491
0.435161
0.43376
0.432295
0.430769
0.429189
0.427558
0.42588
0.424158
0.422395
0.420593
0.418754
0.416877
0.414963
0.413013
0.411023
0.408993
0.40692
0.404803
0.402639
0.400427
0.398165
0.395854
0.393495
0.391087
0.388631
0.386128
0.383578
0.38098
0.378335
0.375641
0.372897
0.370102
0.367254
0.364349
0.361381
0.358344
0.355229
0.352023
0.348714
0.345283
0.34171
0.337972
0.334043
0.329891
0.325475
0.32074
0.315608
0.309969
0.303673
0.296517
0.288246
0.278573
0.26726
0.25431
0.240301
0.226658
0.215332
0.207651
0.203406
0.201413
0.200566
0.200224
0.200089
0.200036
0.200014
0.200006
0.200002
0.200001
0.2
0.2
0.2
0.2
0.2
0.2
0.2
0.2
0.2
0.2
0.2
0.2
0.2
0.2
0.2
0.2
0.2
0.2
0.2
0.2
0.2
0.2
0.2
0.2
0.2
0.2
0.2
0.2
0.2
0.2
0.2
0.2
0.2
0.2
0.2
0.2
0.2
0.2
0.2
0.2
0.2
0.2
0.2
0.2
0.2
0.2
0.2
0.2
0.2
0.2
0.2
0.2
0.2
0.2
0.2
0.2
0.2
0.2
0.2
0.2
0.2
0.2
0.2
0.2
0.2
0.2
0.2
0.2
0.2
0.2
0.2
0.2
0.2
0.2
0.429785
0.42921
0.428525
0.427732
0.426834
0.425838
0.424745
0.423561
0.42229
0.420934
0.419497
0.417983
0.416394
0.414733
0.413003
0.411206
0.409343
0.407416
0.405424
0.403369
0.401249
0.399063
0.396811
0.394488
0.392093
0.389622
0.387072
0.384441
0.381724
0.37892
0.376024
0.373031
0.369935
0.366728
0.363398
0.359934
0.356317
0.35253
0.348548
0.344346
0.339895
0.335169
0.330149
0.324832
0.319235
0.313404
0.307403
0.301308
0.295188
0.289094
0.283046
0.277034
0.271022
0.264957
0.258779
0.252433
0.245878
0.239115
0.232208
0.22532
0.218737
0.212846
0.208042
0.204555
0.202337
0.201101
0.200487
0.200207
0.200086
0.200035
0.200015
0.200006
0.200002
0.200001
0.2
0.2
0.2
0.2
0.2
0.2
0.2
0.2
0.2
0.2
0.2
0.2
0.2
0.2
0.2
0.2
0.2
0.2
0.2
0.2
0.2
0.2
0.2
0.2
0.2
0.2
0.2
0.2
0.2
0.2
0.2
0.2
0.2
0.2
0.2
0.2
0.2
0.2
0.2
0.2
0.2
0.2
0.2
0.2
0.2
0.2
0.2
0.2
0.2
0.2
0.2
0.2
0.2
0.2
0.2
0.2
0.2
0.2
0.2
0.2
0.2
0.2
0.2
0.2
0.2
0.2
0.2
0.2
0.2
0.2
0.2
0.2
0.2
0.2
0.2
0.2
0.410033
0.409501
0.408846
0.408073
0.407182
0.406177
0.405058
0.403829
0.402491
0.401046
0.399495
0.39784
0.396081
0.394221
0.392259
0.390197
0.388035
0.385771
0.383404
0.380932
0.378352
0.375659
0.372847
0.369907
0.36683
0.363605
0.360219
0.356656
0.352898
0.348921
0.344697
0.34019
0.335356
0.330147
0.324509
0.318395
0.311778
0.304666
0.297119
0.289265
0.281289
0.273411
0.265845
0.258755
0.252238
0.246326
0.241008
0.236244
0.231981
0.228156
0.224703
0.22156
0.218673
0.215997
0.213504
0.211179
0.209023
0.207052
0.205294
0.203782
0.202547
0.201602
0.200935
0.200505
0.200254
0.20012
0.200054
0.200024
0.20001
0.200004
0.200002
0.200001
0.2
0.2
0.2
0.2
0.2
0.2
0.2
0.2
0.2
0.2
0.2
0.2
0.2
0.2
0.2
0.2
0.2
0.2
0.2
0.2
0.2
0.2
0.2
0.2
0.2
0.2
0.2
0.2
0.2
0.2
0.2
0.2
0.2
0.2
0.2
0.2
0.2
0.2
0.2
0.2
0.2
0.2
0.2
0.2
0.2
0.2
0.2
0.2
0.2
0.2
0.2
0.2
0.2
0.2
0.2
0.2
0.2
0.2
0.2
0.2
0.2
0.2
0.2
0.2
0.2
0.2
0.2
0.2
0.2
0.2
0.2
0.2
0.2
0.2
0.2
0.2
0.2
0.2
0.377549
0.376961
0.376226
0.375346
0.374318
0.373144
0.371821
0.370351
0.368732
0.366962
0.365041
0.362967
0.360737
0.358349
0.355797
0.353079
0.350186
0.347112
0.343844
0.340371
0.336676
0.332738
0.328533
0.324033
0.319207
0.314023
0.308448
0.302458
0.296041
0.289206
0.281998
0.274499
0.26684
0.259187
0.251725
0.244632
0.238058
0.232107
0.226842
0.222283
0.218417
0.215197
0.212555
0.210407
0.208667
0.207256
0.206105
0.205158
0.204371
0.203707
0.20314
0.202648
0.202215
0.201831
0.20149
0.201186
0.200919
0.200688
0.200495
0.200339
0.20022
0.200134
0.200076
0.200041
0.200021
0.20001
0.200005
0.200002
0.200001
0.2
0.2
0.2
0.2
0.2
0.2
0.2
0.2
0.2
0.2
0.2
0.2
0.2
0.2
0.2
0.2
0.2
0.2
0.2
0.2
0.2
0.2
0.2
0.2
0.2
0.2
0.2
0.2
0.2
0.2
0.2
0.2
0.2
0.2
0.2
0.2
0.2
0.2
0.2
0.2
0.2
0.2
0.2
0.2
0.2
0.2
0.2
0.2
0.2
0.2
0.2
0.2
0.2
0.2
0.2
0.2
0.2
0.2
0.2
0.2
0.2
0.2
0.2
0.2
0.2
0.2
0.2
0.2
0.2
0.2
0.2
0.2
0.2
0.2
0.2
0.2
0.2
0.2
0.2
0.2
0.2
0.318356
0.317572
0.316601
0.315436
0.314071
0.312502
0.310726
0.308739
0.306538
0.304119
0.30148
0.298616
0.295526
0.292206
0.288656
0.284877
0.280872
0.276647
0.272214
0.26759
0.262797
0.257868
0.252843
0.247774
0.24272
0.237747
0.232929
0.228339
0.224046
0.22011
0.216579
0.213482
0.210826
0.2086
0.206773
0.2053
0.204131
0.203214
0.202501
0.201951
0.20153
0.201208
0.200963
0.200774
0.20063
0.200517
0.200428
0.200356
0.200298
0.20025
0.200209
0.200174
0.200144
0.200117
0.200094
0.200073
0.200056
0.200041
0.200029
0.200019
0.200012
0.200007
0.200004
0.200002
0.200001
0.200001
0.2
0.2
0.2
0.2
0.2
0.2
0.2
0.2
0.2
0.2
0.2
0.2
0.2
0.2
0.2
0.2
0.2
0.2
0.2
0.2
0.2
0.2
0.2
0.2
0.2
0.2
0.2
0.2
0.2
0.2
0.2
0.2
0.2
0.2
0.2
0.2
0.2
0.2
0.2
0.2
0.2
0.2
0.2
0.2
0.2
0.2
0.2
0.2
0.2
0.2
0.2
0.2
0.2
0.2
0.2
0.2
0.2
0.2
0.2
0.2
0.2
0.2
0.2
0.2
0.2
0.2
0.2
0.2
0.2
0.2
0.2
0.2
0.2
0.2
0.2
0.2
0.2
0.2
0.2
0.2
0.2
0.2
0.2
0.2
0.234615
0.234054
0.233369
0.232557
0.231618
0.230557
0.229381
0.228099
0.22672
0.225257
0.223723
0.222131
0.220499
0.218843
0.217182
0.215534
0.213917
0.212351
0.210851
0.209434
0.208113
0.206897
0.205795
0.204811
0.203946
0.203196
0.202558
0.202023
0.201581
0.201222
0.200936
0.20071
0.200535
0.200401
0.200299
0.200223
0.200167
0.200125
0.200094
0.200071
0.200054
0.200042
0.200032
0.200026
0.200021
0.200017
0.200014
0.200011
0.200009
0.200008
0.200006
0.200005
0.200004
0.200004
0.200003
0.200002
0.200002
0.200001
0.200001
0.200001
0.2
0.2
0.2
0.2
0.2
0.2
0.2
0.2
0.2
0.2
0.2
0.2
0.2
0.2
0.2
0.2
0.2
0.2
0.2
0.2
0.2
0.2
0.2
0.2
0.2
0.2
0.2
0.2
0.2
0.2
0.2
0.2
0.2
0.2
0.2
0.2
0.2
0.2
0.2
0.2
0.2
0.2
0.2
0.2
0.2
0.2
0.2
0.2
0.2
0.2
0.2
0.2
0.2
0.2
0.2
0.2
0.2
0.2
0.2
0.2
0.2
0.2
0.2
0.2
0.2
0.2
0.2
0.2
0.2
0.2
0.2
0.2
0.2
0.2
0.2
0.2
0.2
0.2
0.2
0.2
0.2
0.2
0.2
0.2
0.2
0.2
0.2
0.2
0.2
0.2
)
;

boundaryField
{
    left
    {
        type            fixedValue;
        value           uniform 0;
    }
    right
    {
        type            fixedValue;
        value           uniform 0;
    }
    up
    {
        type            fixedValue;
        value           uniform 0;
    }
    down
    {
        type            fixedValue;
        value           uniform 0;
    }
    front
    {
        type            fixedValue;
        value           uniform 0;
    }
    back
    {
        type            fixedValue;
        value           uniform 0;
    }
}


// ************************************************************************* //
