/*--------------------------------*- C++ -*----------------------------------*\
| =========                 |                                                 |
| \\      /  F ield         | OpenFOAM: The Open Source CFD Toolbox           |
|  \\    /   O peration     | Version:  2.1.0                                 |
|   \\  /    A nd           | Web:      www.OpenFOAM.org                      |
|    \\/     M anipulation  |                                                 |
\*---------------------------------------------------------------------------*/
FoamFile
{
    version     2.0;
    format      ascii;
    class       volScalarField;
    location    "28105";
    object      kr_o;
}
// * * * * * * * * * * * * * * * * * * * * * * * * * * * * * * * * * * * * * //

dimensions      [0 0 0 0 0 0 0];

internalField   nonuniform List<scalar> 
8000
(
0.0144766
0.0180337
0.0229859
0.0290069
0.035842
0.0432872
0.0511767
0.0593758
0.0677767
0.0762746
0.0847625
0.0931498
0.10137
0.109378
0.117153
0.124685
0.131972
0.139025
0.145866
0.15252
0.159019
0.165395
0.171686
0.177934
0.184191
0.190516
0.196987
0.203704
0.210801
0.218463
0.226962
0.236714
0.248402
0.263223
0.283454
0.31361
0.361808
0.436623
0.520096
0.557593
0.0180333
0.0215922
0.0264933
0.0324307
0.0391676
0.0465177
0.0543274
0.0624699
0.0708387
0.0793195
0.087801
0.0961904
0.104419
0.112442
0.120235
0.127788
0.135095
0.142169
0.14903
0.155703
0.162216
0.1686
0.174888
0.18112
0.187341
0.193608
0.199994
0.206595
0.213546
0.221037
0.229346
0.238901
0.250403
0.265075
0.285249
0.315542
0.364176
0.439319
0.521675
0.557838
0.0229855
0.0264933
0.0312873
0.0370876
0.0436822
0.0509017
0.0586069
0.0666816
0.0750129
0.0834758
0.0919537
0.10035
0.108592
0.116632
0.124444
0.132014
0.139335
0.146421
0.153291
0.159966
0.166472
0.172834
0.179081
0.185244
0.191364
0.197491
0.203691
0.21006
0.216734
0.223911
0.231887
0.241109
0.252301
0.266715
0.28673
0.317054
0.36599
0.441344
0.52284
0.558019
0.0290067
0.0324305
0.0370875
0.0427315
0.0491719
0.056259
0.0638697
0.0718942
0.0802056
0.0886719
0.0971694
0.105594
0.113869
0.121943
0.129785
0.137376
0.144715
0.151816
0.158695
0.165371
0.171863
0.178191
0.184375
0.190439
0.196411
0.202331
0.208256
0.214277
0.220534
0.22724
0.234715
0.243445
0.254183
0.268217
0.287973
0.318235
0.367381
0.442898
0.523736
0.558161
0.0358419
0.0391674
0.0436821
0.0491719
0.0554713
0.0624516
0.0700057
0.0780159
0.0863493
0.0948672
0.103435
0.111936
0.120284
0.128423
0.136317
0.143949
0.151326
0.158461
0.165368
0.172063
0.178558
0.184865
0.190995
0.196955
0.202759
0.208426
0.214
0.219558
0.22524
0.231281
0.238046
0.246078
0.256187
0.269702
0.289094
0.319224
0.368535
0.444228
0.52453
0.558291
0.0432871
0.0465176
0.0509017
0.056259
0.0624515
0.0693733
0.0769193
0.0849724
0.0934011
0.102059
0.11079
0.119451
0.127941
0.136196
0.144181
0.151896
0.159352
0.166563
0.173544
0.180306
0.186856
0.193196
0.19932
0.205219
0.210878
0.216289
0.221458
0.226439
0.23136
0.236479
0.242234
0.249285
0.258529
0.27135
0.290271
0.320223
0.369713
0.445642
0.525418
0.558442
0.0511766
0.0543273
0.0586068
0.0638697
0.0700057
0.0769193
0.0845174
0.0926989
0.101343
0.110296
0.11936
0.128325
0.137062
0.145509
0.153659
0.161529
0.169138
0.176507
0.18365
0.190579
0.197292
0.203782
0.210024
0.215982
0.221604
0.226828
0.2316
0.235905
0.239831
0.243651
0.247921
0.253539
0.261558
0.273442
0.29176
0.321512
0.371256
0.447523
0.526623
0.558645
0.0593757
0.0624698
0.0666816
0.0718942
0.0780158
0.0849724
0.0926989
0.101131
0.110185
0.119718
0.129452
0.138966
0.148112
0.156885
0.165323
0.173472
0.181368
0.189044
0.19652
0.203808
0.210904
0.217788
0.224418
0.23072
0.236587
0.241871
0.246395
0.249999
0.252629
0.254519
0.256405
0.259741
0.265889
0.276423
0.293936
0.323469
0.373593
0.450311
0.528366
0.558928
0.0677767
0.0708386
0.0750128
0.0802056
0.0863492
0.0934011
0.101343
0.110185
0.119955
0.130639
0.141878
0.15239
0.16223
0.171562
0.180517
0.189188
0.197646
0.205944
0.214119
0.222192
0.230166
0.238015
0.245679
0.253039
0.259905
0.265987
0.270877
0.274061
0.275049
0.273738
0.271058
0.269967
0.272711
0.281015
0.297322
0.326576
0.377228
0.454472
0.530827
0.559305
0.0762746
0.0793194
0.0834757
0.0886718
0.0948671
0.102059
0.110296
0.119718
0.130639
0.143742
0.159988
0.172412
0.183531
0.193982
0.204061
0.213953
0.223795
0.233695
0.243749
0.254032
0.264599
0.275476
0.286641
0.297974
0.309182
0.31967
0.328373
0.333565
0.33282
0.323747
0.306744
0.291002
0.284739
0.288378
0.302571
0.331361
0.382665
0.460405
0.534073
0.559765
0.0847624
0.0878009
0.0919536
0.0971693
0.103435
0.11079
0.11936
0.129452
0.141878
0.159989
0.504138
0.517785
0.513745
0.512234
0.512394
0.513616
0.515563
0.518012
0.520799
0.523787
0.526859
0.529898
0.532788
0.535396
0.537558
0.53904
0.539441
0.537895
0.532021
0.51374
0.314868
0.301421
0.29463
0.296462
0.309347
0.338025
0.390226
0.468301
0.537998
0.560275
0.0931497
0.0961903
0.10035
0.105594
0.111936
0.119451
0.128325
0.138966
0.15239
0.172412
0.517785
0.559468
0.560476
0.560264
0.56018
0.560205
0.560307
0.560456
0.560634
0.560823
0.56101
0.561186
0.561343
0.561473
0.561569
0.561621
0.561608
0.561481
0.561095
0.560054
0.323962
0.310429
0.303692
0.304922
0.317382
0.346574
0.400008
0.47805
0.542317
0.560785
0.10137
0.104419
0.108591
0.113869
0.120284
0.127941
0.137062
0.148112
0.16223
0.183531
0.513745
0.560476
0.562401
0.562439
0.562434
0.562433
0.562435
0.56244
0.562445
0.562452
0.562458
0.562463
0.562468
0.562472
0.562475
0.562476
0.562475
0.562471
0.562459
0.562434
0.333759
0.319436
0.312721
0.313891
0.326624
0.356996
0.411956
0.489234
0.546652
0.561246
0.109378
0.112442
0.116632
0.121943
0.128423
0.136196
0.145509
0.156885
0.171562
0.193982
0.512234
0.560264
0.562439
0.562497
0.562499
0.562498
0.562498
0.562499
0.562499
0.562499
0.562499
0.562499
0.562499
0.562499
0.562499
0.562499
0.562499
0.562499
0.562499
0.562499
0.344261
0.328882
0.322149
0.323591
0.337168
0.369292
0.425858
0.501196
0.550639
0.561628
0.117153
0.120235
0.124444
0.129785
0.136317
0.144181
0.153659
0.165323
0.180517
0.204061
0.512393
0.56018
0.562434
0.562499
0.5625
0.5625
0.5625
0.5625
0.5625
0.5625
0.5625
0.5625
0.5625
0.5625
0.5625
0.5625
0.5625
0.5625
0.5625
0.5625
0.355532
0.339012
0.332278
0.334273
0.349175
0.383411
0.441339
0.513147
0.554022
0.56192
0.124685
0.127788
0.132014
0.137376
0.143949
0.151896
0.161529
0.173472
0.189188
0.213954
0.513616
0.560205
0.562433
0.562498
0.5625
0.5625
0.5625
0.5625
0.5625
0.5625
0.5625
0.5625
0.5625
0.5625
0.5625
0.5625
0.5625
0.5625
0.5625
0.5625
0.367687
0.350037
0.343379
0.346193
0.362802
0.399121
0.457827
0.524325
0.556692
0.56213
0.131972
0.135095
0.139335
0.144715
0.151326
0.159352
0.169138
0.181368
0.197646
0.223795
0.515563
0.560306
0.562435
0.562498
0.5625
0.5625
0.5625
0.5625
0.5625
0.5625
0.5625
0.5625
0.5625
0.5625
0.5625
0.5625
0.5625
0.5625
0.5625
0.5625
0.380847
0.362165
0.355707
0.359581
0.378084
0.415941
0.474573
0.53414
0.558668
0.562272
0.139025
0.142169
0.146421
0.151816
0.158461
0.166563
0.176507
0.189044
0.205944
0.233696
0.518012
0.560456
0.56244
0.562499
0.5625
0.5625
0.5625
0.5625
0.5625
0.5625
0.5625
0.5625
0.5625
0.5625
0.5625
0.5625
0.5625
0.5625
0.5625
0.5625
0.39508
0.375562
0.369459
0.374551
0.394791
0.433492
0.490759
0.542259
0.560051
0.562363
0.145866
0.14903
0.153291
0.158695
0.165368
0.173544
0.18365
0.19652
0.214119
0.243749
0.520798
0.560634
0.562445
0.562499
0.5625
0.5625
0.5625
0.5625
0.5625
0.5625
0.5625
0.5625
0.5625
0.5625
0.5625
0.5625
0.5625
0.5625
0.5625
0.5625
0.4103
0.390265
0.384675
0.390959
0.412257
0.451243
0.505657
0.548598
0.560975
0.562419
0.15252
0.155703
0.159966
0.165371
0.172063
0.180306
0.190579
0.203808
0.222192
0.254033
0.523787
0.560823
0.562452
0.562499
0.5625
0.5625
0.5625
0.5625
0.5625
0.5625
0.5625
0.5625
0.5625
0.5625
0.5625
0.5625
0.5625
0.5625
0.5625
0.5625
0.426208
0.406055
0.401088
0.408236
0.429855
0.46856
0.518789
0.55327
0.561569
0.562453
0.159019
0.162216
0.166472
0.171863
0.178558
0.186856
0.197292
0.210904
0.230166
0.2646
0.526859
0.56101
0.562458
0.562499
0.5625
0.5625
0.5625
0.5625
0.5625
0.5625
0.5625
0.5625
0.5625
0.5625
0.5625
0.5625
0.5625
0.5625
0.5625
0.5625
0.442589
0.422454
0.41804
0.425608
0.447262
0.484866
0.52994
0.556532
0.561937
0.562473
0.165395
0.1686
0.172834
0.178191
0.184865
0.193196
0.203782
0.217788
0.238015
0.275477
0.529898
0.561186
0.562463
0.562499
0.5625
0.5625
0.5625
0.5625
0.5625
0.5625
0.5625
0.5625
0.5625
0.5625
0.5625
0.5625
0.5625
0.5625
0.5625
0.5625
0.459151
0.439239
0.435133
0.442814
0.464097
0.499771
0.539078
0.558708
0.562161
0.562484
0.171686
0.174889
0.179081
0.184375
0.190995
0.19932
0.210024
0.224418
0.245679
0.286641
0.532788
0.561343
0.562468
0.562499
0.5625
0.5625
0.5625
0.5625
0.5625
0.5625
0.5625
0.5625
0.5625
0.5625
0.5625
0.5625
0.5625
0.5625
0.5625
0.5625
0.475434
0.456114
0.452115
0.459581
0.480036
0.513094
0.546254
0.560112
0.562295
0.562491
0.177934
0.18112
0.185244
0.190439
0.196955
0.205219
0.215982
0.23072
0.253039
0.297974
0.535396
0.561473
0.562472
0.562499
0.5625
0.5625
0.5625
0.5625
0.5625
0.5625
0.5625
0.5625
0.5625
0.5625
0.5625
0.5625
0.5625
0.5625
0.5625
0.5625
0.490993
0.472717
0.468713
0.475697
0.49492
0.524789
0.551603
0.560998
0.562374
0.562495
0.184191
0.187341
0.191364
0.196411
0.202759
0.210878
0.221604
0.236587
0.259905
0.309182
0.537558
0.561569
0.562475
0.562499
0.5625
0.5625
0.5625
0.5625
0.5625
0.5625
0.5625
0.5625
0.5625
0.5625
0.5625
0.5625
0.5625
0.5625
0.5625
0.5625
0.505573
0.488806
0.484788
0.491108
0.508727
0.534827
0.555379
0.56155
0.562421
0.562497
0.190516
0.193608
0.197491
0.202331
0.208427
0.216289
0.226828
0.241871
0.265987
0.31967
0.53904
0.561621
0.562476
0.562499
0.5625
0.5625
0.5625
0.5625
0.5625
0.5625
0.5625
0.5625
0.5625
0.5625
0.5625
0.5625
0.5625
0.5625
0.5625
0.5625
0.519158
0.504361
0.500406
0.505899
0.521472
0.543159
0.557932
0.561893
0.562449
0.562498
0.196988
0.199994
0.203691
0.208256
0.214
0.221459
0.2316
0.246396
0.270877
0.328373
0.539441
0.561608
0.562475
0.562499
0.5625
0.5625
0.5625
0.5625
0.5625
0.5625
0.5625
0.5625
0.5625
0.5625
0.5625
0.5625
0.5625
0.5625
0.5625
0.5625
0.531793
0.51948
0.515701
0.52013
0.533056
0.549749
0.55962
0.562109
0.562466
0.562499
0.203704
0.206595
0.21006
0.214277
0.219558
0.226439
0.235905
0.249999
0.274061
0.333565
0.537895
0.561481
0.562471
0.562499
0.5625
0.5625
0.5625
0.5625
0.5625
0.5625
0.5625
0.5625
0.5625
0.5625
0.5625
0.5625
0.5625
0.5625
0.5625
0.5625
0.543191
0.53395
0.530502
0.533546
0.543159
0.55465
0.560727
0.562247
0.562477
0.562499
0.210801
0.213547
0.216734
0.220534
0.22524
0.23136
0.239831
0.252629
0.275049
0.33282
0.532021
0.561095
0.562459
0.562499
0.5625
0.5625
0.5625
0.5625
0.5625
0.5625
0.5625
0.5625
0.5625
0.5625
0.5625
0.5625
0.5625
0.5625
0.5625
0.5625
0.552422
0.546638
0.54378
0.545274
0.551251
0.558043
0.561448
0.562338
0.562484
0.562499
0.218463
0.221037
0.223912
0.22724
0.231281
0.236479
0.243651
0.254519
0.273738
0.323747
0.51374
0.560054
0.562434
0.562499
0.5625
0.5625
0.5625
0.5625
0.5625
0.5625
0.5625
0.5625
0.5625
0.5625
0.5625
0.5625
0.5625
0.5625
0.5625
0.5625
0.558467
0.555675
0.553704
0.553995
0.556866
0.560199
0.561911
0.5624
0.562489
0.562499
0.226962
0.229346
0.231887
0.234715
0.238046
0.242235
0.247921
0.256405
0.271058
0.306744
0.314869
0.323962
0.333759
0.344261
0.355532
0.367686
0.380847
0.395079
0.4103
0.426207
0.442589
0.459151
0.475434
0.490992
0.505572
0.519157
0.531793
0.543191
0.552422
0.558467
0.560786
0.560228
0.559245
0.559067
0.560085
0.561433
0.562195
0.56244
0.562492
0.5625
0.236714
0.238902
0.241109
0.243445
0.246078
0.249285
0.253539
0.259742
0.269967
0.291002
0.301421
0.310429
0.319436
0.328882
0.339012
0.350036
0.362165
0.375562
0.390265
0.406055
0.422453
0.439239
0.456113
0.472717
0.488806
0.504361
0.51948
0.533949
0.546638
0.555674
0.560228
0.561436
0.561409
0.561316
0.561598
0.562056
0.562349
0.562464
0.562495
0.5625
0.248402
0.250403
0.252301
0.254183
0.256187
0.258529
0.261558
0.265889
0.272712
0.284739
0.29463
0.303692
0.312721
0.322149
0.332278
0.343379
0.355707
0.369458
0.384674
0.401088
0.418039
0.435133
0.452115
0.468712
0.484788
0.500405
0.515701
0.530501
0.543779
0.553704
0.559245
0.561409
0.561991
0.562098
0.562188
0.56232
0.562426
0.562479
0.562496
0.5625
0.263223
0.265076
0.266715
0.268217
0.269702
0.27135
0.273443
0.276423
0.281015
0.288378
0.296462
0.304922
0.313891
0.323591
0.334273
0.346193
0.359581
0.374551
0.390959
0.408236
0.425608
0.442814
0.459581
0.475696
0.491108
0.505899
0.520129
0.533545
0.545274
0.553994
0.559067
0.561316
0.562098
0.562315
0.56238
0.562426
0.562464
0.562488
0.562497
0.5625
0.283454
0.285249
0.286731
0.287973
0.289095
0.290271
0.291761
0.293936
0.297322
0.302571
0.309348
0.317382
0.326624
0.337168
0.349175
0.362801
0.378084
0.39479
0.412257
0.429855
0.447262
0.464096
0.480036
0.494919
0.508727
0.521472
0.533055
0.543159
0.551251
0.556865
0.560084
0.561598
0.562188
0.56238
0.562441
0.562466
0.562482
0.562493
0.562498
0.5625
0.31361
0.315542
0.317054
0.318236
0.319225
0.320223
0.321512
0.323469
0.326576
0.331361
0.338025
0.346574
0.356996
0.369292
0.383411
0.399121
0.415941
0.433492
0.451242
0.468559
0.484866
0.49977
0.513094
0.524789
0.534827
0.543159
0.549748
0.55465
0.558043
0.560198
0.561432
0.562056
0.56232
0.562426
0.562466
0.562482
0.56249
0.562496
0.562499
0.5625
0.361808
0.364176
0.36599
0.367381
0.368536
0.369714
0.371256
0.373593
0.377228
0.382665
0.390226
0.400008
0.411956
0.425858
0.441339
0.457827
0.474573
0.490758
0.505657
0.518788
0.52994
0.539078
0.546254
0.551603
0.555378
0.557932
0.55962
0.560727
0.561448
0.561911
0.562195
0.562349
0.562426
0.562464
0.562482
0.56249
0.562495
0.562497
0.562499
0.5625
0.436624
0.439319
0.441344
0.442898
0.444228
0.445642
0.447523
0.450311
0.454472
0.460405
0.468301
0.47805
0.489234
0.501195
0.513147
0.524324
0.53414
0.542259
0.548597
0.55327
0.556532
0.558708
0.560112
0.560998
0.56155
0.561893
0.562109
0.562247
0.562338
0.5624
0.56244
0.562464
0.562479
0.562488
0.562493
0.562496
0.562497
0.562498
0.562499
0.5625
0.520096
0.521675
0.52284
0.523736
0.52453
0.525418
0.526623
0.528366
0.530827
0.534073
0.537998
0.542317
0.546652
0.550639
0.554022
0.556692
0.558668
0.560051
0.560975
0.561569
0.561937
0.562161
0.562295
0.562374
0.562421
0.562449
0.562466
0.562477
0.562484
0.562489
0.562492
0.562495
0.562496
0.562497
0.562498
0.562499
0.562499
0.562499
0.5625
0.5625
0.557593
0.557838
0.558019
0.558161
0.558291
0.558442
0.558645
0.558928
0.559305
0.559765
0.560275
0.560784
0.561246
0.561628
0.56192
0.56213
0.562272
0.562363
0.562419
0.562453
0.562473
0.562484
0.562491
0.562495
0.562497
0.562498
0.562499
0.562499
0.562499
0.562499
0.5625
0.5625
0.5625
0.5625
0.5625
0.5625
0.5625
0.5625
0.5625
0.5625
0.00368913
0.00608367
0.009949
0.0150985
0.021263
0.0281795
0.0356228
0.0434027
0.0513648
0.0593888
0.0673878
0.0752879
0.0830228
0.0905453
0.0978294
0.104867
0.111668
0.118244
0.124609
0.130786
0.136799
0.142676
0.148451
0.154157
0.159837
0.165539
0.171324
0.177268
0.183466
0.190047
0.197182
0.205106
0.214151
0.224792
0.23777
0.254562
0.279682
0.327952
0.426052
0.53492
0.00608301
0.00878915
0.0128656
0.0181078
0.0242851
0.0311745
0.0385751
0.0463136
0.0542452
0.0622552
0.0702568
0.0781666
0.0859143
0.0934511
0.10075
0.107804
0.114622
0.121212
0.127587
0.133769
0.13978
0.145647
0.151398
0.157064
0.162684
0.168302
0.173975
0.179776
0.185804
0.192189
0.199108
0.206809
0.215634
0.226069
0.238863
0.255491
0.280497
0.328896
0.427415
0.535544
0.00994846
0.0128658
0.0170645
0.0223352
0.0284759
0.0352965
0.0426213
0.0502947
0.0581829
0.0661773
0.0741815
0.0821007
0.0898594
0.0974067
0.104715
0.111779
0.118604
0.125194
0.131563
0.137729
0.143713
0.149534
0.155218
0.16079
0.166283
0.171736
0.177202
0.182753
0.188492
0.194559
0.201146
0.208518
0.217036
0.227203
0.23977
0.256207
0.28106
0.329504
0.428323
0.535973
0.0150987
0.0181077
0.022335
0.0275737
0.0336418
0.0403725
0.0476133
0.0552252
0.0630857
0.0710863
0.0791116
0.0870555
0.0948364
0.102401
0.109724
0.116803
0.123631
0.130217
0.136573
0.142713
0.148653
0.154408
0.159995
0.165432
0.170744
0.175961
0.181131
0.186325
0.191651
0.197263
0.203382
0.210302
0.218413
0.228238
0.240534
0.256753
0.281433
0.329875
0.428941
0.536289
0.0212631
0.0242848
0.0284757
0.0336417
0.0396177
0.0462579
0.0534299
0.0610116
0.0688909
0.0769422
0.0850304
0.093035
0.100867
0.108473
0.115832
0.122934
0.129776
0.136366
0.142714
0.148832
0.154728
0.160413
0.165892
0.171174
0.176269
0.181195
0.185988
0.190714
0.195487
0.200483
0.205963
0.212276
0.219854
0.229248
0.241221
0.2572
0.281699
0.330143
0.429484
0.536595
0.0281795
0.0311742
0.0352962
0.0403724
0.0462579
0.052828
0.0599716
0.0675871
0.0755575
0.0837366
0.0919655
0.100098
0.108035
0.115727
0.123155
0.130307
0.137187
0.143804
0.150169
0.156287
0.162163
0.167798
0.173185
0.178319
0.183188
0.187791
0.192141
0.196289
0.200346
0.204518
0.209128
0.21462
0.221498
0.230347
0.241932
0.257645
0.281973
0.330479
0.430223
0.537018
0.0356228
0.0385748
0.0426211
0.0476132
0.0534299
0.0599716
0.0671559
0.0748932
0.0830625
0.0915043
0.100018
0.108399
0.116535
0.124385
0.13193
0.139177
0.14614
0.15283
0.159258
0.165428
0.171338
0.176979
0.182331
0.187366
0.192048
0.196339
0.200212
0.203678
0.206828
0.209888
0.21328
0.217632
0.223564
0.231705
0.242811
0.258221
0.282396
0.331094
0.43148
0.537698
0.0434026
0.0463134
0.0502947
0.0552252
0.0610116
0.0675872
0.0748932
0.0828618
0.0914002
0.100354
0.109449
0.118296
0.12678
0.134881
0.142623
0.15004
0.157158
0.164
0.170579
0.176897
0.182947
0.188709
0.194148
0.199211
0.203825
0.2079
0.211338
0.214061
0.216081
0.217605
0.219184
0.221842
0.226411
0.233578
0.244057
0.259098
0.283141
0.332233
0.433616
0.538774
0.0513647
0.0542451
0.0581829
0.0630858
0.068891
0.0755576
0.0830625
0.0914002
0.100576
0.110551
0.12098
0.130695
0.139732
0.148229
0.156295
0.164007
0.171418
0.178564
0.185464
0.192126
0.198538
0.204672
0.210475
0.215865
0.220724
0.224885
0.22813
0.230202
0.230873
0.230147
0.228659
0.228372
0.230682
0.236353
0.245933
0.260474
0.284398
0.334158
0.437005
0.54035
0.0593888
0.0622552
0.0661774
0.0710864
0.0769423
0.0837368
0.0915044
0.100355
0.110551
0.122692
0.137579
0.148829
0.158753
0.167925
0.176603
0.184931
0.193006
0.200889
0.208622
0.216226
0.223701
0.231021
0.23812
0.244883
0.25112
0.256544
0.260724
0.263005
0.262411
0.257762
0.248873
0.240591
0.237759
0.240631
0.24875
0.262547
0.28635
0.337131
0.441991
0.542462
0.0673877
0.0702568
0.0741816
0.0791118
0.0850305
0.0919657
0.100018
0.109449
0.12098
0.137579
0.488471
0.502612
0.495799
0.492068
0.4904
0.49004
0.490581
0.491769
0.493418
0.49538
0.497521
0.499709
0.501797
0.503603
0.504875
0.50522
0.503914
0.499353
0.487088
0.452663
0.254924
0.246893
0.243589
0.245258
0.252265
0.265314
0.289105
0.341368
0.448833
0.545047
0.0752879
0.0781667
0.0821009
0.0870556
0.0930351
0.100098
0.108399
0.118297
0.130695
0.148829
0.502612
0.557323
0.558865
0.558309
0.557943
0.557762
0.55772
0.55778
0.557912
0.558092
0.558298
0.558509
0.558706
0.558868
0.558965
0.558956
0.558758
0.558185
0.556729
0.552959
0.261475
0.252311
0.248857
0.249967
0.256225
0.268647
0.292676
0.34703
0.457646
0.547938
0.0830227
0.0859144
0.0898596
0.0948366
0.100867
0.108035
0.116535
0.12678
0.139732
0.158753
0.495799
0.558865
0.562288
0.562361
0.562342
0.562329
0.562324
0.562324
0.562328
0.562335
0.562344
0.562353
0.562361
0.562368
0.562372
0.562372
0.562363
0.56234
0.562286
0.562172
0.268002
0.257544
0.253944
0.254735
0.260461
0.272395
0.297033
0.354263
0.468365
0.550904
0.0905453
0.0934513
0.0974068
0.102402
0.108473
0.115727
0.124385
0.134881
0.148229
0.167925
0.492068
0.558309
0.562361
0.562493
0.562496
0.562495
0.562495
0.562495
0.562495
0.562495
0.562496
0.562496
0.562496
0.562496
0.562496
0.562496
0.562496
0.562496
0.562494
0.562492
0.274537
0.262775
0.259001
0.259556
0.264852
0.276441
0.302176
0.363253
0.480701
0.553702
0.0978294
0.10075
0.104715
0.109725
0.115832
0.123155
0.13193
0.142623
0.156295
0.176603
0.4904
0.557943
0.562342
0.562496
0.5625
0.5625
0.5625
0.5625
0.5625
0.5625
0.5625
0.5625
0.5625
0.5625
0.5625
0.5625
0.5625
0.5625
0.5625
0.5625
0.281077
0.268047
0.264072
0.264396
0.269296
0.280729
0.308162
0.374257
0.4941
0.556138
0.104867
0.107804
0.111779
0.116803
0.122934
0.130307
0.139177
0.15004
0.164007
0.184932
0.490039
0.557762
0.562329
0.562495
0.5625
0.5625
0.5625
0.5625
0.5625
0.5625
0.5625
0.5625
0.5625
0.5625
0.5625
0.5625
0.5625
0.5625
0.5625
0.5625
0.287606
0.273353
0.26914
0.269201
0.273713
0.285341
0.315121
0.387609
0.507755
0.558106
0.111668
0.114622
0.118604
0.123631
0.129776
0.137187
0.14614
0.157158
0.171418
0.193006
0.490581
0.55772
0.562324
0.562495
0.5625
0.5625
0.5625
0.5625
0.5625
0.5625
0.5625
0.5625
0.5625
0.5625
0.5625
0.5625
0.5625
0.5625
0.5625
0.5625
0.294109
0.278659
0.274155
0.273898
0.278073
0.290513
0.323262
0.403641
0.520721
0.559588
0.118244
0.121212
0.125194
0.130217
0.136366
0.143805
0.15283
0.164001
0.178564
0.200889
0.491769
0.55778
0.562324
0.562495
0.5625
0.5625
0.5625
0.5625
0.5625
0.5625
0.5625
0.5625
0.5625
0.5625
0.5625
0.5625
0.5625
0.5625
0.5625
0.5625
0.30059
0.283932
0.279063
0.278444
0.282462
0.296358
0.332887
0.422497
0.532133
0.560637
0.12461
0.127587
0.131563
0.136573
0.142714
0.150169
0.159258
0.170579
0.185464
0.208622
0.493418
0.557912
0.562328
0.562495
0.5625
0.5625
0.5625
0.5625
0.5625
0.5625
0.5625
0.5625
0.5625
0.5625
0.5625
0.5625
0.5625
0.5625
0.5625
0.5625
0.30712
0.289178
0.283852
0.282885
0.287232
0.303037
0.344425
0.443819
0.541429
0.561341
0.130786
0.133769
0.137729
0.142713
0.148832
0.156287
0.165428
0.176897
0.192126
0.216226
0.495379
0.558092
0.562335
0.562495
0.5625
0.5625
0.5625
0.5625
0.5625
0.5625
0.5625
0.5625
0.5625
0.5625
0.5625
0.5625
0.5625
0.5625
0.5625
0.5625
0.313881
0.294524
0.288645
0.287518
0.292721
0.310794
0.358424
0.466462
0.54845
0.561793
0.136799
0.13978
0.143713
0.148653
0.154728
0.162163
0.171338
0.182947
0.198538
0.223702
0.497521
0.558298
0.562344
0.562496
0.5625
0.5625
0.5625
0.5625
0.5625
0.5625
0.5625
0.5625
0.5625
0.5625
0.5625
0.5625
0.5625
0.5625
0.5625
0.5625
0.321004
0.30029
0.293852
0.292815
0.299073
0.319959
0.375472
0.488582
0.553405
0.562073
0.142676
0.145647
0.149535
0.154408
0.160413
0.167798
0.176979
0.188709
0.204672
0.231021
0.499709
0.558509
0.562353
0.562496
0.5625
0.5625
0.5625
0.5625
0.5625
0.5625
0.5625
0.5625
0.5625
0.5625
0.5625
0.5625
0.5625
0.5625
0.5625
0.5625
0.32863
0.306657
0.299752
0.29895
0.306521
0.33097
0.395956
0.508266
0.556712
0.562243
0.148451
0.151398
0.155218
0.159995
0.165892
0.173186
0.182331
0.194148
0.210475
0.23812
0.501797
0.558706
0.562361
0.562496
0.5625
0.5625
0.5625
0.5625
0.5625
0.5625
0.5625
0.5625
0.5625
0.5625
0.5625
0.5625
0.5625
0.5625
0.5625
0.5625
0.337036
0.31387
0.306573
0.306182
0.315414
0.344374
0.419652
0.524269
0.558833
0.562343
0.154157
0.157064
0.160791
0.165433
0.171174
0.178319
0.187366
0.199211
0.215866
0.244883
0.503603
0.558868
0.562368
0.562496
0.5625
0.5625
0.5625
0.5625
0.5625
0.5625
0.5625
0.5625
0.5625
0.5625
0.5625
0.5625
0.5625
0.5625
0.5625
0.5625
0.34671
0.322361
0.314716
0.314922
0.326242
0.360798
0.445312
0.536302
0.56016
0.562403
0.159837
0.162684
0.166283
0.170744
0.176269
0.183188
0.192048
0.203825
0.220724
0.25112
0.504875
0.558965
0.562372
0.562496
0.5625
0.5625
0.5625
0.5625
0.5625
0.5625
0.5625
0.5625
0.5625
0.5625
0.5625
0.5625
0.5625
0.5625
0.5625
0.5625
0.358489
0.332855
0.324839
0.325805
0.339681
0.380819
0.470777
0.544811
0.56098
0.562438
0.165539
0.168302
0.171736
0.175961
0.181195
0.187791
0.196339
0.2079
0.224885
0.256544
0.50522
0.558956
0.562372
0.562496
0.5625
0.5625
0.5625
0.5625
0.5625
0.5625
0.5625
0.5625
0.5625
0.5625
0.5625
0.5625
0.5625
0.5625
0.5625
0.5625
0.373781
0.346569
0.338018
0.339801
0.356653
0.404693
0.493832
0.550589
0.561487
0.562458
0.171324
0.173975
0.177202
0.181131
0.185988
0.192142
0.200212
0.211338
0.228131
0.260724
0.503914
0.558758
0.562363
0.562496
0.5625
0.5625
0.5625
0.5625
0.5625
0.5625
0.5625
0.5625
0.5625
0.5625
0.5625
0.5625
0.5625
0.5625
0.5625
0.5625
0.394842
0.365543
0.356008
0.358413
0.37836
0.431995
0.513133
0.554449
0.561804
0.562471
0.177268
0.179777
0.182754
0.186325
0.190714
0.196289
0.203678
0.214062
0.230203
0.263006
0.499353
0.558185
0.56234
0.562496
0.5625
0.5625
0.5625
0.5625
0.5625
0.5625
0.5625
0.5625
0.5625
0.5625
0.5625
0.5625
0.5625
0.5625
0.5625
0.5625
0.424716
0.393022
0.381589
0.383862
0.40617
0.461381
0.528409
0.557045
0.562009
0.562479
0.183466
0.185804
0.188493
0.191651
0.195487
0.200346
0.206828
0.216081
0.230873
0.262411
0.487088
0.556729
0.562286
0.562494
0.5625
0.5625
0.5625
0.5625
0.5625
0.5625
0.5625
0.5625
0.5625
0.5625
0.5625
0.5625
0.5625
0.5625
0.5625
0.5625
0.465246
0.432841
0.418244
0.418694
0.440796
0.490646
0.540066
0.558836
0.562148
0.562484
0.190047
0.192189
0.194559
0.197263
0.200483
0.204518
0.209888
0.217605
0.230147
0.257762
0.452663
0.552959
0.562172
0.562492
0.5625
0.5625
0.5625
0.5625
0.5625
0.5625
0.5625
0.5625
0.5625
0.5625
0.5625
0.5625
0.5625
0.5625
0.5625
0.5625
0.511002
0.483954
0.466363
0.462861
0.480013
0.517009
0.548705
0.560113
0.562248
0.562487
0.197182
0.199109
0.201146
0.203382
0.205963
0.209128
0.21328
0.219185
0.228659
0.248873
0.254925
0.261475
0.268002
0.274537
0.281077
0.287606
0.294109
0.30059
0.30712
0.313881
0.321004
0.328629
0.337035
0.34671
0.358489
0.37378
0.394842
0.424715
0.465244
0.511
0.537044
0.528704
0.514365
0.507854
0.516579
0.537712
0.554801
0.561025
0.56232
0.562489
0.205106
0.20681
0.208518
0.210302
0.212276
0.21462
0.217632
0.221843
0.228372
0.240591
0.246893
0.252311
0.257544
0.262775
0.268048
0.273354
0.278659
0.283932
0.289178
0.294524
0.30029
0.306657
0.31387
0.322361
0.332855
0.346569
0.365543
0.393021
0.43284
0.483953
0.528703
0.544735
0.543211
0.539424
0.542133
0.551153
0.55864
0.561616
0.562371
0.562491
0.214151
0.215634
0.217036
0.218413
0.219854
0.221498
0.223564
0.226411
0.230682
0.237759
0.243589
0.248857
0.253944
0.259002
0.264072
0.26914
0.274155
0.279063
0.283852
0.288646
0.293853
0.299752
0.306573
0.314715
0.324839
0.338017
0.356008
0.381588
0.418242
0.466361
0.514364
0.54321
0.552681
0.553896
0.55498
0.557933
0.560639
0.561981
0.562408
0.562492
0.224792
0.22607
0.227203
0.228238
0.229248
0.230348
0.231706
0.233579
0.236354
0.240631
0.245258
0.249967
0.254736
0.259556
0.264397
0.269201
0.273898
0.278444
0.282885
0.287518
0.292815
0.29895
0.306181
0.314922
0.325804
0.339801
0.358412
0.383861
0.418692
0.462859
0.507853
0.539424
0.553896
0.558384
0.559657
0.560665
0.561615
0.5622
0.562435
0.562493
0.23777
0.238863
0.239771
0.240534
0.241221
0.241932
0.242811
0.244057
0.245933
0.24875
0.252265
0.256225
0.260461
0.264852
0.269296
0.273714
0.278073
0.282462
0.287233
0.292722
0.299073
0.306521
0.315414
0.326242
0.339681
0.356652
0.378359
0.406169
0.440794
0.480011
0.516578
0.542133
0.554979
0.559657
0.561111
0.561689
0.56207
0.562327
0.562454
0.562494
0.254562
0.255492
0.256207
0.256754
0.2572
0.257646
0.258222
0.259098
0.260475
0.262547
0.265314
0.268647
0.272396
0.276441
0.280729
0.285341
0.290513
0.296358
0.303037
0.310794
0.319959
0.33097
0.344373
0.360797
0.380818
0.404692
0.431994
0.46138
0.490645
0.517008
0.537711
0.551152
0.557933
0.560665
0.561689
0.562083
0.562277
0.562398
0.562467
0.562495
0.279682
0.280497
0.281061
0.281433
0.2817
0.281973
0.282396
0.283141
0.284398
0.28635
0.289105
0.292676
0.297033
0.302176
0.308163
0.315122
0.323262
0.332887
0.344425
0.358424
0.375471
0.395956
0.419651
0.445311
0.470776
0.493831
0.513133
0.528409
0.540066
0.548705
0.554801
0.55864
0.560638
0.561615
0.56207
0.562277
0.56238
0.56244
0.562477
0.562495
0.327952
0.328896
0.329504
0.329875
0.330143
0.330479
0.331095
0.332233
0.334158
0.337131
0.341368
0.34703
0.354263
0.363253
0.374257
0.387609
0.403641
0.422497
0.443818
0.466461
0.488582
0.508265
0.524269
0.536302
0.54481
0.550589
0.554449
0.557045
0.558836
0.560113
0.561025
0.561616
0.561981
0.5622
0.562327
0.562398
0.56244
0.562467
0.562485
0.562496
0.426052
0.427415
0.428323
0.428942
0.429485
0.430223
0.43148
0.433616
0.437005
0.441991
0.448833
0.457646
0.468364
0.4807
0.4941
0.507755
0.52072
0.532133
0.541428
0.54845
0.553405
0.556712
0.558833
0.56016
0.56098
0.561487
0.561804
0.562009
0.562148
0.562248
0.56232
0.562371
0.562408
0.562435
0.562454
0.562467
0.562477
0.562485
0.562492
0.562497
0.53492
0.535544
0.535973
0.536289
0.536595
0.537018
0.537698
0.538774
0.54035
0.542462
0.545047
0.547938
0.550904
0.553702
0.556138
0.558106
0.559588
0.560637
0.561341
0.561793
0.562073
0.562243
0.562343
0.562403
0.562438
0.562458
0.562471
0.562479
0.562484
0.562487
0.562489
0.562491
0.562492
0.562493
0.562494
0.562495
0.562495
0.562496
0.562497
0.562499
0.000414127
0.00142877
0.00395298
0.00809854
0.0135539
0.019968
0.0270405
0.0345272
0.0422346
0.0500137
0.0577565
0.065392
0.0728708
0.0801496
0.0872007
0.0940118
0.100584
0.106932
0.11307
0.119016
0.124794
0.130429
0.135949
0.141387
0.146779
0.152169
0.157609
0.163163
0.168913
0.174963
0.18145
0.188557
0.196545
0.205811
0.217078
0.231952
0.25459
0.295954
0.382529
0.512685
0.00142817
0.00310513
0.00622022
0.0107028
0.0163115
0.0227789
0.0298564
0.037329
0.0450196
0.0527886
0.0605324
0.0681814
0.075678
0.0829746
0.0900418
0.0968666
0.10345
0.109806
0.115946
0.121888
0.127653
0.133263
0.138745
0.144127
0.149442
0.154732
0.160044
0.165443
0.171011
0.176855
0.183121
0.19
0.197762
0.206812
0.217879
0.232577
0.255094
0.29648
0.383361
0.513326
0.00395207
0.00622037
0.00978195
0.0145101
0.0202177
0.0266969
0.0337446
0.0411763
0.0488324
0.056582
0.0643259
0.0719884
0.0795
0.0868087
0.0938833
0.100711
0.107293
0.11364
0.119762
0.125673
0.131394
0.136941
0.142338
0.147608
0.152779
0.157889
0.162982
0.168124
0.173401
0.178931
0.184872
0.191432
0.198896
0.20768
0.218514
0.233015
0.255387
0.29675
0.383832
0.513717
0.00809868
0.0107032
0.0145102
0.0193669
0.0251088
0.0315646
0.0385653
0.0459513
0.0535788
0.061325
0.0690906
0.0767815
0.0843175
0.0916425
0.0987246
0.105552
0.112129
0.118457
0.124548
0.130414
0.136069
0.141527
0.146805
0.151919
0.156891
0.16175
0.166539
0.171323
0.176195
0.181287
0.186783
0.192919
0.200001
0.208458
0.219023
0.233307
0.255522
0.296842
0.384078
0.513969
0.0135543
0.0163117
0.0202177
0.0251087
0.0308335
0.0372452
0.0441995
0.0515582
0.0591916
0.0669825
0.0748131
0.0825664
0.0901515
0.0975096
0.104611
0.111449
0.11802
0.124331
0.13039
0.136206
0.141789
0.147148
0.152289
0.15722
0.161953
0.166506
0.170913
0.175235
0.179574
0.184084
0.188985
0.194561
0.201155
0.209213
0.219466
0.233515
0.255571
0.296862
0.384277
0.514224
0.0199683
0.0227789
0.0266967
0.0315644
0.0372451
0.0436117
0.050543
0.0579219
0.0656337
0.0735514
0.0815221
0.0893996
0.0970798
0.104505
0.111653
0.118518
0.125101
0.131408
0.137449
0.143228
0.148752
0.154021
0.159031
0.163778
0.168257
0.172468
0.176427
0.180184
0.183843
0.187584
0.191687
0.196519
0.202481
0.210043
0.219931
0.233725
0.255636
0.296949
0.384654
0.51465
0.0270406
0.0298562
0.0337443
0.038565
0.0441993
0.0505429
0.0575013
0.0649852
0.0728912
0.0810671
0.0893139
0.0974239
0.105276
0.112826
0.120063
0.126988
0.133613
0.139948
0.146003
0.151783
0.157287
0.162506
0.167427
0.172027
0.176277
0.180148
0.183624
0.186722
0.189527
0.192245
0.195244
0.199054
0.204171
0.211097
0.220542
0.234054
0.255845
0.297272
0.385472
0.515443
0.0345272
0.0373286
0.0411759
0.0459509
0.051558
0.0579218
0.0649852
0.072694
0.080961
0.0896325
0.0984307
0.106967
0.115117
0.122875
0.13026
0.1373
0.144021
0.150443
0.156579
0.162432
0.167998
0.17326
0.17819
0.182745
0.186866
0.190479
0.193506
0.195888
0.197644
0.198966
0.200339
0.202639
0.206544
0.212599
0.22147
0.234651
0.256352
0.298027
0.387026
0.516797
0.0422344
0.0450192
0.0488319
0.0535784
0.0591914
0.0656336
0.0728912
0.080961
0.0898442
0.0994898
0.109542
0.118859
0.127494
0.135576
0.143206
0.150456
0.157377
0.164002
0.170351
0.17643
0.182232
0.187735
0.192898
0.197654
0.201908
0.205524
0.208321
0.21008
0.210609
0.209923
0.20858
0.208272
0.210174
0.214888
0.222943
0.235694
0.257328
0.299418
0.38962
0.518882
0.0500135
0.0527882
0.0565815
0.0613247
0.0669823
0.0735513
0.081067
0.0896324
0.0994898
0.111183
0.125428
0.136132
0.145526
0.15415
0.162246
0.169952
0.177351
0.184499
0.191431
0.198163
0.204696
0.211007
0.217052
0.222747
0.227959
0.232476
0.235961
0.23787
0.237367
0.233432
0.225876
0.218751
0.216208
0.218463
0.225218
0.237354
0.258931
0.301637
0.393539
0.521796
0.0577563
0.0605319
0.0643254
0.0690903
0.0748129
0.081522
0.0893138
0.0984307
0.109542
0.125428
0.482437
0.496304
0.488235
0.483495
0.480986
0.479876
0.479725
0.48026
0.481285
0.482647
0.484207
0.485826
0.487349
0.488578
0.489236
0.48888
0.486684
0.480784
0.46584
0.42465
0.23159
0.224241
0.22117
0.222316
0.228079
0.239643
0.261243
0.304818
0.399013
0.525531
0.0653918
0.068181
0.0719881
0.0767813
0.0825663
0.0893995
0.0974239
0.106967
0.118859
0.136133
0.496304
0.556199
0.557984
0.557214
0.556662
0.55633
0.556166
0.556129
0.556184
0.556304
0.556462
0.556634
0.556792
0.556908
0.556939
0.556821
0.556429
0.555477
0.553174
0.547216
0.23788
0.228972
0.225622
0.226204
0.231309
0.24247
0.26426
0.309026
0.406199
0.529952
0.0728706
0.0756776
0.0794997
0.0843172
0.0901513
0.0970797
0.105276
0.115117
0.127494
0.145526
0.488235
0.557984
0.562216
0.562309
0.562279
0.562256
0.562242
0.562236
0.562235
0.562239
0.562246
0.562254
0.562261
0.562266
0.562267
0.562261
0.562242
0.562197
0.562099
0.561896
0.243995
0.233491
0.229871
0.230103
0.234781
0.245737
0.267936
0.314277
0.415186
0.534813
0.0801495
0.0829743
0.0868084
0.0916423
0.0975095
0.104505
0.112826
0.122875
0.135576
0.15415
0.483495
0.557214
0.562309
0.56249
0.562494
0.562493
0.562492
0.562492
0.562492
0.562492
0.562492
0.562492
0.562492
0.562493
0.562493
0.562493
0.562492
0.562491
0.562488
0.562484
0.250008
0.237951
0.234045
0.23402
0.238427
0.249375
0.272216
0.320583
0.426006
0.539804
0.0872006
0.0900416
0.0938831
0.0987245
0.104611
0.111653
0.120063
0.13026
0.143206
0.162246
0.480986
0.556662
0.562279
0.562494
0.5625
0.5625
0.5625
0.5625
0.5625
0.5625
0.5625
0.5625
0.5625
0.5625
0.5625
0.5625
0.5625
0.5625
0.5625
0.5625
0.255952
0.242403
0.238199
0.237964
0.242219
0.253349
0.277063
0.327975
0.438615
0.544602
0.0940117
0.0968664
0.10071
0.105552
0.111449
0.118518
0.126988
0.1373
0.150456
0.169952
0.479876
0.55633
0.562256
0.562493
0.5625
0.5625
0.5625
0.5625
0.5625
0.5625
0.5625
0.5625
0.5625
0.5625
0.5625
0.5625
0.5625
0.5625
0.5625
0.5625
0.261841
0.246869
0.242359
0.241946
0.246155
0.257644
0.282458
0.336542
0.452828
0.548927
0.100584
0.10345
0.107293
0.112128
0.11802
0.125101
0.133613
0.144021
0.157377
0.177351
0.479725
0.556166
0.562242
0.562492
0.5625
0.5625
0.5625
0.5625
0.5625
0.5625
0.5625
0.5625
0.5625
0.5625
0.5625
0.5625
0.5625
0.5625
0.5625
0.5625
0.267695
0.251365
0.246547
0.24599
0.250258
0.262251
0.288411
0.346441
0.468234
0.552591
0.106932
0.109806
0.11364
0.118457
0.124331
0.131408
0.139948
0.150444
0.164003
0.184499
0.48026
0.556129
0.562236
0.562492
0.5625
0.5625
0.5625
0.5625
0.5625
0.5625
0.5625
0.5625
0.5625
0.5625
0.5625
0.5625
0.5625
0.5625
0.5625
0.5625
0.273543
0.255921
0.250795
0.250137
0.254574
0.267181
0.294962
0.357917
0.484143
0.555511
0.11307
0.115946
0.119762
0.124548
0.13039
0.137449
0.146004
0.156579
0.170351
0.191431
0.481285
0.556184
0.562235
0.562492
0.5625
0.5625
0.5625
0.5625
0.5625
0.5625
0.5625
0.5625
0.5625
0.5625
0.5625
0.5625
0.5625
0.5625
0.5625
0.5625
0.279433
0.260582
0.255155
0.25445
0.25913
0.272465
0.302193
0.371285
0.499651
0.55771
0.119016
0.121888
0.125673
0.130414
0.136206
0.143228
0.151783
0.162432
0.17643
0.198164
0.482647
0.556304
0.562239
0.562492
0.5625
0.5625
0.5625
0.5625
0.5625
0.5625
0.5625
0.5625
0.5625
0.5625
0.5625
0.5625
0.5625
0.5625
0.5625
0.5625
0.285427
0.265418
0.259702
0.258987
0.263958
0.278147
0.310234
0.386866
0.513845
0.559288
0.124794
0.127653
0.131394
0.136069
0.141789
0.148752
0.157287
0.167998
0.182233
0.204696
0.484207
0.556462
0.562246
0.562492
0.5625
0.5625
0.5625
0.5625
0.5625
0.5625
0.5625
0.5625
0.5625
0.5625
0.5625
0.5625
0.5625
0.5625
0.5625
0.5625
0.291575
0.270494
0.264494
0.263791
0.269108
0.2843
0.319272
0.40481
0.52604
0.560375
0.130429
0.133263
0.136941
0.141527
0.147148
0.154021
0.162506
0.17326
0.187736
0.211008
0.485826
0.556634
0.562254
0.562492
0.5625
0.5625
0.5625
0.5625
0.5625
0.5625
0.5625
0.5625
0.5625
0.5625
0.5625
0.5625
0.5625
0.5625
0.5625
0.5625
0.297939
0.27588
0.269592
0.268925
0.274652
0.291022
0.329566
0.424824
0.535904
0.5611
0.135949
0.138745
0.142338
0.146805
0.152289
0.159031
0.167427
0.17819
0.192898
0.217052
0.487349
0.556792
0.562261
0.562492
0.5625
0.5625
0.5625
0.5625
0.5625
0.5625
0.5625
0.5625
0.5625
0.5625
0.5625
0.5625
0.5625
0.5625
0.5625
0.5625
0.304615
0.281683
0.275099
0.274491
0.280694
0.298447
0.341435
0.445951
0.543449
0.561573
0.141387
0.144127
0.147608
0.151919
0.15722
0.163779
0.172027
0.182745
0.197655
0.222747
0.488578
0.556908
0.562266
0.562493
0.5625
0.5625
0.5625
0.5625
0.5625
0.5625
0.5625
0.5625
0.5625
0.5625
0.5625
0.5625
0.5625
0.5625
0.5625
0.5625
0.311756
0.288077
0.281171
0.280635
0.287376
0.30676
0.355212
0.466682
0.548937
0.561876
0.146779
0.149443
0.152779
0.156891
0.161953
0.168257
0.176277
0.186866
0.201909
0.227959
0.489236
0.556939
0.562267
0.562493
0.5625
0.5625
0.5625
0.5625
0.5625
0.5625
0.5625
0.5625
0.5625
0.5625
0.5625
0.5625
0.5625
0.5625
0.5625
0.5625
0.319625
0.295341
0.288063
0.287583
0.294904
0.316204
0.371139
0.485516
0.552777
0.562069
0.152169
0.154732
0.157889
0.16175
0.166506
0.172468
0.180149
0.190479
0.205525
0.232476
0.48888
0.556821
0.562261
0.562493
0.5625
0.5625
0.5625
0.5625
0.5625
0.5625
0.5625
0.5625
0.5625
0.5625
0.5625
0.5625
0.5625
0.5625
0.5625
0.5625
0.328708
0.303958
0.296193
0.295686
0.303586
0.327104
0.389188
0.501549
0.555401
0.56219
0.157609
0.160044
0.162982
0.16654
0.170913
0.176427
0.183625
0.193506
0.208321
0.235961
0.486684
0.556429
0.562242
0.562492
0.5625
0.5625
0.5625
0.5625
0.5625
0.5625
0.5625
0.5625
0.5625
0.5625
0.5625
0.5625
0.5625
0.5625
0.5625
0.5625
0.33998
0.314824
0.30631
0.305544
0.31392
0.339921
0.408965
0.51462
0.557187
0.562266
0.163163
0.165443
0.168124
0.171323
0.175236
0.180185
0.186722
0.195888
0.21008
0.23787
0.480784
0.555477
0.562197
0.562491
0.5625
0.5625
0.5625
0.5625
0.5625
0.5625
0.5625
0.5625
0.5625
0.5625
0.5625
0.5625
0.5625
0.5625
0.5625
0.5625
0.35555
0.329768
0.31986
0.318268
0.326789
0.355373
0.429871
0.525088
0.558419
0.562315
0.168913
0.171011
0.173401
0.176195
0.179574
0.183843
0.189527
0.197644
0.210609
0.237367
0.46584
0.553173
0.562099
0.562488
0.5625
0.5625
0.5625
0.5625
0.5625
0.5625
0.5625
0.5625
0.5625
0.5625
0.5625
0.5625
0.5625
0.5625
0.5625
0.5625
0.380201
0.352777
0.339845
0.336074
0.343898
0.374727
0.451595
0.533581
0.559308
0.562348
0.174963
0.176855
0.178931
0.181288
0.184084
0.187584
0.192246
0.198966
0.209923
0.233432
0.42465
0.547216
0.561896
0.562484
0.5625
0.5625
0.5625
0.5625
0.5625
0.5625
0.5625
0.5625
0.5625
0.5625
0.5625
0.5625
0.5625
0.5625
0.5625
0.5625
0.424018
0.392276
0.37235
0.363321
0.368518
0.400245
0.474488
0.540784
0.560001
0.562371
0.18145
0.183121
0.184872
0.186783
0.188985
0.191687
0.195245
0.200339
0.20858
0.225876
0.23159
0.23788
0.243995
0.250008
0.255952
0.261841
0.267695
0.273543
0.279433
0.285427
0.291574
0.297939
0.304615
0.311756
0.319625
0.328707
0.33998
0.355549
0.3802
0.424016
0.466162
0.450855
0.42362
0.40581
0.405393
0.434787
0.498834
0.547151
0.560576
0.562388
0.188558
0.19
0.191433
0.192919
0.194561
0.196519
0.199054
0.202639
0.208273
0.218751
0.224241
0.228972
0.233491
0.237951
0.242404
0.246869
0.251365
0.255921
0.260582
0.265418
0.270494
0.27588
0.281683
0.288077
0.295341
0.303957
0.314824
0.329767
0.352777
0.392274
0.450854
0.483842
0.477858
0.460502
0.455126
0.477393
0.52268
0.552508
0.561059
0.562401
0.196545
0.197762
0.198897
0.200001
0.201155
0.202481
0.204171
0.206545
0.210174
0.216208
0.221171
0.225622
0.229871
0.234045
0.2382
0.242359
0.246547
0.250795
0.255155
0.259702
0.264494
0.269592
0.275099
0.281172
0.288063
0.296193
0.30631
0.319859
0.339844
0.372348
0.423618
0.477857
0.506382
0.507577
0.504799
0.517511
0.541279
0.556432
0.561448
0.562412
0.205811
0.206812
0.20768
0.208458
0.209213
0.210043
0.211097
0.212599
0.214889
0.218463
0.222316
0.226204
0.230103
0.23402
0.237964
0.241946
0.245991
0.250137
0.25445
0.258987
0.263791
0.268925
0.274491
0.280635
0.287583
0.295686
0.305544
0.318268
0.336073
0.36332
0.405808
0.4605
0.507576
0.529933
0.536164
0.542581
0.552174
0.558972
0.561744
0.562421
0.217078
0.217879
0.218514
0.219023
0.219466
0.219931
0.220542
0.221471
0.222943
0.225218
0.228079
0.231309
0.234781
0.238428
0.242219
0.246155
0.250258
0.254574
0.25913
0.263958
0.269108
0.274652
0.280694
0.287376
0.294904
0.303586
0.313919
0.326788
0.343898
0.368517
0.405392
0.455124
0.504798
0.536163
0.548487
0.553569
0.557536
0.560478
0.561961
0.562428
0.231952
0.232578
0.233015
0.233307
0.233515
0.233725
0.234054
0.234652
0.235694
0.237354
0.239643
0.24247
0.245737
0.249375
0.253349
0.257644
0.262251
0.267182
0.272465
0.278148
0.2843
0.291022
0.298447
0.30676
0.316204
0.327104
0.339921
0.355373
0.374726
0.400243
0.434786
0.477391
0.51751
0.54258
0.553569
0.557836
0.559951
0.56132
0.562116
0.562435
0.25459
0.255094
0.255388
0.255522
0.255571
0.255637
0.255845
0.256353
0.257328
0.258931
0.261243
0.26426
0.267936
0.272217
0.277063
0.282459
0.288411
0.294962
0.302193
0.310234
0.319272
0.329566
0.341434
0.355212
0.371138
0.389188
0.408964
0.42987
0.451594
0.474486
0.498833
0.522679
0.541278
0.552174
0.557536
0.559951
0.561113
0.561798
0.562228
0.562441
0.295954
0.29648
0.296751
0.296842
0.296862
0.296949
0.297272
0.298027
0.299419
0.301637
0.304818
0.309026
0.314278
0.320583
0.327975
0.336542
0.346441
0.357916
0.371285
0.386866
0.404809
0.424824
0.44595
0.466681
0.485515
0.501548
0.51462
0.525088
0.533581
0.540784
0.547151
0.552508
0.556432
0.558972
0.560478
0.56132
0.561798
0.562105
0.562319
0.56245
0.382529
0.383361
0.383832
0.384078
0.384277
0.384654
0.385472
0.387026
0.38962
0.393539
0.399013
0.406198
0.415186
0.426006
0.438615
0.452828
0.468234
0.484142
0.49965
0.513844
0.526039
0.535904
0.543448
0.548937
0.552777
0.555401
0.557187
0.558419
0.559308
0.560001
0.560576
0.561059
0.561448
0.561744
0.561961
0.562116
0.562228
0.562319
0.5624
0.562465
0.512685
0.513326
0.513717
0.513969
0.514224
0.51465
0.515443
0.516797
0.518882
0.521796
0.525531
0.529952
0.534813
0.539804
0.544602
0.548927
0.552591
0.55551
0.55771
0.559288
0.560375
0.5611
0.561573
0.561876
0.562068
0.56219
0.562266
0.562315
0.562348
0.562371
0.562388
0.562401
0.562412
0.562421
0.562428
0.562435
0.562441
0.56245
0.562465
0.562483
2.19926e-06
0.000111011
0.00117606
0.00414252
0.00883676
0.0147572
0.0214919
0.0287309
0.0362412
0.0438499
0.0514324
0.0589052
0.0662199
0.0733452
0.0802554
0.0869375
0.0933901
0.0996214
0.105647
0.111485
0.117157
0.122686
0.1281
0.133428
0.138707
0.143977
0.149288
0.154701
0.160293
0.166163
0.172441
0.179307
0.187017
0.195977
0.206917
0.221347
0.242859
0.280797
0.359846
0.496087
0.000111028
0.000691895
0.00265895
0.00629932
0.011333
0.0174026
0.0241943
0.031449
0.0389601
0.0465679
0.0541543
0.0616392
0.0689744
0.0761207
0.0830494
0.0897462
0.0962089
0.102445
0.10847
0.114299
0.119952
0.125451
0.130819
0.136085
0.141281
0.146443
0.151621
0.156873
0.162279
0.167942
0.173999
0.180636
0.188121
0.196867
0.20761
0.221871
0.24326
0.28118
0.360437
0.496673
0.00117478
0.00265859
0.00550505
0.00967966
0.0149733
0.0211437
0.0279556
0.0351972
0.0426885
0.0502825
0.0578669
0.0653638
0.0727172
0.0798788
0.086817
0.0935163
0.099974
0.106198
0.1122
0.117993
0.123595
0.129024
0.134301
0.139448
0.144493
0.149471
0.154426
0.15942
0.164536
0.169887
0.175623
0.181947
0.18914
0.197624
0.208141
0.222216
0.243469
0.281341
0.360722
0.496992
0.00414183
0.00629937
0.00967983
0.014173
0.0196188
0.0258369
0.0326427
0.0398611
0.0473337
0.0549244
0.0625241
0.070051
0.0774326
0.0846138
0.0915609
0.0982583
0.104704
0.110905
0.11687
0.12261
0.128139
0.133471
0.138621
0.143605
0.148445
0.153169
0.157819
0.162457
0.167173
0.172095
0.177396
0.183306
0.190126
0.198293
0.20855
0.222421
0.243531
0.281348
0.360819
0.497168
0.0088369
0.0113334
0.0149737
0.019619
0.0251279
0.0313523
0.0381413
0.0453468
0.0528275
0.0604545
0.0681167
0.0757095
0.0831442
0.0903608
0.0973261
0.104027
0.110464
0.116641
0.122566
0.128248
0.133696
0.138919
0.143923
0.148718
0.153313
0.157728
0.161996
0.166177
0.17037
0.174722
0.179446
0.184813
0.19116
0.19894
0.208897
0.222548
0.243518
0.281295
0.360883
0.497353
0.0147578
0.0174033
0.0211442
0.0258372
0.0313524
0.0375642
0.0443476
0.0515772
0.0591274
0.0668734
0.0746777
0.0823983
0.0899305
0.0972134
0.104219
0.110942
0.117382
0.123547
0.129443
0.135078
0.140456
0.145578
0.150442
0.155044
0.159379
0.163449
0.167273
0.170897
0.174424
0.178028
0.181977
0.186625
0.192361
0.199661
0.209267
0.222681
0.243523
0.281307
0.361107
0.49773
0.0214926
0.024195
0.027956
0.032643
0.0381414
0.0443477
0.0511627
0.0584881
0.0662206
0.0742239
0.0823056
0.0902597
0.0979629
0.105363
0.112448
0.119222
0.125694
0.131875
0.137774
0.143395
0.148739
0.1538
0.158562
0.163006
0.167107
0.170836
0.17418
0.177156
0.17985
0.18246
0.18534
0.188998
0.193917
0.200601
0.209781
0.222934
0.243669
0.281535
0.361719
0.49851
0.0287317
0.0314496
0.0351976
0.0398613
0.0453469
0.0515772
0.0584881
0.0660249
0.0741149
0.0826112
0.0912402
0.0996147
0.107604
0.115199
0.12242
0.129295
0.135849
0.142101
0.148063
0.153739
0.159127
0.164213
0.168969
0.173356
0.177318
0.180786
0.183686
0.185962
0.187634
0.18889
0.190196
0.192393
0.196139
0.201979
0.210607
0.223451
0.2441
0.282152
0.362969
0.499908
0.0362418
0.0389606
0.0426888
0.0473339
0.0528276
0.0591275
0.0662206
0.0741149
0.0828162
0.0922749
0.102137
0.111272
0.119722
0.127622
0.135069
0.142133
0.148861
0.155288
0.161432
0.167301
0.17289
0.17818
0.183133
0.18769
0.19176
0.195216
0.197884
0.199556
0.200048
0.199374
0.198072
0.197761
0.199574
0.20412
0.211965
0.224405
0.244976
0.28334
0.365116
0.502117
0.0438505
0.0465683
0.0502828
0.0549245
0.0604546
0.0668735
0.0742239
0.0826113
0.092275
0.103745
0.117709
0.128184
0.137356
0.145759
0.153628
0.161092
0.168232
0.175103
0.181736
0.188149
0.194342
0.200299
0.205981
0.211315
0.216184
0.220396
0.223643
0.225425
0.224968
0.221317
0.214273
0.207606
0.205247
0.207471
0.214092
0.225959
0.246444
0.285259
0.368392
0.505268
0.0514329
0.0541546
0.0578672
0.0625242
0.0681168
0.0746778
0.0823056
0.0912402
0.102137
0.117709
0.478689
0.492462
0.483679
0.478359
0.47537
0.473833
0.473286
0.473442
0.474099
0.4751
0.476302
0.477562
0.478721
0.479576
0.479839
0.479048
0.476334
0.469699
0.453304
0.408586
0.219857
0.21281
0.209921
0.211093
0.216789
0.228126
0.248575
0.288017
0.372979
0.509393
0.0589055
0.0616395
0.0653639
0.0700511
0.0757096
0.0823983
0.0902597
0.0996147
0.111272
0.128184
0.492462
0.555446
0.557388
0.55647
0.555787
0.555347
0.555092
0.554979
0.55497
0.555034
0.555143
0.555269
0.555381
0.555445
0.55541
0.555194
0.554645
0.553406
0.550473
0.542882
0.226111
0.217314
0.214116
0.214757
0.219853
0.230817
0.251354
0.291647
0.378992
0.514401
0.0662201
0.0689746
0.0727173
0.0774327
0.0831442
0.0899306
0.0979629
0.107604
0.119722
0.137356
0.483679
0.557388
0.562163
0.562271
0.562231
0.5622
0.56218
0.562168
0.562163
0.562163
0.562166
0.562171
0.562176
0.562179
0.562176
0.562163
0.562133
0.56207
0.561933
0.561653
0.232117
0.221604
0.218116
0.218438
0.223163
0.233933
0.254724
0.296133
0.386495
0.520092
0.0733454
0.0761209
0.0798789
0.0846139
0.0903609
0.0972135
0.105363
0.115199
0.127622
0.145759
0.478359
0.55647
0.562271
0.562487
0.562492
0.562491
0.56249
0.562489
0.562489
0.562489
0.562489
0.562489
0.562489
0.562489
0.562489
0.562489
0.562488
0.562486
0.562482
0.562476
0.237965
0.225821
0.222045
0.222149
0.226658
0.237397
0.258616
0.301439
0.39553
0.526179
0.0802556
0.0830496
0.0868171
0.091561
0.0973262
0.104219
0.112448
0.12242
0.135069
0.153628
0.47537
0.555787
0.562231
0.562492
0.5625
0.5625
0.5625
0.5625
0.5625
0.5625
0.5625
0.5625
0.5625
0.5625
0.5625
0.5625
0.5625
0.5625
0.5625
0.562499
0.243706
0.230018
0.225958
0.225903
0.230306
0.241155
0.262971
0.307534
0.406124
0.532334
0.0869377
0.0897463
0.0935164
0.0982583
0.104027
0.110942
0.119222
0.129295
0.142133
0.161092
0.473833
0.555347
0.5622
0.562491
0.5625
0.5625
0.5625
0.5625
0.5625
0.5625
0.5625
0.5625
0.5625
0.5625
0.5625
0.5625
0.5625
0.5625
0.5625
0.5625
0.249371
0.234223
0.22989
0.229714
0.234096
0.245171
0.267745
0.314416
0.418281
0.53823
0.0933903
0.096209
0.0999741
0.104704
0.110464
0.117382
0.125694
0.135849
0.148861
0.168233
0.473286
0.555092
0.56218
0.56249
0.5625
0.5625
0.5625
0.5625
0.5625
0.5625
0.5625
0.5625
0.5625
0.5625
0.5625
0.5625
0.5625
0.5625
0.5625
0.5625
0.254988
0.238461
0.233863
0.233599
0.238029
0.249427
0.272914
0.322121
0.431932
0.543586
0.0996215
0.102446
0.106198
0.110905
0.116641
0.123547
0.131875
0.142101
0.155288
0.175103
0.473441
0.554979
0.562168
0.562489
0.5625
0.5625
0.5625
0.5625
0.5625
0.5625
0.5625
0.5625
0.5625
0.5625
0.5625
0.5625
0.5625
0.5625
0.5625
0.5625
0.260584
0.242759
0.237907
0.237581
0.242113
0.253915
0.27847
0.330737
0.446848
0.548202
0.105647
0.10847
0.1122
0.11687
0.122566
0.129443
0.137774
0.148063
0.161432
0.181736
0.474099
0.55497
0.562163
0.562489
0.5625
0.5625
0.5625
0.5625
0.5625
0.5625
0.5625
0.5625
0.5625
0.5625
0.5625
0.5625
0.5625
0.5625
0.5625
0.5625
0.266192
0.247152
0.242052
0.241688
0.24636
0.258637
0.284423
0.340414
0.462566
0.55198
0.111485
0.114299
0.117993
0.12261
0.128248
0.135078
0.143395
0.153739
0.167301
0.188149
0.4751
0.555034
0.562163
0.562489
0.5625
0.5625
0.5625
0.5625
0.5625
0.5625
0.5625
0.5625
0.5625
0.5625
0.5625
0.5625
0.5625
0.5625
0.5625
0.5625
0.271854
0.251681
0.246334
0.245944
0.250789
0.263605
0.290808
0.351354
0.478381
0.554923
0.117157
0.119952
0.123595
0.12814
0.133696
0.140456
0.148739
0.159128
0.172891
0.194342
0.476302
0.555143
0.562166
0.562489
0.5625
0.5625
0.5625
0.5625
0.5625
0.5625
0.5625
0.5625
0.5625
0.5625
0.5625
0.5625
0.5625
0.5625
0.5625
0.5625
0.277606
0.256389
0.250791
0.250382
0.255425
0.268842
0.29768
0.363782
0.493467
0.557117
0.122686
0.125451
0.129024
0.133472
0.138919
0.145578
0.1538
0.164213
0.17818
0.200299
0.477562
0.555269
0.562171
0.562489
0.5625
0.5625
0.5625
0.5625
0.5625
0.5625
0.5625
0.5625
0.5625
0.5625
0.5625
0.5625
0.5625
0.5625
0.5625
0.5625
0.283494
0.261334
0.25547
0.255046
0.260306
0.274382
0.305124
0.377866
0.507086
0.558695
0.1281
0.13082
0.134301
0.138621
0.143924
0.150442
0.158562
0.168969
0.183134
0.205981
0.478721
0.555381
0.562176
0.562489
0.5625
0.5625
0.5625
0.5625
0.5625
0.5625
0.5625
0.5625
0.5625
0.5625
0.5625
0.5625
0.5625
0.5625
0.5625
0.5625
0.289583
0.266597
0.260444
0.259999
0.265485
0.280272
0.313249
0.39358
0.518753
0.559798
0.133429
0.136086
0.139448
0.143606
0.148718
0.155044
0.163007
0.173356
0.18769
0.211315
0.479576
0.555445
0.562179
0.562489
0.5625
0.5625
0.5625
0.5625
0.5625
0.5625
0.5625
0.5625
0.5625
0.5625
0.5625
0.5625
0.5625
0.5625
0.5625
0.5625
0.295966
0.2723
0.26582
0.265332
0.271034
0.286581
0.322185
0.410537
0.528274
0.560554
0.138707
0.141281
0.144493
0.148445
0.153313
0.159379
0.167107
0.177318
0.19176
0.216184
0.479839
0.55541
0.562176
0.562489
0.5625
0.5625
0.5625
0.5625
0.5625
0.5625
0.5625
0.5625
0.5625
0.5625
0.5625
0.5625
0.5625
0.5625
0.5625
0.5625
0.302794
0.278633
0.271763
0.27118
0.27706
0.293398
0.332059
0.427923
0.535706
0.561063
0.143977
0.146443
0.149471
0.15317
0.157728
0.163449
0.170836
0.180786
0.195216
0.220397
0.479048
0.555194
0.562163
0.562489
0.5625
0.5625
0.5625
0.5625
0.5625
0.5625
0.5625
0.5625
0.5625
0.5625
0.5625
0.5625
0.5625
0.5625
0.5625
0.5625
0.310337
0.285914
0.278548
0.27776
0.283721
0.300847
0.342949
0.444663
0.541275
0.561399
0.149288
0.151621
0.154426
0.15782
0.161996
0.167273
0.17418
0.183686
0.197884
0.223643
0.476334
0.554645
0.562133
0.562488
0.5625
0.5625
0.5625
0.5625
0.5625
0.5625
0.5625
0.5625
0.5625
0.5625
0.5625
0.5625
0.5625
0.5625
0.5625
0.5625
0.319133
0.294715
0.286651
0.28543
0.291279
0.309111
0.354857
0.459817
0.545314
0.561617
0.154701
0.156874
0.15942
0.162457
0.166178
0.170898
0.177157
0.185962
0.199557
0.225425
0.469699
0.553406
0.56207
0.562486
0.5625
0.5625
0.5625
0.5625
0.5625
0.5625
0.5625
0.5625
0.5625
0.5625
0.5625
0.5625
0.5625
0.5625
0.5625
0.5625
0.330361
0.306176
0.296982
0.294856
0.300201
0.318504
0.367728
0.472952
0.548191
0.561756
0.160293
0.16228
0.164536
0.167173
0.17037
0.174424
0.17985
0.187635
0.200048
0.224968
0.453304
0.550473
0.561933
0.562482
0.5625
0.5625
0.5625
0.5625
0.5625
0.5625
0.5625
0.5625
0.5625
0.5625
0.5625
0.5625
0.5625
0.5625
0.5625
0.5625
0.346962
0.322861
0.311463
0.307388
0.311419
0.329655
0.381655
0.48427
0.550266
0.561842
0.166163
0.167942
0.169887
0.172095
0.174723
0.178028
0.182461
0.18889
0.199374
0.221317
0.408586
0.542882
0.561653
0.562476
0.562499
0.5625
0.5625
0.5625
0.5625
0.5625
0.5625
0.5625
0.5625
0.5625
0.5625
0.5625
0.5625
0.5625
0.5625
0.5625
0.377292
0.351267
0.334561
0.325997
0.326934
0.343945
0.397335
0.494571
0.551876
0.561894
0.172442
0.173999
0.175623
0.177396
0.179446
0.181978
0.18534
0.190196
0.198072
0.214273
0.219857
0.226111
0.232117
0.237965
0.243706
0.249372
0.254988
0.260584
0.266192
0.271854
0.277606
0.283494
0.289583
0.295966
0.302794
0.310337
0.319132
0.33036
0.346961
0.37729
0.409336
0.39665
0.373116
0.356027
0.350605
0.364217
0.416686
0.505128
0.553333
0.56193
0.179307
0.180636
0.181948
0.183306
0.184813
0.186625
0.188998
0.192394
0.197762
0.207606
0.21281
0.217314
0.221604
0.225821
0.230018
0.234223
0.238461
0.24276
0.247152
0.251681
0.25639
0.261335
0.266597
0.2723
0.278633
0.285913
0.294715
0.306176
0.322861
0.351265
0.396649
0.423954
0.417871
0.398788
0.386407
0.394554
0.442596
0.517174
0.554845
0.561961
0.187017
0.188121
0.18914
0.190127
0.19116
0.192361
0.193917
0.196139
0.199575
0.205247
0.209921
0.214116
0.218116
0.222045
0.225959
0.22989
0.233864
0.237907
0.242052
0.246334
0.250791
0.25547
0.260444
0.26582
0.271763
0.278548
0.286651
0.296981
0.311463
0.33456
0.373114
0.417869
0.445057
0.444195
0.433252
0.436943
0.475998
0.530138
0.556413
0.561991
0.195977
0.196867
0.197625
0.198293
0.19894
0.199661
0.200601
0.201979
0.20412
0.207472
0.211094
0.214757
0.218439
0.222149
0.225903
0.229714
0.233599
0.237582
0.241688
0.245944
0.250382
0.255046
0.259999
0.265332
0.27118
0.27776
0.28543
0.294856
0.307387
0.325996
0.356026
0.398787
0.444193
0.472523
0.478713
0.484194
0.509814
0.54165
0.55786
0.562016
0.206917
0.20761
0.208142
0.208551
0.208897
0.209267
0.209781
0.210608
0.211965
0.214092
0.216789
0.219853
0.223164
0.226658
0.230306
0.234096
0.238029
0.242114
0.246361
0.250789
0.255425
0.260306
0.265485
0.271034
0.27706
0.283721
0.291279
0.3002
0.311419
0.326934
0.350604
0.386405
0.433251
0.478711
0.506149
0.519117
0.534021
0.549873
0.559031
0.562031
0.221348
0.221872
0.222216
0.222421
0.222549
0.222682
0.222934
0.223452
0.224405
0.22596
0.228126
0.230817
0.233933
0.237397
0.241155
0.245172
0.249428
0.253915
0.258637
0.263605
0.268842
0.274382
0.280272
0.286581
0.293398
0.300846
0.309111
0.318504
0.329655
0.343945
0.364216
0.394552
0.436941
0.484192
0.519116
0.536853
0.546996
0.554844
0.559893
0.562034
0.242859
0.243261
0.243469
0.243532
0.243518
0.243524
0.243669
0.2441
0.244977
0.246444
0.248575
0.251354
0.254724
0.258616
0.262971
0.267746
0.272914
0.27847
0.284423
0.290808
0.29768
0.305124
0.313249
0.322185
0.332058
0.342949
0.354856
0.367727
0.381654
0.397334
0.416685
0.442595
0.475996
0.509812
0.53402
0.546995
0.553578
0.557714
0.560523
0.562033
0.280797
0.28118
0.281342
0.281348
0.281296
0.281307
0.281535
0.282152
0.28334
0.285259
0.288017
0.291647
0.296133
0.301439
0.307534
0.314416
0.322121
0.330737
0.340414
0.351354
0.363782
0.377866
0.393579
0.410536
0.427923
0.444662
0.459816
0.472952
0.484269
0.49457
0.505127
0.517173
0.530137
0.54165
0.549873
0.554844
0.557714
0.559617
0.561066
0.562053
0.359846
0.360437
0.360722
0.360819
0.360883
0.361107
0.361719
0.36297
0.365116
0.368392
0.372979
0.378992
0.386495
0.39553
0.406123
0.418281
0.431932
0.446848
0.462566
0.47838
0.493466
0.507086
0.518752
0.528274
0.535705
0.541275
0.545313
0.548191
0.550266
0.551876
0.553333
0.554845
0.556413
0.55786
0.559031
0.559893
0.560523
0.561066
0.561621
0.562136
0.496087
0.496673
0.496992
0.497168
0.497353
0.49773
0.49851
0.499908
0.502117
0.505268
0.509393
0.514401
0.520092
0.526179
0.532333
0.538229
0.543586
0.548202
0.55198
0.554923
0.557117
0.558695
0.559798
0.560554
0.561062
0.561399
0.561617
0.561756
0.561842
0.561894
0.56193
0.561961
0.561991
0.562016
0.562031
0.562034
0.562033
0.562053
0.562136
0.562291
3.42265e-09
1.43645e-06
0.000284689
0.00216146
0.00612266
0.0115968
0.0180355
0.0250591
0.0324002
0.0398665
0.0473215
0.0546733
0.0618664
0.0688742
0.0756766
0.082261
0.0886254
0.0947759
0.100726
0.106492
0.112096
0.117559
0.122909
0.128175
0.13339
0.138595
0.143838
0.14918
0.154695
0.16048
0.166666
0.173427
0.181018
0.189841
0.200594
0.21468
0.235335
0.270992
0.344891
0.483182
2.02405e-06
9.35821e-05
0.00106439
0.00386597
0.00836779
0.0140919
0.02064
0.0277096
0.0350699
0.0425464
0.0500113
0.0573769
0.0645905
0.0716216
0.0784446
0.0850452
0.09142
0.0975748
0.103522
0.109277
0.114859
0.120289
0.125589
0.130788
0.135916
0.14101
0.146116
0.151295
0.156622
0.162199
0.168162
0.174696
0.182064
0.190674
0.201234
0.215152
0.235682
0.271298
0.345341
0.483704
0.000284208
0.00106388
0.00318233
0.00683425
0.011769
0.0176811
0.0242964
0.0313799
0.038736
0.0462073
0.0536733
0.061049
0.0682818
0.0753309
0.0821658
0.0887702
0.0951401
0.10128
0.107202
0.112919
0.118447
0.123804
0.129009
0.134085
0.13906
0.143966
0.148849
0.153769
0.158806
0.164073
0.169719
0.175942
0.183022
0.191375
0.201714
0.215451
0.235846
0.271402
0.345522
0.483957
0.00215984
0.00386509
0.00683396
0.0110081
0.0162077
0.0222306
0.0288766
0.0359582
0.0433074
0.0507803
0.0582606
0.0656637
0.0729273
0.0799989
0.0868449
0.0934484
0.0998052
0.10592
0.111803
0.117463
0.122915
0.128171
0.133246
0.138156
0.142923
0.147575
0.152152
0.156717
0.161358
0.1662
0.171416
0.177232
0.183945
0.191987
0.202073
0.215615
0.235874
0.271366
0.345538
0.484068
0.00612084
0.00836689
0.0117686
0.0162075
0.0215401
0.0276128
0.0342685
0.0413522
0.0487163
0.0562253
0.0637626
0.0712329
0.0785527
0.0856629
0.092529
0.0991358
0.105481
0.11157
0.11741
0.123008
0.128375
0.133518
0.138443
0.143161
0.14768
0.152022
0.156219
0.16033
0.164453
0.168734
0.173381
0.178662
0.184911
0.192575
0.20237
0.215703
0.23583
0.271277
0.34553
0.484193
0.0115952
0.0140911
0.0176807
0.0222304
0.0276127
0.0337015
0.0403686
0.0474845
0.0549182
0.0625389
0.0702167
0.0778176
0.0852385
0.0924173
0.0993243
0.10595
0.112297
0.118371
0.124177
0.129724
0.135016
0.140053
0.144833
0.149354
0.153612
0.157608
0.161362
0.164921
0.168386
0.171929
0.175815
0.180389
0.186039
0.193234
0.202689
0.215798
0.235805
0.27125
0.34567
0.484522
0.0180341
0.0206393
0.024296
0.0288764
0.0342684
0.0403686
0.0470758
0.0542878
0.0618952
0.0697682
0.0777246
0.0855617
0.0931557
0.100452
0.107436
0.114111
0.120485
0.12657
0.132373
0.137901
0.143152
0.14812
0.152794
0.157152
0.161171
0.164825
0.168101
0.171018
0.173661
0.176225
0.17906
0.182663
0.187513
0.194106
0.203149
0.216009
0.235915
0.271426
0.346164
0.485269
0.025058
0.027709
0.0313796
0.035958
0.0413521
0.0474844
0.0542878
0.061702
0.0696594
0.0780238
0.0865265
0.0947839
0.102664
0.110151
0.117266
0.124037
0.130487
0.136634
0.142492
0.148064
0.153349
0.158331
0.162988
0.167279
0.171152
0.17454
0.177372
0.179595
0.181232
0.182467
0.183759
0.185933
0.189636
0.195405
0.203915
0.216479
0.236299
0.271963
0.347237
0.486656
0.0323994
0.0350694
0.0387357
0.0433072
0.0487162
0.0549181
0.0618951
0.0696594
0.0782248
0.0875453
0.0972707
0.106282
0.114616
0.1224
0.129732
0.13668
0.143291
0.149597
0.155618
0.161361
0.166823
0.171985
0.176812
0.181247
0.185204
0.188561
0.191152
0.192775
0.193257
0.192613
0.191371
0.191107
0.192932
0.197445
0.205197
0.217373
0.237109
0.273029
0.349115
0.488888
0.0398658
0.042546
0.046207
0.0507801
0.0562252
0.0625388
0.0697682
0.0780238
0.0875453
0.0988569
0.112634
0.122964
0.131998
0.140263
0.147989
0.155304
0.162286
0.168986
0.175438
0.181657
0.187644
0.193386
0.198844
0.203952
0.208601
0.21261
0.215693
0.217383
0.216951
0.213495
0.206812
0.200505
0.198349
0.200643
0.207225
0.21885
0.238482
0.274769
0.352003
0.492112
0.047321
0.050011
0.0536731
0.0582604
0.0637625
0.0702167
0.0777246
0.0865265
0.0972708
0.112634
0.475638
0.48937
0.480057
0.474304
0.470953
0.469093
0.468244
0.46811
0.468486
0.469208
0.470132
0.471113
0.471988
0.472551
0.472507
0.471383
0.468287
0.461138
0.443798
0.397037
0.212288
0.205511
0.202828
0.204113
0.209809
0.22092
0.240483
0.277276
0.356052
0.496384
0.0546728
0.0573766
0.0610488
0.0656636
0.0712328
0.0778176
0.0855616
0.0947839
0.106282
0.122964
0.489369
0.554818
0.556895
0.555856
0.555064
0.554533
0.5542
0.554019
0.553952
0.553965
0.554027
0.554109
0.554176
0.554188
0.554089
0.553785
0.553099
0.551617
0.548165
0.539275
0.218514
0.209866
0.206859
0.207632
0.212755
0.223496
0.243094
0.280571
0.361347
0.501645
0.0618661
0.0645902
0.0682816
0.0729272
0.0785527
0.0852384
0.0931557
0.102664
0.114616
0.131998
0.480057
0.556895
0.562118
0.562238
0.562191
0.562153
0.562126
0.562109
0.562099
0.562096
0.562096
0.562098
0.5621
0.562099
0.562092
0.562073
0.562033
0.561952
0.561782
0.561434
0.22445
0.214009
0.210704
0.211174
0.215944
0.22648
0.246252
0.284624
0.367928
0.50773
0.0688739
0.0716214
0.0753308
0.0799988
0.0856628
0.0924173
0.100452
0.110151
0.1224
0.140263
0.474304
0.555856
0.562238
0.562485
0.56249
0.562489
0.562487
0.562486
0.562486
0.562486
0.562486
0.562486
0.562486
0.562486
0.562485
0.562485
0.562483
0.562481
0.562476
0.562468
0.230193
0.218072
0.214479
0.214748
0.219313
0.229789
0.249886
0.289383
0.375812
0.514386
0.0756763
0.0784445
0.0821657
0.0868448
0.0925289
0.0993243
0.107436
0.117267
0.129732
0.147989
0.470953
0.555064
0.562191
0.56249
0.5625
0.5625
0.5625
0.5625
0.5625
0.5625
0.5625
0.5625
0.5625
0.5625
0.5625
0.5625
0.5625
0.562499
0.562499
0.562499
0.235806
0.222107
0.218238
0.218364
0.222826
0.233365
0.253931
0.294797
0.385019
0.521307
0.0822609
0.0850451
0.0887701
0.0934483
0.0991358
0.10595
0.114111
0.124037
0.13668
0.155304
0.469093
0.554533
0.562153
0.562489
0.5625
0.5625
0.5625
0.5625
0.5625
0.5625
0.5625
0.5625
0.5625
0.5625
0.5625
0.5625
0.5625
0.5625
0.5625
0.5625
0.241322
0.226141
0.222012
0.222032
0.226466
0.23717
0.258336
0.300829
0.395577
0.528165
0.0886252
0.09142
0.09514
0.0998052
0.105481
0.112297
0.120485
0.130487
0.143291
0.162286
0.468244
0.5542
0.562126
0.562487
0.5625
0.5625
0.5625
0.5625
0.5625
0.5625
0.5625
0.5625
0.5625
0.5625
0.5625
0.5625
0.5625
0.5625
0.5625
0.5625
0.246772
0.230198
0.225821
0.225766
0.230229
0.241179
0.263062
0.307468
0.407502
0.53465
0.0947758
0.0975747
0.10128
0.10592
0.11157
0.118371
0.12657
0.136634
0.149597
0.168986
0.46811
0.554019
0.562109
0.562486
0.5625
0.5625
0.5625
0.5625
0.5625
0.5625
0.5625
0.5625
0.5625
0.5625
0.5625
0.5625
0.5625
0.5625
0.5625
0.5625
0.252187
0.234302
0.229689
0.229581
0.234116
0.245378
0.268086
0.314736
0.420753
0.540501
0.100726
0.103522
0.107202
0.111803
0.11741
0.124177
0.132374
0.142492
0.155618
0.175438
0.468486
0.553952
0.562099
0.562486
0.5625
0.5625
0.5625
0.5625
0.5625
0.5625
0.5625
0.5625
0.5625
0.5625
0.5625
0.5625
0.5625
0.5625
0.5625
0.5625
0.257595
0.238484
0.233641
0.233494
0.238133
0.249761
0.273397
0.322697
0.435154
0.545543
0.106492
0.109277
0.112919
0.117463
0.123008
0.129724
0.137901
0.148064
0.161361
0.181657
0.469208
0.553965
0.562096
0.562486
0.5625
0.5625
0.5625
0.5625
0.5625
0.5625
0.5625
0.5625
0.5625
0.5625
0.5625
0.5625
0.5625
0.5625
0.5625
0.5625
0.263031
0.242777
0.237704
0.237528
0.242293
0.254328
0.278996
0.331451
0.450319
0.549692
0.112096
0.114859
0.118447
0.122915
0.128375
0.135016
0.143152
0.153349
0.166823
0.187644
0.470132
0.554027
0.562096
0.562486
0.5625
0.5625
0.5625
0.5625
0.5625
0.5625
0.5625
0.5625
0.5625
0.5625
0.5625
0.5625
0.5625
0.5625
0.5625
0.5625
0.268529
0.247226
0.241912
0.241709
0.246614
0.259085
0.284895
0.341135
0.465641
0.552959
0.117559
0.120289
0.123804
0.128171
0.133518
0.140053
0.14812
0.158331
0.171985
0.193386
0.471113
0.554109
0.562098
0.562486
0.5625
0.5625
0.5625
0.5625
0.5625
0.5625
0.5625
0.5625
0.5625
0.5625
0.5625
0.5625
0.5625
0.5625
0.5625
0.5625
0.274129
0.25188
0.246309
0.246072
0.25112
0.264044
0.291121
0.351888
0.480382
0.555433
0.122909
0.125589
0.129009
0.133246
0.138443
0.144834
0.152794
0.162988
0.176812
0.198844
0.471988
0.554176
0.5621
0.562486
0.5625
0.5625
0.5625
0.5625
0.5625
0.5625
0.5625
0.5625
0.5625
0.5625
0.5625
0.5625
0.5625
0.5625
0.5625
0.5625
0.279881
0.256812
0.250953
0.250667
0.255845
0.269222
0.297708
0.363792
0.493847
0.557246
0.128175
0.130788
0.134085
0.138156
0.143161
0.149354
0.157152
0.167279
0.181247
0.203952
0.472551
0.554188
0.562099
0.562486
0.5625
0.5625
0.5625
0.5625
0.5625
0.5625
0.5625
0.5625
0.5625
0.5625
0.5625
0.5625
0.5625
0.5625
0.5625
0.5625
0.28586
0.262124
0.255933
0.255563
0.260835
0.274649
0.304701
0.376774
0.505549
0.558539
0.13339
0.135916
0.13906
0.142923
0.147681
0.153612
0.161171
0.171152
0.185204
0.208601
0.472507
0.554089
0.562092
0.562485
0.5625
0.5625
0.5625
0.5625
0.5625
0.5625
0.5625
0.5625
0.5625
0.5625
0.5625
0.5625
0.5625
0.5625
0.5625
0.5625
0.292177
0.267974
0.261383
0.260862
0.266162
0.280366
0.312141
0.39051
0.515253
0.559441
0.138595
0.14101
0.143966
0.147575
0.152022
0.157608
0.164825
0.17454
0.188561
0.21261
0.471383
0.553785
0.562073
0.562485
0.5625
0.5625
0.5625
0.5625
0.5625
0.5625
0.5625
0.5625
0.5625
0.5625
0.5625
0.5625
0.5625
0.5625
0.5625
0.5625
0.299029
0.274621
0.26752
0.266726
0.271931
0.286434
0.320047
0.404378
0.522943
0.560054
0.143838
0.146116
0.148849
0.152152
0.156219
0.161362
0.168102
0.177372
0.191152
0.215693
0.468287
0.553099
0.562033
0.562483
0.5625
0.5625
0.5625
0.5625
0.5625
0.5625
0.5625
0.5625
0.5625
0.5625
0.5625
0.5625
0.5625
0.5625
0.5625
0.5625
0.306788
0.282513
0.274718
0.273426
0.278323
0.292951
0.328406
0.417575
0.528754
0.560456
0.14918
0.151295
0.153769
0.156717
0.160331
0.164922
0.171018
0.179595
0.192776
0.217383
0.461138
0.551617
0.561952
0.562481
0.562499
0.5625
0.5625
0.5625
0.5625
0.5625
0.5625
0.5625
0.5625
0.5625
0.5625
0.5625
0.5625
0.5625
0.5625
0.5625
0.316264
0.292515
0.283676
0.281458
0.285663
0.300102
0.337182
0.429387
0.532933
0.560702
0.154695
0.156622
0.158807
0.161358
0.164453
0.168386
0.173661
0.181232
0.193257
0.216951
0.443798
0.548165
0.561782
0.562476
0.562499
0.5625
0.5625
0.5625
0.5625
0.5625
0.5625
0.5625
0.5625
0.5625
0.5625
0.5625
0.5625
0.5625
0.5625
0.5625
0.329492
0.306538
0.295846
0.291828
0.294611
0.308281
0.346423
0.439503
0.5358
0.560832
0.16048
0.162199
0.164074
0.1662
0.168734
0.17193
0.176226
0.182467
0.192613
0.213495
0.397037
0.539275
0.561434
0.562468
0.562499
0.5625
0.5625
0.5625
0.5625
0.5625
0.5625
0.5625
0.5625
0.5625
0.5625
0.5625
0.5625
0.5625
0.5625
0.5625
0.352753
0.329602
0.314713
0.306813
0.306628
0.318402
0.35653
0.448257
0.537742
0.560877
0.166666
0.168162
0.169719
0.171416
0.173381
0.175815
0.17906
0.183759
0.191371
0.206813
0.212288
0.218514
0.22445
0.230194
0.235806
0.241322
0.246772
0.252187
0.257595
0.263031
0.268529
0.274129
0.279881
0.28586
0.292177
0.299029
0.306788
0.316263
0.329492
0.352752
0.37682
0.365799
0.345897
0.330789
0.324718
0.332471
0.368784
0.456798
0.539247
0.560865
0.173427
0.174696
0.175943
0.177232
0.178663
0.180389
0.182664
0.185933
0.191108
0.200505
0.205511
0.209866
0.21401
0.218072
0.222107
0.226141
0.230198
0.234302
0.238484
0.242777
0.247226
0.25188
0.256812
0.262124
0.267974
0.274621
0.282512
0.292515
0.306538
0.329601
0.365798
0.386666
0.38126
0.364659
0.352052
0.353607
0.385731
0.467088
0.540887
0.560823
0.181019
0.182064
0.183022
0.183945
0.184912
0.186039
0.187513
0.189636
0.192932
0.198349
0.202829
0.206859
0.210704
0.214479
0.218239
0.222012
0.225822
0.22969
0.233641
0.237704
0.241912
0.246309
0.250953
0.255933
0.261383
0.26752
0.274718
0.283675
0.295846
0.314712
0.345896
0.381259
0.402209
0.400423
0.388292
0.38445
0.410507
0.481313
0.543122
0.560769
0.189841
0.190675
0.191375
0.191987
0.192575
0.193234
0.194107
0.195405
0.197445
0.200644
0.204113
0.207632
0.211174
0.214748
0.218364
0.222033
0.225766
0.229581
0.233494
0.237528
0.241709
0.246073
0.250667
0.255563
0.260862
0.266726
0.273426
0.281458
0.291827
0.306812
0.330788
0.364658
0.400422
0.423014
0.425827
0.423862
0.444403
0.499476
0.54595
0.5607
0.200594
0.201234
0.201714
0.202073
0.20237
0.202689
0.20315
0.203915
0.205197
0.207225
0.209809
0.212755
0.215945
0.219313
0.222826
0.226466
0.230229
0.234116
0.238133
0.242293
0.246614
0.25112
0.255845
0.260835
0.266162
0.271931
0.278323
0.285663
0.294611
0.306627
0.324717
0.352051
0.388291
0.425826
0.451325
0.462856
0.481099
0.517914
0.548846
0.56058
0.21468
0.215153
0.215451
0.215615
0.215704
0.215798
0.216009
0.216479
0.217373
0.21885
0.22092
0.223497
0.22648
0.229789
0.233365
0.23717
0.241179
0.245378
0.249761
0.254328
0.259085
0.264044
0.269222
0.274649
0.280366
0.286434
0.292951
0.300102
0.308281
0.318402
0.33247
0.353606
0.384449
0.423861
0.462855
0.489733
0.509473
0.532181
0.551225
0.560355
0.235335
0.235682
0.235847
0.235874
0.23583
0.235806
0.235916
0.236299
0.237109
0.238482
0.240483
0.243094
0.246252
0.249886
0.253931
0.258336
0.263062
0.268086
0.273397
0.278996
0.284895
0.291121
0.297708
0.304701
0.31214
0.320046
0.328405
0.337182
0.346422
0.35653
0.368783
0.38573
0.410506
0.444401
0.481097
0.509473
0.527544
0.541536
0.552984
0.56
0.270992
0.271298
0.271402
0.271366
0.271277
0.27125
0.271426
0.271963
0.273029
0.274769
0.277276
0.280571
0.284624
0.289383
0.294797
0.300829
0.307468
0.314736
0.322697
0.331451
0.341135
0.351888
0.363791
0.376774
0.390509
0.404378
0.417575
0.429386
0.439502
0.448257
0.456797
0.467087
0.481311
0.499475
0.517913
0.532181
0.541536
0.548483
0.554697
0.559672
0.344891
0.345341
0.345522
0.345538
0.34553
0.34567
0.346164
0.347237
0.349115
0.352003
0.356052
0.361347
0.367928
0.375812
0.385019
0.395576
0.407502
0.420753
0.435153
0.450318
0.465641
0.480381
0.493847
0.505549
0.515253
0.522942
0.528754
0.532933
0.5358
0.537741
0.539246
0.540887
0.543122
0.54595
0.548846
0.551225
0.552984
0.554697
0.557036
0.55981
0.483182
0.483704
0.483957
0.484068
0.484193
0.484522
0.485269
0.486656
0.488888
0.492112
0.496384
0.501645
0.50773
0.514386
0.521307
0.528165
0.534649
0.540501
0.545543
0.549692
0.552959
0.555433
0.557246
0.558539
0.559441
0.560054
0.560456
0.560702
0.560832
0.560877
0.560865
0.560823
0.560769
0.5607
0.56058
0.560355
0.56
0.559672
0.55981
0.560678
)
;

boundaryField
{
    left
    {
        type            fixedValue;
        value           uniform 1;
    }
    right
    {
        type            fixedValue;
        value           uniform 1;
    }
    up
    {
        type            fixedValue;
        value           uniform 1;
    }
    down
    {
        type            fixedValue;
        value           uniform 1;
    }
    front
    {
        type            fixedValue;
        value           uniform 1;
    }
    back
    {
        type            fixedValue;
        value           uniform 1;
    }
}


// ************************************************************************* //
