/*--------------------------------*- C++ -*----------------------------------*\
| =========                 |                                                 |
| \\      /  F ield         | OpenFOAM: The Open Source CFD Toolbox           |
|  \\    /   O peration     | Version:  2.1.0                                 |
|   \\  /    A nd           | Web:      www.OpenFOAM.org                      |
|    \\/     M anipulation  |                                                 |
\*---------------------------------------------------------------------------*/
FoamFile
{
    version     2.0;
    format      ascii;
    class       volScalarField;
    location    "28105";
    object      kr_w;
}
// * * * * * * * * * * * * * * * * * * * * * * * * * * * * * * * * * * * * * //

dimensions      [0 0 0 0 0 0 0];

internalField   nonuniform List<scalar> 
8000
(
0.418883
0.397571
0.372115
0.345962
0.320846
0.2975
0.276147
0.256768
0.239228
0.223361
0.209019
0.196068
0.184372
0.173797
0.164212
0.155498
0.147551
0.140273
0.133572
0.127367
0.121587
0.116166
0.111047
0.106177
0.101502
0.0969715
0.0925301
0.0881175
0.0836638
0.0790835
0.0742668
0.0690639
0.0632589
0.0565257
0.0483504
0.0380287
0.025237
0.0118715
0.00297324
0.000304477
0.397573
0.378862
0.356343
0.332866
0.309973
0.288389
0.2684
0.250064
0.233316
0.218058
0.204198
0.191634
0.180256
0.169944
0.160582
0.152059
0.14428
0.137151
0.130584
0.124502
0.118838
0.11353
0.108525
0.103772
0.0992218
0.0948258
0.090531
0.086278
0.0819957
0.077596
0.0729638
0.0679427
0.06231
0.0557303
0.0476768
0.0374347
0.0247062
0.0115016
0.00284736
0.000289067
0.372116
0.356343
0.337116
0.316682
0.296356
0.276843
0.258482
0.2414
0.225614
0.211108
0.197848
0.185775
0.174803
0.164835
0.155769
0.147507
0.139962
0.133043
0.126668
0.120766
0.115273
0.110137
0.105305
0.100734
0.0963785
0.0921927
0.088126
0.0841188
0.0800967
0.0759645
0.0715973
0.0668275
0.0614218
0.0550346
0.0471269
0.0369749
0.0243052
0.0112279
0.00275534
0.000277668
0.345963
0.332867
0.316682
0.299124
0.281294
0.263841
0.247128
0.231331
0.216549
0.202844
0.190234
0.178699
0.168184
0.15861
0.149889
0.14194
0.134676
0.12801
0.121868
0.116186
0.110906
0.105981
0.101367
0.0970255
0.092918
0.0890042
0.0852371
0.0815569
0.0778846
0.0741138
0.0701031
0.0656656
0.0605521
0.0544037
0.0466699
0.0366189
0.0240011
0.0110203
0.00268506
0.000268757
0.320846
0.309974
0.296356
0.281294
0.265684
0.250103
0.234901
0.220306
0.206482
0.193548
0.181572
0.170574
0.160525
0.151365
0.143022
0.135416
0.128459
0.122072
0.116188
0.110747
0.105702
0.10101
0.0966365
0.0925518
0.088727
0.0851307
0.0817231
0.0784477
0.0752208
0.0719208
0.0683795
0.0643771
0.0596382
0.0537866
0.0462605
0.036323
0.0237505
0.0108444
0.00262311
0.000260569
0.2975
0.288389
0.276843
0.263841
0.250103
0.236116
0.222222
0.208681
0.195696
0.183432
0.172009
0.161497
0.151891
0.143146
0.135191
0.127937
0.121297
0.115198
0.109577
0.104381
0.0995694
0.0951092
0.0909754
0.0871495
0.0836164
0.0803597
0.0773547
0.0745555
0.0718789
0.0691855
0.0662654
0.0628384
0.058586
0.0531085
0.0458344
0.0360262
0.0234969
0.0106589
0.00255413
0.000251131
0.276147
0.2684
0.258482
0.247128
0.234901
0.222222
0.209415
0.196736
0.184408
0.172632
0.161603
0.151472
0.14226
0.133914
0.126335
0.119424
0.113094
0.107271
0.101898
0.0969278
0.0923257
0.088068
0.0841412
0.0805411
0.0772716
0.0743404
0.0717502
0.0694828
0.0674713
0.0655639
0.0634887
0.0608483
0.0572488
0.0522583
0.0452995
0.0356459
0.0231677
0.010415
0.00246127
0.000238413
0.256768
0.250064
0.2414
0.231331
0.220306
0.208681
0.196737
0.184699
0.172773
0.161184
0.150249
0.140332
0.131444
0.123456
0.116225
0.109634
0.103587
0.098009
0.0928445
0.0880511
0.0836004
0.0794774
0.0756803
0.0722217
0.0691297
0.0664467
0.0642233
0.0625006
0.0612693
0.0603979
0.0595395
0.0580474
0.0553842
0.0510675
0.0445277
0.0350745
0.0226752
0.0100588
0.00232815
0.000220706
0.239228
0.233316
0.225614
0.21655
0.206482
0.195696
0.184408
0.172773
0.160908
0.148971
0.137437
0.127486
0.118827
0.111146
0.104223
0.0979073
0.0920889
0.0866894
0.0816517
0.0769366
0.0725202
0.068395
0.064571
0.0610794
0.0579752
0.0553427
0.0533024
0.0520091
0.0516136
0.0521391
0.0532282
0.053677
0.0525539
0.0492788
0.0433484
0.0341824
0.0219242
0.00953936
0.00214276
0.000197196
0.223361
0.218058
0.211108
0.202844
0.193548
0.183432
0.172632
0.161184
0.148971
0.135617
0.120746
0.11047
0.101986
0.0945693
0.0878888
0.081751
0.0760301
0.0706385
0.0655154
0.0606213
0.0559337
0.0514432
0.04716
0.0431243
0.0394191
0.0361904
0.0336746
0.0322404
0.0324433
0.0349938
0.0402019
0.0455712
0.0478674
0.0465217
0.0415714
0.0328434
0.0208332
0.00882281
0.00190268
0.000168522
0.209019
0.204198
0.197848
0.190234
0.181572
0.172009
0.161603
0.150249
0.137437
0.120746
0.00432042
0.00315978
0.00349267
0.00361941
0.003606
0.00350345
0.00334179
0.00314131
0.00291707
0.00268103
0.00244317
0.00221238
0.00199712
0.00180626
0.00165045
0.00154488
0.0015165
0.00162637
0.00205387
0.00349312
0.0376409
0.0419557
0.0442839
0.0436454
0.0393663
0.0310469
0.0193792
0.00791133
0.00161906
0.000136882
0.196068
0.191634
0.185775
0.1787
0.170574
0.161497
0.151472
0.140332
0.127486
0.11047
0.00315979
0.000187002
0.000124448
0.000137584
0.000142806
0.000141212
0.000134951
0.000125684
0.000114703
0.000103025
9.14462e-05
8.05907e-05
7.09548e-05
6.29626e-05
5.70546e-05
5.38648e-05
5.46476e-05
6.24913e-05
8.62183e-05
0.000150608
0.0349318
0.0390235
0.0412
0.0407952
0.036876
0.0288539
0.0176014
0.00684945
0.001315
0.000105385
0.184372
0.180256
0.174803
0.168184
0.160525
0.151892
0.14226
0.131444
0.118827
0.101986
0.00349267
0.000124448
6.02669e-06
3.73847e-06
4.0142e-06
4.07773e-06
3.9435e-06
3.67649e-06
3.33302e-06
2.95842e-06
2.58739e-06
2.24519e-06
1.94956e-06
1.71335e-06
1.54828e-06
1.47143e-06
1.5187e-06
1.77852e-06
2.47701e-06
4.01497e-06
0.0321878
0.03626
0.0383046
0.037942
0.0341688
0.0263409
0.0155788
0.00571207
0.0010182
7.69529e-05
0.173797
0.169944
0.164835
0.15861
0.151365
0.143146
0.133914
0.123456
0.111146
0.0945692
0.00361941
0.000137584
3.73849e-06
1.56454e-07
9.11011e-08
9.40153e-08
9.24452e-08
8.67636e-08
7.86078e-08
6.93805e-08
6.01562e-08
5.16881e-08
4.44629e-08
3.87864e-08
3.48974e-08
3.31335e-08
3.42293e-08
3.9958e-08
5.43602e-08
8.15451e-08
0.0294352
0.0335317
0.035459
0.0350391
0.0312736
0.0235875
0.013416
0.00458451
0.000752386
5.34573e-05
0.164212
0.160582
0.155769
0.149889
0.143022
0.135192
0.126335
0.116225
0.104223
0.0878887
0.003606
0.000142806
4.01422e-06
9.11014e-08
3.36499e-09
1.84591e-09
1.82297e-09
1.72723e-09
1.56939e-09
1.38243e-09
1.19243e-09
1.01737e-09
8.68319e-10
7.51499e-10
6.70916e-10
6.31781e-10
6.45739e-10
7.40623e-10
9.74379e-10
1.37353e-09
0.0266836
0.0307875
0.0325914
0.0320488
0.0282105
0.0206865
0.0112285
0.0035427
0.000532033
3.54919e-05
0.155498
0.152059
0.147507
0.14194
0.135416
0.127937
0.119424
0.109634
0.0979072
0.081751
0.00350345
0.000141212
4.07774e-06
9.40157e-08
1.84592e-09
6.11079e-11
3.1665e-11
2.99021e-11
2.72879e-11
2.40342e-11
2.06573e-11
1.75195e-11
1.48369e-11
1.27216e-11
1.12326e-11
1.04351e-11
1.04801e-11
1.17353e-11
1.49217e-11
2.0055e-11
0.0239345
0.0279999
0.0296592
0.028949
0.0250133
0.017758
0.00913072
0.00263908
0.000361434
2.2645e-05
0.147551
0.14428
0.139962
0.134676
0.128459
0.121297
0.113094
0.103586
0.0920888
0.07603
0.0033418
0.000134952
3.94351e-06
9.24455e-08
1.82298e-09
3.16652e-11
9.52206e-13
4.67917e-13
4.23145e-13
3.72818e-13
3.19488e-13
2.69444e-13
2.26373e-13
1.92034e-13
1.67322e-13
1.52833e-13
1.50271e-13
1.64e-13
2.0194e-13
2.61548e-13
0.0211936
0.0251564
0.0266425
0.0257434
0.0217497
0.0149385
0.00722039
0.00189779
0.000236997
1.39679e-05
0.140273
0.137151
0.133043
0.12801
0.122072
0.115198
0.107271
0.098009
0.0866893
0.0706385
0.00314132
0.000125684
3.6765e-06
8.67639e-08
1.72724e-09
2.99022e-11
4.67917e-13
1.27737e-14
5.52478e-15
4.65479e-15
3.87687e-15
3.13389e-15
2.4798e-15
1.91145e-15
1.51138e-15
1.27007e-15
1.19386e-15
1.3685e-15
1.84159e-15
2.59728e-15
0.0184829
0.0222661
0.0235516
0.0224755
0.0185354
0.0123095
0.00556337
0.00131903
0.000150776
8.38166e-06
0.133572
0.130584
0.126668
0.121868
0.116188
0.109577
0.101898
0.0928444
0.0816517
0.0655154
0.00291708
0.000114704
3.33303e-06
7.86081e-08
1.56939e-09
2.7288e-11
4.23145e-13
5.52478e-15
0
0
0
0
0
0
0
0
0
0
0
0
0.0158497
0.0193718
0.0204397
0.019242
0.0155297
0.00994128
0.00418602
0.000887671
9.36019e-05
4.92561e-06
0.127367
0.124502
0.120766
0.116186
0.110747
0.104381
0.0969278
0.088051
0.0769365
0.0606212
0.00268103
0.000103025
2.95843e-06
6.93807e-08
1.38244e-09
2.40343e-11
3.72879e-13
4.65479e-15
0
0
0
0
0
0
0
0
0
0
0
0
0.0133641
0.016558
0.017412
0.0161916
0.0128298
0.00788232
0.00307842
0.000580627
5.70737e-05
2.85525e-06
0.121587
0.118838
0.115273
0.110906
0.105702
0.0995694
0.0923257
0.0836004
0.0725201
0.0559336
0.00244318
9.14465e-05
2.5874e-06
6.01564e-08
1.19243e-09
2.06574e-11
3.19488e-13
3.87687e-15
0
0
0
0
0
0
0
0
0
0
0
0
0.0110614
0.0139276
0.014608
0.0134531
0.0104486
0.00614635
0.00220924
0.000371552
3.44343e-05
1.64546e-06
0.116166
0.11353
0.110137
0.105981
0.10101
0.0951091
0.088068
0.0794773
0.0683949
0.0514431
0.00221239
8.05909e-05
2.2452e-06
5.16883e-08
1.01737e-09
1.75196e-11
2.69444e-13
3.13389e-15
0
0
0
0
0
0
0
0
0
0
0
0
0.00897185
0.0115124
0.0120789
0.0110314
0.00839078
0.00471424
0.00154224
0.000234455
2.07201e-05
9.50829e-07
0.111047
0.108525
0.105305
0.101367
0.0966365
0.0909754
0.0841411
0.0756802
0.0645709
0.04716
0.00199712
7.0955e-05
1.94957e-06
4.4463e-08
8.68323e-10
1.4837e-11
2.26373e-13
2.4798e-15
0
0
0
0
0
0
0
0
0
0
0
0
0.00712772
0.00933826
0.00983189
0.00892061
0.00664128
0.00354709
0.00104511
0.000146997
1.25364e-05
5.5604e-07
0.106177
0.103772
0.100734
0.0970255
0.0925518
0.0871495
0.0805411
0.0722217
0.0610793
0.0431242
0.00180627
6.29628e-05
1.71335e-06
3.87865e-08
7.51502e-10
1.27217e-11
1.92034e-13
1.91145e-15
0
0
0
0
0
0
0
0
0
0
0
0
0.00554067
0.00742188
0.00786515
0.00709957
0.0051651
0.00260293
0.000689098
9.22057e-05
7.68947e-06
3.32372e-07
0.101502
0.0992218
0.0963785
0.0929179
0.088727
0.0836163
0.0772716
0.0691297
0.0579752
0.039419
0.00165046
5.70547e-05
1.54829e-06
3.48975e-08
6.70919e-10
1.12328e-11
1.67322e-13
1.51138e-15
0
0
0
0
0
0
0
0
0
0
0
0
0.00419346
0.00575405
0.0061542
0.00552951
0.00391852
0.00184761
0.000444986
5.82198e-05
4.81861e-06
2.05162e-07
0.0969715
0.0948258
0.0921926
0.0890042
0.0851307
0.0803597
0.0743403
0.0664466
0.0553426
0.0361903
0.00154488
5.38649e-05
1.47143e-06
3.31336e-08
6.31783e-10
1.04351e-11
1.52833e-13
1.27007e-15
0
0
0
0
0
0
0
0
0
0
0
0
0.00304861
0.00430059
0.00465627
0.00416476
0.00286346
0.00125671
0.000283127
3.71472e-05
3.10302e-06
1.31982e-07
0.0925301
0.090531
0.088126
0.085237
0.0817231
0.0773547
0.0717502
0.0642232
0.0533024
0.0336745
0.0015165
5.46477e-05
1.5187e-06
3.42294e-08
6.45741e-10
1.04801e-11
1.50271e-13
1.19386e-15
0
0
0
0
0
0
0
0
0
0
0
0
0.00207076
0.00302265
0.00333035
0.00297051
0.00197739
0.00081118
0.000177547
2.39335e-05
2.05715e-06
8.90093e-08
0.0881175
0.0862779
0.0841187
0.0815568
0.0784477
0.0745555
0.0694828
0.0625006
0.052009
0.0322404
0.00162637
6.24914e-05
1.77852e-06
3.99581e-08
7.40625e-10
1.17353e-11
1.64e-13
1.3685e-15
0
0
0
0
0
0
0
0
0
0
0
0
0.0012545
0.00191171
0.00216709
0.00194135
0.00125673
0.000491639
0.000108938
1.54619e-05
1.39773e-06
6.29079e-08
0.0836637
0.0819956
0.0800966
0.0778845
0.0752207
0.0718788
0.0674712
0.0612692
0.0516136
0.0324433
0.00205387
8.62184e-05
2.47701e-06
5.43603e-08
9.74381e-10
1.49218e-11
2.0194e-13
1.84159e-15
0
0
0
0
0
0
0
0
0
0
0
0
0.000635646
0.00101918
0.00121396
0.00111168
0.000712169
0.000276162
6.44642e-05
9.87423e-06
9.61202e-07
4.6182e-08
0.0790834
0.0775959
0.0759644
0.0741138
0.0719208
0.0691855
0.0655638
0.0603978
0.0521391
0.0349938
0.00349312
0.000150608
4.01498e-06
8.15452e-08
1.37353e-09
2.00551e-11
2.61548e-13
2.59728e-15
0
0
0
0
0
0
0
0
0
0
0
0
0.000249555
0.000426096
0.00055256
0.000533804
0.000350418
0.000141641
3.60534e-05
6.104e-06
6.60946e-07
3.54186e-08
0.0742667
0.0729637
0.0715972
0.070103
0.0683795
0.0662653
0.0634887
0.0595395
0.0532282
0.0402019
0.0376409
0.0349318
0.0321878
0.0294352
0.0266836
0.0239345
0.0211936
0.0184829
0.0158498
0.0133642
0.0110614
0.0089719
0.00712777
0.00554072
0.0041935
0.00304865
0.00207079
0.00125452
0.000635662
0.000249563
0.000105264
0.000139842
0.000200903
0.000212005
0.000148709
6.54436e-05
1.86582e-05
3.65068e-06
4.61973e-07
2.85242e-08
0.0690638
0.0679426
0.0668274
0.0656655
0.064377
0.0628383
0.0608483
0.0580474
0.053677
0.0455712
0.0419557
0.0390235
0.03626
0.0335317
0.0307875
0.028
0.0251565
0.0222662
0.0193719
0.0165581
0.0139276
0.0115125
0.00933831
0.00742193
0.0057541
0.00430063
0.00302269
0.00191174
0.0010192
0.00042611
0.000139846
6.52582e-05
6.6889e-05
7.26343e-05
5.525e-05
2.71704e-05
9.20626e-06
2.17326e-06
3.2794e-07
2.39458e-08
0.0632589
0.0623099
0.0614217
0.060552
0.0596381
0.0585859
0.0572488
0.0553841
0.0525539
0.0478674
0.0442839
0.0412
0.0383046
0.035459
0.0325914
0.0296593
0.0266426
0.0235516
0.0204397
0.0174121
0.0146081
0.0120789
0.00983195
0.00786521
0.00615425
0.00465632
0.0033304
0.00216713
0.00121399
0.000552577
0.000200911
6.68912e-05
3.11573e-05
2.4573e-05
1.90974e-05
1.0981e-05
4.50174e-06
1.28931e-06
2.35529e-07
2.0791e-08
0.0565257
0.0557302
0.0550345
0.0544036
0.0537866
0.0531085
0.0522582
0.0510675
0.0492787
0.0465217
0.0436454
0.0407952
0.037942
0.0350391
0.0320488
0.028949
0.0257434
0.0224756
0.019242
0.0161917
0.0134532
0.0110315
0.00892067
0.00709962
0.00552956
0.0041648
0.00297055
0.00194139
0.0011117
0.00053382
0.000212012
7.26372e-05
2.45737e-05
1.12876e-05
7.31025e-06
4.54109e-06
2.19622e-06
7.61781e-07
1.70242e-07
1.85075e-08
0.0483503
0.0476767
0.0471268
0.0466698
0.0462605
0.0458343
0.0452995
0.0445277
0.0433483
0.0415714
0.0393663
0.036876
0.0341688
0.0312737
0.0282106
0.0250133
0.0217497
0.0185355
0.0155298
0.0128298
0.0104487
0.00839083
0.00664134
0.00516514
0.00391856
0.0028635
0.00197742
0.00125676
0.000712187
0.000350429
0.000148714
5.52521e-05
1.90981e-05
7.31043e-06
3.58076e-06
2.06717e-06
1.09962e-06
4.51759e-07
1.23563e-07
1.67609e-08
0.0380286
0.0374346
0.0369749
0.0366189
0.0363229
0.0360262
0.0356459
0.0350745
0.0341824
0.0328433
0.0310469
0.0288539
0.0263409
0.0235875
0.0206866
0.017758
0.0149386
0.0123096
0.00994133
0.00788237
0.00614639
0.00471428
0.00354713
0.00260296
0.00184764
0.00125673
0.000811195
0.000491651
0.000276169
0.000141646
6.54458e-05
2.71714e-05
1.09814e-05
4.54123e-06
2.06721e-06
1.08195e-06
5.86423e-07
2.73177e-07
9.02018e-08
1.53465e-08
0.0252369
0.0247061
0.0243052
0.024001
0.0237505
0.0234969
0.0231676
0.0226752
0.0219241
0.0208332
0.0193792
0.0176014
0.0155788
0.013416
0.0112285
0.00913075
0.00722042
0.0055634
0.00418605
0.00307844
0.00220927
0.00154226
0.00104513
0.000689108
0.000444994
0.000283133
0.000177551
0.000108941
6.44658e-05
3.60545e-05
1.86588e-05
9.20656e-06
4.50189e-06
2.19629e-06
1.09965e-06
5.86431e-07
3.26101e-07
1.67582e-07
6.56683e-08
1.40196e-08
0.0118714
0.0115015
0.0112279
0.0110203
0.0108444
0.0106589
0.010415
0.0100588
0.00953936
0.00882281
0.00791134
0.00684946
0.00571208
0.00458453
0.00354272
0.00263909
0.0018978
0.00131904
0.00088768
0.000580634
0.000371557
0.000234459
0.000147
9.22073e-05
5.82209e-05
3.71479e-05
2.3934e-05
1.54622e-05
9.87446e-06
6.10416e-06
3.65078e-06
2.17332e-06
1.28935e-06
7.61802e-07
4.5177e-07
2.73181e-07
1.67583e-07
9.71307e-08
4.53184e-08
1.22353e-08
0.00297323
0.00284736
0.00275534
0.00268506
0.0026231
0.00255413
0.00246127
0.00232815
0.00214276
0.00190269
0.00161906
0.00131501
0.00101821
0.00075239
0.000532037
0.000361437
0.000236999
0.000150777
9.3603e-05
5.70745e-05
3.44348e-05
2.07205e-05
1.25367e-05
7.68961e-06
4.8187e-06
3.10308e-06
2.05719e-06
1.39776e-06
9.61224e-07
6.60961e-07
4.61984e-07
3.27947e-07
2.35534e-07
1.70246e-07
1.23566e-07
9.02034e-08
6.56691e-08
4.53187e-08
2.60203e-08
9.12705e-09
0.000304477
0.000289067
0.000277668
0.000268757
0.000260569
0.000251131
0.000238413
0.000220706
0.000197196
0.000168522
0.000136882
0.000105386
7.69533e-05
5.34576e-05
3.54921e-05
2.26452e-05
1.3968e-05
8.38176e-06
4.92568e-06
2.85529e-06
1.64549e-06
9.50845e-07
5.56049e-07
3.32378e-07
2.05166e-07
1.31984e-07
8.90111e-08
6.29091e-08
4.61829e-08
3.54193e-08
2.85248e-08
2.39463e-08
2.07913e-08
1.85078e-08
1.67611e-08
1.53468e-08
1.40197e-08
1.22354e-08
9.12707e-09
4.37322e-09
0.51141
0.485489
0.451182
0.414935
0.3805
0.349302
0.32159
0.297165
0.275673
0.256739
0.239996
0.22512
0.21185
0.199972
0.189298
0.17966
0.170907
0.162916
0.155583
0.148815
0.142529
0.136654
0.131126
0.125886
0.120878
0.116046
0.111335
0.106686
0.102033
0.097301
0.0923997
0.0872212
0.0816327
0.0754709
0.0685208
0.0603784
0.0497922
0.033793
0.0133872
0.00184088
0.485496
0.460689
0.429608
0.397157
0.366082
0.337542
0.311855
0.288949
0.268597
0.250519
0.234422
0.220044
0.207173
0.195622
0.185222
0.175817
0.167263
0.159451
0.152279
0.14566
0.139517
0.133781
0.128393
0.123297
0.118441
0.113773
0.109239
0.10478
0.100328
0.0958054
0.0911156
0.0861431
0.0807477
0.0747599
0.0679624
0.0599541
0.0494778
0.0335279
0.0131858
0.00179555
0.451186
0.429607
0.40309
0.375228
0.348097
0.322706
0.299448
0.27839
0.259435
0.242411
0.227117
0.213372
0.201017
0.189897
0.179862
0.170769
0.162492
0.154928
0.147986
0.141581
0.135645
0.130114
0.124935
0.120056
0.11543
0.111007
0.106737
0.102559
0.0984003
0.0941748
0.0897753
0.0850737
0.0799188
0.0741341
0.0675018
0.0596293
0.0492612
0.0333579
0.0130526
0.00176445
0.414935
0.397158
0.375229
0.351795
0.328489
0.306218
0.285419
0.266264
0.248765
0.232848
0.218415
0.205367
0.193592
0.182966
0.173356
0.164631
0.156686
0.149424
0.14276
0.136619
0.130937
0.125661
0.120741
0.116135
0.1118
0.107692
0.103764
0.0999518
0.0961791
0.0923451
0.088325
0.08397
0.0791125
0.0735669
0.0671165
0.0593822
0.0491185
0.0332546
0.0129624
0.00174164
0.380499
0.366083
0.348098
0.32849
0.30856
0.289102
0.270566
0.253186
0.23705
0.222182
0.208588
0.196238
0.185062
0.174956
0.165797
0.157477
0.149899
0.142972
0.136617
0.13077
0.125373
0.120381
0.115753
0.111455
0.107455
0.103716
0.100195
0.0968327
0.0935432
0.0902093
0.0866771
0.082764
0.0782764
0.0730167
0.0667715
0.0591809
0.0490167
0.0331802
0.0128835
0.00171958
0.349302
0.337543
0.322707
0.306218
0.289102
0.272037
0.255453
0.239602
0.224637
0.210682
0.19783
0.186122
0.175518
0.165923
0.157225
0.149328
0.142133
0.135556
0.129526
0.123984
0.118883
0.114184
0.109859
0.105884
0.102238
0.0988999
0.0958381
0.0930004
0.0902992
0.0875964
0.0846949
0.0813517
0.0773321
0.0724223
0.0664161
0.058981
0.0489124
0.0330869
0.0127766
0.0016892
0.32159
0.311855
0.299449
0.28542
0.270566
0.255453
0.240456
0.225829
0.211785
0.198523
0.186233
0.17505
0.164952
0.155836
0.147596
0.14012
0.133311
0.127086
0.121379
0.116138
0.111324
0.106908
0.102871
0.099204
0.0959031
0.0929669
0.0903874
0.0881345
0.0861317
0.0842251
0.0821561
0.0795689
0.0761601
0.071694
0.0659792
0.0587231
0.0487514
0.0329168
0.0125958
0.00164046
0.297165
0.288949
0.27839
0.266264
0.253186
0.239602
0.225829
0.212115
0.198679
0.185768
0.173707
0.162855
0.153167
0.144503
0.136706
0.129646
0.123214
0.117331
0.111932
0.106971
0.102416
0.0982463
0.0944553
0.0910476
0.0880399
0.0854589
0.0833351
0.0816862
0.0804825
0.0795847
0.0786639
0.0771357
0.074571
0.0707003
0.0653639
0.0583326
0.0484689
0.0326039
0.0122921
0.0015638
0.275674
0.268597
0.259435
0.248765
0.23705
0.224637
0.211785
0.198679
0.185462
0.17231
0.159718
0.148912
0.139565
0.131334
0.123977
0.117325
0.111261
0.105697
0.100574
0.0958489
0.0914941
0.087498
0.0838637
0.0806103
0.0777755
0.0754191
0.0736255
0.0725004
0.0721399
0.0725303
0.0733371
0.0734934
0.0722422
0.0692505
0.0644476
0.0577241
0.0479953
0.0320797
0.0118187
0.00145243
0.256739
0.250519
0.242411
0.232848
0.222182
0.210682
0.198522
0.185768
0.17231
0.157752
0.141734
0.130772
0.121818
0.11408
0.107197
0.100962
0.0952402
0.0899433
0.0850091
0.0803967
0.0760826
0.0720602
0.0683413
0.0649591
0.0619732
0.0594768
0.0576144
0.0566197
0.0568775
0.0589288
0.0630345
0.0670878
0.0685263
0.0670675
0.0630929
0.0568183
0.0472678
0.0312833
0.0111411
0.00130495
0.239996
0.234422
0.227116
0.218414
0.208587
0.19783
0.186233
0.173707
0.159718
0.141734
0.00578705
0.00445676
0.00508226
0.00543691
0.00559825
0.00563333
0.00558061
0.00546569
0.0053076
0.00512173
0.00492155
0.00471988
0.00453014
0.00436809
0.00425504
0.00422457
0.00434035
0.00475248
0.00592385
0.00976344
0.0602126
0.0639829
0.0655945
0.0647761
0.0614383
0.0556285
0.0462566
0.0301748
0.0102468
0.00112718
0.22512
0.220044
0.213372
0.205366
0.196237
0.186122
0.17505
0.162854
0.148912
0.130772
0.00445678
0.000321484
0.000224623
0.000259471
0.000282445
0.00029382
0.000296483
0.000292721
0.000284395
0.000273084
0.000260171
0.000246919
0.000234569
0.000224476
0.000218377
0.000218968
0.000231353
0.000267252
0.000359084
0.000600795
0.0572851
0.0614171
0.063042
0.0625155
0.0596211
0.0542245
0.0449733
0.0287404
0.00915256
0.000931742
0.21185
0.207173
0.201017
0.193592
0.185061
0.175518
0.164952
0.153166
0.139564
0.121818
0.00508227
0.000224623
1.29381e-05
8.5014e-06
9.65944e-06
1.0436e-05
1.07776e-05
1.07745e-05
1.05161e-05
1.00855e-05
9.55764e-06
9.00025e-06
8.47661e-06
8.05086e-06
7.79881e-06
7.83106e-06
8.34684e-06
9.77227e-06
1.31124e-05
2.00872e-05
0.0544936
0.0590264
0.060662
0.060299
0.05773
0.0526822
0.0434481
0.0269833
0.00790424
0.000734985
0.199972
0.195622
0.189897
0.182966
0.174955
0.165923
0.155836
0.144502
0.131334
0.11408
0.00543692
0.000259472
8.50142e-06
4.17612e-07
2.6011e-07
2.87476e-07
3.04285e-07
3.08596e-07
3.03126e-07
2.90806e-07
2.74436e-07
2.56552e-07
2.39436e-07
2.2523e-07
2.16225e-07
2.15466e-07
2.2805e-07
2.64015e-07
3.43538e-07
4.82809e-07
0.0518183
0.0567195
0.0583755
0.0581297
0.0558258
0.0510605
0.0417031
0.0249121
0.00657228
0.000552707
0.189298
0.185222
0.179862
0.173356
0.165797
0.157225
0.147596
0.136706
0.123977
0.107197
0.00559826
0.000282446
9.65947e-06
2.60111e-07
1.11439e-08
6.59855e-09
7.04702e-09
7.2493e-09
7.16883e-09
6.88182e-09
6.46777e-09
5.99988e-09
5.54212e-09
5.15052e-09
4.87888e-09
4.79101e-09
4.98488e-09
5.63957e-09
7.07035e-09
9.30315e-09
0.0492549
0.0544747
0.05616
0.0560207
0.0539546
0.0493885
0.0397449
0.0225366
0.00524265
0.000396558
0.17966
0.175816
0.170769
0.164631
0.157477
0.149327
0.14012
0.129645
0.117325
0.100961
0.00563333
0.000293821
1.0436e-05
2.87477e-07
6.59857e-09
2.50119e-10
1.40813e-10
1.44657e-10
1.43881e-10
1.3813e-10
1.29208e-10
1.18836e-10
1.08491e-10
9.93932e-11
9.25986e-11
8.92116e-11
9.07777e-11
9.9956e-11
1.20996e-10
1.51737e-10
0.0468045
0.0522942
0.0540196
0.0539942
0.052149
0.0476424
0.0375633
0.0198743
0.00400264
0.000272205
0.170907
0.167263
0.162491
0.156685
0.149899
0.142133
0.133311
0.123214
0.11126
0.0952401
0.00558062
0.000296484
1.07777e-05
3.04285e-07
7.04704e-09
1.40814e-10
4.77371e-12
2.55394e-12
2.51601e-12
2.41226e-12
2.24339e-12
2.04351e-12
1.84146e-12
1.66051e-12
1.51846e-12
1.43199e-12
1.4224e-12
1.52413e-12
1.78952e-12
2.16709e-12
0.044467
0.0501895
0.0519714
0.0520746
0.0504184
0.0457469
0.0351347
0.0169696
0.00292329
0.000179559
0.162916
0.15945
0.154928
0.149424
0.142971
0.135556
0.127086
0.117331
0.105697
0.0899432
0.0054657
0.000292721
1.07745e-05
3.08597e-07
7.24933e-09
1.44658e-10
2.55394e-12
7.84996e-14
4.00039e-14
3.76733e-14
3.47395e-14
3.12182e-14
2.77763e-14
2.46678e-14
2.20737e-14
2.03052e-14
1.97368e-14
2.05751e-14
2.36423e-14
2.79256e-14
0.0422348
0.0481704
0.0500324
0.0502736
0.0487262
0.0436814
0.032425
0.013921
0.00204557
0.000114497
0.155583
0.152279
0.147985
0.142759
0.136617
0.129526
0.121379
0.111932
0.100574
0.085009
0.00530761
0.000284395
1.05161e-05
3.03127e-07
7.16885e-09
1.43881e-10
2.51601e-12
4.00039e-14
1.20656e-16
1.20656e-16
1.14306e-16
9.52549e-18
0
0
0
0
0
0
0
0
0.0400804
0.04623
0.0482005
0.0485656
0.0469418
0.0414166
0.0293937
0.0108983
0.00137688
7.10698e-05
0.148815
0.14566
0.141581
0.136618
0.13077
0.123984
0.116138
0.106971
0.0958488
0.0803966
0.00512173
0.000273085
1.00855e-05
2.90807e-07
6.88184e-09
1.38131e-10
2.41222e-12
3.76733e-14
1.20656e-16
0
0
0
0
0
0
0
0
0
0
0
0.037945
0.0443209
0.046424
0.0468368
0.0449572
0.0389082
0.0260095
0.00811948
0.000897498
4.32851e-05
0.142529
0.139516
0.135645
0.130937
0.125373
0.118883
0.111324
0.102416
0.0914939
0.0760825
0.00492155
0.000260171
9.55766e-06
2.74436e-07
6.46779e-09
1.29208e-10
2.24342e-12
3.47395e-14
1.14306e-16
0
0
0
0
0
0
0
0
0
0
0
0.0357954
0.0423361
0.0445572
0.0449241
0.0427488
0.0361043
0.0222848
0.00577607
0.000571896
2.60978e-05
0.136654
0.133781
0.130114
0.125661
0.120381
0.114184
0.106908
0.0982462
0.0874979
0.0720601
0.00471989
0.000246919
9.00026e-06
2.56553e-07
5.9999e-09
1.18836e-10
2.04354e-12
3.12182e-14
9.52549e-18
0
0
0
0
0
0
0
0
0
0
0
0.0336025
0.04023
0.042518
0.0427907
0.0402741
0.0329512
0.018324
0.00395837
0.000360171
1.5727e-05
0.131126
0.128393
0.124935
0.120741
0.115753
0.109859
0.102871
0.0944552
0.0838635
0.0683412
0.00453014
0.000234569
8.47663e-06
2.39437e-07
5.54214e-09
1.08491e-10
1.84146e-12
2.77763e-14
0
0
0
0
0
0
0
0
0
0
0
0
0.0313087
0.0379483
0.0402574
0.0403843
0.0374738
0.0294067
0.0143572
0.00264338
0.000226672
9.56941e-06
0.125886
0.123297
0.120056
0.116134
0.111455
0.105884
0.0992039
0.0910475
0.0806101
0.064959
0.0043681
0.000224476
8.05087e-06
2.25231e-07
5.15053e-09
9.93936e-11
1.66051e-12
2.46678e-14
0
0
0
0
0
0
0
0
0
0
0
0
0.02882
0.0353971
0.0376879
0.0376245
0.0342774
0.0254658
0.0107021
0.00174072
0.000144055
5.94279e-06
0.120877
0.118441
0.115429
0.111799
0.107455
0.102238
0.095903
0.0880398
0.0777754
0.0619731
0.00425504
0.000218377
7.79883e-06
2.16226e-07
4.87889e-09
9.25988e-11
1.51846e-12
2.20737e-14
0
0
0
0
0
0
0
0
0
0
0
0
0.0259945
0.0324337
0.0346787
0.0344022
0.0306123
0.0211993
0.00763521
0.00114329
9.33369e-05
3.80815e-06
0.116046
0.113773
0.111007
0.107692
0.103716
0.0988998
0.0929668
0.0854588
0.075419
0.0594768
0.00422457
0.000218968
7.83107e-06
2.15467e-07
4.79102e-09
8.92119e-11
1.43199e-12
2.03052e-14
0
0
0
0
0
0
0
0
0
0
0
0
0.022636
0.0288551
0.0310489
0.0305812
0.0264209
0.0167895
0.00526815
0.000755674
6.21182e-05
2.54297e-06
0.111335
0.109239
0.106737
0.103763
0.100195
0.0958379
0.0903873
0.083335
0.0736254
0.0576144
0.00434036
0.000231354
8.34686e-06
2.2805e-07
4.98489e-09
9.0778e-11
1.4224e-12
1.97368e-14
0
0
0
0
0
0
0
0
0
0
0
0
0.018526
0.0244036
0.0265718
0.0260122
0.0216937
0.0125222
0.00354383
0.000504546
4.26091e-05
1.78128e-06
0.106686
0.104779
0.102558
0.0999517
0.0968326
0.0930002
0.0881343
0.0816861
0.0725003
0.0566196
0.00475248
0.000267252
9.77228e-06
2.64016e-07
5.63959e-09
9.99564e-11
1.52413e-12
2.05751e-14
0
0
0
0
0
0
0
0
0
0
0
0
0.0135863
0.0188594
0.0210459
0.0205983
0.0165385
0.00870752
0.00232486
0.000339082
3.00373e-05
1.30958e-06
0.102033
0.100328
0.0984002
0.0961789
0.0935431
0.0902991
0.0861315
0.0804824
0.0721398
0.0568774
0.00592385
0.000359085
1.31124e-05
3.43539e-07
7.07036e-09
1.20997e-10
1.78952e-12
2.36423e-14
0
0
0
0
0
0
0
0
0
0
0
0
0.00825844
0.0124017
0.0145762
0.014506
0.0113016
0.00557434
0.0014724
0.000226476
2.15166e-05
1.0025e-06
0.0973009
0.0958052
0.0941746
0.092345
0.0902091
0.0875963
0.084225
0.0795845
0.0725302
0.0589287
0.00976345
0.000600796
2.00872e-05
4.8281e-07
9.30317e-09
1.51737e-10
2.16709e-12
2.79256e-14
0
0
0
0
0
0
0
0
0
0
0
0
0.00372378
0.00623862
0.00813075
0.00853418
0.00664373
0.00322306
0.000880475
0.000146926
1.5385e-05
7.95791e-07
0.0923996
0.0911154
0.0897751
0.0883248
0.086677
0.0846947
0.082156
0.0786638
0.073337
0.0630344
0.0602125
0.0572851
0.0544936
0.0518183
0.0492549
0.0468045
0.044467
0.0422348
0.0400804
0.037945
0.0357954
0.0336025
0.0313087
0.02882
0.0259946
0.0226361
0.0185262
0.0135865
0.00825861
0.00372389
0.00168732
0.00230249
0.00344098
0.00399403
0.00325822
0.00163949
0.000481947
9.05645e-05
1.10062e-05
6.54888e-07
0.0872211
0.0861429
0.0850735
0.0839698
0.0827639
0.0813516
0.0795687
0.0771355
0.0734933
0.0670877
0.0639829
0.061417
0.0590264
0.0567195
0.0544746
0.0522942
0.0501894
0.0481703
0.0462299
0.0443209
0.0423361
0.04023
0.0379483
0.0353971
0.0324337
0.0288552
0.0244037
0.0188596
0.0124019
0.00623878
0.00230256
0.00114845
0.00125316
0.0015177
0.00132779
0.000718627
0.000238744
5.41612e-05
7.86352e-06
5.54638e-07
0.0816326
0.0807476
0.0799187
0.0791124
0.0782763
0.077332
0.07616
0.0745708
0.072242
0.0685261
0.0655944
0.0630419
0.0606619
0.0583754
0.0561599
0.0540195
0.0519713
0.0500323
0.0482005
0.046424
0.0445571
0.042518
0.0402574
0.0376879
0.0346788
0.0310489
0.0265719
0.0210461
0.0145764
0.00813095
0.00344109
0.00125319
0.000618843
0.000540132
0.00047051
0.000283094
0.000114403
3.17486e-05
5.61337e-06
4.80866e-07
0.0754708
0.0747598
0.074134
0.0735667
0.0730165
0.0724221
0.0716938
0.0707001
0.0692504
0.0670674
0.064776
0.0625154
0.0602989
0.0581296
0.0560206
0.0539942
0.0520746
0.0502736
0.0485655
0.0468367
0.0449241
0.0427907
0.0403843
0.0376245
0.0344022
0.0305813
0.0260124
0.0205985
0.0145062
0.00853437
0.00399416
0.00151775
0.000540148
0.000254754
0.000175253
0.000112769
5.41974e-05
1.83697e-05
3.99745e-06
4.2382e-07
0.0685207
0.0679622
0.0675017
0.0671164
0.0667714
0.066416
0.065979
0.0653638
0.0644475
0.0630928
0.0614382
0.059621
0.0577299
0.0558258
0.0539545
0.0521489
0.0504184
0.0487261
0.0469418
0.0449572
0.0427488
0.0402741
0.0374739
0.0342775
0.0306124
0.0264211
0.0216939
0.0165387
0.0113018
0.00664388
0.00325832
0.00132784
0.000470528
0.000175258
8.52264e-05
4.96739e-05
2.62933e-05
1.06064e-05
2.83529e-06
3.76406e-07
0.0603783
0.059954
0.0596292
0.0593821
0.0591808
0.0589809
0.058723
0.0583325
0.057724
0.0568182
0.0556285
0.0542244
0.0526821
0.0510604
0.0493884
0.0476424
0.0457469
0.0436813
0.0414166
0.0389082
0.0361044
0.0329513
0.0294067
0.0254659
0.0211995
0.0167896
0.0125223
0.00870766
0.00557446
0.00322314
0.00163954
0.000718652
0.000283104
0.000112773
4.96748e-05
2.55105e-05
1.36172e-05
6.21266e-06
2.00177e-06
3.33211e-07
0.0497921
0.0494777
0.0492611
0.0491184
0.0490166
0.0489123
0.0487513
0.0484688
0.0479952
0.0472677
0.0462565
0.0449732
0.0434481
0.0417031
0.0397449
0.0375633
0.0351347
0.0324251
0.0293938
0.0260096
0.0222849
0.0183241
0.0143574
0.0107022
0.00763531
0.00526823
0.00354389
0.00232491
0.00147244
0.000880499
0.000481962
0.000238751
0.000114407
5.41991e-05
2.6294e-05
1.36174e-05
7.364e-06
3.668e-06
1.38886e-06
2.87914e-07
0.033793
0.0335278
0.0333579
0.0332545
0.0331801
0.0330868
0.0329168
0.0326038
0.0320796
0.0312833
0.0301748
0.0287404
0.0269833
0.0249121
0.0225366
0.0198744
0.0169697
0.013921
0.0108984
0.00811954
0.00577613
0.00395842
0.00264341
0.00174074
0.00114331
0.000755688
0.000504555
0.000339089
0.000226481
0.000146929
9.0567e-05
5.41627e-05
3.17495e-05
1.83703e-05
1.06067e-05
6.21278e-06
3.66804e-06
2.02797e-06
8.96449e-07
2.30746e-07
0.0133872
0.0131858
0.0130526
0.0129624
0.0128835
0.0127766
0.0125958
0.0122921
0.0118187
0.0111411
0.0102468
0.00915256
0.00790425
0.0065723
0.00524267
0.00400266
0.00292331
0.00204559
0.00137689
0.000897509
0.000571903
0.000360176
0.000226675
0.000144057
9.33385e-05
6.21193e-05
4.26098e-05
3.00378e-05
2.15171e-05
1.53853e-05
1.10064e-05
7.86371e-06
5.61351e-06
3.99754e-06
2.83536e-06
2.00181e-06
1.38888e-06
8.96454e-07
4.73803e-07
1.53626e-07
0.00184088
0.00179555
0.00176445
0.00174164
0.00171958
0.0016892
0.00164046
0.0015638
0.00145244
0.00130495
0.00112718
0.000931744
0.000734987
0.00055271
0.00039656
0.000272207
0.000179561
0.000114498
7.10707e-05
4.32857e-05
2.60982e-05
1.57273e-05
9.56957e-06
5.94289e-06
3.80822e-06
2.54302e-06
1.78131e-06
1.30961e-06
1.00251e-06
7.95806e-07
6.54901e-07
5.54649e-07
4.80875e-07
4.23828e-07
3.76413e-07
3.33216e-07
2.87918e-07
2.30748e-07
1.53627e-07
6.54624e-08
0.555862
0.540687
0.508328
0.466646
0.424933
0.387119
0.354023
0.325367
0.300591
0.279111
0.260401
0.244
0.229517
0.216644
0.205138
0.194797
0.18545
0.176948
0.169167
0.162007
0.155376
0.149197
0.143399
0.137921
0.132702
0.127687
0.122818
0.118036
0.113276
0.108467
0.103526
0.0983541
0.0928278
0.0867734
0.0798944
0.0715625
0.0603655
0.0438217
0.0208601
0.00358146
0.540696
0.518458
0.484136
0.445306
0.407519
0.373098
0.342607
0.315888
0.292546
0.272134
0.254226
0.238433
0.224422
0.211929
0.200738
0.190666
0.181551
0.173253
0.165659
0.158672
0.152207
0.146189
0.140555
0.135244
0.1302
0.12537
0.120698
0.116126
0.111586
0.107003
0.102288
0.0973341
0.0920115
0.0861415
0.0794246
0.0712299
0.0601352
0.0436392
0.0206963
0.00352773
0.508339
0.484134
0.452515
0.418667
0.38582
0.355476
0.328124
0.303763
0.282183
0.263093
0.246184
0.231155
0.21775
0.205756
0.194986
0.185277
0.176478
0.168465
0.161134
0.154393
0.148166
0.142383
0.136986
0.131919
0.127132
0.122573
0.118189
0.113918
0.109689
0.105419
0.101005
0.0963311
0.0912561
0.0855968
0.0790539
0.0709978
0.0600014
0.0435457
0.0206041
0.00349504
0.466644
0.445304
0.418667
0.390292
0.362376
0.336074
0.311886
0.289947
0.270205
0.252509
0.236663
0.222465
0.209738
0.198315
0.188037
0.178755
0.170334
0.162665
0.155652
0.149213
0.143277
0.137783
0.132678
0.127916
0.12345
0.119235
0.115218
0.111336
0.107512
0.103647
0.0996221
0.0953002
0.0905264
0.0851111
0.0787578
0.0708436
0.0599403
0.043514
0.0205561
0.00347396
0.42493
0.407518
0.38582
0.362377
0.338836
0.316163
0.294871
0.275188
0.257176
0.2408
0.225973
0.212601
0.200571
0.189751
0.180001
0.171182
0.163181
0.155896
0.149239
0.143136
0.137524
0.132353
0.127578
0.12316
0.119062
0.115245
0.111664
0.108255
0.104932
0.10158
0.0980507
0.0941731
0.0897694
0.0846423
0.0785008
0.0707339
0.0599178
0.0435072
0.0205171
0.00345277
0.387117
0.373098
0.355477
0.336075
0.316164
0.296559
0.277755
0.260026
0.243509
0.228266
0.214335
0.201722
0.190362
0.180142
0.170927
0.162593
0.155032
0.14815
0.141867
0.136116
0.130844
0.126009
0.121576
0.117517
0.113809
0.110426
0.107332
0.104473
0.101757
0.0990479
0.096154
0.0928456
0.0889068
0.0841293
0.0782319
0.070623
0.0598882
0.0434772
0.0204438
0.0034173
0.354022
0.342608
0.328125
0.311887
0.294871
0.277755
0.260981
0.244829
0.229479
0.215097
0.201854
0.189872
0.179119
0.169468
0.160782
0.152937
0.145823
0.139349
0.133441
0.12804
0.123101
0.118592
0.114488
0.110776
0.107449
0.1045
0.101917
0.0996664
0.0976676
0.0957659
0.0937077
0.0911519
0.0878182
0.0834821
0.0778801
0.0704498
0.0597932
0.0433657
0.0202851
0.00335172
0.325367
0.31589
0.303765
0.289948
0.275188
0.260026
0.244829
0.229844
0.215275
0.201365
0.18845
0.176903
0.166662
0.157544
0.149378
0.142018
0.135346
0.129272
0.123726
0.118655
0.114021
0.109801
0.105982
0.102565
0.0995626
0.0969977
0.0948961
0.0932717
0.0920903
0.0912099
0.090304
0.0888047
0.08631
0.0825679
0.0773479
0.0701364
0.0595634
0.0431063
0.0199859
0.00324038
0.300591
0.292547
0.282184
0.270206
0.257177
0.243509
0.22948
0.215275
0.20104
0.186967
0.173589
0.162191
0.152381
0.143784
0.136138
0.12926
0.123022
0.117329
0.112115
0.10733
0.102944
0.0989396
0.0953146
0.0920832
0.0892782
0.0869552
0.0851964
0.0841066
0.0837812
0.0842035
0.0850353
0.0852267
0.0840487
0.0811914
0.0765106
0.0695927
0.0591234
0.0426313
0.0194931
0.0030709
0.279112
0.272135
0.263094
0.25251
0.240801
0.228266
0.215097
0.201365
0.186967
0.171515
0.154667
0.143211
0.133897
0.125893
0.118812
0.112436
0.106623
0.101277
0.096332
0.0917434
0.0874827
0.0835371
0.0799096
0.0766218
0.0737193
0.0712835
0.069454
0.0684696
0.0687277
0.0707773
0.0748672
0.0789159
0.0804076
0.0790835
0.0752331
0.0687342
0.058407
0.0418831
0.0187643
0.00283778
0.260401
0.254227
0.246185
0.236663
0.225974
0.214335
0.201854
0.18845
0.173589
0.154667
0.00639334
0.00503497
0.00581032
0.00628526
0.00654274
0.00665797
0.00667371
0.00661806
0.00651182
0.00637182
0.006213
0.00604983
0.00589798
0.00577649
0.00571184
0.00574682
0.00596407
0.00656362
0.00819038
0.0135962
0.0717555
0.0757794
0.0775195
0.0768663
0.0736536
0.0675662
0.0573869
0.0408293
0.0177771
0.0025454
0.244
0.238434
0.231156
0.222466
0.212602
0.201722
0.189872
0.176902
0.162191
0.143211
0.00503499
0.000392675
0.000279875
0.000328414
0.00036334
0.000384375
0.000394788
0.000397166
0.000393634
0.000386023
0.000375988
0.000365116
0.000355059
0.000347737
0.000345744
0.000353222
0.000378096
0.000438682
0.000586861
0.000980245
0.0684643
0.0731669
0.0750081
0.0746853
0.0719058
0.0661482
0.0560791
0.0394688
0.0165337
0.00220837
0.229518
0.224423
0.21775
0.209738
0.200571
0.190362
0.179119
0.166662
0.152381
0.133897
0.00581033
0.000279876
1.73742e-05
1.16714e-05
1.35273e-05
1.49314e-05
1.57742e-05
1.61546e-05
1.61765e-05
1.594e-05
1.55405e-05
1.50698e-05
1.46207e-05
1.42958e-05
1.42251e-05
1.46049e-05
1.5789e-05
1.85228e-05
2.45633e-05
3.69887e-05
0.0653944
0.0707465
0.0726795
0.0725541
0.0700687
0.0645426
0.0545215
0.0378226
0.0150586
0.00184866
0.216645
0.211929
0.205756
0.198315
0.189751
0.180142
0.169468
0.157544
0.143784
0.125893
0.00628526
0.000328415
1.16714e-05
6.17153e-07
3.94316e-07
4.46781e-07
4.85905e-07
5.07227e-07
5.13742e-07
5.09054e-07
4.96882e-07
4.80894e-07
4.64708e-07
4.52092e-07
4.47446e-07
4.56852e-07
4.90338e-07
5.66859e-07
7.23074e-07
9.83964e-07
0.0624962
0.0684278
0.0704544
0.0704678
0.0681843
0.0627959
0.052755
0.0359197
0.013394
0.00149089
0.205138
0.200739
0.194987
0.188037
0.180001
0.170927
0.160782
0.149378
0.136138
0.118812
0.00654275
0.000363341
1.35274e-05
3.94317e-07
1.81733e-08
1.10891e-08
1.22096e-08
1.29822e-08
1.32956e-08
1.32418e-08
1.293e-08
1.24719e-08
1.19763e-08
1.15501e-08
1.13072e-08
1.13891e-08
1.2006e-08
1.35158e-08
1.64963e-08
2.07822e-08
0.059745
0.0661813
0.0683008
0.0684215
0.066273
0.0609361
0.0508148
0.0337864
0.0115975
0.00115759
0.194798
0.190666
0.185277
0.178755
0.171182
0.162593
0.152937
0.142017
0.12926
0.112436
0.00665798
0.000384376
1.49315e-05
4.46783e-07
1.10891e-08
4.5185e-10
2.63491e-10
2.8067e-10
2.90193e-10
2.90124e-10
2.82989e-10
2.71556e-10
2.58509e-10
2.46364e-10
2.37574e-10
2.34857e-10
2.41843e-10
2.64165e-10
3.09648e-10
3.68872e-10
0.0571255
0.0639947
0.0662033
0.066409
0.0643397
0.0589816
0.0487275
0.03144
0.00974289
0.000865691
0.185451
0.181551
0.176478
0.170334
0.163181
0.155032
0.145823
0.135346
0.123022
0.106623
0.00667371
0.000394788
1.57742e-05
4.85907e-07
1.22096e-08
2.63492e-10
9.59083e-12
5.34163e-12
5.48517e-12
5.49348e-12
5.34288e-12
5.0906e-12
4.79356e-12
4.50352e-12
4.26627e-12
4.12821e-12
4.14455e-12
4.39511e-12
4.97805e-12
5.69665e-12
0.0546224
0.0618582
0.0641501
0.0644196
0.0623782
0.0569471
0.0465096
0.0288871
0.00791889
0.000624694
0.176948
0.173253
0.168465
0.162665
0.155896
0.14815
0.139349
0.129272
0.117329
0.101277
0.00661807
0.000397167
1.61546e-05
5.07228e-07
1.29822e-08
2.80671e-10
5.34171e-12
1.75729e-13
9.35625e-14
9.23211e-14
8.93745e-14
8.44562e-14
7.84742e-14
7.24699e-14
6.74151e-14
6.36874e-14
6.24682e-14
6.44145e-14
7.0876e-14
7.88488e-14
0.0522176
0.0597589
0.0621256
0.0624352
0.060373
0.054838
0.0441675
0.026127
0.00621948
0.00043656
0.169167
0.165659
0.161134
0.155652
0.149239
0.141866
0.133441
0.123726
0.112115
0.0963319
0.00651182
0.000393635
1.61765e-05
5.13743e-07
1.32957e-08
2.90194e-10
5.48517e-12
9.35625e-14
1.77809e-15
1.20656e-16
1.20656e-16
1.20656e-16
1.20656e-16
1.20656e-16
1.20656e-16
1.20656e-16
1.20656e-16
1.20656e-16
1.20656e-16
1.20656e-16
0.0498888
0.0576769
0.0601073
0.0604298
0.0583182
0.0526541
0.0416972
0.0231615
0.00472524
0.000297082
0.162007
0.158672
0.154394
0.149213
0.143135
0.136116
0.12804
0.118655
0.10733
0.0917433
0.00637183
0.000386023
1.59401e-05
5.09055e-07
1.32418e-08
2.90125e-10
5.49348e-12
9.23211e-14
1.20656e-16
0
0
0
0
0
0
0
0
0
0
0
0.0476106
0.0555844
0.0580648
0.0583818
0.0562087
0.0503893
0.0390851
0.0200164
0.00348435
0.000198233
0.155376
0.152207
0.148166
0.143277
0.137524
0.130844
0.123101
0.114021
0.102944
0.0874826
0.006213
0.000375988
1.55405e-05
4.96883e-07
1.293e-08
2.8299e-10
5.34288e-12
8.93745e-14
1.20656e-16
0
0
0
0
0
0
0
0
0
0
0
0.0453659
0.0534596
0.0559789
0.0562809
0.0540327
0.0480319
0.0363087
0.0167695
0.00250614
0.000130711
0.149197
0.146189
0.142383
0.137783
0.132353
0.126009
0.118592
0.109801
0.0989395
0.083537
0.00604984
0.000365117
1.50698e-05
4.80895e-07
1.24719e-08
2.71557e-10
5.09067e-12
8.44562e-14
1.20656e-16
0
0
0
0
0
0
0
0
0
0
0
0.0431364
0.0512829
0.0538319
0.0541086
0.0517721
0.0455641
0.0333406
0.0135701
0.00176945
8.58893e-05
0.143399
0.140555
0.136986
0.132678
0.127578
0.121575
0.114488
0.105982
0.0953145
0.0799095
0.00589798
0.000355059
1.46207e-05
4.64709e-07
1.19763e-08
2.5851e-10
4.79356e-12
7.84742e-14
1.20656e-16
0
0
0
0
0
0
0
0
0
0
0
0.040896
0.0490228
0.0515937
0.0518368
0.049402
0.0429622
0.0301576
0.0106187
0.00123676
5.6778e-05
0.137921
0.135243
0.131919
0.127916
0.12316
0.117517
0.110776
0.102565
0.0920831
0.0766217
0.00577649
0.000347737
1.42958e-05
4.52093e-07
1.15501e-08
2.46365e-10
4.50352e-12
7.24699e-14
1.20656e-16
0
0
0
0
0
0
0
0
0
0
0
0.0386059
0.0466317
0.0492186
0.0494244
0.0468889
0.0401966
0.0267589
0.00809442
0.000865049
3.8172e-05
0.132702
0.1302
0.127131
0.12345
0.119062
0.113809
0.107448
0.0995625
0.0892781
0.0737192
0.00571184
0.000345744
1.42251e-05
4.47447e-07
1.13073e-08
2.37575e-10
4.26631e-12
6.74151e-14
1.20656e-16
0
0
0
0
0
0
0
0
0
0
0
0.0362037
0.0440351
0.0466368
0.046813
0.0441877
0.0372329
0.0231926
0.00608098
0.000612601
2.64011e-05
0.127687
0.12537
0.122573
0.119235
0.115245
0.110426
0.1045
0.0969975
0.0869551
0.0712834
0.00574683
0.000353223
1.4605e-05
4.56853e-07
1.13891e-08
2.34857e-10
4.12821e-12
6.36874e-14
1.20656e-16
0
0
0
0
0
0
0
0
0
0
0
0.0335806
0.0411122
0.0437386
0.043915
0.0412347
0.0340324
0.0195745
0.00455252
0.000443528
1.89815e-05
0.122818
0.120698
0.118188
0.115218
0.111664
0.107332
0.101917
0.094896
0.0851963
0.0694539
0.00596407
0.000378096
1.5789e-05
4.90339e-07
1.2006e-08
2.41843e-10
4.14459e-12
6.24682e-14
1.20656e-16
0
0
0
0
0
0
0
0
0
0
0
0.0305346
0.0376545
0.0403425
0.0405918
0.037933
0.0305498
0.0160704
0.00341979
0.00033012
1.42898e-05
0.118035
0.116126
0.113918
0.111336
0.108255
0.104472
0.0996662
0.0932716
0.0841065
0.0684695
0.00656362
0.000438682
1.85229e-05
5.6686e-07
1.35159e-08
2.64166e-10
4.39516e-12
6.44145e-14
1.20656e-16
0
0
0
0
0
0
0
0
0
0
0
0.0266794
0.0332845
0.0361339
0.0366091
0.0341218
0.0267209
0.0128274
0.00257969
0.000252552
1.12866e-05
0.113276
0.111586
0.109689
0.107512
0.104932
0.101757
0.0976674
0.0920902
0.0837811
0.0687276
0.00819039
0.000586862
2.45634e-05
7.23075e-07
1.64964e-08
3.09648e-10
4.97807e-12
7.0876e-14
1.20656e-16
0
0
0
0
0
0
0
0
0
0
0
0.0213228
0.0273375
0.0305697
0.0315648
0.0295272
0.022439
0.00989703
0.00193874
0.000196997
9.30044e-06
0.108467
0.107003
0.105418
0.103647
0.10158
0.0990478
0.0957658
0.0912098
0.0842034
0.0707772
0.0135963
0.000980245
3.69887e-05
9.83966e-07
2.07822e-08
3.68873e-10
5.69665e-12
7.88488e-14
1.20656e-16
0
0
0
0
0
0
0
0
0
0
0
0.0136911
0.0189972
0.0229363
0.0248969
0.0237543
0.0175598
0.00722963
0.00142194
0.000153913
7.90944e-06
0.103526
0.102288
0.101005
0.099622
0.0980506
0.0961538
0.0937075
0.0903039
0.0850352
0.0748671
0.0717554
0.0684643
0.0653943
0.0624961
0.059745
0.0571255
0.0546224
0.0522176
0.0498888
0.0476106
0.045366
0.0431365
0.040896
0.0386059
0.0362038
0.0335807
0.0305347
0.0266795
0.021323
0.0136914
0.00815356
0.00999013
0.013751
0.0165995
0.0166702
0.0121273
0.00480015
0.000984593
0.000118279
6.87051e-06
0.098354
0.0973339
0.096331
0.0953001
0.0941729
0.0928454
0.0911517
0.0888045
0.0852266
0.0789158
0.0757793
0.0731668
0.0707464
0.0684277
0.0661812
0.0639946
0.0618581
0.0597588
0.0576768
0.0555843
0.0534596
0.0512828
0.0490228
0.0466317
0.0440351
0.0411123
0.0376545
0.0332847
0.0273377
0.0189975
0.00999033
0.00624997
0.00686971
0.00881123
0.00945904
0.00691888
0.00276793
0.000630058
8.84316e-05
6.03713e-06
0.0928277
0.0920113
0.091256
0.0905262
0.0897693
0.0889067
0.0878181
0.0863098
0.0840486
0.0804075
0.0775193
0.075008
0.0726794
0.0704543
0.0683007
0.0662032
0.06415
0.0621255
0.0601072
0.0580647
0.0559789
0.0538318
0.0515937
0.0492186
0.0466369
0.0437386
0.0403426
0.036134
0.0305699
0.0229366
0.0137512
0.00686986
0.0041224
0.00401809
0.00426177
0.00318204
0.00138733
0.000377919
6.44797e-05
5.35921e-06
0.0867733
0.0861413
0.0855967
0.085111
0.0846422
0.0841291
0.083482
0.0825678
0.0811912
0.0790833
0.0768662
0.0746852
0.072554
0.0704677
0.0684214
0.0664089
0.0644195
0.0624351
0.0604297
0.0583817
0.0562808
0.0541086
0.0518367
0.0494244
0.046813
0.043915
0.0405919
0.0366092
0.031565
0.0248972
0.0165998
0.00881146
0.00401819
0.00220976
0.00175069
0.00129674
0.000651815
0.000217954
4.62757e-05
4.8138e-06
0.0798943
0.0794245
0.0790537
0.0787577
0.0785006
0.0782318
0.07788
0.0773478
0.0765105
0.075233
0.0736534
0.0719057
0.0700686
0.0681842
0.0662729
0.0643396
0.0623781
0.0603729
0.0583182
0.0562086
0.0540326
0.051772
0.049402
0.0468889
0.0441877
0.0412348
0.0379331
0.034122
0.0295273
0.0237546
0.0166705
0.00945929
0.00426191
0.00175074
0.000895047
0.000561288
0.000308072
0.000124352
3.29841e-05
4.37178e-06
0.0715624
0.0712297
0.0709977
0.0708434
0.0707338
0.0706229
0.0704497
0.0701363
0.0695926
0.068734
0.0675661
0.066148
0.0645424
0.0627958
0.060936
0.0589816
0.056947
0.0548379
0.052654
0.0503893
0.0480319
0.0455641
0.0429622
0.0401967
0.037233
0.0340325
0.0305499
0.0267211
0.0224392
0.01756
0.0121275
0.00691907
0.00318215
0.00129678
0.000561301
0.000289168
0.000156977
7.23414e-05
2.35174e-05
3.99145e-06
0.0603654
0.060135
0.0600013
0.0599402
0.0599177
0.059888
0.0597931
0.0595633
0.0591233
0.0584069
0.0573868
0.056079
0.0545214
0.0527549
0.0508147
0.0487275
0.0465096
0.0441675
0.0416972
0.0390851
0.0363087
0.0333406
0.0301576
0.026759
0.0231927
0.0195746
0.0160705
0.0128276
0.00989717
0.00722976
0.00480026
0.00276801
0.00138738
0.000651837
0.000308081
0.00015698
8.51234e-05
4.29628e-05
1.66282e-05
3.59371e-06
0.0438217
0.0436391
0.0435456
0.0435139
0.0435071
0.0434771
0.0433656
0.0431062
0.0426312
0.041883
0.0408292
0.0394688
0.0378226
0.0359197
0.0337864
0.03144
0.0288871
0.026127
0.0231616
0.0200165
0.0167695
0.0135702
0.0106187
0.00809451
0.00608105
0.00455258
0.00341984
0.00257973
0.00193878
0.00142197
0.000984617
0.000630076
0.00037793
0.00021796
0.000124355
7.23429e-05
4.29633e-05
2.41912e-05
1.10455e-05
3.02987e-06
0.0208601
0.0206963
0.0206041
0.020556
0.0205171
0.0204438
0.020285
0.0199859
0.0194931
0.0187643
0.0177771
0.0165337
0.0150586
0.013394
0.0115975
0.00974293
0.00791893
0.00621952
0.00472527
0.00348438
0.00250616
0.00176948
0.00123678
0.000865061
0.00061261
0.000443535
0.000330125
0.000252556
0.000197001
0.000153916
0.000118282
8.84337e-05
6.44813e-05
4.62769e-05
3.29849e-05
2.35179e-05
1.66285e-05
1.10455e-05
6.09653e-06
2.15255e-06
0.00358146
0.00352773
0.00349504
0.00347396
0.00345277
0.0034173
0.00335172
0.00324039
0.0030709
0.00283778
0.0025454
0.00220837
0.00184867
0.0014909
0.0011576
0.000865697
0.000624699
0.000436564
0.000297086
0.000198235
0.000130712
8.58905e-05
5.67788e-05
3.81726e-05
2.64015e-05
1.89818e-05
1.42901e-05
1.12867e-05
9.3006e-06
7.90959e-06
6.87065e-06
6.03726e-06
5.35932e-06
4.8139e-06
4.37187e-06
3.99153e-06
3.59376e-06
3.0299e-06
2.15256e-06
1.02795e-06
0.562464
0.560693
0.544332
0.506152
0.460287
0.417089
0.379359
0.347068
0.319499
0.295873
0.275503
0.257814
0.242326
0.228644
0.216465
0.205552
0.195713
0.186784
0.17863
0.171137
0.164208
0.157759
0.151718
0.146016
0.140593
0.135389
0.130344
0.125398
0.120484
0.115529
0.110447
0.105134
0.0994543
0.0932111
0.0860755
0.0774182
0.0659553
0.0493624
0.0256829
0.0050553
0.560693
0.551561
0.52407
0.483357
0.440563
0.401142
0.366496
0.336508
0.310629
0.288251
0.268815
0.251834
0.236888
0.223634
0.211806
0.20119
0.191608
0.182907
0.174959
0.167657
0.160911
0.154641
0.148778
0.14326
0.138026
0.133022
0.128189
0.123465
0.118784
0.114066
0.10922
0.104134
0.0986647
0.0926111
0.0856404
0.0771192
0.0657565
0.0492154
0.025548
0.0050005
0.544351
0.524074
0.491361
0.453337
0.415722
0.381098
0.350219
0.323046
0.29925
0.278421
0.26015
0.244057
0.229801
0.217104
0.205742
0.195526
0.186294
0.177906
0.170245
0.163214
0.156727
0.150712
0.145105
0.139849
0.13489
0.130174
0.125644
0.121238
0.116882
0.112488
0.107954
0.103156
0.0979411
0.0921033
0.0853084
0.0769232
0.0656536
0.0491536
0.025483
0.0049707
0.50616
0.483357
0.453336
0.420847
0.388954
0.359174
0.332091
0.307801
0.286172
0.266976
0.249949
0.234815
0.221322
0.209259
0.198437
0.188692
0.179876
0.171864
0.16455
0.157846
0.151675
0.145971
0.14068
0.135749
0.131131
0.126778
0.122633
0.118633
0.114696
0.110722
0.106588
0.102151
0.0972452
0.0916569
0.0850536
0.0768065
0.0656228
0.049151
0.025461
0.00495432
0.460286
0.44056
0.41572
0.388953
0.362291
0.336871
0.313247
0.291628
0.272038
0.254396
0.23856
0.224366
0.211651
0.200252
0.190011
0.180778
0.17242
0.164824
0.157896
0.151556
0.145736
0.14038
0.135441
0.130876
0.126648
0.122714
0.119025
0.115517
0.1121
0.108654
0.105029
0.101048
0.0965211
0.0912274
0.0848382
0.0767343
0.0656294
0.0491712
0.0254464
0.00493716
0.417085
0.401138
0.381095
0.359173
0.336871
0.315118
0.294448
0.27514
0.257319
0.241018
0.226218
0.212879
0.200908
0.190172
0.180522
0.171818
0.163939
0.156781
0.150258
0.144298
0.138843
0.133847
0.129273
0.125091
0.121274
0.117794
0.114615
0.111677
0.108887
0.106105
0.103133
0.0997361
0.0956861
0.0907506
0.084609
0.0766588
0.0656267
0.0491667
0.0253955
0.00490211
0.379355
0.366493
0.350217
0.33209
0.313246
0.294448
0.276183
0.258748
0.242325
0.22704
0.213033
0.200406
0.189109
0.179005
0.169937
0.161765
0.154371
0.147654
0.141536
0.135953
0.130856
0.126208
0.121984
0.118168
0.114751
0.111726
0.109078
0.106772
0.104724
0.102775
0.100665
0.0980416
0.0946139
0.090132
0.0842911
0.0765158
0.065555
0.0490795
0.0252571
0.00483002
0.347065
0.336506
0.323045
0.3078
0.291628
0.27514
0.258748
0.242718
0.227238
0.212527
0.19892
0.186793
0.176075
0.166562
0.158063
0.150418
0.143502
0.137218
0.131491
0.126262
0.121492
0.117153
0.113231
0.109725
0.106648
0.104021
0.101872
0.100214
0.0990118
0.098118
0.0971963
0.0956634
0.0931015
0.0892325
0.0837823
0.0762236
0.0653429
0.048844
0.0249756
0.0047017
0.319497
0.310628
0.299249
0.286171
0.272038
0.257319
0.242324
0.227238
0.21219
0.197368
0.183326
0.171404
0.161179
0.15224
0.144308
0.137187
0.130742
0.124873
0.119506
0.114591
0.110092
0.105989
0.102278
0.0989721
0.0961028
0.0937271
0.0919296
0.0908193
0.0904952
0.09094
0.0918043
0.0920117
0.0908075
0.087851
0.0829528
0.0756876
0.0649134
0.0483936
0.0244979
0.00450129
0.295871
0.28825
0.27842
0.266976
0.254396
0.241017
0.22704
0.212527
0.197368
0.181156
0.163551
0.151626
0.141961
0.133674
0.126363
0.119798
0.113829
0.108358
0.103313
0.0986449
0.0943228
0.0903301
0.086666
0.0833489
0.0804215
0.0779637
0.0761154
0.0751177
0.0753725
0.0774355
0.0815595
0.085643
0.0871316
0.0857274
0.0816678
0.0748209
0.0641998
0.0476731
0.0237816
0.00422035
0.275502
0.268815
0.26015
0.249949
0.23856
0.226218
0.213033
0.19892
0.183326
0.16355
0.00678224
0.00539899
0.00626657
0.00681685
0.00713465
0.00730043
0.0073599
0.00734296
0.00727158
0.00716362
0.00703491
0.00690098
0.0067788
0.00668927
0.00666181
0.00674454
0.00703149
0.00775492
0.00968374
0.0161333
0.0782745
0.0824403
0.0842048
0.0834845
0.0800644
0.0736279
0.0631765
0.0466538
0.022804
0.00386125
0.257814
0.251833
0.244057
0.234815
0.224365
0.212879
0.200406
0.186793
0.171404
0.151626
0.005399
0.000440687
0.000317387
0.000375473
0.000418913
0.000447002
0.000463286
0.00047057
0.000471156
0.00046704
0.000460058
0.000452006
0.000444802
0.000440744
0.000443011
0.000456759
0.000491942
0.000571792
0.000763356
0.00127589
0.0747367
0.0797555
0.0816535
0.0812699
0.0782772
0.0721698
0.0618634
0.04534
0.021566
0.00343798
0.242325
0.236887
0.229801
0.221322
0.211651
0.200908
0.189109
0.176075
0.161179
0.141961
0.00626658
0.000317388
2.06201e-05
1.4021e-05
1.64222e-05
1.83333e-05
1.96006e-05
2.03294e-05
2.06326e-05
2.06218e-05
2.0406e-05
2.00939e-05
1.97996e-05
1.96542e-05
1.98301e-05
2.05924e-05
2.24206e-05
2.63251e-05
3.47063e-05
5.18743e-05
0.0714746
0.0772717
0.0792858
0.0790977
0.0763861
0.0705134
0.0603043
0.0437595
0.0200876
0.00297355
0.228643
0.223633
0.217104
0.209259
0.200252
0.190172
0.179005
0.166562
0.15224
0.133674
0.00681686
0.000375474
1.4021e-05
7.76099e-07
5.02875e-07
5.77405e-07
6.37156e-07
6.75464e-07
6.95438e-07
7.01093e-07
6.96774e-07
6.8696e-07
6.76294e-07
6.69857e-07
6.73842e-07
6.96988e-07
7.53657e-07
8.7058e-07
1.0988e-06
1.47027e-06
0.068421
0.0748979
0.0770205
0.076961
0.0744343
0.0687122
0.0585472
0.0419496
0.0184012
0.00249541
0.216465
0.211806
0.205742
0.198437
0.190011
0.180522
0.169937
0.158063
0.144308
0.126363
0.00713466
0.000418914
1.64223e-05
5.02876e-07
2.4265e-08
1.50529e-08
1.68489e-08
1.82392e-08
1.90377e-08
1.9343e-08
1.92838e-08
1.9e-08
1.86357e-08
1.83411e-08
1.82841e-08
1.86778e-08
1.98355e-08
2.2272e-08
2.67796e-08
3.29192e-08
0.0655366
0.0726001
0.0748215
0.0748523
0.0724445
0.0668046
0.0566348
0.0399469
0.0165464
0.00203072
0.205552
0.20119
0.195526
0.188692
0.180778
0.171818
0.161765
0.150418
0.137187
0.119797
0.00730043
0.000447003
1.83333e-05
5.77406e-07
1.50529e-08
6.42126e-10
3.81799e-10
4.14819e-10
4.38124e-10
4.4791e-10
4.47116e-10
4.39273e-10
4.28042e-10
4.17082e-10
4.10156e-10
4.11532e-10
4.26805e-10
4.64191e-10
5.34064e-10
6.17085e-10
0.0627975
0.070361
0.0726693
0.0727644
0.0704278
0.0648181
0.0546012
0.0377801
0.0145703
0.00160252
0.195712
0.191608
0.186294
0.179876
0.17242
0.163939
0.154371
0.143502
0.130742
0.113829
0.0073599
0.000463287
1.96006e-05
6.37157e-07
1.6849e-08
3.818e-10
1.45446e-11
8.28425e-12
8.70524e-12
8.9332e-12
8.90956e-12
8.7078e-12
8.40838e-12
8.08823e-12
7.82222e-12
7.68585e-12
7.76923e-12
8.19107e-12
9.07962e-12
1.00321e-11
0.0601837
0.0681671
0.0705501
0.0706893
0.0683881
0.062771
0.0524718
0.0354673
0.0125311
0.00122731
0.186784
0.182907
0.177906
0.171864
0.164824
0.156781
0.147654
0.137218
0.124872
0.108358
0.00734297
0.000470571
2.03294e-05
6.75465e-07
1.82392e-08
4.14821e-10
8.28441e-12
2.84828e-13
1.55446e-13
1.57387e-13
1.56545e-13
1.51811e-13
1.4487e-13
1.37297e-13
1.30391e-13
1.25305e-13
1.23546e-13
1.26546e-13
1.36059e-13
1.45442e-13
0.057676
0.0660046
0.0684505
0.0686174
0.0663257
0.0606753
0.0502635
0.0330154
0.0105021
0.000914079
0.17863
0.174959
0.170245
0.16455
0.157896
0.150258
0.141536
0.131491
0.119506
0.103313
0.00727159
0.000471156
2.06326e-05
6.95439e-07
1.90378e-08
4.38126e-10
8.70531e-12
1.55446e-13
4.14041e-15
1.4066e-15
1.37485e-15
1.32722e-15
1.22879e-15
1.10813e-15
9.87476e-16
9.04922e-16
8.63644e-16
8.85871e-16
9.7795e-16
1.07638e-15
0.0552555
0.0638582
0.0663564
0.0665379
0.0642403
0.0585377
0.0479857
0.0304216
0.00856859
0.000664493
0.171136
0.167657
0.163214
0.157846
0.151556
0.144298
0.135953
0.126262
0.114591
0.0986448
0.00716362
0.000467041
2.06218e-05
7.01095e-07
1.93431e-08
4.47911e-10
8.93322e-12
1.57387e-13
1.4066e-15
0
0
0
0
0
0
0
0
0
0
0
0.0529027
0.0617108
0.064253
0.0644421
0.0621286
0.0563608
0.0456409
0.02768
0.0068146
0.000474142
0.164208
0.160911
0.156727
0.151674
0.145736
0.138843
0.130856
0.121492
0.110092
0.0943227
0.00703492
0.000460059
2.04061e-05
6.96775e-07
1.92839e-08
4.47117e-10
8.90956e-12
1.56545e-13
1.37485e-15
0
0
0
0
0
0
0
0
0
0
0
0.0506016
0.0595466
0.0621276
0.0623198
0.0599845
0.0541433
0.0432251
0.0247939
0.00530291
0.000334502
0.157759
0.154641
0.150712
0.145971
0.14038
0.133847
0.126208
0.117153
0.105989
0.09033
0.00690099
0.000452007
2.0094e-05
6.86961e-07
1.9e-08
4.39274e-10
8.70788e-12
1.51811e-13
1.32722e-15
0
0
0
0
0
0
0
0
0
0
0
0.0483352
0.0573467
0.0599637
0.060157
0.0577982
0.0518805
0.0407292
0.021794
0.00406085
0.000235279
0.151718
0.148778
0.145105
0.14068
0.13544
0.129273
0.121984
0.113231
0.102278
0.0866659
0.00677881
0.000444802
1.97996e-05
6.76295e-07
1.86357e-08
4.28044e-10
8.4084e-12
1.4487e-13
1.22879e-15
0
0
0
0
0
0
0
0
0
0
0
0.046083
0.0550842
0.0577373
0.0579336
0.0555559
0.0495643
0.0381406
0.0187568
0.00308133
0.000166471
0.146016
0.143259
0.139849
0.135749
0.130876
0.125091
0.118168
0.109725
0.098972
0.0833488
0.00668927
0.000440745
1.96542e-05
6.69858e-07
1.83411e-08
4.17084e-10
8.08841e-12
1.37297e-13
1.10813e-15
0
0
0
0
0
0
0
0
0
0
0
0.0438175
0.0527211
0.0554135
0.055621
0.0532378
0.0471822
0.0354485
0.0158108
0.00233513
0.000119629
0.140593
0.138026
0.13489
0.131131
0.126648
0.121274
0.114751
0.106648
0.0961027
0.0804214
0.00666181
0.000443011
1.98301e-05
6.73843e-07
1.82842e-08
4.10157e-10
7.82222e-12
1.30391e-13
9.87476e-16
0
0
0
0
0
0
0
0
0
0
0
0.0414974
0.0501999
0.0529396
0.0531778
0.0508161
0.0447176
0.0326515
0.0131112
0.00178383
8.82303e-05
0.135389
0.133022
0.130174
0.126778
0.122714
0.117794
0.111725
0.104021
0.093727
0.0779636
0.00674455
0.00045676
2.05924e-05
6.96989e-07
1.86779e-08
4.11533e-10
7.68588e-12
1.25305e-13
9.04922e-16
0
0
0
0
0
0
0
0
0
0
0
0.0390523
0.0474295
0.0502331
0.0505411
0.0482495
0.0421484
0.0297688
0.0107872
0.00138762
6.75078e-05
0.130344
0.128188
0.125644
0.122633
0.119025
0.114614
0.109078
0.101872
0.0919295
0.0761153
0.0070315
0.000491942
2.24206e-05
7.53658e-07
1.98356e-08
4.26806e-10
7.76926e-12
1.23546e-13
8.63644e-16
0
0
0
0
0
0
0
0
0
0
0
0.0363503
0.0442541
0.0471564
0.0476092
0.0454717
0.0394417
0.0268428
0.00889254
0.00110898
5.40749e-05
0.125398
0.123465
0.121238
0.118633
0.115517
0.111676
0.106772
0.100214
0.0908192
0.0751176
0.00775492
0.000571792
2.63251e-05
8.70581e-07
2.2272e-08
4.64192e-10
8.19112e-12
1.26546e-13
8.85871e-16
0
0
0
0
0
0
0
0
0
0
0
0.0331197
0.040386
0.0434657
0.0442046
0.0423663
0.0365383
0.0239255
0.00739623
0.000914808
4.55647e-05
0.120484
0.118784
0.116882
0.114696
0.112099
0.108887
0.104724
0.0990117
0.0904951
0.0753724
0.00968375
0.000763356
3.47064e-05
1.0988e-06
2.67797e-08
5.34066e-10
9.07958e-12
1.36059e-13
9.7795e-16
0
0
0
0
0
0
0
0
0
0
0
0.0287573
0.0352511
0.0386978
0.0399939
0.0387115
0.0333158
0.0210329
0.00620658
0.000776959
4.03103e-05
0.115529
0.114066
0.112488
0.110722
0.108654
0.106105
0.102775
0.0981179
0.0909398
0.0774354
0.0161333
0.00127589
5.18743e-05
1.47027e-06
3.29193e-08
6.17086e-10
1.0032e-11
1.45442e-13
1.07638e-15
0
0
0
0
0
0
0
0
0
0
0
0.0219111
0.0277012
0.0319709
0.0343472
0.0340806
0.0295152
0.0180759
0.00519808
0.00067126
3.7069e-05
0.110447
0.10922
0.107954
0.106588
0.105029
0.103133
0.100664
0.0971962
0.0918042
0.0815594
0.0782744
0.0747366
0.0714745
0.0684209
0.0655366
0.0627975
0.0601836
0.057676
0.0552555
0.0529027
0.0506016
0.0483352
0.046083
0.0438176
0.0414975
0.0390524
0.0363504
0.0331198
0.0287574
0.0219113
0.0160088
0.018199
0.0227753
0.0265674
0.0278616
0.0246972
0.0148206
0.00423271
0.000576512
3.48697e-05
0.105134
0.104134
0.103155
0.102151
0.101048
0.0997359
0.0980414
0.0956632
0.0920116
0.0856429
0.0824402
0.0797554
0.0772716
0.0748978
0.0726
0.0703609
0.068167
0.0660045
0.0638581
0.0617107
0.0595465
0.0573466
0.0550842
0.0527211
0.0501999
0.0474295
0.0442542
0.0403861
0.0352512
0.0277015
0.0181992
0.0137006
0.0146345
0.017817
0.0201047
0.0185787
0.0110605
0.00320958
0.000479111
3.29874e-05
0.0994542
0.0986645
0.0979409
0.097245
0.0965209
0.0956859
0.0946137
0.0931014
0.0908073
0.0871315
0.0842047
0.0816534
0.0792856
0.0770203
0.0748213
0.0726692
0.0705499
0.0684504
0.0663563
0.0642529
0.0621275
0.0599636
0.0577373
0.0554135
0.0529396
0.0502331
0.0471564
0.0434658
0.0386979
0.0319711
0.0227755
0.0146347
0.0107354
0.0108488
0.0123434
0.0118273
0.00706738
0.00219438
0.000379099
3.11775e-05
0.0932109
0.0926109
0.0921031
0.0916567
0.0912272
0.0907504
0.0901318
0.0892323
0.0878508
0.0857272
0.0834843
0.0812698
0.0790976
0.0769609
0.0748522
0.0727643
0.0706891
0.0686173
0.0665378
0.064442
0.0623198
0.060157
0.0579336
0.055621
0.0531778
0.0505411
0.0476093
0.0442047
0.0399941
0.0343474
0.0265676
0.0178173
0.0108489
0.00744309
0.0067797
0.00621432
0.00382513
0.0013614
0.00028768
2.96456e-05
0.0860754
0.0856402
0.0853082
0.0850534
0.084838
0.0846088
0.0842909
0.0837821
0.0829527
0.0816676
0.0800642
0.0782771
0.076386
0.0744341
0.0724443
0.0704277
0.068388
0.0663256
0.0642402
0.0621285
0.0599844
0.0577982
0.0555558
0.0532377
0.0508161
0.0482496
0.0454718
0.0423664
0.0387116
0.0340807
0.0278618
0.020105
0.0123437
0.00677982
0.0041428
0.00305194
0.00190653
0.00080293
0.00021428
2.87047e-05
0.0774181
0.077119
0.076923
0.0768063
0.0767341
0.0766586
0.0765157
0.0762234
0.0756874
0.0748208
0.0736278
0.0721696
0.0705133
0.068712
0.0668044
0.064818
0.0627709
0.0606752
0.0585376
0.0563607
0.0541432
0.0518805
0.0495642
0.0471822
0.0447176
0.0421485
0.0394417
0.0365384
0.0333159
0.0295154
0.0246974
0.0185789
0.0118276
0.00621449
0.003052
0.00170102
0.000995052
0.000479171
0.000160619
2.84903e-05
0.0659552
0.0657564
0.0656535
0.0656227
0.0656292
0.0656265
0.0655549
0.0653427
0.0649132
0.0641997
0.0631763
0.0618633
0.0603042
0.0585471
0.0566347
0.0546011
0.0524717
0.0502634
0.0479856
0.0456408
0.0432251
0.0407292
0.0381407
0.0354485
0.0326516
0.0297689
0.0268429
0.0239256
0.0210331
0.0180761
0.0148208
0.0110607
0.00706756
0.00382525
0.00190659
0.000995068
0.000560665
0.00029683
0.000121554
2.85781e-05
0.0493623
0.0492153
0.0491535
0.0491509
0.0491711
0.0491666
0.0490794
0.0488439
0.0483935
0.047673
0.0466538
0.0453399
0.0437594
0.0419496
0.0399469
0.0377801
0.0354673
0.0330154
0.0304216
0.0276801
0.024794
0.021794
0.0187569
0.0158109
0.0131113
0.0107872
0.00889263
0.00739631
0.00620665
0.00519815
0.00423278
0.00320965
0.00219444
0.00136145
0.000802953
0.000479182
0.000296833
0.000177765
8.79953e-05
2.73229e-05
0.0256828
0.025548
0.025483
0.0254609
0.0254464
0.0253955
0.025257
0.0249756
0.0244979
0.0237816
0.022804
0.021566
0.0200877
0.0184012
0.0165464
0.0145703
0.0125312
0.0105022
0.00856864
0.00681465
0.00530296
0.00406089
0.00308136
0.00233515
0.00178385
0.00138763
0.001109
0.00091482
0.000776971
0.000671271
0.000576523
0.000479121
0.000379108
0.000287687
0.000214285
0.000160622
0.000121556
8.79959e-05
5.3879e-05
2.22383e-05
0.00505529
0.00500049
0.00497069
0.00495432
0.00493716
0.00490211
0.00483002
0.0047017
0.00450129
0.00422035
0.00386126
0.00343799
0.00297356
0.00249542
0.00203073
0.00160253
0.00122732
0.000914087
0.000664499
0.000474147
0.000334506
0.000235282
0.000166474
0.00011963
8.82316e-05
6.75088e-05
5.40757e-05
4.55654e-05
4.03109e-05
3.70696e-05
3.48703e-05
3.2988e-05
3.11782e-05
2.96462e-05
2.87053e-05
2.84909e-05
2.85786e-05
2.73232e-05
2.22384e-05
1.2777e-05
0.5625
0.562476
0.557907
0.530577
0.485101
0.43862
0.397561
0.362598
0.332978
0.307784
0.286205
0.267573
0.251348
0.237082
0.224424
0.213106
0.202916
0.193681
0.185256
0.177521
0.170375
0.163728
0.157505
0.151636
0.146057
0.140706
0.135523
0.130445
0.125403
0.120322
0.115114
0.109669
0.103848
0.097446
0.0901364
0.0813159
0.0697797
0.0532551
0.029276
0.0063172
0.562467
0.560976
0.54597
0.509338
0.464296
0.421376
0.383649
0.351232
0.323485
0.299669
0.279117
0.261265
0.245639
0.231841
0.219563
0.208564
0.198649
0.189658
0.181455
0.173926
0.166975
0.16052
0.154487
0.148812
0.143434
0.138294
0.133333
0.128488
0.123688
0.118853
0.113887
0.108675
0.103069
0.0968607
0.0897178
0.081034
0.069599
0.0531299
0.0291627
0.00626405
0.557915
0.545977
0.517508
0.478194
0.437365
0.399556
0.36603
0.336767
0.311341
0.289241
0.269976
0.253105
0.238237
0.225043
0.213264
0.202692
0.193151
0.184494
0.176596
0.169353
0.162677
0.156491
0.150728
0.145329
0.140238
0.135399
0.130753
0.126236
0.121771
0.117269
0.112624
0.107707
0.10236
0.0963709
0.089405
0.0808563
0.0695133
0.0530873
0.0291172
0.00623836
0.530599
0.509348
0.478197
0.44299
0.40814
0.375734
0.346483
0.320453
0.297441
0.277151
0.25926
0.243448
0.229413
0.2169
0.205698
0.195627
0.186529
0.17827
0.17074
0.163842
0.157499
0.15164
0.146208
0.141149
0.136413
0.13195
0.127703
0.123604
0.11957
0.115498
0.111262
0.106714
0.101682
0.0959453
0.0891714
0.0807588
0.0694991
0.0531021
0.0291131
0.00622711
0.485119
0.464303
0.437368
0.408141
0.37912
0.351633
0.326273
0.303231
0.282488
0.26392
0.247351
0.232572
0.219376
0.207574
0.196989
0.187461
0.178848
0.17103
0.163906
0.157392
0.151418
0.145923
0.140859
0.136182
0.13185
0.127822
0.124044
0.120451
0.116951
0.113421
0.109705
0.105622
0.100976
0.095538
0.0889786
0.0807063
0.0695219
0.0531383
0.0291153
0.0062144
0.438632
0.421381
0.399558
0.375735
0.351633
0.328277
0.30623
0.285766
0.266991
0.249918
0.234498
0.220651
0.208253
0.197156
0.187198
0.178231
0.170124
0.162767
0.156069
0.149955
0.144363
0.139245
0.134562
0.130282
0.126378
0.122819
0.119566
0.11656
0.113704
0.110853
0.107806
0.104319
0.100158
0.095083
0.0887719
0.0806502
0.0695347
0.0531493
0.0290801
0.00618112
0.397569
0.383652
0.366032
0.346484
0.326273
0.30623
0.286869
0.268495
0.251286
0.235356
0.220812
0.207736
0.196059
0.185633
0.176293
0.167888
0.160291
0.153399
0.147127
0.141408
0.13619
0.131436
0.127119
0.12322
0.11973
0.11664
0.113936
0.11158
0.109485
0.107488
0.105321
0.102625
0.0990986
0.094484
0.0884748
0.080525
0.0694776
0.0530775
0.0289563
0.00610582
0.362602
0.351234
0.336769
0.320453
0.303232
0.285766
0.268495
0.251699
0.235565
0.220292
0.206201
0.193669
0.182611
0.172816
0.164077
0.156227
0.149135
0.142697
0.136835
0.131489
0.126615
0.122185
0.118184
0.114609
0.111473
0.108797
0.106607
0.104916
0.103688
0.102771
0.101818
0.100235
0.0975908
0.0935985
0.0879826
0.0802473
0.0692785
0.0528581
0.028689
0.00596687
0.332981
0.323486
0.311342
0.297442
0.282488
0.266991
0.251286
0.235565
0.219943
0.204598
0.19009
0.177796
0.167271
0.158086
0.149946
0.14265
0.136055
0.130056
0.124578
0.119567
0.114984
0.110809
0.107036
0.103677
0.100763
0.0983514
0.0965269
0.0953992
0.0950673
0.0955113
0.096374
0.0965577
0.0952914
0.0922232
0.0871632
0.0797208
0.0688604
0.0524253
0.0282253
0.00574599
0.307786
0.29967
0.289242
0.277151
0.26392
0.249918
0.235357
0.220292
0.204598
0.187851
0.169706
0.157443
0.147524
0.139035
0.13156
0.124859
0.118779
0.113216
0.108098
0.103372
0.0990048
0.0949785
0.0912909
0.0879584
0.0850224
0.082561
0.0807124
0.0797152
0.0799688
0.0820269
0.0861411
0.0901949
0.0916196
0.0901041
0.0858821
0.0788581
0.0681566
0.0517253
0.0275234
0.00543261
0.286206
0.279118
0.269976
0.259261
0.247351
0.234498
0.220813
0.206201
0.19009
0.169706
0.0071059
0.00569878
0.00663915
0.00724947
0.00761576
0.00782253
0.0079178
0.00793281
0.00789054
0.00780963
0.00770668
0.00759804
0.00750173
0.0074401
0.00744488
0.00756824
0.00791299
0.0087362
0.0109011
0.0181293
0.0827564
0.0869636
0.0886819
0.0878554
0.0842737
0.0776631
0.0671423
0.0507311
0.0265615
0.0050275
0.267575
0.261266
0.253105
0.243449
0.232572
0.220651
0.207736
0.193669
0.177796
0.157442
0.0056988
0.000480855
0.00034855
0.000414508
0.000465084
0.000499183
0.000520564
0.0005322
0.000536534
0.000535702
0.000531682
0.000526441
0.000522119
0.000521327
0.000527722
0.0005473
0.000591695
0.000688225
0.000916542
0.00152825
0.0790535
0.0842383
0.086112
0.0856268
0.0824734
0.0761981
0.0658391
0.0494493
0.0253411
0.00454386
0.251348
0.245639
0.238237
0.229413
0.219376
0.208254
0.196059
0.182611
0.167271
0.147524
0.00663916
0.000348551
2.33684e-05
1.60134e-05
1.88853e-05
2.12428e-05
2.28933e-05
2.3946e-05
2.45213e-05
2.47395e-05
2.47208e-05
2.45878e-05
2.44724e-05
2.45303e-05
2.49701e-05
2.61164e-05
2.85572e-05
3.35313e-05
4.39962e-05
6.53299e-05
0.0756622
0.0817174
0.0837231
0.0834351
0.0805634
0.0745328
0.0642927
0.0479105
0.023882
0.00400486
0.237083
0.231841
0.225043
0.2169
0.207574
0.197156
0.185633
0.172816
0.158086
0.139035
0.00724948
0.000414509
1.60134e-05
9.14369e-07
5.97904e-07
6.92536e-07
7.71577e-07
8.2635e-07
8.59996e-07
8.76838e-07
8.81713e-07
8.79771e-07
8.76526e-07
8.78208e-07
8.92594e-07
9.30778e-07
1.01094e-06
1.16654e-06
1.46097e-06
1.93141e-06
0.0725053
0.0793113
0.0814359
0.0812753
0.0785894
0.0727239
0.0625537
0.0461556
0.0222145
0.00343923
0.224425
0.219563
0.213264
0.205698
0.196989
0.187198
0.176293
0.164077
0.149946
0.131559
0.00761577
0.000465085
1.88854e-05
5.97905e-07
2.97569e-08
1.86609e-08
2.11141e-08
2.31267e-08
2.44407e-08
2.51574e-08
2.54198e-08
2.53905e-08
2.52439e-08
2.51683e-08
2.538e-08
2.61562e-08
2.79005e-08
3.12594e-08
3.71941e-08
4.49606e-08
0.0695345
0.0769852
0.0792144
0.0791412
0.076577
0.0708127
0.0606678
0.0442254
0.0203728
0.00287655
0.213107
0.208564
0.202692
0.195627
0.187461
0.178231
0.167888
0.156227
0.14265
0.124858
0.00782254
0.000499184
2.12428e-05
6.92538e-07
1.86609e-08
8.20885e-10
4.94341e-10
5.44079e-10
5.82673e-10
6.04377e-10
6.1238e-10
6.10807e-10
6.0414e-10
5.97044e-10
5.94458e-10
6.02041e-10
6.27076e-10
6.79816e-10
7.72223e-10
8.74137e-10
0.0667209
0.0747205
0.0770393
0.0770274
0.0745403
0.0688288
0.0586721
0.0421545
0.0183927
0.00234339
0.202916
0.198649
0.193151
0.186529
0.178848
0.170124
0.160291
0.149135
0.136055
0.118779
0.00791781
0.000520564
2.28933e-05
7.71579e-07
2.11142e-08
4.94343e-10
1.94139e-11
1.12208e-11
1.1969e-11
1.24777e-11
1.26477e-11
1.25652e-11
1.23292e-11
1.20403e-11
1.17977e-11
1.1705e-11
1.18809e-11
1.2475e-11
1.36278e-11
1.47085e-11
0.0640412
0.0725031
0.0748975
0.0749281
0.0724862
0.0667925
0.0565953
0.0399682
0.0163143
0.00186058
0.193681
0.189658
0.184494
0.17827
0.17103
0.162767
0.153399
0.142697
0.130056
0.113216
0.00793282
0.000532201
2.39461e-05
8.26352e-07
2.31267e-08
5.44081e-10
1.12209e-11
3.97413e-13
2.20325e-13
2.27031e-13
2.29434e-13
2.26481e-13
2.19991e-13
2.11917e-13
2.03855e-13
1.97822e-13
1.95714e-13
1.99413e-13
2.11206e-13
2.20144e-13
0.0614749
0.0703195
0.0727775
0.0728365
0.0704175
0.0647174
0.0544586
0.0376814
0.0141873
0.00144181
0.185256
0.181455
0.176596
0.17074
0.163906
0.156069
0.147127
0.136835
0.124578
0.108098
0.00789055
0.000536535
2.45213e-05
8.59998e-07
2.44408e-08
5.82675e-10
1.1969e-11
2.20325e-13
6.52814e-15
2.8386e-15
2.87035e-15
2.81955e-15
2.68936e-15
2.5179e-15
2.35597e-15
2.21626e-15
2.14324e-15
2.12736e-15
2.24167e-15
2.33692e-15
0.0590033
0.0681557
0.0706675
0.0707447
0.0683348
0.062613
0.0522767
0.0352991
0.012076
0.00109339
0.177521
0.173926
0.169353
0.163842
0.157392
0.149954
0.141408
0.131489
0.119567
0.103372
0.00780964
0.000535702
2.47395e-05
8.7684e-07
2.51575e-08
6.04379e-10
1.24777e-11
2.27031e-13
2.8386e-15
0
0
0
0
0
0
0
0
0
0
0
0.0566084
0.0659957
0.0685547
0.0686448
0.0662362
0.0604856
0.0500586
0.0328185
0.0100579
0.00081494
0.170375
0.166975
0.162677
0.157499
0.151418
0.144363
0.13619
0.126615
0.114984
0.0990047
0.00770668
0.000531682
2.47208e-05
8.81714e-07
2.54199e-08
6.12382e-10
1.26477e-11
2.29434e-13
2.87035e-15
0
0
0
0
0
0
0
0
0
0
0
0.0542734
0.0638227
0.066426
0.0665273
0.0641177
0.0583383
0.0478089
0.0302349
0.00821312
0.000600737
0.163728
0.16052
0.156491
0.15164
0.145923
0.139245
0.131436
0.122185
0.110809
0.0949785
0.00759804
0.000526442
2.45878e-05
8.79772e-07
2.53906e-08
6.10808e-10
1.25652e-11
2.26481e-13
2.81955e-15
0
0
0
0
0
0
0
0
0
0
0
0.0519819
0.0616176
0.0642654
0.0643798
0.0619731
0.0561721
0.0455285
0.0275512
0.00660537
0.000441482
0.157505
0.154487
0.150728
0.146208
0.140859
0.134562
0.127119
0.118184
0.107036
0.0912909
0.00750173
0.00052212
2.44724e-05
8.76527e-07
2.5244e-08
6.04142e-10
1.23293e-11
2.19991e-13
2.68936e-15
0
0
0
0
0
0
0
0
0
0
0
0.0497152
0.0593558
0.0620513
0.0621855
0.0597935
0.0539852
0.0432155
0.0247918
0.00526668
0.000326387
0.151636
0.148812
0.145329
0.141149
0.136182
0.130282
0.12322
0.114609
0.103677
0.0879584
0.00744011
0.000521327
2.45303e-05
8.78209e-07
2.51684e-08
5.97045e-10
1.20404e-11
2.11917e-13
2.5179e-15
0
0
0
0
0
0
0
0
0
0
0
0.0474495
0.0570023
0.0597533
0.0599215
0.0575655
0.0517733
0.0408676
0.0220169
0.00419555
0.000245066
0.146057
0.143434
0.140238
0.136413
0.13185
0.126377
0.11973
0.111473
0.100763
0.0850223
0.00744488
0.000527722
2.49702e-05
8.92595e-07
2.538e-08
5.9446e-10
1.17978e-11
2.03855e-13
2.35597e-15
0
0
0
0
0
0
0
0
0
0
0
0.0451508
0.0545053
0.0573254
0.0575537
0.0552685
0.049528
0.0384856
0.019326
0.00336734
0.000188737
0.140706
0.138294
0.135399
0.13195
0.127822
0.122819
0.11664
0.108796
0.0983513
0.082561
0.00756825
0.000547301
2.61165e-05
9.30779e-07
2.61562e-08
6.02042e-10
1.1705e-11
1.97822e-13
2.22579e-15
0
0
0
0
0
0
0
0
0
0
0
0.0427638
0.0517847
0.0546958
0.0550299
0.0528711
0.0472365
0.0360784
0.0168432
0.00274727
0.000150606
0.135523
0.133333
0.130753
0.127703
0.124044
0.119566
0.113936
0.106607
0.0965268
0.0807123
0.00791299
0.000591696
2.85573e-05
1.01094e-06
2.79006e-08
6.27077e-10
1.18809e-11
1.95714e-13
2.14324e-15
0
0
0
0
0
0
0
0
0
0
0
0.0401876
0.048707
0.0517456
0.0522648
0.0503208
0.0448757
0.0336654
0.0146808
0.00229871
0.000125704
0.130445
0.128488
0.126236
0.123604
0.120451
0.11656
0.11158
0.104916
0.0953991
0.0797151
0.00873621
0.000688225
3.35313e-05
1.16654e-06
3.12594e-08
6.79818e-10
1.2475e-11
1.99413e-13
2.12736e-15
0
0
0
0
0
0
0
0
0
0
0
0.0372147
0.0450305
0.0482668
0.0491088
0.0475227
0.0423997
0.0312697
0.0128977
0.00198643
0.000110491
0.125403
0.123688
0.121771
0.11957
0.116951
0.113704
0.109485
0.103688
0.0950672
0.0799687
0.0109011
0.000916542
4.39962e-05
1.46097e-06
3.71942e-08
7.72225e-10
1.36278e-11
2.11206e-13
2.24167e-15
0
0
0
0
0
0
0
0
0
0
0
0.0333613
0.0402685
0.0438592
0.0452755
0.0442905
0.0397069
0.0288917
0.0114765
0.00177701
0.000102454
0.120322
0.118853
0.117269
0.115498
0.113421
0.110853
0.107488
0.10277
0.0955112
0.0820268
0.0181293
0.00152825
6.53299e-05
1.93141e-06
4.49606e-08
8.74138e-10
1.47085e-11
2.20144e-13
2.33692e-15
0
0
0
0
0
0
0
0
0
0
0
0.0273435
0.0333308
0.0376886
0.0401797
0.0402396
0.0365689
0.0264495
0.0103206
0.00163735
9.96763e-05
0.115114
0.113887
0.112624
0.111262
0.109705
0.107806
0.105321
0.101818
0.0963738
0.0861411
0.0827563
0.0790535
0.0756621
0.0725052
0.0695345
0.0667209
0.0640412
0.0614749
0.0590033
0.0566084
0.0542734
0.0519819
0.0497152
0.0474496
0.0451509
0.0427639
0.0401877
0.0372148
0.0333614
0.0273437
0.0220075
0.0243473
0.0290232
0.0330013
0.0347136
0.0325386
0.0236968
0.00925505
0.00153027
0.000100413
0.109669
0.108675
0.107707
0.106714
0.105622
0.104319
0.102625
0.100235
0.0965576
0.0901948
0.0869635
0.0842382
0.0817173
0.0793112
0.0769851
0.0747204
0.072503
0.0703194
0.0681556
0.0659956
0.0638226
0.0616176
0.0593558
0.0570022
0.0545053
0.0517847
0.048707
0.0450306
0.0402687
0.033331
0.0243475
0.0200549
0.0211114
0.0245989
0.0275116
0.0271395
0.0202349
0.00804836
0.00141474
0.000103026
0.103847
0.103069
0.10236
0.101682
0.100976
0.100158
0.0990985
0.0975906
0.0952913
0.0916195
0.0886818
0.0861119
0.083723
0.0814358
0.0792142
0.0770392
0.0748974
0.0727774
0.0706674
0.0685546
0.0664259
0.0642653
0.0620513
0.0597533
0.0573254
0.0546958
0.0517457
0.0482669
0.0438593
0.0376888
0.0290235
0.0211116
0.0172169
0.0175284
0.0197442
0.0204834
0.0158157
0.00650898
0.0012593
0.000106331
0.0974459
0.0968605
0.0963708
0.0959452
0.0955378
0.0950829
0.0944838
0.0935983
0.0922231
0.090104
0.0878553
0.0856267
0.083435
0.0812751
0.0791411
0.0770273
0.074928
0.0728364
0.0707446
0.0686447
0.0665272
0.0643797
0.0621855
0.0599215
0.0575537
0.05503
0.0522649
0.0491089
0.0452756
0.0401799
0.0330015
0.0245992
0.0175286
0.0138426
0.0134206
0.0137145
0.0108214
0.00474121
0.00106573
0.000110605
0.0901363
0.0897176
0.0894048
0.0891713
0.0889785
0.0887718
0.0884747
0.0879825
0.0871631
0.085882
0.0842736
0.0824733
0.0805633
0.0785893
0.0765769
0.0745402
0.0724861
0.0704174
0.0683347
0.0662362
0.0641177
0.0619731
0.0597935
0.0575654
0.0552685
0.0528712
0.0503209
0.0475228
0.0442906
0.0402397
0.0347139
0.0275118
0.0197445
0.0134207
0.00993091
0.00853482
0.00653108
0.0031493
0.000871114
0.000118021
0.0813158
0.0810339
0.0808561
0.0807586
0.0807062
0.0806501
0.0805249
0.0802471
0.0797207
0.078858
0.0776629
0.076198
0.0745327
0.0727238
0.0708126
0.0688287
0.0667924
0.0647173
0.062613
0.0604855
0.0583383
0.056172
0.0539852
0.0517733
0.049528
0.0472365
0.0448758
0.0423998
0.039707
0.0365691
0.0325388
0.0271397
0.0204837
0.0137147
0.00853493
0.00566328
0.00385431
0.00204198
0.000713871
0.000131939
0.0697796
0.0695989
0.0695132
0.069499
0.0695217
0.0695346
0.0694774
0.0692784
0.0688603
0.0681565
0.0671422
0.065839
0.0642926
0.0625536
0.0606677
0.058672
0.0565953
0.0544586
0.0522766
0.0500586
0.0478089
0.0455286
0.0432155
0.0408676
0.0384857
0.0360785
0.0336655
0.0312699
0.0288918
0.0264497
0.023697
0.0202351
0.0158159
0.0108216
0.00653123
0.00385437
0.00239074
0.00136939
0.000599139
0.000153928
0.053255
0.0531298
0.0530872
0.053102
0.0531382
0.0531492
0.0530774
0.052858
0.0524253
0.0517253
0.0507311
0.0494493
0.0479104
0.0461555
0.0442254
0.0421545
0.0399682
0.0376815
0.0352991
0.0328186
0.030235
0.0275512
0.0247919
0.022017
0.0193261
0.0168433
0.0146809
0.0128978
0.0114766
0.0103207
0.00925515
0.00804847
0.0065091
0.00474132
0.00314938
0.00204202
0.0013694
0.00089534
0.000488601
0.00017432
0.029276
0.0291627
0.0291172
0.0291131
0.0291153
0.02908
0.0289563
0.028689
0.0282252
0.0275234
0.0265615
0.0253411
0.023882
0.0222146
0.0203728
0.0183927
0.0163144
0.0141874
0.012076
0.0100579
0.00821317
0.00660542
0.00526673
0.00419559
0.00336737
0.0027473
0.00229873
0.00198645
0.00177703
0.00163737
0.00153029
0.00141477
0.00125932
0.00106576
0.000871136
0.000713888
0.000599149
0.000488605
0.000339649
0.000165749
0.00631719
0.00626405
0.00623835
0.00622711
0.0062144
0.00618112
0.00610583
0.00596687
0.005746
0.00543261
0.00502751
0.00454387
0.00400487
0.00343924
0.00287656
0.0023434
0.00186059
0.00144182
0.0010934
0.000814948
0.000600743
0.000441487
0.000326391
0.000245069
0.000188739
0.000150608
0.000125706
0.000110492
0.000102456
9.96776e-05
0.000100415
0.000103027
0.000106333
0.000110607
0.000118023
0.000131942
0.000153931
0.000174322
0.00016575
0.000111951
)
;

boundaryField
{
    left
    {
        type            fixedValue;
        value           uniform 0;
    }
    right
    {
        type            fixedValue;
        value           uniform 0;
    }
    up
    {
        type            fixedValue;
        value           uniform 0;
    }
    down
    {
        type            fixedValue;
        value           uniform 0;
    }
    front
    {
        type            fixedValue;
        value           uniform 0;
    }
    back
    {
        type            fixedValue;
        value           uniform 0;
    }
}


// ************************************************************************* //
