/*--------------------------------*- C++ -*----------------------------------*\
| =========                 |                                                 |
| \\      /  F ield         | OpenFOAM: The Open Source CFD Toolbox           |
|  \\    /   O peration     | Version:  2.1.0                                 |
|   \\  /    A nd           | Web:      www.OpenFOAM.org                      |
|    \\/     M anipulation  |                                                 |
\*---------------------------------------------------------------------------*/
FoamFile
{
    version     2.0;
    format      ascii;
    class       volScalarField;
    location    "28105";
    object      pw;
}
// * * * * * * * * * * * * * * * * * * * * * * * * * * * * * * * * * * * * * //

dimensions      [1 -1 -2 0 0 0 0];

internalField   nonuniform List<scalar> 
8000
(
13175.4
13162.8
13141.7
13116.1
13088.5
13060.5
13032.5
13004.9
12977.4
12950
12922.5
12894.6
12866.2
12837.3
12807.5
12776.9
12745.4
12712.9
12679.5
12645.2
12610
12574.1
12537.4
12500.2
12462.6
12425
12387.6
12350.7
12314.8
12280.4
12247.8
12217.6
12190.1
12165.6
12144.3
12126.3
12111.5
12099.7
12091
12086.5
13162.8
13151.6
13132.4
13108.5
13082.5
13055.6
13028.6
13001.7
12974.9
12947.9
12920.8
12893.3
12865.2
12836.4
12806.8
12776.3
12744.9
12712.5
12679.1
12644.8
12609.6
12573.5
12536.7
12499.3
12461.5
12423.6
12385.8
12348.5
12312.2
12277.3
12244.3
12213.7
12185.9
12161.1
12139.7
12121.6
12106.6
12094.7
12086.1
12081.5
13141.7
13132.4
13115.9
13094.9
13071.3
13046.5
13021.2
12995.7
12970
12944
12917.6
12890.8
12863.2
12834.8
12805.5
12775.3
12744
12711.7
12678.3
12644
12608.6
12572.4
12535.4
12497.6
12459.4
12420.9
12382.4
12344.3
12307
12271.1
12237.2
12205.8
12177.3
12152.1
12130.3
12111.9
12096.9
12084.9
12076.2
12071.6
13116.1
13108.5
13094.9
13076.9
13056.2
13034
13010.8
12987.1
12963
12938.4
12913.1
12887.2
12860.3
12832.6
12803.7
12773.8
12742.7
12710.5
12677.2
12642.8
12607.4
12570.9
12533.5
12495.2
12456.3
12416.9
12377.4
12338
12299.3
12261.9
12226.5
12193.8
12164.3
12138.3
12116
12097.3
12082.1
12070
12061.3
12056.7
13088.5
13082.5
13071.3
13056.2
13038.5
13018.9
12998.2
12976.6
12954.3
12931.3
12907.5
12882.7
12856.9
12829.8
12801.5
12772
12741.2
12709.2
12675.9
12641.5
12605.8
12569.1
12531.2
12492.3
12452.6
12412
12371
12329.8
12289
12249.4
12211.9
12177.3
12146.5
12119.6
12096.7
12077.7
12062.3
12050.1
12041.3
12036.8
13060.5
13055.6
13046.5
13034
13018.9
13002
12983.7
12964.5
12944.4
12923.3
12901.1
12877.8
12853
12826.8
12799.1
12770
12739.6
12707.7
12674.5
12640
12604.2
12567.1
12528.7
12489.1
12448.3
12406.4
12363.6
12320.1
12276.5
12233.7
12193.1
12156.1
12123.5
12095.5
12072.1
12052.8
12037.3
12025.1
12016.4
12011.9
13032.5
13028.6
13021.2
13010.8
12998.2
12983.7
12968
12951.2
12933.4
12914.5
12894.3
12872.5
12849
12823.7
12796.8
12768.1
12738
12706.3
12673.1
12638.6
12602.6
12565.1
12526.3
12485.9
12444
12400.6
12355.6
12309.3
12261.9
12214.7
12169.6
12129.2
12094.6
12065.6
12041.8
12022.5
12007.1
11995.1
11986.4
11982
13004.9
13001.7
12995.7
12987.1
12976.6
12964.5
12951.2
12936.8
12921.6
12905.3
12887.5
12867.5
12845.3
12821
12794.6
12766.4
12736.5
12705
12671.9
12637.3
12601.1
12563.4
12524.1
12483
12440.1
12395.1
12347.9
12298.2
12246.1
12192.5
12140.1
12095.3
12058.8
12029.3
12005.6
11986.6
11971.6
11959.9
11951.5
11947.1
12977.4
12974.9
12970
12963
12954.3
12944.4
12933.4
12921.6
12909.2
12896
12881.2
12863.3
12842.3
12818.8
12792.9
12765.1
12735.4
12704
12671
12636.3
12600
12562.1
12522.4
12480.8
12437
12390.7
12341.4
12288.4
12230.7
12167.7
12101.9
12052.1
12014.7
11985.9
11963.1
11945.1
11930.9
11919.7
11911.7
11907.6
12950
12947.9
12944
12938.4
12931.3
12923.3
12914.5
12905.3
12896
12886.7
12876.6
12860.6
12840.5
12817.5
12791.9
12764.3
12734.7
12703.4
12670.3
12635.6
12599.3
12561.2
12521.3
12479.4
12435.1
12388
12337.4
12281.9
12219.2
12144.5
12046.5
11995.3
11960.9
11935
11914.6
11898.2
11885.1
11874.8
11867.3
11863.4
12922.5
12920.8
12917.6
12913.1
12907.5
12901.1
12894.3
12887.5
12881.2
12876.6
12872.7
12853.3
12830.9
12805.8
12778.3
12748.6
12717.1
12683.7
12648.6
12611.7
12573
12532.5
12489.9
12445.1
12397.6
12346.9
12291.7
12230
12156
12050.8
11942.1
11920.2
11897.4
11877.4
11860.4
11846.4
11834.8
11825.4
11818.6
11815
12894.6
12893.3
12890.8
12887.2
12882.7
12877.8
12872.5
12867.5
12863.3
12860.6
12853.3
12821.9
12791
12759
12725.7
12691
12654.8
12617.1
12577.9
12537.1
12494.6
12450.2
12403.6
12354.5
12302.4
12246.2
12184.5
12114.4
12031
11925
11855.7
11844.4
11829.9
11815.3
11802
11790.3
11780.3
11772
11765.9
11762.7
12866.2
12865.2
12863.2
12860.3
12856.9
12853
12849
12845.3
12842.3
12840.5
12830.9
12791
12752.7
12714.4
12675.4
12635.7
12594.8
12552.9
12509.6
12464.9
12418.6
12370.5
12320.2
12267.3
12211.2
12150.9
12085.2
12011.9
11928.3
11831.8
11777.3
11770.7
11761.1
11750.6
11740.3
11730.8
11722.4
11715
11709.6
11706.8
12837.3
12836.4
12834.8
12832.6
12829.8
12826.8
12823.7
12821
12818.8
12817.5
12805.8
12759
12714.4
12670.2
12625.9
12581.2
12535.9
12489.7
12442.5
12394.1
12344.2
12292.6
12239
12182.8
12123.6
12060.6
11992.8
11919
11838.1
11749.8
11702.8
11698.5
11691.9
11684.2
11676.3
11668.6
11661.4
11655
11650.2
11647.7
12807.5
12806.8
12805.5
12803.7
12801.5
12799.1
12796.8
12794.6
12792.9
12791.9
12778.3
12725.7
12675.4
12625.9
12576.6
12527.3
12477.7
12427.5
12376.5
12324.6
12271.4
12216.7
12160.1
12101.2
12039.7
11974.8
11906.1
11832.9
11755
11672.8
11630.2
11627.1
11622.3
11616.5
11610.3
11604
11597.8
11592.2
11588
11585.8
12776.9
12776.3
12775.3
12773.8
12772
12770
12768.1
12766.4
12765.1
12764.3
12748.6
12691
12635.7
12581.2
12527.3
12473.6
12419.9
12366
12311.5
12256.3
12200
12142.4
12083.3
12022.2
11958.8
11892.8
11823.7
11751.4
11676
11598.2
11558.4
11556
11552.4
11547.9
11542.8
11537.4
11532
11527
11523.2
11521.2
12745.4
12744.9
12744
12742.7
12741.2
12739.6
12738
12736.5
12735.4
12734.7
12717.1
12654.8
12594.8
12535.9
12477.7
12419.9
12362.5
12304.9
12247.2
12188.9
12129.8
12069.8
12008.4
11945.4
11880.6
11813.7
11744.5
11673.1
11599.6
11524.7
11486.7
11484.8
11481.8
11478.1
11473.8
11469
11464.1
11459.6
11456.2
11454.3
12712.9
12712.5
12711.7
12710.5
12709.2
12707.7
12706.3
12705
12704
12703.4
12683.7
12617.1
12552.9
12489.7
12427.5
12366
12304.9
12244.1
12183.3
12122.3
12060.7
11998.4
11935
11870.5
11804.5
11736.9
11667.6
11596.7
11524.5
11451.5
11414.7
11413.1
11410.6
11407.3
11403.4
11399
11394.5
11390.2
11387
11385.3
12679.5
12679.1
12678.3
12677.2
12675.9
12674.5
12673.1
12671.9
12671
12670.3
12648.6
12577.9
12509.6
12442.5
12376.5
12311.5
12247.2
12183.3
12119.7
12056.1
11992.3
11927.9
11862.9
11796.9
11729.9
11661.7
11592.3
11521.7
11450.3
11378.5
11342.3
11340.8
11338.5
11335.4
11331.7
11327.5
11323
11318.9
11315.8
11314.1
12645.2
12644.8
12644
12642.8
12641.5
12640
12638.6
12637.3
12636.3
12635.6
12611.7
12537.1
12464.9
12394.1
12324.6
12256.3
12188.9
12122.3
12056.1
11990.2
11924.4
11858.2
11791.7
11724.5
11656.5
11587.7
11518
11447.6
11376.5
11305.2
11269.3
11267.9
11265.6
11262.5
11258.7
11254.5
11250
11245.8
11242.6
11240.9
12610
12609.6
12608.6
12607.4
12605.8
12604.2
12602.6
12601.1
12600
12599.3
12573
12494.6
12418.6
12344.2
12271.4
12200
12129.8
12060.7
11992.3
11924.4
11856.7
11789
11721
11652.8
11584
11514.6
11444.6
11374
11303
11231.8
11195.8
11194.3
11191.9
11188.6
11184.6
11180
11175.2
11170.8
11167.4
11165.5
12574.1
12573.5
12572.4
12570.9
12569.1
12567.1
12565.1
12563.4
12562.1
12561.2
12532.5
12450.2
12370.5
12292.6
12216.7
12142.4
12069.8
11998.4
11927.9
11858.2
11789
11719.9
11650.8
11581.5
11512
11442
11371.6
11300.8
11229.6
11158.1
11121.9
11120.2
11117.5
11113.7
11109.2
11104.1
11098.7
11093.8
11090
11088
12537.4
12536.7
12535.4
12533.5
12531.2
12528.7
12526.3
12524.1
12522.4
12521.3
12489.9
12403.6
12320.2
12239
12160.1
12083.3
12008.4
11935
11862.9
11791.7
11721
11650.8
11580.7
11510.6
11440.4
11369.9
11299.1
11228
11156.4
11084.3
11047.7
11045.7
11042.5
11038
11032.6
11026.6
11020.4
11014.7
11010.4
11008.2
12500.2
12499.3
12497.6
12495.2
12492.3
12489.1
12485.9
12483
12480.8
12479.4
12445.1
12354.5
12267.3
12182.8
12101.2
12022.2
11945.4
11870.5
11796.9
11724.5
11652.8
11581.5
11510.6
11439.8
11369.1
11298.1
11227
11155.5
11083.4
11010.7
10973.5
10971.1
10967
10961.5
10954.9
10947.6
10940.1
10933.3
10928.3
10925.7
12462.6
12461.5
12459.4
12456.3
12452.6
12448.3
12444
12440.1
12437
12435.1
12397.6
12302.4
12211.2
12123.6
12039.7
11958.8
11880.6
11804.5
11729.9
11656.5
11584
11512
11440.4
11369.1
11297.8
11226.6
11155.1
11083.4
11011
10937.6
10899.7
10896.7
10891.4
10884.4
10876
10866.7
10857.5
10849.3
10843.3
10840.2
12425
12423.6
12420.9
12416.9
12412
12406.4
12400.6
12395.1
12390.7
12388
12346.9
12246.2
12150.9
12060.6
11974.8
11892.8
11813.7
11736.9
11661.7
11587.7
11514.6
11442
11369.9
11298.1
11226.6
11155.1
11083.6
11011.8
10939.3
10865.4
10826.8
10822.9
10815.9
10806.6
10795.7
10783.9
10772.3
10762.3
10755
10751.2
12387.6
12385.8
12382.4
12377.4
12371
12363.6
12355.6
12347.9
12341.4
12337.4
12291.7
12184.5
12085.2
11992.8
11906.1
11823.7
11744.5
11667.6
11592.3
11518
11444.6
11371.6
11299.1
11227
11155.1
11083.6
11012.2
10940.7
10868.5
10794.7
10755.7
10750.3
10740.9
10728.4
10714
10698.7
10684.1
10671.6
10662.6
10657.9
12350.7
12348.5
12344.3
12338
12329.8
12320.1
12309.3
12298.2
12288.4
12281.9
12230
12114.4
12011.9
11919
11832.9
11751.4
11673.1
11596.7
11521.7
11447.6
11374
11300.8
11228
11155.5
11083.4
11011.8
10940.7
10870
10799.1
10726.5
10687.5
10679.8
10666.7
10649.7
10630.6
10610.9
10592.3
10576.7
10565.5
10559.6
12314.8
12312.2
12307
12299.3
12289
12276.5
12261.9
12246.1
12230.7
12219.2
12156
12031
11928.3
11838.1
11755
11676
11599.6
11524.5
11450.3
11376.5
11303
11229.6
11156.4
11083.4
11011
10939.3
10868.5
10799.1
10730.7
10661.8
10624.3
10612.7
10593.9
10570.7
10545.3
10519.8
10496.2
10476.6
10462.5
10455.2
12280.4
12277.3
12271.1
12261.9
12249.4
12233.7
12214.7
12192.5
12167.7
12144.5
12050.8
11925
11831.8
11749.8
11672.8
11598.2
11524.7
11451.5
11378.5
11305.2
11231.8
11158.1
11084.3
11010.7
10937.6
10865.4
10794.7
10726.5
10661.8
10601.1
10570.1
10550.7
10523
10491.2
10457.8
10425
10395
10370.2
10352.5
10343.3
12247.8
12244.3
12237.2
12226.5
12211.9
12193.1
12169.6
12140.1
12101.9
12046.5
11942.1
11855.7
11777.3
11702.8
11630.2
11558.4
11486.7
11414.7
11342.3
11269.3
11195.8
11121.9
11047.7
10973.5
10899.7
10826.8
10755.7
10687.5
10624.3
10570.1
10533
10495
10454.1
10411.1
10367.6
10325.7
10287.8
10256.5
10234.1
10222.4
12217.6
12213.7
12205.8
12193.8
12177.3
12156.1
12129.2
12095.3
12052.1
11995.3
11920.2
11844.4
11770.7
11698.5
11627.1
11556
11484.8
11413.1
11340.8
11267.9
11194.3
11120.2
11045.7
10971.1
10896.7
10822.9
10750.3
10679.8
10612.7
10550.7
10495
10440.6
10385.5
10329.7
10274.3
10221.4
10173.7
10134.1
10105.7
10090.8
12190.1
12185.9
12177.3
12164.3
12146.5
12123.5
12094.6
12058.8
12014.7
11960.9
11897.4
11829.9
11761.1
11691.9
11622.3
11552.4
11481.8
11410.6
11338.5
11265.6
11191.9
11117.5
11042.5
10967
10891.4
10815.9
10740.9
10666.7
10593.9
10523
10454.1
10385.5
10316.3
10246.7
10177.8
10111.8
10051.9
10001.8
9965.51
9946.39
12165.6
12161.1
12152.1
12138.3
12119.6
12095.5
12065.6
12029.3
11985.9
11935
11877.4
11815.3
11750.6
11684.2
11616.5
11547.9
11478.1
11407.3
11335.4
11262.5
11188.6
11113.7
11038
10961.5
10884.4
10806.6
10728.4
10649.7
10570.7
10491.2
10411.1
10329.7
10246.7
10162.5
10078.5
9997.15
9922.28
9858.8
9812.18
9787.36
12144.3
12139.7
12130.3
12116
12096.7
12072.1
12041.8
12005.6
11963.1
11914.6
11860.4
11802
11740.3
11676.3
11610.3
11542.8
11473.8
11403.4
11331.7
11258.7
11184.6
11109.2
11032.6
10954.9
10876
10795.7
10714
10630.6
10545.3
10457.8
10367.6
10274.3
10177.8
10078.5
9977.85
9878.73
9785.71
9705.22
9644.96
9612.42
12126.3
12121.6
12111.9
12097.3
12077.7
12052.8
12022.5
11986.6
11945.1
11898.2
11846.4
11790.3
11730.8
11668.6
11604
11537.4
11469
11399
11327.5
11254.5
11180
11104.1
11026.6
10947.6
10866.7
10783.9
10698.7
10610.9
10519.8
10425
10325.7
10221.4
10111.8
9997.15
9878.73
9759.55
9644.95
9543.17
9465.05
9422.04
12111.5
12106.6
12096.9
12082.1
12062.3
12037.3
12007.1
11971.6
11930.9
11885.1
11834.8
11780.3
11722.4
11661.4
11597.8
11532
11464.1
11394.5
11323
11250
11175.2
11098.7
11020.4
10940.1
10857.5
10772.3
10684.1
10592.3
10496.2
10395
10287.8
10173.7
10051.9
9922.28
9785.71
9644.95
9505.8
9378.4
9277.61
9220.73
12099.7
12094.7
12084.9
12070
12050.1
12025.1
11995.1
11959.9
11919.7
11874.8
11825.4
11772
11715
11655
11592.2
11527
11459.6
11390.2
11318.9
11245.8
11170.8
11093.8
11014.7
10933.3
10849.3
10762.3
10671.6
10576.7
10476.6
10370.2
10256.5
10134.1
10001.8
9858.8
9705.22
9543.17
9378.4
9222.59
9095.04
9020.86
12091
12086.1
12076.2
12061.3
12041.3
12016.4
11986.4
11951.5
11911.7
11867.3
11818.6
11765.9
11709.6
11650.2
11588
11523.2
11456.2
11387
11315.8
11242.6
11167.4
11090
11010.4
10928.3
10843.3
10755
10662.6
10565.5
10462.5
10352.5
10234.1
10105.7
9965.51
9812.18
9644.96
9465.05
9277.61
9095.04
8940.47
8847.56
12086.5
12081.5
12071.6
12056.7
12036.8
12011.9
11982
11947.1
11907.6
11863.4
11815
11762.7
11706.8
11647.7
11585.8
11521.2
11454.3
11385.3
11314.1
11240.9
11165.5
11088
11008.2
10925.7
10840.2
10751.2
10657.9
10559.6
10455.2
10343.3
10222.4
10090.8
9946.39
9787.36
9612.42
9422.04
9220.73
9020.86
8847.56
8740.59
13196.1
13178.5
13152
13122.4
13092.3
13062.8
13033.9
13005.7
12977.9
12950.3
12922.7
12894.7
12866.3
12837.3
12807.5
12776.9
12745.4
12712.9
12679.5
12645.2
12610
12574
12537.3
12500.1
12462.6
12424.9
12387.5
12350.6
12314.7
12280.2
12247.6
12217.4
12189.9
12165.3
12144
12126.1
12111.4
12100.1
12091.8
12087
13178.5
13164
13140.9
13113.9
13085.8
13057.7
13029.9
13002.5
12975.4
12948.3
12921
12893.4
12865.3
12836.5
12806.8
12776.3
12744.9
12712.5
12679.1
12644.8
12609.5
12573.4
12536.6
12499.3
12461.5
12423.5
12385.7
12348.4
12312.1
12277.1
12244.1
12213.5
12185.6
12160.8
12139.4
12121.3
12106.6
12095.2
12086.8
12082.1
13152
13140.9
13122
13099
13073.9
13048.2
13022.3
12996.4
12970.4
12944.3
12917.8
12890.9
12863.3
12834.9
12805.5
12775.3
12744
12711.7
12678.3
12643.9
12608.6
12572.3
12535.3
12497.6
12459.3
12420.8
12382.3
12344.1
12306.9
12271
12237
12205.6
12177.1
12151.8
12130
12111.6
12096.8
12085.3
12076.9
12072.1
13122.4
13113.9
13099
13079.8
13058.2
13035.3
13011.7
12987.7
12963.4
12938.6
12913.3
12887.3
12860.4
12832.6
12803.7
12773.8
12742.7
12710.5
12677.2
12642.8
12607.3
12570.8
12533.4
12495.2
12456.2
12416.8
12377.2
12337.8
12299.1
12261.7
12226.3
12193.6
12164
12138
12115.7
12097
12082
12070.4
12062
12057.2
13092.3
13085.8
13073.9
13058.2
13039.8
13019.9
12998.8
12977
12954.6
12931.5
12907.6
12882.8
12856.9
12829.8
12801.5
12772
12741.2
12709.1
12675.9
12641.4
12605.8
12569
12531.1
12492.2
12452.4
12411.9
12370.8
12329.7
12288.9
12249.2
12211.7
12177.1
12146.2
12119.2
12096.3
12077.4
12062.2
12050.6
12042.1
12037.3
13062.8
13057.7
13048.2
13035.3
13019.9
13002.7
12984.2
12964.8
12944.6
12923.4
12901.2
12877.8
12853
12826.8
12799.1
12770
12739.5
12707.7
12674.4
12639.9
12604.1
12567
12528.6
12489
12448.2
12406.3
12363.4
12319.9
12276.3
12233.5
12192.9
12155.8
12123.2
12095.2
12071.7
12052.5
12037.2
12025.6
12017.2
12012.4
13033.9
13029.9
13022.3
13011.7
12998.8
12984.2
12968.3
12951.4
12933.5
12914.6
12894.4
12872.6
12849
12823.7
12796.7
12768.1
12737.9
12706.2
12673.1
12638.5
12602.4
12565
12526.1
12485.7
12443.9
12400.4
12355.4
12309
12261.7
12214.5
12169.3
12128.9
12094.3
12065.3
12041.4
12022.2
12007
11995.5
11987.2
11982.5
13005.7
13002.5
12996.4
12987.7
12977
12964.8
12951.4
12937
12921.7
12905.4
12887.5
12867.5
12845.3
12820.9
12794.6
12766.4
12736.5
12704.9
12671.8
12637.2
12601
12563.3
12523.9
12482.8
12439.9
12394.9
12347.6
12297.9
12245.8
12192.2
12139.8
12095
12058.5
12028.9
12005.2
11986.3
11971.5
11960.3
11952.3
11947.7
12977.9
12975.4
12970.4
12963.4
12954.6
12944.6
12933.5
12921.7
12909.3
12896
12881.2
12863.3
12842.3
12818.7
12792.9
12765
12735.3
12703.9
12670.8
12636.1
12599.8
12561.9
12522.2
12480.5
12436.7
12390.4
12341.1
12288
12230.3
12167.3
12101.5
12051.8
12014.4
11985.5
11962.8
11944.8
11930.8
11920.2
11912.5
11908.1
12950.3
12948.3
12944.3
12938.6
12931.5
12923.4
12914.6
12905.4
12896
12886.7
12876.6
12860.6
12840.5
12817.4
12791.9
12764.2
12734.6
12703.2
12670.2
12635.5
12599.1
12561
12521
12479.1
12434.8
12387.7
12337
12281.5
12218.7
12144
12046
11994.9
11960.5
11934.6
11914.2
11897.9
11885.1
11875.3
11868.1
11863.9
12922.7
12921
12917.8
12913.3
12907.6
12901.2
12894.4
12887.5
12881.2
12876.6
12873.2
12853.9
12831.8
12806.8
12779.5
12750.1
12718.7
12685.6
12650.7
12614.1
12575.8
12535.6
12493.4
12449
12402
12351.8
12297.4
12236.6
12163.6
12058.3
11941.8
11919.8
11897
11877
11860
11846
11834.8
11826
11819.4
11815.5
12894.7
12893.4
12890.9
12887.3
12882.8
12877.8
12872.6
12867.5
12863.3
12860.6
12853.9
12822.3
12791.3
12759.4
12726.2
12691.5
12655.4
12617.8
12578.6
12537.9
12495.4
12451.1
12404.7
12355.7
12303.7
12247.7
12186.2
12116.4
12033.2
11926.8
11855.4
11844.1
11829.5
11814.9
11801.5
11790
11780.4
11772.7
11766.7
11763.2
12866.3
12865.3
12863.3
12860.4
12856.9
12853
12849
12845.3
12842.3
12840.5
12831.8
12791.3
12752.9
12714.6
12675.6
12635.9
12595.1
12553.1
12509.9
12465.2
12419
12370.9
12320.6
12267.8
12211.7
12151.5
12085.8
12012.6
11929
11832
11777
11770.3
11760.7
11750.1
11739.8
11730.5
11722.5
11715.8
11710.4
11707.3
12837.3
12836.5
12834.9
12832.6
12829.8
12826.8
12823.7
12820.9
12818.7
12817.4
12806.8
12759.4
12714.6
12670.3
12626
12581.3
12536
12489.8
12442.7
12394.2
12344.4
12292.8
12239.2
12183.1
12123.9
12060.9
11993.1
11919.3
11838.3
11749.8
11702.5
11698.1
11691.4
11683.7
11675.8
11668.3
11661.6
11655.9
11651
11648.2
12807.5
12806.8
12805.5
12803.7
12801.5
12799.1
12796.7
12794.6
12792.9
12791.9
12779.5
12726.2
12675.6
12626
12576.7
12527.4
12477.7
12427.6
12376.6
12324.7
12271.5
12216.7
12160.2
12101.3
12039.8
11975
11906.2
11833
11755
11672.7
11629.9
11626.7
11621.9
11616
11609.9
11603.8
11598.2
11593.2
11588.7
11586.2
12776.9
12776.3
12775.3
12773.8
12772
12770
12768.1
12766.4
12765
12764.2
12750.1
12691.5
12635.9
12581.3
12527.4
12473.7
12420
12366
12311.5
12256.3
12200
12142.5
12083.3
12022.3
11958.9
11892.9
11823.8
11751.5
11676
11598
11558.1
11555.6
11551.9
11547.3
11542.4
11537.3
11532.6
11528.1
11523.9
11521.6
12745.4
12744.9
12744
12742.7
12741.2
12739.5
12737.9
12736.5
12735.3
12734.6
12718.7
12655.4
12595.1
12536
12477.7
12420
12362.5
12305
12247.2
12188.9
12129.9
12069.8
12008.4
11945.5
11880.7
11813.7
11744.6
11673.1
11599.5
11524.5
11486.4
11484.4
11481.4
11477.6
11473.4
11469.2
11464.9
11460.8
11456.8
11454.7
12712.9
12712.5
12711.7
12710.5
12709.1
12707.7
12706.2
12704.9
12703.9
12703.2
12685.6
12617.8
12553.1
12489.8
12427.6
12366
12305
12244.2
12183.3
12122.3
12060.7
11998.4
11935.1
11870.5
11804.5
11736.9
11667.6
11596.7
11524.5
11451.4
11414.5
11412.8
11410.2
11406.9
11403.2
11399.4
11395.5
11391.5
11387.6
11385.6
12679.5
12679.1
12678.3
12677.2
12675.9
12674.4
12673.1
12671.8
12670.8
12670.2
12650.7
12578.6
12509.9
12442.7
12376.6
12311.5
12247.2
12183.3
12119.7
12056.1
11992.3
11928
11862.9
11796.9
11729.9
11661.7
11592.3
11521.7
11450.3
11378.4
11342.2
11340.6
11338.2
11335.2
11331.7
11328.1
11324.3
11320.2
11316.3
11314.5
12645.2
12644.8
12643.9
12642.8
12641.4
12639.9
12638.5
12637.2
12636.1
12635.5
12614.1
12537.9
12465.2
12394.2
12324.7
12256.3
12188.9
12122.3
12056.1
11990.3
11924.4
11858.2
11791.7
11724.5
11656.5
11587.7
11518
11447.6
11376.6
11305.3
11269.4
11267.8
11265.5
11262.5
11259
11255.4
11251.4
11247
11243.1
11241.2
12610
12609.5
12608.6
12607.3
12605.8
12604.1
12602.4
12601
12599.8
12599.1
12575.8
12495.4
12419
12344.4
12271.5
12200
12129.9
12060.7
11992.3
11924.4
11856.7
11789
11721
11652.8
11584
11514.6
11444.6
11374
11303
11231.9
11196.1
11194.5
11192
11188.8
11185.2
11181.2
11176.9
11171.9
11167.9
11165.9
12574
12573.4
12572.3
12570.8
12569
12567
12565
12563.3
12561.9
12561
12535.6
12451.1
12370.9
12292.8
12216.7
12142.5
12069.8
11998.4
11928
11858.2
11789
11719.9
11650.8
11581.6
11512
11442.1
11371.7
11300.9
11229.7
11158.3
11122.4
11120.6
11117.8
11114.3
11110.1
11105.6
11100.6
11094.9
11090.6
11088.4
12537.3
12536.6
12535.3
12533.4
12531.1
12528.6
12526.1
12523.9
12522.2
12521
12493.4
12404.7
12320.6
12239.2
12160.2
12083.3
12008.4
11935.1
11862.9
11791.7
11721
11650.8
11580.7
11510.6
11440.4
11370
11299.2
11228
11156.5
11084.7
11048.4
11046.4
11043.1
11038.9
11033.9
11028.4
11022.3
11015.7
11011
11008.6
12500.1
12499.3
12497.6
12495.2
12492.2
12489
12485.7
12482.8
12480.5
12479.1
12449
12355.7
12267.8
12183.1
12101.3
12022.3
11945.5
11870.5
11796.9
11724.5
11652.8
11581.6
11510.6
11439.9
11369.1
11298.2
11227
11155.6
11083.7
11011.2
10974.5
10972
10968
10962.7
10956.5
10949.6
10942
10934.3
10928.9
10926.1
12462.6
12461.5
12459.3
12456.2
12452.4
12448.2
12443.9
12439.9
12436.7
12434.8
12402
12303.7
12211.7
12123.9
12039.8
11958.9
11880.7
11804.5
11729.9
11656.5
11584
11512
11440.4
11369.1
11297.8
11226.6
11155.2
11083.5
11011.3
10938.2
10901
10897.9
10892.8
10885.9
10877.9
10869.1
10859.3
10850.2
10843.9
10840.6
12424.9
12423.5
12420.8
12416.8
12411.9
12406.3
12400.4
12394.9
12390.4
12387.7
12351.8
12247.7
12151.5
12060.9
11975
11892.9
11813.7
11736.9
11661.7
11587.7
11514.6
11442.1
11370
11298.2
11226.6
11155.1
11083.7
11011.9
10939.6
10866.2
10828.4
10824.5
10817.6
10808.6
10798
10786.4
10774
10763.2
10755.5
10751.5
12387.5
12385.7
12382.3
12377.2
12370.8
12363.4
12355.4
12347.6
12341.1
12337
12297.4
12186.2
12085.8
11993.1
11906.2
11823.8
11744.6
11667.6
11592.3
11518
11444.6
11371.7
11299.2
11227
11155.2
11083.7
11012.3
10940.9
10869
10795.8
10757.6
10752.3
10743
10730.8
10716.7
10701.3
10685.7
10672.5
10663.1
10658.3
12350.6
12348.4
12344.1
12337.8
12329.7
12319.9
12309
12297.9
12288
12281.5
12236.6
12116.4
12012.6
11919.3
11833
11751.5
11673.1
11596.7
11521.7
11447.6
11374
11300.9
11228
11155.6
11083.5
11011.9
10940.9
10870.3
10799.7
10727.8
10689.7
10682.2
10669.2
10652.5
10633.5
10613.4
10593.8
10577.5
10565.9
10559.9
12314.7
12312.1
12306.9
12299.1
12288.9
12276.3
12261.7
12245.8
12230.3
12218.7
12163.6
12033.2
11929
11838.3
11755
11676
11599.5
11524.5
11450.3
11376.6
11303
11229.7
11156.5
11083.7
11011.3
10939.6
10869
10799.7
10731.5
10663.2
10626.5
10615.3
10596.7
10573.7
10548.2
10522
10497.5
10477.2
10462.8
10455.3
12280.2
12277.1
12271
12261.7
12249.2
12233.5
12214.5
12192.2
12167.3
12144
12058.3
11926.8
11832
11749.8
11672.7
11598
11524.5
11451.4
11378.4
11305.3
11231.9
11158.3
11084.7
11011.2
10938.2
10866.2
10795.8
10727.7
10663.2
10602.8
10572.1
10553
10525.7
10494
10460.3
10426.7
10396
10370.6
10352.5
10343.1
12247.6
12244.1
12237
12226.3
12211.7
12192.9
12169.3
12139.8
12101.5
12046
11941.8
11855.4
11777
11702.5
11629.9
11558.1
11486.4
11414.5
11342.2
11269.4
11196.1
11122.4
11048.4
10974.5
10901
10828.4
10757.6
10689.7
10626.5
10572.1
10534.7
10496.9
10456.2
10413.2
10369.4
10326.8
10288.2
10256.3
10233.5
10221.6
12217.4
12213.5
12205.6
12193.6
12177.1
12155.8
12128.9
12095
12051.8
11994.9
11919.8
11844.1
11770.3
11698.1
11626.7
11555.6
11484.4
11412.8
11340.6
11267.8
11194.5
11120.6
11046.4
10972
10897.9
10824.5
10752.3
10682.2
10615.3
10553
10496.9
10442.2
10387
10331
10275.2
10221.7
10173.2
10132.8
10103.8
10088.6
12189.9
12185.6
12177.1
12164
12146.2
12123.2
12094.3
12058.5
12014.4
11960.5
11897
11829.5
11760.7
11691.4
11621.9
11551.9
11481.4
11410.2
11338.2
11265.5
11192
11117.8
11043.1
10968
10892.8
10817.6
10743
10669.2
10596.7
10525.7
10456.2
10387
10317.3
10247.2
10177.7
10110.9
10049.9
9998.7
9961.52
9941.89
12165.3
12160.8
12151.8
12138
12119.2
12095.2
12065.3
12028.9
11985.5
11934.6
11877
11814.9
11750.1
11683.7
11616
11547.3
11477.6
11406.9
11335.2
11262.5
11188.8
11114.3
11038.9
10962.7
10885.9
10808.6
10730.8
10652.5
10573.7
10494
10413.2
10331
10247.2
10162.2
10077.1
9994.42
9917.84
9852.52
9804.26
9778.45
12144
12139.4
12130
12115.7
12096.3
12071.7
12041.4
12005.2
11962.8
11914.2
11860
11801.5
11739.8
11675.8
11609.9
11542.4
11473.4
11403.2
11331.7
11259
11185.2
11110.1
11033.9
10956.5
10877.9
10798
10716.7
10633.5
10548.2
10460.3
10369.4
10275.2
10177.7
10077.1
9974.81
9873.39
9777.39
9693.46
9629.94
9595.31
12126.1
12121.3
12111.6
12097
12077.4
12052.5
12022.2
11986.3
11944.8
11897.9
11846
11790
11730.5
11668.3
11603.8
11537.3
11469.2
11399.4
11328.1
11255.4
11181.2
11105.6
11028.4
10949.6
10869.1
10786.4
10701.3
10613.4
10522
10426.7
10326.8
10221.7
10110.9
9994.42
9873.39
9750.4
9630.53
9522.21
9437.46
9389.97
12111.4
12106.6
12096.8
12082
12062.2
12037.2
12007
11971.5
11930.8
11885.1
11834.8
11780.4
11722.5
11661.6
11598.2
11532.6
11464.9
11395.5
11324.3
11251.4
11176.9
11100.6
11022.3
10942
10859.3
10774
10685.7
10593.8
10497.5
10396
10288.2
10173.2
10049.9
9917.84
9777.39
9630.53
9482.31
9342.84
9228.83
9162.42
12100.1
12095.2
12085.3
12070.4
12050.6
12025.6
11995.5
11960.3
11920.2
11875.3
11826
11772.7
11715.8
11655.9
11593.2
11528.1
11460.8
11391.5
11320.2
11247
11171.9
11094.9
11015.7
10934.3
10850.2
10763.2
10672.5
10577.5
10477.2
10370.6
10256.3
10132.8
9998.7
9852.52
9693.46
9522.21
9342.84
9166.07
9013.68
8920.09
12091.8
12086.8
12076.9
12062
12042.1
12017.2
11987.2
11952.3
11912.5
11868.1
11819.4
11766.7
11710.4
11651
11588.7
11523.9
11456.8
11387.6
11316.3
11243.1
11167.9
11090.6
11011
10928.9
10843.9
10755.5
10663.1
10565.9
10462.8
10352.5
10233.5
10103.8
9961.52
9804.26
9629.94
9437.46
9228.83
9013.68
8817.15
8688.32
12087
12082.1
12072.1
12057.2
12037.3
12012.4
11982.5
11947.7
11908.1
11863.9
11815.5
11763.2
11707.3
11648.2
11586.2
11521.6
11454.7
11385.6
11314.5
11241.2
11165.9
11088.4
11008.6
10926.1
10840.6
10751.5
10658.3
10559.9
10455.3
10343.1
10221.6
10088.6
9941.89
9778.45
9595.31
9389.97
9162.42
8920.09
8688.32
8526.66
13247.5
13212.8
13172
13133.7
13098.7
13066.4
13036.1
13007
12978.8
12950.9
12923
12895
12866.5
12837.4
12807.6
12776.9
12745.4
12712.9
12679.5
12645.2
12610
12574
12537.3
12500.1
12462.5
12424.8
12387.4
12350.5
12314.5
12280.1
12247.5
12217.2
12189.6
12165.1
12143.8
12125.9
12111.5
12100.4
12092.4
12087.7
13212.8
13189
13156.7
13123.4
13091.4
13061
13031.9
13003.7
12976.1
12948.8
12921.3
12893.6
12865.4
12836.5
12806.9
12776.4
12744.9
12712.5
12679.1
12644.7
12609.5
12573.4
12536.6
12499.2
12461.4
12423.4
12385.6
12348.3
12311.9
12277
12243.9
12213.3
12185.4
12160.6
12139.1
12121.1
12106.6
12095.4
12087.5
12082.7
13172
13156.7
13132.9
13105.9
13078.3
13050.9
13023.9
12997.4
12971.1
12944.7
12918.1
12891.1
12863.4
12834.9
12805.6
12775.3
12744
12711.6
12678.3
12643.9
12608.5
12572.3
12535.2
12497.5
12459.2
12420.7
12382.1
12344
12306.7
12270.8
12236.9
12205.4
12176.8
12151.5
12129.7
12111.5
12096.8
12085.6
12077.6
12072.8
13133.7
13123.4
13105.9
13084.6
13061.3
13037.3
13013
12988.6
12963.9
12939
12913.5
12887.4
12860.5
12832.6
12803.7
12773.8
12742.7
12710.5
12677.1
12642.7
12607.2
12570.7
12533.3
12495.1
12456.1
12416.7
12377.1
12337.7
12298.9
12261.5
12226.1
12193.3
12163.8
12137.7
12115.4
12096.9
12082
12070.7
12062.7
12057.9
13098.7
13091.4
13078.3
13061.3
13042
13021.3
12999.8
12977.7
12955.1
12931.8
12907.8
12882.9
12857
12829.9
12801.5
12772
12741.1
12709.1
12675.8
12641.3
12605.7
12568.9
12531
12492.1
12452.3
12411.7
12370.7
12329.5
12288.7
12249
12211.5
12176.9
12145.9
12119
12096.1
12077.2
12062.2
12050.9
12042.8
12038
13066.4
13061
13050.9
13037.3
13021.3
13003.7
12984.9
12965.3
12944.9
12923.7
12901.4
12877.9
12853.1
12826.8
12799.1
12770
12739.5
12707.6
12674.4
12639.8
12604
12566.9
12528.5
12488.9
12448
12406.1
12363.2
12319.7
12276.1
12233.3
12192.6
12155.6
12122.9
12094.9
12071.4
12052.3
12037.2
12025.9
12017.8
12013.1
13036.1
13031.9
13023.9
13013
12999.8
12984.9
12968.8
12951.8
12933.8
12914.8
12894.5
12872.6
12849
12823.7
12796.7
12768
12737.8
12706.1
12673
12638.4
12602.3
12564.9
12526
12485.6
12443.7
12400.2
12355.2
12308.8
12261.5
12214.2
12169
12128.6
12094
12065
12041.1
12022
12007
11995.8
11987.9
11983.2
13007
13003.7
12997.4
12988.6
12977.7
12965.3
12951.8
12937.3
12921.9
12905.5
12887.6
12867.6
12845.3
12820.9
12794.5
12766.3
12736.4
12704.8
12671.7
12637
12600.8
12563.1
12523.7
12482.6
12439.7
12394.7
12347.4
12297.7
12245.6
12191.9
12139.5
12094.7
12058.1
12028.6
12004.9
11986.1
11971.5
11960.7
11952.9
11948.3
12978.8
12976.1
12971.1
12963.9
12955.1
12944.9
12933.8
12921.9
12909.4
12896.1
12881.3
12863.3
12842.3
12818.7
12792.8
12764.9
12735.2
12703.8
12670.7
12636
12599.7
12561.7
12521.9
12480.3
12436.5
12390.1
12340.8
12287.7
12230
12167
12101.2
12051.4
12014
11985.2
11962.5
11944.6
11930.8
11920.5
11913.2
11908.8
12950.9
12948.8
12944.7
12939
12931.8
12923.7
12914.8
12905.5
12896.1
12886.8
12876.6
12860.6
12840.5
12817.4
12791.8
12764.1
12734.5
12703.1
12670
12635.3
12598.9
12560.8
12520.8
12478.8
12434.5
12387.4
12336.7
12281.2
12218.4
12143.6
12045.6
11994.5
11960.2
11934.3
11913.9
11897.7
11885.2
11875.7
11868.8
11864.6
12923
12921.3
12918.1
12913.5
12907.8
12901.4
12894.5
12887.6
12881.3
12876.6
12873.5
12854.4
12832.4
12807.5
12780.3
12751
12719.8
12686.8
12652.1
12615.7
12577.5
12537.5
12495.6
12451.4
12404.8
12354.9
12300.9
12240.5
12168
12062.1
11941.5
11919.4
11896.7
11876.6
11859.7
11845.9
11834.9
11826.4
11820.1
11816.2
12895
12893.6
12891.1
12887.4
12882.9
12877.9
12872.6
12867.6
12863.3
12860.6
12854.4
12822.7
12791.7
12759.9
12726.7
12692.1
12656
12618.5
12579.4
12538.7
12496.4
12452.2
12405.9
12357
12305.2
12249.3
12188
12118.5
12035.4
11928.5
11855.1
11843.7
11829.1
11814.5
11801.2
11789.9
11780.5
11773.1
11767.5
11763.8
12866.5
12865.4
12863.4
12860.5
12857
12853.1
12849
12845.3
12842.3
12840.5
12832.4
12791.7
12753.2
12714.8
12675.9
12636.1
12595.4
12553.4
12510.2
12465.6
12419.4
12371.4
12321.2
12268.4
12212.4
12152.3
12086.7
12013.5
11929.7
11832.3
11776.8
11770
11760.3
11749.8
11739.6
11730.4
11722.7
11716.3
11711.3
11707.9
12837.4
12836.6
12834.9
12832.6
12829.9
12826.8
12823.7
12820.9
12818.7
12817.4
12807.5
12759.9
12714.8
12670.5
12626.2
12581.5
12536.2
12490
12442.9
12394.5
12344.6
12293.1
12239.5
12183.4
12124.3
12061.3
11993.5
11919.7
11838.6
11749.8
11702.3
11697.8
11691.1
11683.4
11675.5
11668.3
11661.9
11656.4
11651.9
11648.8
12807.6
12806.9
12805.6
12803.7
12801.5
12799.1
12796.7
12794.5
12792.8
12791.8
12780.3
12726.7
12675.9
12626.2
12576.8
12527.5
12477.8
12427.7
12376.7
12324.8
12271.6
12216.9
12160.3
12101.5
12040
11975.2
11906.4
11833.2
11755.1
11672.6
11629.7
11626.4
11621.5
11615.7
11609.7
11603.8
11598.5
11593.8
11589.6
11586.8
12776.9
12776.4
12775.3
12773.8
12772
12770
12768
12766.3
12764.9
12764.1
12751
12692.1
12636.1
12581.5
12527.5
12473.8
12420.1
12366.1
12311.6
12256.4
12200.1
12142.6
12083.4
12022.4
11959
11893
11823.9
11751.5
11676
11597.9
11557.9
11555.3
11551.6
11547.1
11542.2
11537.4
11532.9
11528.8
11524.9
11522.3
12745.4
12744.9
12744
12742.7
12741.1
12739.5
12737.8
12736.4
12735.2
12734.5
12719.8
12656
12595.4
12536.2
12477.8
12420.1
12362.5
12305
12247.2
12189
12129.9
12069.8
12008.5
11945.5
11880.7
11813.8
11744.6
11673.1
11599.5
11524.4
11486.2
11484.1
11481.1
11477.4
11473.4
11469.3
11465.4
11461.6
11457.8
11455.3
12712.9
12712.5
12711.6
12710.5
12709.1
12707.6
12706.1
12704.8
12703.8
12703.1
12686.8
12618.5
12553.4
12490
12427.7
12366.1
12305
12244.2
12183.4
12122.3
12060.7
11998.4
11935.1
11870.5
11804.5
11736.9
11667.6
11596.7
11524.5
11451.4
11414.4
11412.6
11410
11406.8
11403.3
11399.6
11396
11392.4
11388.5
11386.2
12679.5
12679.1
12678.3
12677.1
12675.8
12674.4
12673
12671.7
12670.7
12670
12652.1
12579.4
12510.2
12442.9
12376.7
12311.6
12247.2
12183.4
12119.8
12056.2
11992.3
11928
11862.9
11797
11729.9
11661.7
11592.3
11521.7
11450.3
11378.4
11342.2
11340.5
11338.1
11335.2
11331.9
11328.4
11324.9
11321.3
11317.3
11315.1
12645.2
12644.7
12643.9
12642.7
12641.3
12639.8
12638.4
12637
12636
12635.3
12615.7
12538.7
12465.6
12394.5
12324.8
12256.4
12189
12122.3
12056.2
11990.3
11924.4
11858.2
11791.7
11724.5
11656.5
11587.7
11518.1
11447.6
11376.6
11305.3
11269.5
11267.8
11265.5
11262.6
11259.3
11255.8
11252.2
11248.3
11244
11241.8
12610
12609.5
12608.5
12607.2
12605.7
12604
12602.3
12600.8
12599.7
12598.9
12577.5
12496.4
12419.4
12344.6
12271.6
12200.1
12129.9
12060.7
11992.3
11924.4
11856.7
11789
11721.1
11652.8
11584
11514.6
11444.6
11374.1
11303.1
11232
11196.3
11194.6
11192.2
11189.1
11185.5
11181.8
11177.8
11173.4
11168.8
11166.5
12574
12573.4
12572.3
12570.7
12568.9
12566.9
12564.9
12563.1
12561.7
12560.8
12537.5
12452.2
12371.4
12293.1
12216.9
12142.6
12069.8
11998.4
11928
11858.2
11789
11719.9
11650.8
11581.6
11512
11442.1
11371.7
11300.9
11229.8
11158.6
11122.6
11120.9
11118.1
11114.6
11110.6
11106.2
11101.6
11096.5
11091.5
11089
12537.3
12536.6
12535.2
12533.3
12531
12528.5
12526
12523.7
12521.9
12520.8
12495.6
12405.9
12321.2
12239.5
12160.3
12083.4
12008.5
11935.1
11862.9
11791.7
11721.1
11650.8
11580.7
11510.7
11440.4
11370
11299.2
11228.1
11156.7
11085
11048.8
11046.8
11043.5
11039.3
11034.5
11029.2
11023.6
11017.4
11011.9
11009.2
12500.1
12499.2
12497.5
12495.1
12492.1
12488.9
12485.6
12482.6
12480.3
12478.8
12451.4
12357
12268.4
12183.4
12101.5
12022.4
11945.5
11870.5
11797
11724.5
11652.8
11581.6
11510.7
11439.9
11369.1
11298.2
11227.1
11155.7
11083.9
11011.7
10975
10972.5
10968.6
10963.3
10957.2
10950.6
10943.6
10936.1
10929.8
10926.7
12462.5
12461.4
12459.2
12456.1
12452.3
12448
12443.7
12439.7
12436.5
12434.5
12404.8
12305.2
12212.4
12124.3
12040
11959
11880.7
11804.5
11729.9
11656.5
11584
11512
11440.4
11369.1
11297.9
11226.7
11155.3
11083.7
11011.6
10938.8
10901.6
10898.6
10893.4
10886.7
10878.8
10870.3
10861.4
10852.1
10844.8
10841.2
12424.8
12423.4
12420.7
12416.7
12411.7
12406.1
12400.2
12394.7
12390.1
12387.4
12354.9
12249.3
12152.3
12061.3
11975.2
11893
11813.8
11736.9
11661.7
11587.7
11514.6
11442.1
11370
11298.2
11226.7
11155.2
11083.8
11012.2
10940
10866.9
10829.2
10825.3
10818.5
10809.5
10799.1
10788
10776.5
10765
10756.4
10752.2
12387.4
12385.6
12382.1
12377.1
12370.7
12363.2
12355.2
12347.4
12340.8
12336.7
12300.9
12188
12086.7
11993.5
11906.4
11823.9
11744.6
11667.6
11592.3
11518.1
11444.6
11371.7
11299.2
11227.1
11155.3
11083.8
11012.5
10941.3
10869.6
10796.6
10758.7
10753.3
10744
10731.9
10718.1
10703.4
10688.6
10674.3
10664
10658.9
12350.5
12348.3
12344
12337.7
12329.5
12319.7
12308.8
12297.7
12287.7
12281.2
12240.5
12118.5
12013.5
11919.7
11833.2
11751.5
11673.1
11596.7
11521.7
11447.6
11374.1
11300.9
11228.1
11155.7
11083.7
11012.2
10941.3
10870.8
10800.5
10729
10691.2
10683.7
10670.7
10654.1
10635.5
10616.2
10596.9
10579.2
10566.7
10560.4
12314.5
12311.9
12306.7
12298.9
12288.7
12276.1
12261.5
12245.6
12230
12218.4
12168
12035.4
11929.7
11838.6
11755.1
11676
11599.5
11524.5
11450.3
11376.6
11303.1
11229.8
11156.7
11083.9
11011.6
10940
10869.6
10800.5
10732.6
10665
10628.9
10617.5
10598.8
10575.9
10551
10525.5
10500.7
10478.7
10463.3
10455.5
12280.1
12277
12270.8
12261.5
12249
12233.3
12214.2
12191.9
12167
12143.6
12062.1
11928.5
11832.3
11749.8
11672.6
11597.9
11524.4
11451.4
11378.4
11305.3
11232
11158.6
11085
11011.7
10938.8
10866.9
10796.6
10729
10665
10605.2
10575.3
10556.2
10528.8
10497.2
10463.9
10430.7
10398.9
10371.6
10352.5
10342.8
12247.5
12243.9
12236.9
12226.1
12211.5
12192.6
12169
12139.5
12101.2
12045.6
11941.5
11855.1
11776.8
11702.3
11629.7
11557.9
11486.2
11414.4
11342.2
11269.5
11196.3
11122.6
11048.8
10975
10901.6
10829.2
10758.7
10691.2
10628.9
10575.3
10538.2
10500.5
10460
10417.2
10373.5
10330.5
10290.1
10256.3
10232.5
10220.1
12217.2
12213.3
12205.4
12193.3
12176.9
12155.6
12128.6
12094.7
12051.4
11994.5
11919.4
11843.7
11770
11697.8
11626.4
11555.3
11484.1
11412.6
11340.5
11267.8
11194.6
11120.9
11046.8
10972.5
10898.6
10825.3
10753.3
10683.7
10617.5
10556.2
10500.5
10445.7
10390.5
10334.6
10278.5
10223.8
10173.2
10131
10100.9
10085.2
12189.6
12185.4
12176.8
12163.8
12145.9
12122.9
12094
12058.1
12014
11960.2
11896.7
11829.1
11760.3
11691.1
11621.5
11551.6
11481.1
11410
11338.1
11265.5
11192.2
11118.1
11043.5
10968.6
10893.4
10818.4
10744
10670.7
10598.8
10528.8
10460
10390.5
10320
10249.3
10178.8
10110.3
10047
9993.74
9954.96
9934.44
12165.1
12160.6
12151.5
12137.7
12119
12094.9
12065
12028.6
11985.2
11934.3
11876.6
11814.5
11749.8
11683.4
11615.7
11547.1
11477.4
11406.8
11335.2
11262.6
11189.1
11114.6
11039.3
10963.3
10886.7
10809.5
10731.9
10654.1
10575.9
10497.2
10417.2
10334.6
10249.3
10162.5
10075.6
9990.39
9910.71
9842.1
9790.98
9763.44
12143.8
12139.1
12129.7
12115.4
12096.1
12071.4
12041.1
12004.9
11962.5
11913.9
11859.7
11801.2
11739.6
11675.5
11609.7
11542.2
11473.4
11403.3
11331.9
11259.3
11185.5
11110.6
11034.5
10957.2
10878.8
10799.1
10718.1
10635.5
10551
10463.9
10373.5
10278.5
10178.8
10075.6
9970.14
9864.7
9763.5
9673.52
9604.18
9565.79
12125.9
12121.1
12111.5
12096.9
12077.2
12052.3
12022
11986.1
11944.6
11897.7
11845.9
11789.9
11730.4
11668.3
11603.8
11537.4
11469.3
11399.6
11328.4
11255.8
11181.8
11106.2
11029.2
10950.6
10870.3
10788
10703.4
10616.2
10525.5
10430.7
10330.5
10223.8
10110.3
9990.39
9864.7
9735.07
9605.92
9485.84
9388.74
9332.61
12111.5
12106.6
12096.8
12082
12062.2
12037.2
12007
11971.5
11930.8
11885.2
11834.9
11780.5
11722.7
11661.9
11598.5
11532.9
11465.4
11396
11324.9
11252.2
11177.8
11101.6
11023.6
10943.6
10861.4
10776.5
10688.6
10596.9
10500.7
10398.9
10290.1
10173.2
10047
9910.71
9763.5
9605.92
9441.37
9279.21
9138.99
9052.49
12100.4
12095.4
12085.6
12070.7
12050.9
12025.9
11995.8
11960.7
11920.5
11875.7
11826.4
11773.1
11716.3
11656.4
11593.8
11528.8
11461.6
11392.4
11321.3
11248.3
11173.4
11096.5
11017.4
10936.1
10852.1
10765
10674.3
10579.2
10478.7
10371.6
10256.3
10131
9993.74
9842.1
9673.52
9485.84
9279.21
9060.82
8854.87
8715.18
12092.4
12087.5
12077.6
12062.7
12042.8
12017.8
11987.9
11952.9
11913.2
11868.8
11820.1
11767.5
11711.2
11651.9
11589.6
11524.9
11457.8
11388.5
11317.3
11244
11168.8
11091.5
11011.9
10929.8
10844.8
10756.4
10664
10566.7
10463.3
10352.5
10232.5
10100.9
9954.96
9790.98
9604.18
9388.74
9138.99
8854.87
8558.46
8330.14
12087.7
12082.7
12072.8
12057.9
12038
12013.1
11983.2
11948.3
11908.8
11864.6
11816.2
11763.8
11707.9
11648.8
11586.8
11522.3
11455.3
11386.2
11315.1
11241.8
11166.5
11089
11009.2
10926.7
10841.2
10752.2
10658.9
10560.4
10455.5
10342.8
10220.1
10085.2
9934.44
9763.44
9565.79
9332.61
9052.49
8715.18
8330.14
7989.4
13366.9
13273.6
13200.4
13147.4
13105.7
13070.3
13038.3
13008.3
12979.6
12951.4
12923.3
12895.2
12866.6
12837.5
12807.6
12777
12745.4
12712.9
12679.5
12645.1
12609.9
12573.9
12537.2
12500
12462.4
12424.8
12387.3
12350.4
12314.5
12280
12247.3
12217.1
12189.5
12165
12143.7
12125.9
12111.5
12100.5
12092.8
12088.2
13273.6
13226.8
13177.2
13134.3
13097.4
13064.4
13033.9
13004.9
12976.9
12949.2
12921.7
12893.8
12865.6
12836.6
12806.9
12776.4
12744.9
12712.5
12679.1
12644.7
12609.4
12573.4
12536.5
12499.1
12461.3
12423.4
12385.5
12348.2
12311.8
12276.9
12243.8
12213.1
12185.2
12160.5
12139
12121.1
12106.6
12095.6
12087.9
12083.2
13200.4
13177.2
13145.8
13113.6
13082.8
13053.6
13025.6
12998.4
12971.7
12945.1
12918.4
12891.2
12863.5
12835
12805.6
12775.3
12744
12711.6
12678.3
12643.9
12608.5
12572.2
12535.2
12497.4
12459.1
12420.6
12382.1
12343.9
12306.6
12270.7
12236.7
12205.2
12176.7
12151.4
12129.6
12111.4
12096.8
12085.8
12078
12073.3
13147.4
13134.3
13113.6
13089.6
13064.6
13039.4
13014.3
12989.4
12964.5
12939.3
12913.8
12887.6
12860.6
12832.7
12803.8
12773.8
12742.7
12710.5
12677.1
12642.7
12607.2
12570.7
12533.3
12495
12456
12416.6
12377
12337.6
12298.8
12261.4
12225.9
12193.2
12163.6
12137.6
12115.3
12096.8
12082.1
12070.9
12063.1
12058.4
13105.7
13097.4
13082.8
13064.6
13044.2
13022.8
13000.8
12978.4
12955.5
12932.1
12908
12883.1
12857.1
12829.9
12801.6
12772
12741.1
12709.1
12675.8
12641.3
12605.6
12568.8
12530.9
12492
12452.2
12411.6
12370.6
12329.4
12288.5
12248.9
12211.3
12176.7
12145.8
12118.8
12096
12077.1
12062.3
12051
12043.2
12038.5
13070.3
13064.4
13053.6
13039.4
13022.8
13004.7
12985.7
12965.8
12945.2
12923.9
12901.5
12878
12853.1
12826.8
12799.1
12770
12739.5
12707.6
12674.3
12639.8
12603.9
12566.8
12528.4
12488.8
12447.9
12406
12363.1
12319.6
12275.9
12233.1
12192.5
12155.4
12122.7
12094.7
12071.3
12052.2
12037.3
12026.1
12018.2
12013.6
13038.3
13033.9
13025.6
13014.3
13000.8
12985.7
12969.4
12952.1
12934
12914.9
12894.6
12872.7
12849.1
12823.7
12796.7
12768
12737.8
12706.1
12672.9
12638.3
12602.2
12564.8
12525.9
12485.5
12443.5
12400.1
12355.1
12308.6
12261.3
12214
12168.9
12128.4
12093.8
12064.8
12041
12021.9
12007.1
11996
11988.3
11983.7
13008.3
13004.9
12998.4
12989.4
12978.4
12965.8
12952.1
12937.5
12922.1
12905.6
12887.7
12867.6
12845.3
12820.9
12794.5
12766.3
12736.3
12704.8
12671.6
12636.9
12600.7
12563
12523.6
12482.5
12439.5
12394.5
12347.2
12297.5
12245.4
12191.7
12139.3
12094.5
12057.9
12028.4
12004.8
11986
11971.6
11960.9
11953.4
11948.9
12979.6
12976.9
12971.7
12964.5
12955.5
12945.2
12934
12922.1
12909.5
12896.2
12881.3
12863.3
12842.3
12818.7
12792.8
12764.9
12735.2
12703.7
12670.6
12635.9
12599.6
12561.6
12521.8
12480.1
12436.3
12390
12340.6
12287.5
12229.8
12166.8
12101
12051.2
12013.8
11985
11962.3
11944.5
11930.9
11920.8
11913.6
11909.3
12951.4
12949.2
12945.1
12939.3
12932.1
12923.9
12914.9
12905.6
12896.2
12886.8
12876.7
12860.6
12840.5
12817.3
12791.8
12764
12734.4
12703
12669.9
12635.2
12598.8
12560.6
12520.7
12478.7
12434.3
12387.2
12336.5
12281
12218.2
12143.4
12045.4
11994.3
11960
11934.1
11913.7
11897.7
11885.2
11875.9
11869.3
11865.2
12923.3
12921.7
12918.4
12913.8
12908
12901.5
12894.6
12887.7
12881.3
12876.7
12873.7
12854.7
12832.7
12808
12780.8
12751.6
12720.5
12687.5
12652.9
12616.5
12578.5
12538.6
12496.8
12452.8
12406.2
12356.6
12302.7
12242.6
12170.3
12063.9
11941.3
11919.2
11896.4
11876.4
11859.6
11845.8
11834.9
11826.6
11820.6
11816.7
12895.2
12893.8
12891.2
12887.6
12883.1
12878
12872.7
12867.6
12863.3
12860.6
12854.7
12823
12792
12760.2
12727.1
12692.5
12656.5
12619
12580
12539.4
12497.1
12453
12406.7
12358
12306.2
12250.5
12189.4
12120
12037
11929.7
11855
11843.5
11828.9
11814.3
11801.1
11789.8
11780.6
11773.4
11768
11764.4
12866.6
12865.6
12863.5
12860.6
12857.1
12853.1
12849.1
12845.3
12842.3
12840.5
12832.7
12792
12753.4
12715
12676.1
12636.4
12595.6
12553.7
12510.6
12466
12419.8
12371.8
12321.7
12268.9
12213
12153
12087.4
12014.2
11930.4
11832.6
11776.6
11769.8
11760.1
11749.6
11739.4
11730.4
11722.8
11716.6
11711.8
11708.5
12837.5
12836.6
12835
12832.7
12829.9
12826.8
12823.7
12820.9
12818.7
12817.3
12808
12760.2
12715
12670.7
12626.3
12581.6
12536.3
12490.2
12443
12394.7
12344.9
12293.3
12239.8
12183.7
12124.6
12061.6
11993.9
11920
11838.8
11749.8
11702.1
11697.6
11690.9
11683.2
11675.4
11668.2
11662
11656.7
11652.4
11649.3
12807.6
12806.9
12805.6
12803.8
12801.6
12799.1
12796.7
12794.5
12792.8
12791.8
12780.8
12727.1
12676.1
12626.3
12576.9
12527.6
12477.9
12427.8
12376.8
12324.9
12271.7
12217
12160.5
12101.7
12040.2
11975.4
11906.6
11833.3
11755.2
11672.5
11629.5
11626.2
11621.4
11615.6
11609.6
11603.8
11598.7
11594.2
11590.2
11587.4
12777
12776.4
12775.3
12773.8
12772
12770
12768
12766.3
12764.9
12764
12751.6
12692.5
12636.4
12581.6
12527.6
12473.8
12420.1
12366.1
12311.7
12256.4
12200.2
12142.6
12083.5
12022.5
11959.1
11893.1
11824
11751.6
11676
11597.8
11557.7
11555.2
11551.4
11547
11542.2
11537.5
11533.1
11529.2
11525.5
11522.8
12745.4
12744.9
12744
12742.7
12741.1
12739.5
12737.8
12736.3
12735.2
12734.4
12720.5
12656.5
12595.6
12536.3
12477.9
12420.1
12362.6
12305.1
12247.3
12189
12129.9
12069.9
12008.5
11945.6
11880.8
11813.8
11744.6
11673.1
11599.5
11524.3
11486.1
11484
11481
11477.4
11473.4
11469.4
11465.6
11462
11458.5
11455.9
12712.9
12712.5
12711.6
12710.5
12709.1
12707.6
12706.1
12704.8
12703.7
12703
12687.5
12619
12553.7
12490.2
12427.8
12366.1
12305.1
12244.2
12183.4
12122.3
12060.8
11998.4
11935.1
11870.5
11804.5
11736.9
11667.7
11596.7
11524.5
11451.3
11414.3
11412.5
11409.9
11406.8
11403.3
11399.8
11396.3
11392.9
11389.3
11386.8
12679.5
12679.1
12678.3
12677.1
12675.8
12674.3
12672.9
12671.6
12670.6
12669.9
12652.9
12580
12510.6
12443
12376.8
12311.7
12247.3
12183.4
12119.8
12056.2
11992.3
11928
11862.9
11797
11729.9
11661.7
11592.3
11521.7
11450.3
11378.4
11342.1
11340.5
11338.1
11335.2
11332
11328.6
11325.3
11321.8
11318.1
11315.6
12645.1
12644.7
12643.9
12642.7
12641.3
12639.8
12638.3
12636.9
12635.9
12635.2
12616.5
12539.4
12466
12394.7
12324.9
12256.4
12189
12122.3
12056.2
11990.3
11924.4
11858.3
11791.7
11724.5
11656.5
11587.7
11518.1
11447.6
11376.6
11305.4
11269.5
11267.9
11265.6
11262.7
11259.5
11256.1
11252.6
11248.9
11244.9
11242.4
12609.9
12609.4
12608.5
12607.2
12605.6
12603.9
12602.2
12600.7
12599.6
12598.8
12578.5
12497.1
12419.8
12344.9
12271.7
12200.2
12129.9
12060.8
11992.3
11924.4
11856.7
11789
11721.1
11652.8
11584
11514.6
11444.6
11374.1
11303.2
11232.1
11196.3
11194.7
11192.3
11189.2
11185.7
11182
11178.2
11174.2
11169.7
11167.1
12573.9
12573.4
12572.2
12570.7
12568.8
12566.8
12564.8
12563
12561.6
12560.6
12538.6
12453
12371.8
12293.3
12217
12142.6
12069.9
11998.4
11928
11858.3
11789
11719.9
11650.8
11581.6
11512
11442.1
11371.8
11301
11229.9
11158.7
11122.8
11121
11118.3
11114.8
11110.9
11106.6
11102.1
11097.4
11092.4
11089.7
12537.2
12536.5
12535.2
12533.3
12530.9
12528.4
12525.9
12523.6
12521.8
12520.7
12496.8
12406.7
12321.7
12239.8
12160.5
12083.5
12008.5
11935.1
11862.9
11791.7
11721.1
11650.8
11580.7
11510.7
11440.5
11370
11299.3
11228.2
11156.8
11085.2
11049
11047
11043.8
11039.6
11034.8
11029.6
11024.3
11018.6
11012.8
11009.8
12500
12499.1
12497.4
12495
12492
12488.8
12485.5
12482.5
12480.1
12478.7
12452.8
12358
12268.9
12183.7
12101.7
12022.5
11945.6
11870.5
11797
11724.5
11652.8
11581.6
11510.7
11439.9
11369.1
11298.3
11227.2
11155.8
11084.1
11011.9
10975.3
10972.8
10968.8
10963.6
10957.6
10951.1
10944.4
10937.5
10930.8
10927.4
12462.4
12461.3
12459.1
12456
12452.2
12447.9
12443.5
12439.5
12436.3
12434.3
12406.2
12306.2
12213
12124.6
12040.2
11959.1
11880.8
11804.5
11729.9
11656.5
11584
11512
11440.5
11369.1
11297.9
11226.7
11155.4
11083.9
11011.8
10939.1
10902
10898.9
10893.8
10887
10879.2
10870.9
10862.4
10853.7
10845.8
10841.9
12424.8
12423.4
12420.6
12416.6
12411.6
12406
12400.1
12394.5
12390
12387.2
12356.6
12250.5
12153
12061.6
11975.3
11893.1
11813.8
11736.9
11661.7
11587.7
11514.6
11442.1
11370
11298.3
11226.7
11155.3
11084
11012.4
10940.3
10867.3
10829.7
10825.7
10818.9
10809.9
10799.6
10788.7
10777.8
10766.8
10757.5
10752.9
12387.3
12385.5
12382.1
12377
12370.6
12363.1
12355.1
12347.2
12340.6
12336.5
12302.7
12189.4
12087.4
11993.9
11906.6
11824
11744.6
11667.7
11592.3
11518.1
11444.6
11371.8
11299.3
11227.2
11155.4
11084
11012.7
10941.6
10870
10797.2
10759.3
10753.9
10744.6
10732.5
10718.7
10704.4
10690.2
10676.2
10665.1
10659.5
12350.4
12348.2
12343.9
12337.6
12329.4
12319.6
12308.6
12297.5
12287.5
12281
12242.6
12120
12014.2
11920
11833.3
11751.6
11673.1
11596.7
11521.7
11447.6
11374.1
11301
11228.2
11155.8
11083.9
11012.4
10941.6
10871.3
10801
10729.8
10692.1
10684.4
10671.4
10654.8
10636.4
10617.4
10598.9
10581.3
10567.7
10560.9
12314.5
12311.8
12306.6
12298.8
12288.5
12275.9
12261.3
12245.4
12229.8
12218.2
12170.3
12037
11930.4
11838.8
11755.2
11676
11599.5
11524.5
11450.3
11376.6
11303.2
11229.9
11156.8
11084.1
11011.8
10940.3
10870
10801
10733.5
10666.1
10630.2
10618.6
10599.9
10577
10552.2
10527.2
10503.1
10480.8
10464.1
10455.8
12280
12276.9
12270.7
12261.4
12248.9
12233.1
12214
12191.7
12166.8
12143.4
12063.9
11929.7
11832.6
11749.8
11672.5
11597.8
11524.3
11451.3
11378.4
11305.4
11232.1
11158.7
11085.2
11011.9
10939.1
10867.3
10797.2
10729.8
10666.1
10606.9
10577.3
10558
10530.5
10498.9
10465.7
10432.8
10401.6
10373.4
10352.8
10342.5
12247.3
12243.8
12236.7
12225.9
12211.3
12192.5
12168.9
12139.3
12101
12045.4
11941.3
11855
11776.6
11702.1
11629.5
11557.7
11486.1
11414.3
11342.1
11269.5
11196.3
11122.8
11049
10975.3
10902
10829.7
10759.3
10692.1
10630.2
10577.3
10540.7
10503.2
10462.6
10419.5
10375.8
10333
10292.8
10257.3
10231.8
10218.8
12217.1
12213.1
12205.2
12193.2
12176.7
12155.4
12128.4
12094.5
12051.2
11994.3
11919.2
11843.5
11769.8
11697.6
11626.2
11555.2
11484
11412.5
11340.5
11267.9
11194.7
11121
11047
10972.8
10898.9
10825.7
10753.9
10684.4
10618.6
10558
10503.2
10448.9
10393.8
10337.6
10281.3
10226.4
10175
10130.2
10098.2
10081.7
12189.5
12185.2
12176.7
12163.6
12145.8
12122.7
12093.8
12057.9
12013.8
11960
11896.4
11828.9
11760.1
11690.9
11621.4
11551.4
11481
11409.9
11338.1
11265.6
11192.3
11118.3
11043.8
10968.8
10893.8
10818.9
10744.6
10671.4
10599.9
10530.5
10462.6
10393.8
10323.4
10252.3
10181.3
10111.7
10046.1
9989.45
9948.35
9926.78
12165
12160.5
12151.4
12137.6
12118.8
12094.7
12064.8
12028.4
11985
11934.1
11876.4
11814.3
11749.6
11683.2
11615.6
11547
11477.4
11406.8
11335.2
11262.7
11189.2
11114.8
11039.6
10963.6
10887
10809.9
10732.5
10654.8
10577
10498.9
10419.5
10337.6
10252.3
10164.4
10075.8
9988.2
9904.65
9831.63
9777.05
9747.56
12143.7
12139
12129.6
12115.3
12096
12071.3
12041
12004.8
11962.3
11913.7
11859.6
11801.1
11739.4
11675.4
11609.6
11542.2
11473.4
11403.3
11332
11259.5
11185.7
11110.9
11034.8
10957.6
10879.2
10799.6
10718.7
10636.4
10552.2
10465.7
10375.8
10281.3
10181.3
10075.8
9966.85
9856.81
9749.47
9652.32
9576.23
9533.4
12125.9
12121.1
12111.4
12096.8
12077.1
12052.2
12021.9
11986
11944.5
11897.7
11845.8
11789.8
11730.4
11668.2
11603.8
11537.5
11469.4
11399.8
11328.6
11256.1
11182
11106.6
11029.6
10951.1
10870.9
10788.7
10704.4
10617.4
10527.2
10432.8
10333
10226.4
10111.7
9988.2
9856.81
9719.42
9579.58
9445.66
9333.42
9266.08
12111.5
12106.6
12096.8
12082.1
12062.3
12037.3
12007.1
11971.6
11930.9
11885.2
11834.9
11780.6
11722.8
11662
11598.7
11533.1
11465.6
11396.3
11325.3
11252.6
11178.2
11102.1
11024.3
10944.4
10862.4
10777.8
10690.2
10598.9
10503.1
10401.6
10292.8
10175
10046.1
9904.65
9749.47
9579.58
9395.86
9205.49
9029.84
8913.26
12100.5
12095.6
12085.8
12070.9
12051
12026.1
11996
11960.9
11920.7
11875.9
11826.6
11773.4
11716.6
11656.7
11594.2
11529.2
11462
11392.9
11321.8
11248.9
11174.2
11097.4
11018.6
10937.5
10853.7
10766.8
10676.2
10581.3
10480.8
10373.4
10257.3
10130.2
9989.45
9831.63
9652.32
9445.66
9205.49
8930.76
8642.13
8418.32
12092.8
12087.9
12078
12063.1
12043.2
12018.2
11988.3
11953.4
11913.6
11869.3
11820.6
11768
11711.8
11652.4
11590.2
11525.5
11458.5
11389.3
11318.1
11244.9
11169.7
11092.4
11012.8
10930.8
10845.8
10757.5
10665.1
10567.7
10464.1
10352.8
10231.8
10098.2
9948.35
9777.05
9576.23
9333.42
9029.84
8642.13
8163.6
7699.32
12088.2
12083.2
12073.3
12058.4
12038.5
12013.6
11983.7
11948.9
11909.3
11865.2
11816.7
11764.4
11708.5
11649.3
11587.4
11522.8
11455.9
11386.8
11315.6
11242.4
11167.1
11089.7
11009.8
10927.4
10841.9
10752.9
10659.5
10560.9
10455.8
10342.5
10218.8
10081.7
9926.78
9747.56
9533.4
9266.08
8913.26
8418.32
7699.32
6770.68
13672.9
13360.8
13228.9
13158.2
13110.7
13072.8
13039.7
13009.2
12980.1
12951.7
12923.6
12895.3
12866.7
12837.5
12807.7
12777
12745.4
12712.9
12679.5
12645.1
12609.9
12573.9
12537.2
12500
12462.4
12424.7
12387.3
12350.3
12314.4
12279.9
12247.3
12217
12189.4
12164.9
12143.7
12125.8
12111.5
12100.6
12093
12088.5
13360.8
13267.7
13194.9
13142.5
13101.5
13066.6
13035.1
13005.7
12977.3
12949.5
12921.8
12894
12865.6
12836.7
12807
12776.4
12744.9
12712.5
12679.1
12644.7
12609.4
12573.3
12536.5
12499.1
12461.3
12423.3
12385.5
12348.2
12311.8
12276.8
12243.8
12213.1
12185.2
12160.4
12139
12121
12106.6
12095.7
12088
12083.5
13228.9
13194.9
13155.6
13119
13085.9
13055.4
13026.7
12999.1
12972.1
12945.4
12918.6
12891.4
12863.6
12835
12805.7
12775.3
12744
12711.6
12678.2
12643.9
12608.5
12572.2
12535.1
12497.4
12459.1
12420.6
12382
12343.9
12306.6
12270.6
12236.7
12205.2
12176.6
12151.3
12129.5
12111.4
12096.9
12085.9
12078.1
12073.6
13158.2
13142.5
13119
13093
13066.7
13040.7
13015.1
12989.9
12964.8
12939.5
12913.9
12887.7
12860.7
12832.7
12803.8
12773.8
12742.7
12710.5
12677.1
12642.7
12607.2
12570.7
12533.2
12495
12456
12416.6
12377
12337.5
12298.8
12261.3
12225.9
12193.1
12163.5
12137.5
12115.2
12096.8
12082.1
12071
12063.3
12058.7
13110.7
13101.5
13085.9
13066.7
13045.6
13023.7
13001.4
12978.8
12955.8
12932.3
12908.2
12883.1
12857.1
12829.9
12801.6
12772
12741.1
12709.1
12675.8
12641.3
12605.6
12568.8
12530.9
12492
12452.2
12411.6
12370.5
12329.3
12288.5
12248.8
12211.2
12176.6
12145.7
12118.7
12095.9
12077.1
12062.3
12051.1
12043.4
12038.8
13072.8
13066.6
13055.4
13040.7
13023.7
13005.4
12986.1
12966.1
12945.4
12924
12901.6
12878
12853.2
12826.9
12799.1
12770
12739.4
12707.5
12674.3
12639.7
12603.9
12566.7
12528.3
12488.7
12447.9
12405.9
12363
12319.5
12275.9
12233
12192.4
12155.3
12122.6
12094.6
12071.2
12052.2
12037.3
12026.2
12018.4
12013.9
13039.7
13035.1
13026.7
13015.1
13001.4
12986.1
12969.7
12952.3
12934.2
12915
12894.7
12872.7
12849.1
12823.7
12796.7
12768
12737.8
12706.1
12672.9
12638.2
12602.2
12564.7
12525.8
12485.4
12443.5
12400
12355
12308.6
12261.2
12213.9
12168.8
12128.3
12093.7
12064.7
12040.9
12021.9
12007.1
11996.1
11988.5
11984
13009.2
13005.7
12999.1
12989.9
12978.8
12966.1
12952.3
12937.7
12922.2
12905.7
12887.7
12867.6
12845.3
12820.9
12794.5
12766.3
12736.3
12704.7
12671.6
12636.9
12600.7
12562.9
12523.5
12482.4
12439.4
12394.4
12347.1
12297.4
12245.3
12191.6
12139.2
12094.4
12057.8
12028.3
12004.7
11986
11971.6
11960.9
11953.6
11949.2
12980.1
12977.3
12972.1
12964.8
12955.8
12945.4
12934.2
12922.2
12909.6
12896.2
12881.4
12863.3
12842.3
12818.7
12792.8
12764.9
12735.1
12703.7
12670.6
12635.8
12599.5
12561.5
12521.7
12480
12436.2
12389.9
12340.5
12287.4
12229.7
12166.7
12100.9
12051.1
12013.7
11984.9
11962.2
11944.5
11930.9
11920.8
11913.8
11909.6
12951.7
12949.5
12945.4
12939.5
12932.3
12924
12915
12905.7
12896.2
12886.8
12876.7
12860.6
12840.5
12817.3
12791.7
12764
12734.4
12703
12669.9
12635.1
12598.7
12560.6
12520.6
12478.6
12434.2
12387.1
12336.4
12280.9
12218.1
12143.3
12045.2
11994.2
11959.9
11934
11913.6
11897.6
11885.2
11876
11869.5
11865.5
12923.6
12921.8
12918.6
12913.9
12908.2
12901.6
12894.7
12887.7
12881.4
12876.7
12873.8
12854.9
12832.9
12808.2
12781.1
12751.9
12720.8
12687.9
12653.3
12617
12579
12539.2
12497.4
12453.5
12407.1
12357.5
12303.7
12243.7
12171.5
12064.8
11941.2
11919.1
11896.3
11876.3
11859.5
11845.8
11835
11826.7
11820.8
11817
12895.3
12894
12891.4
12887.7
12883.1
12878
12872.7
12867.6
12863.3
12860.6
12854.9
12823.1
12792.2
12760.4
12727.3
12692.7
12656.7
12619.3
12580.3
12539.7
12497.5
12453.4
12407.2
12358.5
12306.8
12251.2
12190.1
12120.8
12037.9
11930.4
11854.9
11843.4
11828.8
11814.2
11801
11789.8
11780.6
11773.5
11768.2
11764.7
12866.7
12865.6
12863.6
12860.7
12857.1
12853.2
12849.1
12845.3
12842.3
12840.5
12832.9
12792.2
12753.6
12715.2
12676.2
12636.5
12595.8
12553.9
12510.7
12466.2
12420
12372
12321.9
12269.2
12213.3
12153.3
12087.8
12014.6
11930.7
11832.7
11776.5
11769.7
11760
11749.5
11739.4
11730.4
11722.8
11716.7
11712
11708.8
12837.5
12836.7
12835
12832.7
12829.9
12826.9
12823.7
12820.9
12818.7
12817.3
12808.2
12760.4
12715.2
12670.8
12626.4
12581.7
12536.4
12490.3
12443.1
12394.8
12345
12293.5
12239.9
12183.9
12124.8
12061.9
11994.1
11920.2
11838.9
11749.8
11702
11697.5
11690.8
11683.1
11675.4
11668.2
11662
11656.9
11652.7
11649.7
12807.7
12807
12805.7
12803.8
12801.6
12799.1
12796.7
12794.5
12792.8
12791.7
12781.1
12727.3
12676.2
12626.4
12577
12527.6
12478
12427.8
12376.9
12325
12271.8
12217.1
12160.6
12101.8
12040.3
11975.5
11906.7
11833.4
11755.2
11672.5
11629.4
11626.1
11621.3
11615.5
11609.5
11603.8
11598.7
11594.3
11590.6
11587.7
12777
12776.4
12775.3
12773.8
12772
12770
12768
12766.3
12764.9
12764
12751.9
12692.7
12636.5
12581.7
12527.6
12473.9
12420.2
12366.2
12311.7
12256.5
12200.2
12142.7
12083.6
12022.5
11959.2
11893.1
11824
11751.6
11676
11597.8
11557.6
11555.1
11551.4
11546.9
11542.2
11537.5
11533.2
11529.4
11525.9
11523.1
12745.4
12744.9
12744
12742.7
12741.1
12739.4
12737.8
12736.3
12735.1
12734.4
12720.8
12656.7
12595.8
12536.4
12478
12420.2
12362.6
12305.1
12247.3
12189
12130
12069.9
12008.5
11945.6
11880.8
11813.9
11744.7
11673.1
11599.5
11524.3
11486
11483.9
11480.9
11477.3
11473.4
11469.5
11465.7
11462.2
11458.9
11456.3
12712.9
12712.5
12711.6
12710.5
12709.1
12707.5
12706.1
12704.7
12703.7
12703
12687.9
12619.3
12553.9
12490.3
12427.8
12366.2
12305.1
12244.2
12183.4
12122.3
12060.8
11998.4
11935.1
11870.6
11804.6
11737
11667.7
11596.7
11524.5
11451.3
11414.3
11412.4
11409.9
11406.8
11403.3
11399.8
11396.4
11393.1
11389.8
11387.2
12679.5
12679.1
12678.2
12677.1
12675.8
12674.3
12672.9
12671.6
12670.6
12669.9
12653.3
12580.3
12510.7
12443.1
12376.9
12311.7
12247.3
12183.4
12119.8
12056.2
11992.3
11928
11862.9
11797
11730
11661.7
11592.3
11521.8
11450.3
11378.4
11342.1
11340.4
11338.1
11335.2
11332
11328.7
11325.4
11322.1
11318.6
11316
12645.1
12644.7
12643.9
12642.7
12641.3
12639.7
12638.2
12636.9
12635.8
12635.1
12617
12539.7
12466.2
12394.8
12325
12256.5
12189
12122.3
12056.2
11990.3
11924.4
11858.3
11791.7
11724.5
11656.6
11587.7
11518.1
11447.6
11376.6
11305.4
11269.5
11267.9
11265.6
11262.7
11259.5
11256.2
11252.7
11249.2
11245.4
11242.8
12609.9
12609.4
12608.5
12607.2
12605.6
12603.9
12602.2
12600.7
12599.5
12598.7
12579
12497.5
12420
12345
12271.8
12200.2
12130
12060.8
11992.3
11924.4
11856.7
11789
11721.1
11652.8
11584
11514.6
11444.7
11374.1
11303.2
11232.2
11196.4
11194.7
11192.3
11189.3
11185.8
11182.2
11178.4
11174.5
11170.3
11167.5
12573.9
12573.3
12572.2
12570.7
12568.8
12566.7
12564.7
12562.9
12561.5
12560.6
12539.2
12453.4
12372
12293.5
12217.1
12142.7
12069.9
11998.4
11928
11858.3
11789
11719.9
11650.8
11581.6
11512
11442.1
11371.8
11301
11230
11158.8
11122.9
11121.1
11118.4
11114.9
11111
11106.7
11102.4
11097.8
11093
11090
12537.2
12536.5
12535.1
12533.2
12530.9
12528.3
12525.8
12523.5
12521.7
12520.6
12497.4
12407.2
12321.9
12239.9
12160.6
12083.6
12008.5
11935.1
11862.9
11791.7
11721.1
11650.8
11580.7
11510.7
11440.5
11370.1
11299.3
11228.3
11156.9
11085.3
11049.1
11047.1
11043.8
11039.7
11034.9
11029.8
11024.5
11019.1
11013.4
11010.2
12500
12499.1
12497.4
12495
12492
12488.7
12485.4
12482.4
12480
12478.6
12453.5
12358.5
12269.2
12183.9
12101.8
12022.5
11945.6
11870.6
11797
11724.5
11652.8
11581.6
11510.7
11439.9
11369.2
11298.3
11227.2
11155.9
11084.2
11012
10975.4
10972.9
10968.9
10963.7
10957.7
10951.3
10944.7
10938.1
10931.4
10927.8
12462.4
12461.3
12459.1
12456
12452.2
12447.9
12443.5
12439.4
12436.2
12434.2
12407.1
12306.8
12213.3
12124.8
12040.3
11959.2
11880.8
11804.6
11730
11656.6
11584
11512
11440.5
11369.2
11298
11226.8
11155.5
11083.9
11011.9
10939.3
10902.1
10899
10893.9
10887.2
10879.4
10871.1
10862.8
10854.5
10846.5
10842.3
12424.7
12423.3
12420.6
12416.6
12411.6
12405.9
12400
12394.4
12389.9
12387.1
12357.5
12251.2
12153.3
12061.9
11975.5
11893.1
11813.9
11737
11661.7
11587.7
11514.6
11442.1
11370.1
11298.3
11226.8
11155.4
11084
11012.5
10940.5
10867.5
10829.8
10825.8
10819
10810.1
10799.8
10789
10778.3
10767.7
10758.2
10753.3
12387.3
12385.5
12382
12377
12370.5
12363
12355
12347.1
12340.5
12336.4
12303.7
12190.1
12087.8
11994.1
11906.7
11824
11744.7
11667.7
11592.3
11518.1
11444.7
11371.8
11299.3
11227.2
11155.5
11084
11012.9
10941.7
10870.2
10797.5
10759.5
10754.1
10744.8
10732.7
10719
10704.8
10690.8
10677.4
10665.8
10659.9
12350.3
12348.2
12343.9
12337.5
12329.3
12319.5
12308.6
12297.4
12287.4
12280.9
12243.7
12120.8
12014.6
11920.2
11833.4
11751.6
11673.1
11596.7
11521.8
11447.6
11374.1
11301
11228.3
11155.9
11083.9
11012.5
10941.7
10871.5
10801.3
10730.1
10692.4
10684.7
10671.7
10655.1
10636.7
10617.9
10599.7
10582.5
10568.4
10561.3
12314.4
12311.8
12306.6
12298.8
12288.5
12275.9
12261.2
12245.3
12229.7
12218.1
12171.5
12037.9
11930.7
11838.9
11755.2
11676
11599.5
11524.5
11450.3
11376.6
11303.2
11230
11156.9
11084.2
11011.9
10940.5
10870.2
10801.3
10733.9
10666.6
10630.7
10619.1
10600.4
10577.5
10552.7
10527.8
10504
10482.2
10464.8
10456
12279.9
12276.8
12270.6
12261.3
12248.8
12233
12213.9
12191.6
12166.7
12143.3
12064.8
11930.4
11832.7
11749.8
11672.5
11597.8
11524.3
11451.3
11378.4
11305.4
11232.2
11158.8
11085.3
11012
10939.3
10867.5
10797.5
10730.1
10666.6
10607.7
10578.1
10558.8
10531.2
10499.5
10466.3
10433.5
10402.7
10374.8
10353.2
10342.4
12247.3
12243.8
12236.7
12225.9
12211.2
12192.4
12168.8
12139.2
12100.9
12045.2
11941.2
11854.9
11776.5
11702
11629.4
11557.6
11486
11414.3
11342.1
11269.5
11196.4
11122.9
11049.1
10975.4
10902.1
10829.8
10759.5
10692.4
10630.7
10578.1
10541.8
10504.4
10463.6
10420.5
10376.6
10333.9
10294
10258.5
10231.6
10218.1
12217
12213.1
12205.2
12193.1
12176.6
12155.3
12128.3
12094.4
12051.1
11994.2
11919.1
11843.4
11769.7
11697.5
11626.1
11555.1
11483.9
11412.4
11340.4
11267.9
11194.7
11121.1
11047.1
10972.9
10899
10825.8
10754.1
10684.7
10619.1
10558.8
10504.4
10450.5
10395.4
10339
10282.4
10227.4
10176
10130.6
10096.8
10079.6
12189.4
12185.2
12176.6
12163.5
12145.7
12122.6
12093.7
12057.8
12013.7
11959.9
11896.3
11828.8
11760
11690.8
11621.3
11551.4
11480.9
11409.9
11338.1
11265.6
11192.3
11118.4
11043.8
10968.9
10893.9
10819
10744.8
10671.7
10600.4
10531.2
10463.6
10395.4
10325.3
10254
10182.6
10112.5
10046.3
9987.87
9944.44
9921.94
12164.9
12160.4
12151.3
12137.5
12118.7
12094.6
12064.7
12028.3
11984.9
11934
11876.3
11814.2
11749.5
11683.1
11615.5
11546.9
11477.3
11406.8
11335.2
11262.7
11189.3
11114.9
11039.7
10963.7
10887.2
10810.1
10732.7
10655.1
10577.5
10499.5
10420.5
10339
10254
10166.1
10076.7
9987.84
9902.39
9825.93
9768.19
9737.21
12143.7
12139
12129.5
12115.2
12095.9
12071.2
12040.9
12004.7
11962.2
11913.6
11859.5
11801
11739.4
11675.4
11609.5
11542.2
11473.4
11403.3
11332
11259.5
11185.8
11111
11034.9
10957.7
10879.4
10799.8
10719
10636.7
10552.7
10466.3
10376.6
10282.4
10182.6
10076.7
9966.13
9853.35
9741.84
9638.95
9557.55
9511.41
12125.8
12121
12111.4
12096.8
12077.1
12052.2
12021.9
11986
11944.5
11897.6
11845.8
11789.8
11730.4
11668.2
11603.8
11537.5
11469.5
11399.8
11328.7
11256.2
11182.2
11106.7
11029.8
10951.3
10871.1
10789
10704.8
10617.9
10527.8
10433.5
10333.9
10227.4
10112.5
9987.84
9853.35
9710.57
9562.89
9418.41
9294.37
9217.79
12111.5
12106.6
12096.9
12082.1
12062.3
12037.3
12007.1
11971.6
11930.9
11885.2
11835
11780.6
11722.8
11662
11598.7
11533.2
11465.7
11396.4
11325.4
11252.7
11178.4
11102.4
11024.5
10944.7
10862.8
10778.3
10690.8
10599.7
10504
10402.7
10294
10176
10046.3
9902.39
9741.84
9562.89
9364.85
9152.33
8946.1
8799.63
12100.6
12095.7
12085.9
12071
12051.1
12026.2
11996.1
11960.9
11920.8
11876
11826.7
11773.5
11716.7
11656.9
11594.3
11529.4
11462.2
11393.1
11322.1
11249.2
11174.5
11097.8
11019.1
10938.1
10854.4
10767.7
10677.4
10582.5
10482.2
10374.8
10258.5
10130.6
9987.87
9825.93
9638.95
9418.41
9152.33
8828.98
8455.64
8121.77
12093
12088
12078.1
12063.3
12043.4
12018.4
11988.5
11953.6
11913.8
11869.5
11820.8
11768.2
11712
11652.7
11590.6
11525.9
11458.9
11389.8
11318.6
11245.4
11170.3
11093
11013.4
10931.4
10846.5
10758.2
10665.8
10568.4
10464.8
10353.2
10231.6
10096.8
9944.44
9768.19
9557.55
9294.37
8946.1
8455.64
7740.39
6813.94
12088.5
12083.5
12073.6
12058.7
12038.8
12013.9
11984
11949.2
11909.6
11865.5
11817
11764.7
11708.8
11649.7
11587.7
11523.1
11456.2
11387.2
11316
11242.8
11167.5
11090
11010.2
10927.8
10842.3
10753.3
10659.9
10561.3
10456
10342.4
10218.1
10079.6
9921.94
9737.21
9511.41
9217.79
8799.63
8121.77
6813.94
3694.71
)
;

boundaryField
{
    left
    {
        type            zeroGradient;
    }
    right
    {
        type            zeroGradient;
    }
    up
    {
        type            zeroGradient;
    }
    down
    {
        type            zeroGradient;
    }
    front
    {
        type            zeroGradient;
    }
    back
    {
        type            zeroGradient;
    }
}


// ************************************************************************* //
