/*--------------------------------*- C++ -*----------------------------------*\
| =========                 |                                                 |
| \\      /  F ield         | OpenFOAM: The Open Source CFD Toolbox           |
|  \\    /   O peration     | Version:  2.1.0                                 |
|   \\  /    A nd           | Web:      www.OpenFOAM.org                      |
|    \\/     M anipulation  |                                                 |
\*---------------------------------------------------------------------------*/
FoamFile
{
    version     2.0;
    format      ascii;
    class       volScalarField;
    location    "28105";
    object      so;
}
// * * * * * * * * * * * * * * * * * * * * * * * * * * * * * * * * * * * * * //

dimensions      [0 0 0 0 0 0 0];

internalField   nonuniform List<scalar> 
8000
(
0.282383
0.295747
0.312182
0.32965
0.347044
0.363812
0.379711
0.394656
0.408649
0.421735
0.433952
0.445339
0.455943
0.465823
0.475041
0.483661
0.49174
0.499338
0.506518
0.513337
0.51985
0.526111
0.532169
0.538077
0.54389
0.549668
0.555482
0.561419
0.567588
0.574137
0.581273
0.589306
0.598728
0.61038
0.625794
0.647824
0.681008
0.728487
0.776902
0.797373
0.295746
0.307773
0.322642
0.33864
0.354777
0.370527
0.385623
0.399949
0.413475
0.426206
0.438149
0.449321
0.459755
0.469497
0.478603
0.487131
0.49513
0.50266
0.50978
0.516545
0.523006
0.529212
0.53521
0.541049
0.546779
0.552457
0.558151
0.563944
0.569948
0.576312
0.583252
0.591086
0.60032
0.611814
0.627136
0.6492
0.682581
0.730119
0.777779
0.797505
0.312181
0.322642
0.335704
0.34999
0.364649
0.379184
0.393313
0.40689
0.41985
0.432148
0.443752
0.454654
0.464871
0.474434
0.48339
0.491786
0.499667
0.507093
0.514116
0.520789
0.527156
0.533263
0.539149
0.544859
0.550435
0.55593
0.561407
0.566949
0.572669
0.578727
0.58535
0.592874
0.601824
0.61308
0.62824
0.650274
0.683783
0.731342
0.778425
0.797602
0.32965
0.338639
0.34999
0.362625
0.375826
0.389141
0.402289
0.415108
0.427488
0.439336
0.450588
0.461207
0.471189
0.480556
0.489341
0.49758
0.505323
0.512623
0.519529
0.526088
0.532338
0.538317
0.54406
0.549598
0.554968
0.560212
0.565387
0.570573
0.575888
0.581504
0.587672
0.594758
0.603311
0.614236
0.629165
0.651111
0.684702
0.732279
0.778921
0.797678
0.347043
0.354776
0.364649
0.375826
0.387716
0.399918
0.412175
0.424304
0.436154
0.447597
0.458532
0.468894
0.478659
0.487836
0.496445
0.504524
0.512125
0.519297
0.526085
0.532528
0.538661
0.544511
0.550101
0.555453
0.560589
0.565535
0.570336
0.575064
0.579838
0.584851
0.59039
0.596872
0.604888
0.615376
0.629997
0.651811
0.685464
0.733079
0.779361
0.797748
0.363811
0.370526
0.379184
0.389141
0.399918
0.411182
0.42269
0.434244
0.44567
0.45681
0.467523
0.477702
0.487301
0.496315
0.504766
0.512704
0.520181
0.527245
0.533937
0.540293
0.546336
0.552087
0.557555
0.562744
0.567655
0.57229
0.576667
0.580838
0.584915
0.589114
0.593783
0.599432
0.606724
0.616637
0.630869
0.652517
0.68624
0.733929
0.779852
0.797829
0.37971
0.385623
0.393313
0.402289
0.412175
0.42269
0.433609
0.444742
0.45591
0.46693
0.477597
0.487727
0.497245
0.506148
0.514489
0.52233
0.529729
0.536736
0.543392
0.549724
0.555753
0.561486
0.566918
0.572029
0.57679
0.581162
0.585114
0.588646
0.591839
0.594924
0.598345
0.602803
0.609087
0.618234
0.63197
0.653426
0.687255
0.735056
0.780518
0.797937
0.394656
0.399949
0.40689
0.415108
0.424304
0.434244
0.444742
0.455642
0.466796
0.478009
0.488973
0.499276
0.508837
0.517727
0.526041
0.533868
0.54128
0.548331
0.555065
0.561509
0.567677
0.573565
0.579151
0.584388
0.589202
0.593489
0.597126
0.599999
0.602084
0.603576
0.60506
0.607671
0.612443
0.620498
0.633574
0.654803
0.688788
0.736724
0.78148
0.798089
0.408649
0.413475
0.41985
0.427488
0.436154
0.44567
0.45591
0.466796
0.478282
0.49028
0.502354
0.513205
0.523018
0.532051
0.540488
0.548462
0.556068
0.563377
0.570438
0.577284
0.58393
0.590366
0.596552
0.602408
0.607799
0.612518
0.616276
0.618705
0.619456
0.618459
0.616414
0.615579
0.617677
0.623964
0.636058
0.656981
0.691163
0.739204
0.782835
0.798291
0.421734
0.426206
0.432148
0.439336
0.447597
0.45681
0.46693
0.478009
0.49028
0.504308
0.520811
0.532861
0.543282
0.552793
0.561731
0.570296
0.578629
0.586837
0.595003
0.603192
0.611446
0.619781
0.628174
0.636535
0.644655
0.652126
0.658236
0.661844
0.661328
0.654999
0.642901
0.63141
0.626755
0.629465
0.639883
0.660316
0.694695
0.742719
0.784617
0.798538
0.433951
0.438149
0.443752
0.450588
0.458531
0.467523
0.477597
0.488973
0.502354
0.520811
0.767966
0.775617
0.773363
0.772517
0.772606
0.77329
0.774378
0.775743
0.777293
0.77895
0.780648
0.782324
0.783912
0.785342
0.786525
0.787335
0.787553
0.786709
0.783491
0.77336
0.648721
0.639048
0.634084
0.635429
0.644774
0.664921
0.699565
0.747364
0.786765
0.798811
0.445338
0.449321
0.454654
0.461207
0.468894
0.477702
0.487727
0.499276
0.513205
0.532861
0.775617
0.798379
0.798918
0.798804
0.798759
0.798773
0.798827
0.798907
0.799002
0.799103
0.799204
0.799298
0.799382
0.799451
0.799502
0.79953
0.799523
0.799455
0.799249
0.798692
0.655149
0.64555
0.640696
0.641586
0.650506
0.670765
0.705799
0.753044
0.78912
0.799083
0.455943
0.459755
0.46487
0.471189
0.478659
0.487301
0.497245
0.508837
0.523019
0.543282
0.773362
0.798918
0.799947
0.799967
0.799965
0.799964
0.799966
0.799968
0.799971
0.799974
0.799977
0.79998
0.799983
0.799985
0.799986
0.799987
0.799987
0.799984
0.799978
0.799965
0.661978
0.651961
0.64719
0.648024
0.657015
0.677796
0.713311
0.75949
0.791474
0.79933
0.465823
0.469497
0.474434
0.480556
0.487836
0.496315
0.506148
0.517727
0.532051
0.552793
0.772517
0.798804
0.799967
0.799999
0.799999
0.799999
0.799999
0.799999
0.799999
0.799999
0.799999
0.8
0.8
0.8
0.8
0.8
0.8
0.8
0.8
0.799999
0.669192
0.658591
0.653875
0.654889
0.664331
0.685962
0.721917
0.766302
0.793631
0.799534
0.475041
0.478603
0.48339
0.489341
0.496445
0.504766
0.514489
0.526041
0.540488
0.561731
0.772606
0.798759
0.799965
0.799999
0.8
0.8
0.8
0.8
0.8
0.8
0.8
0.8
0.8
0.8
0.8
0.8
0.8
0.8
0.8
0.8
0.676814
0.6656
0.660952
0.662334
0.67253
0.695177
0.731339
0.773028
0.795454
0.79969
0.483661
0.487131
0.491786
0.49758
0.504524
0.512704
0.52233
0.533868
0.548462
0.570296
0.77329
0.798773
0.799964
0.799999
0.8
0.8
0.8
0.8
0.8
0.8
0.8
0.8
0.8
0.8
0.8
0.8
0.8
0.8
0.8
0.8
0.684904
0.673113
0.66859
0.670507
0.681669
0.705237
0.741194
0.779247
0.796889
0.799802
0.49174
0.49513
0.499667
0.505323
0.512125
0.520181
0.529729
0.54128
0.556068
0.578629
0.774378
0.798827
0.799966
0.799999
0.8
0.8
0.8
0.8
0.8
0.8
0.8
0.8
0.8
0.8
0.8
0.8
0.8
0.8
0.8
0.8
0.693517
0.681245
0.676932
0.679524
0.691721
0.715793
0.751025
0.784654
0.797949
0.799878
0.499338
0.50266
0.507093
0.512623
0.519297
0.527245
0.536736
0.548331
0.563377
0.586837
0.775743
0.798907
0.799968
0.799999
0.8
0.8
0.8
0.8
0.8
0.8
0.8
0.8
0.8
0.8
0.8
0.8
0.8
0.8
0.8
0.8
0.702668
0.690076
0.686072
0.689415
0.702484
0.726584
0.760363
0.789089
0.798691
0.799927
0.506518
0.50978
0.514116
0.519529
0.526085
0.533937
0.543392
0.555065
0.570438
0.595003
0.777293
0.799002
0.799971
0.799999
0.8
0.8
0.8
0.8
0.8
0.8
0.8
0.8
0.8
0.8
0.8
0.8
0.8
0.8
0.8
0.8
0.712276
0.699591
0.695994
0.700035
0.713499
0.737281
0.768823
0.792527
0.799185
0.799957
0.513337
0.516545
0.520789
0.526087
0.532528
0.540293
0.549724
0.561509
0.577284
0.603192
0.77895
0.799103
0.799974
0.799999
0.8
0.8
0.8
0.8
0.8
0.8
0.8
0.8
0.8
0.8
0.8
0.8
0.8
0.8
0.8
0.8
0.722132
0.709614
0.706482
0.710984
0.724366
0.747515
0.776176
0.795049
0.799502
0.799975
0.51985
0.523006
0.527156
0.532338
0.538661
0.546336
0.555753
0.567677
0.58393
0.611446
0.780648
0.799204
0.799977
0.799999
0.8
0.8
0.8
0.8
0.8
0.8
0.8
0.8
0.8
0.8
0.8
0.8
0.8
0.8
0.8
0.8
0.732093
0.719823
0.717095
0.721764
0.7349
0.756981
0.782347
0.796804
0.799699
0.799986
0.526111
0.529212
0.533263
0.538317
0.544511
0.552087
0.561486
0.573565
0.590366
0.619781
0.782324
0.799298
0.79998
0.8
0.8
0.8
0.8
0.8
0.8
0.8
0.8
0.8
0.8
0.8
0.8
0.8
0.8
0.8
0.8
0.8
0.741978
0.730071
0.727582
0.732228
0.744896
0.765495
0.787355
0.797971
0.799819
0.799992
0.532169
0.53521
0.539149
0.54406
0.550101
0.557555
0.566918
0.579151
0.596552
0.628174
0.783912
0.799382
0.799983
0.8
0.8
0.8
0.8
0.8
0.8
0.8
0.8
0.8
0.8
0.8
0.8
0.8
0.8
0.8
0.8
0.8
0.751526
0.740179
0.737801
0.742233
0.754194
0.772999
0.791258
0.798723
0.79989
0.799995
0.538077
0.541049
0.544859
0.549598
0.555453
0.562744
0.572029
0.584388
0.602408
0.636535
0.785342
0.799451
0.799985
0.8
0.8
0.8
0.8
0.8
0.8
0.8
0.8
0.8
0.8
0.8
0.8
0.8
0.8
0.8
0.8
0.8
0.760497
0.749944
0.747605
0.751678
0.762738
0.779504
0.794151
0.799197
0.799933
0.799997
0.54389
0.546779
0.550435
0.554968
0.560589
0.567655
0.57679
0.589202
0.607799
0.644655
0.786525
0.799502
0.799986
0.8
0.8
0.8
0.8
0.8
0.8
0.8
0.8
0.8
0.8
0.8
0.8
0.8
0.8
0.8
0.8
0.8
0.768775
0.759245
0.756937
0.760563
0.77055
0.785031
0.796184
0.799492
0.799958
0.799998
0.549668
0.552457
0.55593
0.560212
0.565535
0.57229
0.581162
0.593489
0.612518
0.652126
0.787335
0.79953
0.799987
0.8
0.8
0.8
0.8
0.8
0.8
0.8
0.8
0.8
0.8
0.8
0.8
0.8
0.8
0.8
0.8
0.8
0.776381
0.768092
0.765855
0.768959
0.777667
0.789578
0.797555
0.799676
0.799973
0.799999
0.555482
0.558151
0.561407
0.565387
0.570336
0.576667
0.585114
0.597126
0.616276
0.658236
0.787553
0.799523
0.799987
0.8
0.8
0.8
0.8
0.8
0.8
0.8
0.8
0.8
0.8
0.8
0.8
0.8
0.8
0.8
0.8
0.8
0.783366
0.77656
0.774455
0.776921
0.784059
0.79315
0.79846
0.799791
0.799982
0.799999
0.561419
0.563944
0.566949
0.570573
0.575064
0.580838
0.588646
0.599999
0.618705
0.661844
0.786709
0.799455
0.799984
0.8
0.8
0.8
0.8
0.8
0.8
0.8
0.8
0.8
0.8
0.8
0.8
0.8
0.8
0.8
0.8
0.8
0.789596
0.78455
0.782656
0.784328
0.789578
0.795792
0.799052
0.799865
0.799988
0.799999
0.567588
0.569948
0.572669
0.575888
0.579838
0.584915
0.59184
0.602084
0.619456
0.661328
0.783491
0.799249
0.799978
0.8
0.8
0.8
0.8
0.8
0.8
0.8
0.8
0.8
0.8
0.8
0.8
0.8
0.8
0.8
0.8
0.8
0.794593
0.791466
0.789915
0.790727
0.793961
0.797615
0.799438
0.799914
0.799992
0.8
0.574137
0.576312
0.578727
0.581504
0.584851
0.589114
0.594924
0.603576
0.618459
0.654999
0.773359
0.798692
0.799965
0.799999
0.8
0.8
0.8
0.8
0.8
0.8
0.8
0.8
0.8
0.8
0.8
0.8
0.8
0.8
0.8
0.8
0.797842
0.796343
0.795283
0.795439
0.796983
0.798769
0.799685
0.799947
0.799994
0.8
0.581273
0.583252
0.58535
0.587673
0.59039
0.593783
0.598345
0.60506
0.616414
0.642901
0.648721
0.655149
0.661978
0.669191
0.676814
0.684904
0.693517
0.702668
0.712276
0.722132
0.732093
0.741978
0.751525
0.760496
0.768775
0.776381
0.783366
0.789596
0.794592
0.797842
0.799084
0.798785
0.798259
0.798164
0.798708
0.79943
0.799837
0.799968
0.799996
0.8
0.589306
0.591086
0.592874
0.594758
0.596872
0.599432
0.602803
0.607672
0.615579
0.63141
0.639048
0.64555
0.651961
0.658591
0.6656
0.673112
0.681245
0.690076
0.69959
0.709614
0.719823
0.73007
0.740179
0.749944
0.759244
0.768091
0.77656
0.78455
0.791466
0.796343
0.798785
0.799431
0.799417
0.799367
0.799518
0.799763
0.79992
0.799981
0.799997
0.8
0.598728
0.60032
0.601825
0.603311
0.604889
0.606724
0.609087
0.612443
0.617677
0.626755
0.634084
0.640696
0.64719
0.653875
0.660952
0.66859
0.676931
0.686072
0.695994
0.706482
0.717094
0.727582
0.7378
0.747604
0.756936
0.765855
0.774455
0.782656
0.789915
0.795283
0.798259
0.799417
0.799728
0.799785
0.799833
0.799904
0.799961
0.799989
0.799998
0.8
0.61038
0.611814
0.61308
0.614236
0.615376
0.616637
0.618234
0.620499
0.623964
0.629465
0.635429
0.641586
0.648024
0.654889
0.662334
0.670507
0.679524
0.689415
0.700035
0.710984
0.721764
0.732228
0.742232
0.751678
0.760562
0.768959
0.776921
0.784328
0.790727
0.795439
0.798164
0.799367
0.799785
0.799901
0.799936
0.79996
0.799981
0.799993
0.799999
0.8
0.625794
0.627136
0.62824
0.629165
0.629997
0.630869
0.63197
0.633574
0.636058
0.639883
0.644774
0.650506
0.657015
0.664331
0.67253
0.681668
0.691721
0.702483
0.713499
0.724366
0.7349
0.744895
0.754194
0.762738
0.77055
0.777667
0.784059
0.789578
0.793961
0.796983
0.798708
0.799518
0.799833
0.799936
0.799969
0.799982
0.79999
0.799996
0.799999
0.8
0.647824
0.6492
0.650274
0.651112
0.651811
0.652517
0.653426
0.654803
0.656981
0.660316
0.664921
0.670766
0.677796
0.685962
0.695177
0.705236
0.715792
0.726584
0.73728
0.747515
0.756981
0.765495
0.772998
0.779504
0.785031
0.789578
0.793149
0.795792
0.797615
0.798769
0.79943
0.799763
0.799904
0.79996
0.799982
0.799991
0.799995
0.799998
0.799999
0.8
0.681008
0.682581
0.683783
0.684702
0.685464
0.68624
0.687255
0.688788
0.691163
0.694695
0.699565
0.705799
0.713311
0.721917
0.731339
0.741194
0.751025
0.760363
0.768822
0.776175
0.782347
0.787355
0.791258
0.794151
0.796184
0.797555
0.79846
0.799052
0.799438
0.799685
0.799837
0.79992
0.799961
0.799981
0.79999
0.799995
0.799997
0.799999
0.799999
0.8
0.728487
0.730119
0.731342
0.732279
0.733079
0.733929
0.735057
0.736724
0.739204
0.742719
0.747364
0.753044
0.75949
0.766302
0.773028
0.779247
0.784654
0.789089
0.792527
0.795049
0.796804
0.797971
0.798723
0.799197
0.799492
0.799676
0.799791
0.799865
0.799914
0.799947
0.799968
0.799981
0.799989
0.799993
0.799996
0.799998
0.799999
0.799999
0.8
0.8
0.776902
0.777779
0.778425
0.778922
0.779361
0.779852
0.780518
0.78148
0.782835
0.784617
0.786765
0.78912
0.791474
0.793631
0.795454
0.796889
0.797949
0.798691
0.799185
0.799502
0.799699
0.799819
0.79989
0.799933
0.799958
0.799973
0.799982
0.799988
0.799992
0.799994
0.799996
0.799997
0.799998
0.799999
0.799999
0.799999
0.799999
0.8
0.8
0.8
0.797373
0.797505
0.797602
0.797678
0.797748
0.797829
0.797937
0.798089
0.798291
0.798538
0.798811
0.799083
0.79933
0.799534
0.79969
0.799802
0.799878
0.799927
0.799957
0.799975
0.799986
0.799992
0.799995
0.799997
0.799998
0.799999
0.799999
0.799999
0.8
0.8
0.8
0.8
0.8
0.8
0.8
0.8
0.8
0.8
0.8
0.8
0.227945
0.24266
0.262756
0.284833
0.306709
0.327385
0.346519
0.364057
0.38007
0.394679
0.408027
0.420263
0.431509
0.441868
0.451438
0.460309
0.468574
0.476308
0.483576
0.490441
0.496962
0.503193
0.509185
0.51499
0.52066
0.526251
0.531824
0.537452
0.543222
0.549243
0.555655
0.562645
0.570465
0.579464
0.590166
0.60361
0.622961
0.657942
0.722036
0.785082
0.242657
0.257113
0.275785
0.29601
0.316157
0.335411
0.35343
0.370111
0.385472
0.399588
0.412568
0.424525
0.435553
0.445737
0.455162
0.463913
0.472078
0.479722
0.486907
0.493695
0.50014
0.506291
0.512198
0.517906
0.523464
0.528924
0.534345
0.539799
0.545373
0.55118
0.557367
0.564131
0.571732
0.58053
0.591054
0.604341
0.623574
0.658601
0.722873
0.785423
0.262754
0.275786
0.292253
0.310143
0.328201
0.345733
0.362389
0.378014
0.392568
0.406074
0.418598
0.430202
0.440945
0.450894
0.460121
0.468706
0.476724
0.484233
0.491293
0.497958
0.504277
0.510297
0.516058
0.521603
0.526973
0.532216
0.53739
0.542563
0.547829
0.553311
0.559169
0.565615
0.572926
0.581474
0.591791
0.604904
0.623998
0.659025
0.723429
0.785658
0.284833
0.29601
0.310142
0.3257
0.341682
0.357478
0.372737
0.387268
0.400983
0.413859
0.425904
0.437127
0.447556
0.45724
0.466241
0.474633
0.482472
0.489816
0.49672
0.503231
0.509393
0.515243
0.520817
0.526147
0.531269
0.536223
0.541059
0.54585
0.550694
0.555728
0.561136
0.567158
0.574095
0.582333
0.592409
0.605333
0.624278
0.659283
0.723807
0.785831
0.306709
0.316156
0.3282
0.341682
0.355792
0.369998
0.383962
0.397476
0.410421
0.422724
0.434325
0.445187
0.455309
0.464726
0.473498
0.481682
0.489331
0.496498
0.503232
0.509576
0.515566
0.52123
0.526594
0.53168
0.536512
0.541118
0.545541
0.549847
0.554142
0.558584
0.563394
0.568857
0.575314
0.583171
0.592965
0.605683
0.624478
0.659469
0.724139
0.785999
0.327384
0.33541
0.345733
0.357478
0.369998
0.382838
0.395689
0.408346
0.420666
0.432515
0.443768
0.454336
0.464195
0.473376
0.481933
0.489915
0.497378
0.504373
0.510945
0.517129
0.522953
0.528438
0.533597
0.538437
0.542965
0.54719
0.551137
0.554859
0.558463
0.562131
0.566143
0.570866
0.576701
0.58408
0.593539
0.606032
0.624683
0.659703
0.724591
0.78623
0.346519
0.353429
0.362388
0.372737
0.383962
0.395689
0.407654
0.41967
0.431565
0.443153
0.454234
0.464637
0.47432
0.483323
0.491694
0.4995
0.506802
0.51365
0.520087
0.526143
0.531837
0.537181
0.542172
0.546802
0.551052
0.554903
0.558344
0.561396
0.564146
0.5668
0.56972
0.573432
0.578436
0.5852
0.594247
0.606483
0.625001
0.660131
0.725358
0.786602
0.364057
0.370111
0.378014
0.387268
0.397476
0.408346
0.41967
0.431281
0.443014
0.454661
0.465909
0.476368
0.486009
0.494899
0.503137
0.510813
0.518
0.524752
0.531111
0.537103
0.542742
0.548027
0.552943
0.557458
0.561525
0.565079
0.568051
0.570389
0.572113
0.573409
0.574748
0.57699
0.580814
0.58674
0.59525
0.607169
0.625559
0.660921
0.72666
0.787189
0.38007
0.385472
0.392568
0.400983
0.410421
0.420666
0.431565
0.443014
0.454941
0.467236
0.479457
0.490341
0.500089
0.508958
0.517137
0.524759
0.531913
0.538666
0.545061
0.551123
0.556861
0.562266
0.567307
0.571929
0.576048
0.579541
0.582244
0.58396
0.584514
0.583914
0.582682
0.582445
0.584357
0.589011
0.596755
0.608243
0.6265
0.662255
0.728718
0.788049
0.394678
0.399588
0.406074
0.41386
0.422724
0.432515
0.443153
0.454661
0.467236
0.481408
0.497797
0.509574
0.519587
0.528561
0.536827
0.544571
0.551916
0.558942
0.565705
0.572237
0.578551
0.584636
0.590451
0.595913
0.600889
0.605169
0.608437
0.610211
0.60975
0.606123
0.599103
0.592455
0.590157
0.592488
0.599005
0.609855
0.627957
0.664306
0.731732
0.789199
0.408027
0.412568
0.418598
0.425904
0.434325
0.443768
0.454234
0.465909
0.479457
0.497797
0.759052
0.767103
0.763239
0.761111
0.760157
0.759951
0.760261
0.76094
0.761882
0.763
0.764218
0.76546
0.766643
0.767663
0.768382
0.768576
0.767839
0.765258
0.758259
0.738127
0.603895
0.597524
0.594874
0.596214
0.601796
0.611999
0.630005
0.667215
0.735841
0.790603
0.420263
0.424525
0.430202
0.437127
0.445187
0.454336
0.464637
0.476369
0.490341
0.509574
0.767103
0.797229
0.798056
0.797757
0.797561
0.797464
0.797441
0.797473
0.797544
0.797641
0.797751
0.797865
0.79797
0.798057
0.798109
0.798104
0.797998
0.797691
0.796909
0.794882
0.609022
0.601832
0.599091
0.599974
0.604918
0.614566
0.632646
0.671075
0.741087
0.79217
0.431509
0.435553
0.440945
0.447557
0.455309
0.464195
0.47432
0.486009
0.500089
0.519587
0.763239
0.798056
0.799887
0.799926
0.799916
0.799909
0.799906
0.799906
0.799908
0.799912
0.799916
0.799921
0.799926
0.79993
0.799932
0.799932
0.799927
0.799915
0.799885
0.799825
0.614071
0.605953
0.603123
0.603746
0.608233
0.617436
0.635846
0.675962
0.747401
0.793773
0.441868
0.445737
0.450894
0.45724
0.464726
0.473376
0.483323
0.494899
0.508958
0.528561
0.761111
0.797757
0.799926
0.799996
0.799998
0.799997
0.799997
0.799997
0.799997
0.799997
0.799998
0.799998
0.799998
0.799998
0.799998
0.799998
0.799998
0.799998
0.799997
0.799996
0.619067
0.610032
0.607093
0.607526
0.611641
0.620512
0.639596
0.681968
0.754578
0.795282
0.451438
0.455162
0.460121
0.466241
0.473498
0.481933
0.491694
0.503137
0.517138
0.536827
0.760157
0.797561
0.799916
0.799998
0.8
0.8
0.8
0.8
0.8
0.8
0.8
0.8
0.8
0.8
0.8
0.8
0.8
0.8
0.8
0.8
0.624011
0.614106
0.611038
0.611289
0.615065
0.623749
0.643923
0.689223
0.762271
0.796592
0.460309
0.463914
0.468707
0.474633
0.481682
0.489915
0.4995
0.510813
0.524759
0.544571
0.759951
0.797464
0.799909
0.799997
0.8
0.8
0.8
0.8
0.8
0.8
0.8
0.8
0.8
0.8
0.8
0.8
0.8
0.8
0.8
0.8
0.628892
0.618166
0.614944
0.614991
0.61844
0.627205
0.648901
0.697885
0.770004
0.797648
0.468574
0.472078
0.476725
0.482472
0.489331
0.497378
0.506802
0.518
0.531914
0.551916
0.760261
0.797441
0.799906
0.799997
0.8
0.8
0.8
0.8
0.8
0.8
0.8
0.8
0.8
0.8
0.8
0.8
0.8
0.8
0.8
0.8
0.633701
0.62219
0.618777
0.618581
0.621747
0.631048
0.654657
0.708094
0.777249
0.798443
0.476308
0.479722
0.484233
0.489817
0.496498
0.504373
0.51365
0.524752
0.538666
0.558942
0.76094
0.797473
0.799906
0.799997
0.8
0.8
0.8
0.8
0.8
0.8
0.8
0.8
0.8
0.8
0.8
0.8
0.8
0.8
0.8
0.8
0.638444
0.626152
0.622494
0.622027
0.625051
0.635352
0.661374
0.71985
0.783553
0.799004
0.483576
0.486908
0.491293
0.49672
0.503233
0.510945
0.520087
0.531111
0.545061
0.565705
0.761882
0.797544
0.799908
0.799997
0.8
0.8
0.8
0.8
0.8
0.8
0.8
0.8
0.8
0.8
0.8
0.8
0.8
0.8
0.8
0.8
0.643172
0.630059
0.626092
0.625368
0.628614
0.640221
0.669303
0.732833
0.788637
0.799381
0.490441
0.493695
0.497958
0.503231
0.509577
0.517129
0.526143
0.537103
0.551123
0.572237
0.763
0.797641
0.799912
0.799997
0.8
0.8
0.8
0.8
0.8
0.8
0.8
0.8
0.8
0.8
0.8
0.8
0.8
0.8
0.8
0.8
0.648017
0.634006
0.629664
0.628826
0.632679
0.645811
0.678751
0.746285
0.792448
0.799622
0.496962
0.50014
0.504277
0.509393
0.515566
0.522954
0.531837
0.542742
0.556861
0.578551
0.764218
0.797751
0.799916
0.799998
0.8
0.8
0.8
0.8
0.8
0.8
0.8
0.8
0.8
0.8
0.8
0.8
0.8
0.8
0.8
0.8
0.653068
0.638225
0.633512
0.632748
0.637338
0.652331
0.690017
0.759116
0.795122
0.799772
0.503193
0.506291
0.510297
0.515243
0.52123
0.528438
0.537181
0.548027
0.562266
0.584636
0.76546
0.797865
0.799921
0.799998
0.8
0.8
0.8
0.8
0.8
0.8
0.8
0.8
0.8
0.8
0.8
0.8
0.8
0.8
0.8
0.8
0.658415
0.642839
0.637833
0.637248
0.64274
0.660044
0.703226
0.770291
0.7969
0.799863
0.509185
0.512198
0.516058
0.520817
0.526594
0.533597
0.542172
0.552943
0.567307
0.590451
0.766643
0.79797
0.799926
0.799998
0.8
0.8
0.8
0.8
0.8
0.8
0.8
0.8
0.8
0.8
0.8
0.8
0.8
0.8
0.8
0.8
0.66424
0.64801
0.642778
0.642496
0.649109
0.669268
0.718093
0.779217
0.798038
0.799916
0.514991
0.517906
0.521603
0.526147
0.53168
0.538437
0.546802
0.557458
0.57193
0.595914
0.767663
0.798057
0.79993
0.799998
0.8
0.8
0.8
0.8
0.8
0.8
0.8
0.8
0.8
0.8
0.8
0.8
0.8
0.8
0.8
0.8
0.670858
0.654024
0.648612
0.648759
0.656747
0.680335
0.73373
0.785838
0.798749
0.799948
0.520661
0.523464
0.526973
0.531269
0.536512
0.542965
0.551053
0.561525
0.576048
0.600889
0.768382
0.798109
0.799932
0.799998
0.8
0.8
0.8
0.8
0.8
0.8
0.8
0.8
0.8
0.8
0.8
0.8
0.8
0.8
0.8
0.8
0.678795
0.661352
0.655765
0.656441
0.666059
0.693498
0.748812
0.790475
0.799187
0.799967
0.526251
0.528924
0.532217
0.536223
0.541119
0.54719
0.554903
0.565079
0.579541
0.605169
0.768576
0.798104
0.799932
0.799998
0.8
0.8
0.8
0.8
0.8
0.8
0.8
0.8
0.8
0.8
0.8
0.8
0.8
0.8
0.8
0.8
0.688911
0.670762
0.664916
0.666141
0.677566
0.708757
0.762118
0.793604
0.799458
0.799978
0.531824
0.534346
0.53739
0.54106
0.545541
0.551137
0.558344
0.568051
0.582244
0.608438
0.767839
0.797998
0.799927
0.799998
0.8
0.8
0.8
0.8
0.8
0.8
0.8
0.8
0.8
0.8
0.8
0.8
0.8
0.8
0.8
0.8
0.702517
0.683487
0.677134
0.678744
0.6919
0.725672
0.77302
0.795684
0.799628
0.799984
0.537452
0.539799
0.542563
0.54585
0.549847
0.554859
0.561396
0.570389
0.58396
0.610211
0.765258
0.797691
0.799915
0.799998
0.8
0.8
0.8
0.8
0.8
0.8
0.8
0.8
0.8
0.8
0.8
0.8
0.8
0.8
0.8
0.8
0.721216
0.701355
0.693998
0.695469
0.709687
0.743296
0.781504
0.797079
0.799738
0.799989
0.543222
0.545373
0.54783
0.550694
0.554142
0.558463
0.564147
0.572113
0.584514
0.60975
0.758259
0.796909
0.799885
0.799997
0.8
0.8
0.8
0.8
0.8
0.8
0.8
0.8
0.8
0.8
0.8
0.8
0.8
0.8
0.8
0.8
0.745571
0.726188
0.717221
0.7175
0.731011
0.760298
0.787894
0.79804
0.799812
0.799991
0.549243
0.55118
0.553311
0.555728
0.558584
0.562131
0.5668
0.57341
0.583915
0.606124
0.738127
0.794882
0.799825
0.799996
0.8
0.8
0.8
0.8
0.8
0.8
0.8
0.8
0.8
0.8
0.8
0.8
0.8
0.8
0.8
0.8
0.771827
0.756456
0.746227
0.744168
0.754181
0.775184
0.792586
0.798724
0.799866
0.799993
0.555655
0.557367
0.559169
0.561136
0.563394
0.566143
0.56972
0.574748
0.582683
0.599103
0.603895
0.609023
0.614071
0.619067
0.624011
0.628892
0.633701
0.638444
0.643172
0.648017
0.653068
0.658415
0.66424
0.670858
0.678795
0.68891
0.702516
0.721215
0.74557
0.771826
0.786244
0.781666
0.773709
0.770059
0.774945
0.786609
0.795874
0.799211
0.799904
0.799994
0.562646
0.564131
0.565615
0.567158
0.568857
0.570867
0.573433
0.57699
0.582445
0.592455
0.597524
0.601833
0.605953
0.610032
0.614106
0.618166
0.62219
0.626152
0.630059
0.634006
0.638225
0.642839
0.64801
0.654024
0.661352
0.670762
0.683486
0.701354
0.726187
0.756455
0.781666
0.790434
0.789606
0.787544
0.78902
0.793908
0.797935
0.799528
0.799931
0.799995
0.570465
0.571732
0.572926
0.574095
0.575314
0.576701
0.578436
0.580815
0.584357
0.590157
0.594874
0.599091
0.603123
0.607094
0.611038
0.614945
0.618777
0.622494
0.626092
0.629664
0.633512
0.637833
0.642778
0.648612
0.655765
0.664916
0.677133
0.693997
0.71722
0.746226
0.773709
0.789606
0.794732
0.795387
0.795969
0.797555
0.799005
0.799723
0.799951
0.799996
0.579464
0.58053
0.581474
0.582333
0.583171
0.58408
0.585201
0.586741
0.589012
0.592488
0.596214
0.599974
0.603747
0.607526
0.611289
0.614991
0.618581
0.622027
0.625368
0.628826
0.632748
0.637248
0.642496
0.648759
0.656441
0.666141
0.678743
0.695468
0.717499
0.744167
0.770059
0.787544
0.795387
0.797798
0.79848
0.799019
0.799527
0.79984
0.799965
0.799996
0.590166
0.591054
0.591791
0.592409
0.592965
0.593539
0.594248
0.595251
0.596755
0.599006
0.601797
0.604918
0.608233
0.611641
0.615065
0.618441
0.621747
0.625051
0.628614
0.632679
0.637338
0.64274
0.649109
0.656747
0.666059
0.677565
0.6919
0.709686
0.73101
0.75418
0.774944
0.78902
0.795969
0.79848
0.799258
0.799567
0.79977
0.799907
0.799975
0.799997
0.60361
0.604342
0.604904
0.605333
0.605684
0.606033
0.606484
0.607169
0.608243
0.609856
0.611999
0.614566
0.617436
0.620512
0.623749
0.627205
0.631048
0.635353
0.640221
0.645811
0.652331
0.660044
0.669268
0.680335
0.693498
0.708757
0.725672
0.743295
0.760297
0.775184
0.786609
0.793908
0.797555
0.799019
0.799567
0.799777
0.799881
0.799946
0.799983
0.799997
0.622961
0.623575
0.623998
0.624278
0.624479
0.624684
0.625001
0.625559
0.6265
0.627957
0.630005
0.632646
0.635847
0.639596
0.643923
0.648901
0.654657
0.661374
0.669303
0.678751
0.690016
0.703226
0.718092
0.73373
0.748811
0.762118
0.77302
0.781503
0.787894
0.792585
0.795873
0.797934
0.799005
0.799527
0.79977
0.799881
0.799936
0.799968
0.799988
0.799997
0.657942
0.658601
0.659025
0.659283
0.659469
0.659703
0.660131
0.660921
0.662255
0.664306
0.667215
0.671075
0.675962
0.681968
0.689222
0.697885
0.708094
0.719849
0.732833
0.746285
0.759116
0.770291
0.779217
0.785838
0.790475
0.793604
0.795684
0.797079
0.79804
0.798724
0.799211
0.799528
0.799723
0.79984
0.799907
0.799946
0.799968
0.799982
0.799992
0.799998
0.722036
0.722873
0.723429
0.723807
0.72414
0.724591
0.725358
0.72666
0.728718
0.731732
0.735841
0.741087
0.747401
0.754578
0.762271
0.770004
0.777249
0.783553
0.788636
0.792448
0.795122
0.7969
0.798038
0.798749
0.799187
0.799458
0.799628
0.799738
0.799812
0.799866
0.799904
0.799931
0.799951
0.799965
0.799975
0.799983
0.799988
0.799992
0.799996
0.799999
0.785082
0.785423
0.785658
0.785831
0.785999
0.78623
0.786602
0.787189
0.788049
0.789199
0.790603
0.79217
0.793773
0.795282
0.796592
0.797648
0.798443
0.799004
0.799381
0.799622
0.799772
0.799863
0.799916
0.799948
0.799967
0.799978
0.799984
0.799989
0.799991
0.799993
0.799994
0.799995
0.799996
0.799996
0.799997
0.799997
0.799997
0.799998
0.799999
0.799999
0.203556
0.211767
0.229674
0.253607
0.278651
0.30243
0.3242
0.343865
0.361556
0.37747
0.391814
0.404796
0.416606
0.427407
0.437326
0.446475
0.454952
0.462849
0.470243
0.4772
0.483784
0.490049
0.49605
0.501838
0.507463
0.512981
0.518449
0.523934
0.529513
0.535281
0.541355
0.547889
0.555087
0.563261
0.572961
0.585403
0.603632
0.635056
0.694606
0.77277
0.211763
0.224008
0.243439
0.266273
0.289466
0.311537
0.331938
0.350554
0.36745
0.382764
0.396655
0.409295
0.420846
0.431441
0.441191
0.450197
0.458551
0.46634
0.473633
0.480494
0.486981
0.493147
0.499041
0.50471
0.510203
0.515569
0.520866
0.526157
0.531524
0.537064
0.542903
0.5492
0.556171
0.564133
0.573641
0.585918
0.604029
0.635442
0.695145
0.773128
0.229668
0.24344
0.261961
0.282517
0.303267
0.323223
0.341938
0.359253
0.375159
0.389721
0.403044
0.415253
0.426468
0.436788
0.446306
0.455111
0.463291
0.470919
0.478059
0.484771
0.491107
0.497115
0.502838
0.508318
0.513599
0.518727
0.523757
0.528753
0.533801
0.53901
0.544516
0.550497
0.557179
0.564887
0.57418
0.586278
0.60426
0.63564
0.695449
0.773347
0.253607
0.266275
0.282517
0.300393
0.318614
0.336422
0.353407
0.369371
0.384239
0.398011
0.410736
0.422486
0.433329
0.443337
0.452586
0.461155
0.469124
0.476554
0.483506
0.490032
0.496178
0.501985
0.50749
0.512727
0.517733
0.522547
0.527222
0.531823
0.536443
0.541205
0.546269
0.551838
0.558157
0.565562
0.574611
0.586518
0.604365
0.635707
0.695608
0.773488
0.278653
0.289467
0.303267
0.318614
0.334521
0.350358
0.365739
0.380439
0.394335
0.407376
0.41955
0.430863
0.441339
0.451026
0.459992
0.468312
0.476049
0.483262
0.490006
0.496326
0.502261
0.507844
0.513102
0.518062
0.522747
0.527189
0.531431
0.535538
0.53961
0.543791
0.548278
0.553313
0.559177
0.566216
0.574986
0.586688
0.604404
0.635721
0.695737
0.77363
0.302431
0.311537
0.323223
0.336422
0.350358
0.3645
0.378494
0.392107
0.40519
0.417643
0.429377
0.440324
0.450472
0.459861
0.468556
0.476625
0.484129
0.491124
0.497658
0.503771
0.509495
0.514853
0.519863
0.524535
0.528881
0.532914
0.536662
0.540179
0.543569
0.547001
0.550727
0.555064
0.560344
0.566934
0.575379
0.586861
0.604456
0.635785
0.69598
0.773869
0.3242
0.331937
0.341937
0.353406
0.365739
0.378493
0.391362
0.404129
0.416638
0.428726
0.440208
0.450916
0.460815
0.469953
0.478406
0.486241
0.493526
0.500318
0.506661
0.512589
0.518128
0.52329
0.52808
0.532494
0.53652
0.540146
0.543368
0.546213
0.54877
0.551231
0.553925
0.557318
0.561827
0.567843
0.575895
0.587131
0.60462
0.636021
0.696508
0.774311
0.343865
0.350553
0.359252
0.36937
0.380438
0.392107
0.404129
0.416336
0.428574
0.440638
0.452209
0.462891
0.47266
0.481616
0.489863
0.497499
0.5046
0.511226
0.517421
0.523217
0.528631
0.533667
0.538316
0.542555
0.546345
0.549634
0.552365
0.5545
0.556066
0.557241
0.558456
0.560483
0.5639
0.569135
0.576677
0.58762
0.605018
0.636573
0.697509
0.775066
0.361556
0.367449
0.375158
0.384238
0.394335
0.40519
0.416638
0.428574
0.440924
0.453562
0.46602
0.477019
0.486804
0.495648
0.503747
0.511238
0.518218
0.524754
0.530893
0.536664
0.542081
0.54714
0.551819
0.556076
0.559841
0.563011
0.565444
0.566966
0.567423
0.56683
0.565668
0.565402
0.567047
0.571096
0.577915
0.588473
0.605784
0.63759
0.699177
0.776227
0.377469
0.382763
0.38972
0.39801
0.407375
0.417643
0.428726
0.440638
0.453562
0.467994
0.484495
0.496247
0.506165
0.514983
0.523035
0.53051
0.53753
0.544174
0.550495
0.556528
0.562287
0.567766
0.572939
0.57775
0.582102
0.585835
0.588691
0.590247
0.589838
0.586621
0.580369
0.574381
0.572221
0.574137
0.57982
0.589827
0.607038
0.639205
0.701685
0.777846
0.391814
0.396654
0.403043
0.410736
0.41955
0.429377
0.440207
0.452209
0.466021
0.484496
0.755581
0.763526
0.758917
0.756192
0.754743
0.754102
0.754014
0.754323
0.754916
0.755702
0.756602
0.757534
0.758408
0.759114
0.759491
0.759287
0.758027
0.754627
0.74592
0.721175
0.585106
0.579003
0.576425
0.577388
0.582202
0.591687
0.608841
0.641511
0.705168
0.779915
0.404795
0.409294
0.415253
0.422486
0.430863
0.440323
0.450916
0.462891
0.477019
0.496247
0.763526
0.796625
0.797583
0.79717
0.796873
0.796695
0.796607
0.796587
0.796617
0.796681
0.796766
0.796858
0.796944
0.797006
0.797023
0.796959
0.796748
0.796237
0.794997
0.791779
0.590255
0.582942
0.580157
0.580642
0.584874
0.593973
0.611184
0.644543
0.709705
0.782353
0.416606
0.420845
0.426467
0.433329
0.441338
0.450472
0.460815
0.47266
0.486804
0.506165
0.758917
0.797583
0.799848
0.799898
0.799882
0.79987
0.799862
0.799859
0.799859
0.799861
0.799864
0.799868
0.799872
0.799875
0.799876
0.799872
0.799862
0.799838
0.799786
0.799677
0.595201
0.586669
0.583686
0.583878
0.587726
0.596599
0.61402
0.6483
0.715323
0.785023
0.427407
0.43144
0.436787
0.443337
0.451026
0.459861
0.469953
0.481616
0.495648
0.514983
0.756192
0.79717
0.799898
0.799995
0.799997
0.799996
0.799996
0.799996
0.799996
0.799996
0.799996
0.799996
0.799996
0.799996
0.799996
0.799996
0.799996
0.799995
0.799994
0.799991
0.600006
0.590313
0.587123
0.587103
0.590701
0.599503
0.617299
0.652771
0.722008
0.787751
0.437326
0.44119
0.446306
0.452585
0.459992
0.468556
0.478406
0.489864
0.503747
0.523035
0.754743
0.796873
0.799882
0.799997
0.8
0.8
0.8
0.8
0.8
0.8
0.8
0.8
0.8
0.8
0.8
0.8
0.8
0.8
0.8
0.8
0.604703
0.593919
0.590515
0.590323
0.593771
0.602653
0.620983
0.657959
0.729693
0.790362
0.446475
0.450196
0.455111
0.461155
0.468312
0.476625
0.486241
0.497499
0.511239
0.53051
0.754102
0.796695
0.79987
0.799996
0.8
0.8
0.8
0.8
0.8
0.8
0.8
0.8
0.8
0.8
0.8
0.8
0.8
0.8
0.8
0.8
0.609307
0.597504
0.593884
0.59355
0.596933
0.606031
0.625048
0.6639
0.738226
0.792706
0.454952
0.458551
0.46329
0.469123
0.476049
0.484129
0.493526
0.5046
0.518218
0.53753
0.754014
0.796607
0.799862
0.799996
0.8
0.8
0.8
0.8
0.8
0.8
0.8
0.8
0.8
0.8
0.8
0.8
0.8
0.8
0.8
0.8
0.613834
0.601083
0.597247
0.596801
0.600205
0.609625
0.62949
0.670675
0.747324
0.794683
0.462849
0.46634
0.470918
0.476554
0.483262
0.491124
0.500318
0.511226
0.524754
0.544174
0.754323
0.796587
0.799859
0.799996
0.8
0.8
0.8
0.8
0.8
0.8
0.8
0.8
0.8
0.8
0.8
0.8
0.8
0.8
0.8
0.8
0.618311
0.604679
0.600631
0.600109
0.603619
0.613439
0.634328
0.678412
0.756565
0.796255
0.470243
0.473633
0.478059
0.483506
0.490006
0.497658
0.506661
0.517421
0.530893
0.550496
0.754916
0.796617
0.799859
0.799996
0.8
0.8
0.8
0.8
0.8
0.8
0.8
0.8
0.8
0.8
0.8
0.8
0.8
0.8
0.8
0.8
0.622773
0.608327
0.604077
0.603521
0.607194
0.617489
0.639609
0.687274
0.765427
0.797436
0.4772
0.480494
0.484771
0.490032
0.496326
0.503771
0.512589
0.523217
0.536665
0.556528
0.755702
0.796681
0.799861
0.799996
0.8
0.8
0.8
0.8
0.8
0.8
0.8
0.8
0.8
0.8
0.8
0.8
0.8
0.8
0.8
0.8
0.627268
0.612079
0.607641
0.607082
0.61095
0.621803
0.64541
0.697407
0.773418
0.798282
0.483784
0.486981
0.491107
0.496178
0.502261
0.509495
0.518128
0.528631
0.542081
0.562287
0.756602
0.796766
0.799864
0.799996
0.8
0.8
0.8
0.8
0.8
0.8
0.8
0.8
0.8
0.8
0.8
0.8
0.8
0.8
0.8
0.8
0.631833
0.615983
0.611365
0.61082
0.61492
0.626427
0.651845
0.708831
0.780196
0.798864
0.490049
0.493147
0.497115
0.501985
0.507844
0.514853
0.52329
0.533667
0.54714
0.567766
0.757534
0.796858
0.799868
0.799996
0.8
0.8
0.8
0.8
0.8
0.8
0.8
0.8
0.8
0.8
0.8
0.8
0.8
0.8
0.8
0.8
0.636509
0.620086
0.615292
0.61478
0.619155
0.631424
0.659068
0.721282
0.785621
0.799252
0.49605
0.499041
0.502838
0.50749
0.513103
0.519863
0.52808
0.538317
0.551819
0.572939
0.758408
0.796943
0.799872
0.799996
0.8
0.8
0.8
0.8
0.8
0.8
0.8
0.8
0.8
0.8
0.8
0.8
0.8
0.8
0.8
0.8
0.641364
0.624466
0.619494
0.619032
0.623723
0.636881
0.667261
0.734114
0.789735
0.799505
0.501838
0.50471
0.508318
0.512727
0.518062
0.524536
0.532494
0.542555
0.556076
0.57775
0.759114
0.797006
0.799875
0.799996
0.8
0.8
0.8
0.8
0.8
0.8
0.8
0.8
0.8
0.8
0.8
0.8
0.8
0.8
0.8
0.8
0.6465
0.629242
0.624082
0.623679
0.628721
0.642913
0.6766
0.746415
0.792711
0.799667
0.507464
0.510203
0.513599
0.517733
0.522747
0.528881
0.53652
0.546345
0.559841
0.582102
0.759491
0.797023
0.799876
0.799996
0.8
0.8
0.8
0.8
0.8
0.8
0.8
0.8
0.8
0.8
0.8
0.8
0.8
0.8
0.8
0.8
0.652094
0.634606
0.629231
0.628875
0.634286
0.64967
0.687178
0.757355
0.794784
0.799769
0.512981
0.515569
0.518728
0.522547
0.527189
0.532914
0.540146
0.549634
0.563011
0.585835
0.759287
0.796959
0.799872
0.799996
0.8
0.8
0.8
0.8
0.8
0.8
0.8
0.8
0.8
0.8
0.8
0.8
0.8
0.8
0.8
0.8
0.65847
0.640888
0.635232
0.634859
0.640619
0.657351
0.6989
0.766502
0.796196
0.799834
0.518449
0.520866
0.523757
0.527222
0.531431
0.536662
0.543368
0.552366
0.565444
0.588691
0.758027
0.796748
0.799862
0.799996
0.8
0.8
0.8
0.8
0.8
0.8
0.8
0.8
0.8
0.8
0.8
0.8
0.8
0.8
0.8
0.8
0.666264
0.648689
0.642588
0.642035
0.648045
0.666224
0.711441
0.773852
0.797155
0.799875
0.523934
0.526158
0.528753
0.531823
0.535538
0.540179
0.546213
0.554501
0.566966
0.590247
0.754627
0.796237
0.799838
0.799995
0.8
0.8
0.8
0.8
0.8
0.8
0.8
0.8
0.8
0.8
0.8
0.8
0.8
0.8
0.8
0.8
0.676826
0.659208
0.65226
0.651135
0.65713
0.676708
0.724376
0.77967
0.797816
0.799901
0.529513
0.531524
0.533802
0.536443
0.53961
0.543569
0.548771
0.556067
0.567423
0.589838
0.74592
0.794997
0.799786
0.799994
0.8
0.8
0.8
0.8
0.8
0.8
0.8
0.8
0.8
0.8
0.8
0.8
0.8
0.8
0.8
0.8
0.693097
0.674962
0.666171
0.663577
0.668944
0.68953
0.737491
0.784348
0.798293
0.799919
0.535281
0.537064
0.53901
0.541205
0.543791
0.547001
0.551231
0.557241
0.56683
0.586621
0.721175
0.791779
0.799677
0.799991
0.8
0.8
0.8
0.8
0.8
0.8
0.8
0.8
0.8
0.8
0.8
0.8
0.8
0.8
0.8
0.8
0.720786
0.700878
0.687973
0.682014
0.685452
0.705949
0.750975
0.788286
0.798664
0.799931
0.541356
0.542903
0.544516
0.54627
0.548278
0.550727
0.553925
0.558456
0.565668
0.580369
0.585106
0.590255
0.595201
0.600006
0.604703
0.609307
0.613834
0.618311
0.622773
0.627268
0.631833
0.636509
0.641364
0.6465
0.652094
0.658469
0.666264
0.676826
0.693097
0.720785
0.74611
0.737049
0.720542
0.70946
0.709198
0.727372
0.764964
0.791744
0.798971
0.79994
0.547889
0.5492
0.550497
0.551838
0.553313
0.555064
0.557319
0.560483
0.565402
0.574381
0.579003
0.582942
0.586669
0.590314
0.593919
0.597504
0.601084
0.604679
0.608327
0.612079
0.615983
0.620087
0.624466
0.629242
0.634606
0.640888
0.648689
0.659208
0.674962
0.700877
0.737048
0.756392
0.752933
0.742777
0.739592
0.752663
0.778337
0.794639
0.79923
0.799947
0.555088
0.556171
0.557179
0.558157
0.559177
0.560345
0.561828
0.5639
0.567047
0.572221
0.576425
0.580157
0.583686
0.587124
0.590515
0.593884
0.597247
0.600631
0.604077
0.607641
0.611365
0.615292
0.619494
0.624082
0.629231
0.635231
0.642588
0.65226
0.666171
0.687972
0.72054
0.752932
0.769231
0.769904
0.768339
0.775464
0.788555
0.79675
0.799438
0.799953
0.563261
0.564133
0.564887
0.565563
0.566216
0.566934
0.567844
0.569135
0.571096
0.574137
0.577388
0.580642
0.583878
0.587103
0.590324
0.59355
0.596802
0.600109
0.603521
0.607083
0.61082
0.61478
0.619032
0.623679
0.628874
0.634859
0.642035
0.651134
0.663577
0.682013
0.709459
0.742776
0.769903
0.782343
0.785763
0.789264
0.794459
0.798113
0.799596
0.799958
0.572961
0.573642
0.57418
0.574611
0.574986
0.575379
0.575895
0.576677
0.577915
0.57982
0.582202
0.584874
0.587726
0.590701
0.593771
0.596933
0.600205
0.603619
0.607194
0.61095
0.61492
0.619155
0.623723
0.628721
0.634286
0.640619
0.648045
0.65713
0.668944
0.685452
0.709197
0.739591
0.768338
0.785762
0.792467
0.79521
0.797343
0.798919
0.799712
0.799962
0.585404
0.585918
0.586278
0.586518
0.586688
0.586861
0.587131
0.58762
0.588473
0.589828
0.591688
0.593973
0.596599
0.599503
0.602653
0.606031
0.609625
0.613439
0.617489
0.621803
0.626427
0.631424
0.636881
0.642913
0.64967
0.65735
0.666224
0.676707
0.689529
0.705948
0.727371
0.752662
0.775464
0.789263
0.79521
0.797504
0.798637
0.79937
0.799795
0.799965
0.603632
0.604029
0.60426
0.604365
0.604404
0.604456
0.60462
0.605018
0.605784
0.607038
0.608842
0.611184
0.61402
0.617299
0.620983
0.625048
0.62949
0.634328
0.639609
0.64541
0.651845
0.659068
0.667261
0.676599
0.687177
0.698899
0.71144
0.724375
0.73749
0.750974
0.764963
0.778336
0.788555
0.794459
0.797343
0.798637
0.799259
0.799625
0.799855
0.799969
0.635056
0.635442
0.63564
0.635707
0.635721
0.635785
0.636022
0.636574
0.63759
0.639205
0.641511
0.644543
0.6483
0.652771
0.657959
0.6639
0.670675
0.678412
0.687274
0.697407
0.708831
0.721282
0.734114
0.746414
0.757355
0.766502
0.773851
0.77967
0.784347
0.788285
0.791744
0.794639
0.79675
0.798113
0.798919
0.79937
0.799625
0.799789
0.799903
0.799974
0.694606
0.695145
0.69545
0.695608
0.695737
0.69598
0.696508
0.69751
0.699177
0.701685
0.705168
0.709705
0.715323
0.722008
0.729693
0.738225
0.747324
0.756565
0.765427
0.773418
0.780196
0.78562
0.789735
0.792711
0.794784
0.796196
0.797155
0.797816
0.798293
0.798664
0.798971
0.79923
0.799438
0.799596
0.799712
0.799795
0.799855
0.799903
0.799947
0.799981
0.77277
0.773128
0.773347
0.773488
0.77363
0.773869
0.774311
0.775066
0.776227
0.777846
0.779915
0.782353
0.785023
0.787751
0.790362
0.792706
0.794683
0.796255
0.797436
0.798282
0.798864
0.799252
0.799505
0.799667
0.799769
0.799834
0.799875
0.799901
0.799919
0.799931
0.79994
0.799947
0.799953
0.799958
0.799962
0.799965
0.799969
0.799974
0.799981
0.799991
0.200019
0.200966
0.209785
0.230898
0.25735
0.283495
0.30745
0.328899
0.347995
0.365004
0.380199
0.393835
0.406143
0.41733
0.42756
0.436965
0.445656
0.45373
0.461272
0.468355
0.475045
0.481401
0.487477
0.493326
0.499
0.504553
0.510044
0.515538
0.521111
0.526856
0.532889
0.539361
0.546483
0.55458
0.564224
0.576574
0.594286
0.6238
0.679701
0.763403
0.200966
0.205872
0.220894
0.243888
0.269129
0.293484
0.315883
0.336123
0.354306
0.370629
0.385304
0.398545
0.410553
0.421506
0.431546
0.440792
0.449345
0.457295
0.464723
0.471697
0.478278
0.484522
0.490478
0.496196
0.501725
0.507116
0.512424
0.517715
0.523068
0.528577
0.534368
0.540599
0.547491
0.555375
0.564827
0.577015
0.59461
0.624088
0.680095
0.763736
0.209774
0.220891
0.239293
0.261472
0.284344
0.306321
0.326764
0.345494
0.362533
0.37799
0.39201
0.404749
0.416372
0.427016
0.436799
0.445822
0.454178
0.461949
0.469208
0.476017
0.482431
0.488501
0.494272
0.499787
0.505091
0.510231
0.515261
0.520248
0.525275
0.530448
0.535904
0.541817
0.548419
0.556049
0.565288
0.577304
0.594777
0.624209
0.680285
0.763918
0.230894
0.243888
0.261472
0.281169
0.301251
0.320748
0.339178
0.356338
0.372176
0.386719
0.400041
0.412246
0.423448
0.433744
0.443228
0.451988
0.460108
0.467661
0.474711
0.481315
0.487521
0.493373
0.498909
0.504165
0.50918
0.513994
0.518659
0.523242
0.527835
0.532559
0.537572
0.543074
0.549314
0.556644
0.565643
0.577477
0.594828
0.624214
0.68035
0.764018
0.257351
0.269131
0.284345
0.301251
0.318671
0.335873
0.352435
0.368128
0.382837
0.396521
0.409192
0.420893
0.43168
0.44162
0.45079
0.459268
0.467131
0.474444
0.481265
0.487641
0.493617
0.499225
0.504497
0.50946
0.514139
0.518567
0.522789
0.526871
0.530911
0.535053
0.539491
0.544462
0.550251
0.557217
0.565943
0.577584
0.594817
0.624175
0.680392
0.764123
0.283497
0.293486
0.306323
0.320749
0.335873
0.351101
0.36605
0.380475
0.394223
0.4072
0.419346
0.430624
0.441041
0.450645
0.459506
0.467705
0.475308
0.482377
0.488964
0.495112
0.500855
0.50622
0.511224
0.515883
0.520207
0.524214
0.527931
0.531416
0.534771
0.538165
0.541845
0.546124
0.551335
0.557856
0.566263
0.577695
0.594821
0.624184
0.680541
0.764337
0.307452
0.315885
0.326766
0.339178
0.352435
0.36605
0.379684
0.393104
0.406144
0.418662
0.430493
0.441484
0.451609
0.460921
0.469504
0.477438
0.484794
0.491634
0.498005
0.503946
0.509482
0.51463
0.519397
0.52378
0.52777
0.531357
0.53454
0.537347
0.539868
0.542292
0.544947
0.54829
0.552735
0.558688
0.566707
0.577907
0.594938
0.624355
0.680949
0.76478
0.328901
0.336125
0.345495
0.356338
0.368128
0.380475
0.393104
0.405827
0.418497
0.430926
0.4428
0.453721
0.46367
0.472756
0.481099
0.4888
0.495942
0.502588
0.508786
0.51457
0.519958
0.524959
0.529566
0.533758
0.537499
0.540739
0.543424
0.545517
0.547047
0.548192
0.549378
0.551364
0.554725
0.559903
0.567421
0.578341
0.595285
0.624818
0.68178
0.765573
0.347996
0.354308
0.362534
0.372176
0.382837
0.394223
0.406144
0.418497
0.431217
0.444179
0.456908
0.4681
0.478014
0.486947
0.495102
0.502622
0.509607
0.516128
0.522235
0.527959
0.533316
0.538307
0.542914
0.547098
0.550793
0.5539
0.55628
0.557764
0.558199
0.557602
0.556447
0.556171
0.55778
0.561783
0.56859
0.57914
0.595989
0.625708
0.683204
0.766824
0.365005
0.370629
0.377991
0.386719
0.396521
0.4072
0.418662
0.430926
0.444179
0.458917
0.475687
0.487571
0.497559
0.506408
0.514457
0.521899
0.528857
0.535413
0.541621
0.547516
0.553117
0.558421
0.563409
0.568031
0.572201
0.575772
0.578502
0.579993
0.579611
0.576548
0.57057
0.564823
0.562768
0.564706
0.570415
0.580438
0.597165
0.627143
0.685369
0.768603
0.3802
0.385305
0.39201
0.400041
0.409192
0.419347
0.430493
0.4428
0.456908
0.475688
0.753414
0.761337
0.756297
0.753223
0.751488
0.750594
0.750275
0.750366
0.750749
0.751331
0.75203
0.752761
0.753433
0.753928
0.75408
0.753622
0.752048
0.748182
0.738509
0.711203
0.575317
0.569316
0.566828
0.56784
0.572716
0.58224
0.598866
0.629197
0.688385
0.770924
0.393836
0.398546
0.40475
0.412246
0.420893
0.430624
0.441484
0.453721
0.4681
0.487571
0.761336
0.79622
0.797263
0.796771
0.796404
0.796167
0.79603
0.795969
0.795964
0.795999
0.796057
0.796125
0.796186
0.79622
0.796201
0.796085
0.79579
0.795123
0.793541
0.789427
0.580565
0.573162
0.570435
0.570983
0.575313
0.584468
0.601075
0.631886
0.692311
0.773729
0.406144
0.410553
0.416372
0.423448
0.43168
0.441041
0.451609
0.46367
0.478014
0.497559
0.756297
0.797263
0.79982
0.799878
0.799857
0.79984
0.799829
0.799822
0.79982
0.79982
0.799822
0.799825
0.799827
0.799828
0.799827
0.79982
0.799804
0.79977
0.799697
0.799548
0.585539
0.57679
0.573843
0.574116
0.5781
0.587032
0.603737
0.635187
0.697168
0.7769
0.41733
0.421506
0.427016
0.433744
0.44162
0.450645
0.460921
0.472756
0.486947
0.506408
0.753223
0.796771
0.799878
0.799993
0.799996
0.799995
0.799994
0.799994
0.799994
0.799994
0.799994
0.799994
0.799994
0.799994
0.799994
0.799994
0.799993
0.799992
0.79999
0.799987
0.590324
0.580322
0.57716
0.577248
0.58102
0.589862
0.606792
0.639061
0.702954
0.780273
0.42756
0.431546
0.436799
0.443228
0.45079
0.459507
0.469504
0.481099
0.495102
0.514457
0.751488
0.796404
0.799857
0.799996
0.8
0.8
0.8
0.8
0.8
0.8
0.8
0.8
0.8
0.8
0.8
0.8
0.8
0.8
0.8
0.8
0.594968
0.583808
0.580437
0.580391
0.584046
0.592911
0.610184
0.64347
0.709657
0.783663
0.436965
0.440792
0.445823
0.451989
0.459268
0.467705
0.477438
0.488801
0.502622
0.5219
0.750594
0.796167
0.79984
0.799995
0.8
0.8
0.8
0.8
0.8
0.8
0.8
0.8
0.8
0.8
0.8
0.8
0.8
0.8
0.8
0.8
0.5995
0.587269
0.583702
0.583556
0.587165
0.596145
0.613873
0.648398
0.717244
0.786892
0.445656
0.449345
0.454178
0.460108
0.467131
0.475308
0.484794
0.495943
0.509607
0.528858
0.750275
0.79603
0.799829
0.799994
0.8
0.8
0.8
0.8
0.8
0.8
0.8
0.8
0.8
0.8
0.8
0.8
0.8
0.8
0.8
0.8
0.603945
0.590728
0.586974
0.586758
0.590376
0.599545
0.617832
0.653855
0.725634
0.78981
0.45373
0.457295
0.461949
0.467661
0.474444
0.482377
0.491634
0.502589
0.516128
0.535413
0.750366
0.795969
0.799822
0.799994
0.8
0.8
0.8
0.8
0.8
0.8
0.8
0.8
0.8
0.8
0.8
0.8
0.8
0.8
0.8
0.8
0.608328
0.594206
0.590277
0.590013
0.593685
0.6031
0.622046
0.659883
0.734652
0.792313
0.461272
0.464723
0.469208
0.474711
0.481265
0.488964
0.498005
0.508787
0.522235
0.541621
0.750749
0.795964
0.79982
0.799994
0.8
0.8
0.8
0.8
0.8
0.8
0.8
0.8
0.8
0.8
0.8
0.8
0.8
0.8
0.8
0.8
0.612677
0.59773
0.593635
0.593342
0.597098
0.606809
0.626519
0.666562
0.743994
0.794354
0.468356
0.471698
0.476017
0.481315
0.487642
0.495112
0.503946
0.51457
0.527959
0.547516
0.751331
0.795999
0.79982
0.799994
0.8
0.8
0.8
0.8
0.8
0.8
0.8
0.8
0.8
0.8
0.8
0.8
0.8
0.8
0.8
0.8
0.617022
0.601333
0.597077
0.596764
0.600626
0.610676
0.631266
0.674003
0.753236
0.795939
0.475046
0.478279
0.482431
0.487521
0.493617
0.500855
0.509482
0.519958
0.533316
0.553117
0.75203
0.796057
0.799822
0.799994
0.8
0.8
0.8
0.8
0.8
0.8
0.8
0.8
0.8
0.8
0.8
0.8
0.8
0.8
0.8
0.8
0.621394
0.605047
0.600628
0.600303
0.604289
0.614716
0.63632
0.68232
0.76191
0.797118
0.481401
0.484522
0.488501
0.493373
0.499226
0.50622
0.51463
0.524959
0.538308
0.558421
0.752761
0.796125
0.799825
0.799994
0.8
0.8
0.8
0.8
0.8
0.8
0.8
0.8
0.8
0.8
0.8
0.8
0.8
0.8
0.8
0.8
0.625824
0.608913
0.604325
0.603991
0.608112
0.618949
0.641732
0.691579
0.769627
0.797964
0.487477
0.490478
0.494272
0.498909
0.504498
0.511224
0.519397
0.529566
0.542914
0.563409
0.753433
0.796186
0.799827
0.799994
0.8
0.8
0.8
0.8
0.8
0.8
0.8
0.8
0.8
0.8
0.8
0.8
0.8
0.8
0.8
0.8
0.63036
0.612989
0.60822
0.607872
0.612131
0.623406
0.647566
0.701711
0.776156
0.798555
0.493326
0.496197
0.499787
0.504165
0.50946
0.515883
0.52378
0.533758
0.547098
0.568031
0.753928
0.79622
0.799828
0.799994
0.8
0.8
0.8
0.8
0.8
0.8
0.8
0.8
0.8
0.8
0.8
0.8
0.8
0.8
0.8
0.8
0.635065
0.617363
0.612389
0.612012
0.616396
0.628129
0.6539
0.712424
0.781429
0.79896
0.499
0.501726
0.505091
0.50918
0.514139
0.520207
0.527771
0.537499
0.550793
0.572201
0.75408
0.796201
0.799827
0.799994
0.8
0.8
0.8
0.8
0.8
0.8
0.8
0.8
0.8
0.8
0.8
0.8
0.8
0.8
0.8
0.8
0.640045
0.622169
0.616953
0.616508
0.620981
0.633178
0.6608
0.723184
0.785512
0.799232
0.504554
0.507116
0.510231
0.513994
0.518567
0.524214
0.531358
0.540739
0.5539
0.575772
0.753622
0.796085
0.79982
0.799994
0.8
0.8
0.8
0.8
0.8
0.8
0.8
0.8
0.8
0.8
0.8
0.8
0.8
0.8
0.8
0.8
0.645484
0.627632
0.622105
0.62151
0.625994
0.63863
0.668296
0.73334
0.788553
0.799412
0.510044
0.512425
0.515262
0.518659
0.522789
0.527931
0.53454
0.543424
0.55628
0.578502
0.752048
0.79579
0.799804
0.799993
0.8
0.8
0.8
0.8
0.8
0.8
0.8
0.8
0.8
0.8
0.8
0.8
0.8
0.8
0.8
0.8
0.651747
0.634146
0.628181
0.627271
0.631615
0.644604
0.676361
0.742372
0.790748
0.799528
0.515538
0.517716
0.520248
0.523242
0.526871
0.531416
0.537347
0.545517
0.557764
0.579993
0.748182
0.795123
0.79977
0.799992
0.8
0.8
0.8
0.8
0.8
0.8
0.8
0.8
0.8
0.8
0.8
0.8
0.8
0.8
0.8
0.8
0.659621
0.642492
0.635809
0.63425
0.63816
0.651302
0.684931
0.750081
0.792307
0.799602
0.521112
0.523068
0.525275
0.527835
0.530911
0.534771
0.539868
0.547047
0.558199
0.579611
0.738509
0.793541
0.799697
0.79999
0.8
0.8
0.8
0.8
0.8
0.8
0.8
0.8
0.8
0.8
0.8
0.8
0.8
0.8
0.8
0.8
0.671029
0.654376
0.64629
0.643365
0.646259
0.65913
0.69404
0.756638
0.793429
0.799648
0.526857
0.528578
0.530448
0.532559
0.535054
0.538165
0.542292
0.548192
0.557602
0.576548
0.711203
0.789427
0.799548
0.799987
0.8
0.8
0.8
0.8
0.8
0.8
0.8
0.8
0.8
0.8
0.8
0.8
0.8
0.8
0.8
0.8
0.691204
0.673944
0.662533
0.656576
0.657232
0.668976
0.704103
0.762539
0.794298
0.799676
0.532889
0.534368
0.535904
0.537572
0.539491
0.541845
0.544947
0.549378
0.556447
0.57057
0.575317
0.580565
0.585539
0.590324
0.594968
0.5995
0.603945
0.608328
0.612677
0.617022
0.621394
0.625824
0.630359
0.635065
0.640045
0.645484
0.651746
0.659621
0.671029
0.691203
0.711673
0.703667
0.688475
0.677146
0.673497
0.682608
0.716255
0.768524
0.795083
0.799696
0.539361
0.5406
0.541817
0.543074
0.544463
0.546125
0.54829
0.551365
0.556171
0.564823
0.569316
0.573162
0.57679
0.580323
0.583808
0.587269
0.590728
0.594206
0.597731
0.601334
0.605047
0.608913
0.612989
0.617363
0.622169
0.627632
0.634146
0.642492
0.654376
0.673943
0.703667
0.720747
0.71699
0.705025
0.697111
0.702332
0.732097
0.775276
0.795897
0.799712
0.546483
0.547491
0.548419
0.549315
0.550251
0.551335
0.552735
0.554725
0.55778
0.562769
0.566829
0.570436
0.573843
0.577161
0.580438
0.583702
0.586975
0.590278
0.593636
0.597077
0.600628
0.604325
0.60822
0.612389
0.616953
0.622105
0.628181
0.635809
0.64629
0.662532
0.688474
0.716989
0.733578
0.733059
0.726438
0.72868
0.751853
0.782456
0.79674
0.799728
0.554581
0.555375
0.556049
0.556644
0.557218
0.557856
0.558688
0.559903
0.561783
0.564706
0.56784
0.570984
0.574116
0.577248
0.580391
0.583556
0.586758
0.590013
0.593342
0.596765
0.600304
0.603991
0.607872
0.612012
0.616508
0.62151
0.627271
0.63425
0.643365
0.656576
0.677146
0.705024
0.733058
0.749831
0.753428
0.756594
0.77116
0.788757
0.797516
0.799741
0.564224
0.564827
0.565288
0.565643
0.565943
0.566263
0.566708
0.567421
0.56859
0.570415
0.572716
0.575313
0.5781
0.581021
0.584046
0.587165
0.590377
0.593685
0.597098
0.600626
0.604289
0.608112
0.612131
0.616396
0.620981
0.625994
0.631614
0.63816
0.646259
0.657231
0.673496
0.69711
0.726437
0.753427
0.7691
0.776358
0.784589
0.793217
0.798144
0.799749
0.576574
0.577015
0.577304
0.577477
0.577584
0.577696
0.577908
0.578342
0.57914
0.580438
0.582241
0.584468
0.587032
0.589863
0.592911
0.596145
0.599545
0.6031
0.606809
0.610676
0.614716
0.618949
0.623406
0.628129
0.633177
0.63863
0.644604
0.651302
0.65913
0.668976
0.682607
0.702331
0.728679
0.756593
0.776358
0.78614
0.79166
0.795897
0.798606
0.799751
0.594286
0.59461
0.594778
0.594828
0.594817
0.594822
0.594938
0.595285
0.595989
0.597165
0.598866
0.601075
0.603737
0.606792
0.610184
0.613873
0.617832
0.622047
0.626519
0.631266
0.63632
0.641732
0.647566
0.6539
0.6608
0.668296
0.676361
0.684931
0.69404
0.704103
0.716255
0.732096
0.751852
0.771159
0.784588
0.79166
0.795215
0.797438
0.798943
0.79975
0.6238
0.624088
0.62421
0.624215
0.624175
0.624184
0.624355
0.624819
0.625709
0.627143
0.629197
0.631886
0.635188
0.639061
0.64347
0.648398
0.653855
0.659883
0.666562
0.674003
0.68232
0.691579
0.701711
0.712424
0.723184
0.73334
0.742372
0.750081
0.756638
0.762539
0.768524
0.775276
0.782455
0.788757
0.793217
0.795897
0.797438
0.798458
0.799234
0.799761
0.679701
0.680095
0.680285
0.68035
0.680392
0.680541
0.680949
0.68178
0.683204
0.685369
0.688385
0.692311
0.697168
0.702954
0.709657
0.717244
0.725634
0.734652
0.743994
0.753235
0.76191
0.769627
0.776155
0.781429
0.785512
0.788553
0.790748
0.792307
0.793429
0.794298
0.795083
0.795897
0.79674
0.797516
0.798144
0.798606
0.798943
0.799234
0.79953
0.799806
0.763403
0.763736
0.763918
0.764018
0.764123
0.764337
0.76478
0.765573
0.766824
0.768603
0.770924
0.773729
0.7769
0.780273
0.783663
0.786892
0.78981
0.792313
0.794354
0.795939
0.797118
0.797964
0.798555
0.79896
0.799232
0.799412
0.799528
0.799602
0.799648
0.799676
0.799696
0.799712
0.799728
0.799741
0.799749
0.799751
0.79975
0.799761
0.799806
0.799888
0.2
0.200013
0.202458
0.217303
0.242883
0.270304
0.295753
0.318467
0.338563
0.35635
0.372151
0.386259
0.39893
0.410394
0.420844
0.43043
0.439273
0.447477
0.45513
0.46231
0.469084
0.475514
0.481654
0.48756
0.493284
0.49888
0.504408
0.509933
0.515532
0.521297
0.527344
0.533826
0.540955
0.549056
0.558682
0.570918
0.588179
0.616364
0.669621
0.756011
0.200018
0.200815
0.208896
0.229107
0.254987
0.280842
0.304669
0.32608
0.345186
0.362228
0.377465
0.391141
0.40348
0.414688
0.424932
0.434346
0.44304
0.45111
0.45864
0.465701
0.472357
0.478665
0.484677
0.490444
0.496014
0.50144
0.506778
0.512093
0.517464
0.522988
0.528789
0.535028
0.541925
0.549811
0.559246
0.571321
0.588463
0.616597
0.669927
0.756312
0.202454
0.208892
0.224537
0.246872
0.271064
0.294488
0.316191
0.335944
0.353797
0.369894
0.384414
0.39754
0.409455
0.420327
0.430294
0.43947
0.447953
0.455831
0.463179
0.470064
0.476543
0.482667
0.488484
0.494039
0.499375
0.504542
0.509595
0.514599
0.51964
0.524824
0.530287
0.536205
0.542811
0.550445
0.559669
0.571576
0.588598
0.616677
0.67005
0.756458
0.217291
0.229101
0.246871
0.267666
0.289077
0.309812
0.329296
0.347321
0.363855
0.37895
0.392704
0.405239
0.416693
0.42719
0.436837
0.445733
0.453963
0.461608
0.468735
0.475402
0.481661
0.487556
0.493128
0.498413
0.503451
0.508284
0.512964
0.517559
0.522161
0.526893
0.531912
0.537418
0.543663
0.550998
0.559985
0.571716
0.58862
0.616649
0.670061
0.756521
0.242873
0.254983
0.271062
0.289076
0.307605
0.325809
0.343231
0.359638
0.37493
0.38908
0.402111
0.414087
0.42509
0.435204
0.444516
0.453111
0.461068
0.468457
0.47534
0.481767
0.487782
0.493423
0.498719
0.5037
0.508393
0.512832
0.517061
0.521149
0.525194
0.529341
0.533782
0.538759
0.544553
0.551528
0.560247
0.571791
0.588584
0.616582
0.670055
0.756594
0.270296
0.280839
0.294486
0.309811
0.325809
0.341831
0.35747
0.372479
0.386708
0.400065
0.412505
0.424014
0.434615
0.444368
0.453351
0.461645
0.469325
0.476454
0.483089
0.489274
0.495044
0.500428
0.505446
0.510112
0.514441
0.518448
0.522166
0.52565
0.529006
0.532401
0.536085
0.54037
0.545588
0.552121
0.560528
0.571872
0.588564
0.616561
0.670151
0.756783
0.295749
0.304667
0.31619
0.329296
0.34323
0.35747
0.371657
0.385551
0.398979
0.411803
0.423877
0.435064
0.445346
0.454784
0.463465
0.471475
0.47889
0.485774
0.492178
0.498141
0.503691
0.508846
0.513614
0.517994
0.521978
0.525557
0.528731
0.531531
0.534048
0.536472
0.53913
0.54248
0.546936
0.552905
0.560932
0.572052
0.588654
0.616695
0.670487
0.757213
0.318464
0.326078
0.335943
0.347321
0.359638
0.372479
0.38555
0.398652
0.411632
0.424316
0.436399
0.447488
0.457568
0.466755
0.475173
0.482931
0.490113
0.496786
0.502999
0.508788
0.514175
0.519168
0.523762
0.527937
0.531659
0.534881
0.537549
0.53963
0.541153
0.542298
0.543492
0.545491
0.548869
0.554069
0.561603
0.572452
0.588967
0.617106
0.671216
0.758011
0.33856
0.345185
0.353796
0.363854
0.37493
0.386707
0.398979
0.411632
0.424611
0.437799
0.450718
0.462053
0.472071
0.481076
0.489282
0.496834
0.503836
0.510361
0.516459
0.522165
0.527496
0.532454
0.537023
0.541167
0.544822
0.547892
0.550243
0.551708
0.552142
0.551562
0.550441
0.550203
0.551849
0.55589
0.562725
0.573212
0.589628
0.617919
0.672489
0.759292
0.356348
0.362227
0.369894
0.37895
0.38908
0.400065
0.411803
0.424316
0.437799
0.452755
0.469725
0.481717
0.491768
0.500651
0.508711
0.516144
0.523073
0.529583
0.535729
0.541547
0.547056
0.552258
0.557132
0.561636
0.565686
0.569145
0.571783
0.57322
0.572854
0.569903
0.564133
0.558603
0.556693
0.558725
0.564492
0.574465
0.590745
0.619243
0.674441
0.761137
0.37215
0.377464
0.384414
0.392704
0.402111
0.412505
0.423877
0.436399
0.450719
0.469725
0.751644
0.759567
0.754206
0.750868
0.748915
0.747827
0.74733
0.747252
0.747472
0.747895
0.748435
0.749008
0.749519
0.749847
0.749821
0.749166
0.747355
0.743152
0.73282
0.703914
0.568868
0.562999
0.56065
0.561777
0.566732
0.576213
0.592367
0.621144
0.677163
0.763572
0.386258
0.39114
0.39754
0.405239
0.414086
0.424014
0.435064
0.447488
0.462053
0.481717
0.759567
0.795883
0.796999
0.796441
0.796015
0.795729
0.79555
0.795453
0.795417
0.795424
0.795457
0.795501
0.795537
0.795544
0.79549
0.795327
0.794957
0.794158
0.792293
0.787463
0.57418
0.566781
0.564174
0.564846
0.569269
0.578379
0.594475
0.62363
0.680701
0.766557
0.39893
0.40348
0.409454
0.416693
0.42509
0.434615
0.445346
0.457568
0.472071
0.491768
0.754206
0.796999
0.799796
0.79986
0.799835
0.799814
0.7998
0.799791
0.799786
0.799784
0.799784
0.799785
0.799786
0.799786
0.799782
0.799772
0.799751
0.799707
0.799616
0.799431
0.579178
0.570344
0.567504
0.56791
0.571997
0.580872
0.597011
0.626669
0.685063
0.769989
0.410394
0.414688
0.420327
0.42719
0.435204
0.444368
0.454784
0.466755
0.481076
0.500651
0.750868
0.796441
0.79986
0.799992
0.799995
0.799994
0.799993
0.799993
0.799992
0.799992
0.799992
0.799992
0.799992
0.799992
0.799992
0.799992
0.799991
0.79999
0.799987
0.799983
0.583953
0.573806
0.570746
0.570976
0.574857
0.583618
0.59991
0.630211
0.690239
0.773721
0.420843
0.424932
0.430294
0.436837
0.444516
0.453351
0.463465
0.475173
0.489282
0.508711
0.748914
0.796015
0.799835
0.799995
0.8
0.8
0.8
0.8
0.8
0.8
0.8
0.8
0.8
0.8
0.8
0.8
0.8
0.8
0.8
0.8
0.588564
0.577212
0.573947
0.574053
0.577817
0.586565
0.603113
0.634207
0.696216
0.777575
0.430429
0.434346
0.43947
0.445733
0.453111
0.461645
0.471475
0.482931
0.496835
0.516144
0.747827
0.795729
0.799814
0.799994
0.8
0.8
0.8
0.8
0.8
0.8
0.8
0.8
0.8
0.8
0.8
0.8
0.8
0.8
0.8
0.8
0.593046
0.580589
0.577133
0.57715
0.580861
0.589678
0.606573
0.638617
0.702984
0.781369
0.439273
0.44304
0.447953
0.453963
0.461068
0.469325
0.47889
0.490113
0.503836
0.523074
0.74733
0.79555
0.7998
0.799993
0.8
0.8
0.8
0.8
0.8
0.8
0.8
0.8
0.8
0.8
0.8
0.8
0.8
0.8
0.8
0.8
0.597427
0.583956
0.580323
0.580277
0.583982
0.592931
0.610255
0.643422
0.710523
0.784933
0.447477
0.45111
0.455831
0.461608
0.468457
0.476454
0.485774
0.496786
0.510361
0.529583
0.747252
0.795453
0.799791
0.799993
0.8
0.8
0.8
0.8
0.8
0.8
0.8
0.8
0.8
0.8
0.8
0.8
0.8
0.8
0.8
0.8
0.601734
0.587334
0.583536
0.583446
0.587181
0.596311
0.614135
0.648627
0.718774
0.788131
0.45513
0.45864
0.463179
0.468735
0.47534
0.483089
0.492178
0.502999
0.516459
0.535729
0.747472
0.795417
0.799786
0.799992
0.8
0.8
0.8
0.8
0.8
0.8
0.8
0.8
0.8
0.8
0.8
0.8
0.8
0.8
0.8
0.8
0.605993
0.590746
0.586791
0.586671
0.590461
0.59981
0.618199
0.65426
0.727595
0.790873
0.46231
0.465701
0.470064
0.475402
0.481767
0.489274
0.498141
0.508788
0.522165
0.541547
0.747895
0.795424
0.799784
0.799992
0.8
0.8
0.8
0.8
0.8
0.8
0.8
0.8
0.8
0.8
0.8
0.8
0.8
0.8
0.8
0.8
0.610231
0.594221
0.590112
0.589969
0.59383
0.603425
0.622443
0.660378
0.736729
0.793119
0.469084
0.472357
0.476543
0.481661
0.487782
0.495044
0.503691
0.514175
0.527496
0.547056
0.748435
0.795457
0.799784
0.799992
0.8
0.8
0.8
0.8
0.8
0.8
0.8
0.8
0.8
0.8
0.8
0.8
0.8
0.8
0.8
0.8
0.614476
0.597789
0.593523
0.593359
0.5973
0.607159
0.626872
0.667056
0.745804
0.794882
0.475514
0.478665
0.482667
0.487556
0.493423
0.500428
0.508846
0.519168
0.532454
0.552258
0.749008
0.795501
0.799785
0.799992
0.8
0.8
0.8
0.8
0.8
0.8
0.8
0.8
0.8
0.8
0.8
0.8
0.8
0.8
0.8
0.8
0.618757
0.601491
0.597056
0.596867
0.600889
0.611016
0.631497
0.674363
0.754394
0.796213
0.481654
0.484677
0.488484
0.493128
0.498719
0.505446
0.513614
0.523762
0.537023
0.557133
0.749519
0.795537
0.799786
0.799992
0.8
0.8
0.8
0.8
0.8
0.8
0.8
0.8
0.8
0.8
0.8
0.8
0.8
0.8
0.8
0.8
0.623111
0.605379
0.600757
0.60053
0.604619
0.615008
0.636341
0.682326
0.762127
0.797187
0.48756
0.490444
0.494039
0.498414
0.5037
0.510112
0.517994
0.527937
0.541167
0.561636
0.749847
0.795544
0.799786
0.799992
0.8
0.8
0.8
0.8
0.8
0.8
0.8
0.8
0.8
0.8
0.8
0.8
0.8
0.8
0.8
0.8
0.627591
0.609527
0.604689
0.604398
0.608524
0.619152
0.641426
0.690867
0.768762
0.79788
0.493284
0.496014
0.499375
0.503452
0.508393
0.514441
0.521978
0.531659
0.544822
0.565686
0.749821
0.79549
0.799782
0.799992
0.8
0.8
0.8
0.8
0.8
0.8
0.8
0.8
0.8
0.8
0.8
0.8
0.8
0.8
0.8
0.8
0.632278
0.614049
0.608951
0.608545
0.612653
0.623476
0.646775
0.699747
0.774205
0.798364
0.498881
0.50144
0.504542
0.508284
0.512832
0.518449
0.525557
0.534881
0.547892
0.569145
0.749166
0.795327
0.799772
0.799992
0.8
0.8
0.8
0.8
0.8
0.8
0.8
0.8
0.8
0.8
0.8
0.8
0.8
0.8
0.8
0.8
0.637306
0.619131
0.6137
0.613088
0.617082
0.62802
0.652392
0.708559
0.778482
0.798692
0.504408
0.506778
0.509595
0.512964
0.517061
0.522166
0.528731
0.53755
0.550243
0.571783
0.747355
0.794957
0.799751
0.799991
0.8
0.8
0.8
0.8
0.8
0.8
0.8
0.8
0.8
0.8
0.8
0.8
0.8
0.8
0.8
0.8
0.642933
0.625089
0.619205
0.618222
0.621935
0.632848
0.658259
0.716807
0.781694
0.798907
0.509933
0.512093
0.514599
0.517559
0.521149
0.52565
0.531532
0.53963
0.551709
0.573221
0.743152
0.794158
0.799707
0.79999
0.8
0.8
0.8
0.8
0.8
0.8
0.8
0.8
0.8
0.8
0.8
0.8
0.8
0.8
0.8
0.8
0.649713
0.632527
0.62596
0.624297
0.627445
0.638088
0.664341
0.72408
0.783992
0.799039
0.515532
0.517464
0.51964
0.522161
0.525194
0.529006
0.534048
0.541153
0.552142
0.572854
0.73282
0.792293
0.799616
0.799987
0.8
0.8
0.8
0.8
0.8
0.8
0.8
0.8
0.8
0.8
0.8
0.8
0.8
0.8
0.8
0.8
0.659016
0.642753
0.634977
0.63202
0.63407
0.644008
0.670663
0.73023
0.785563
0.799108
0.521297
0.522989
0.524824
0.526893
0.529341
0.532402
0.536472
0.542298
0.551562
0.569903
0.703914
0.787463
0.799431
0.799983
0.8
0.8
0.8
0.8
0.8
0.8
0.8
0.8
0.8
0.8
0.8
0.8
0.8
0.8
0.8
0.8
0.674946
0.659093
0.64861
0.642951
0.642817
0.651229
0.677484
0.735496
0.786625
0.799132
0.527344
0.52879
0.530287
0.531912
0.533782
0.536085
0.53913
0.543492
0.550441
0.564133
0.568868
0.574181
0.579178
0.583953
0.588564
0.593046
0.597427
0.601734
0.605993
0.610231
0.614476
0.618757
0.623111
0.627591
0.632278
0.637305
0.642933
0.649713
0.659016
0.674945
0.690897
0.683656
0.670305
0.659918
0.65568
0.661086
0.685628
0.740585
0.787447
0.799126
0.533826
0.535028
0.536205
0.537418
0.538759
0.54037
0.54248
0.545491
0.550203
0.558603
0.562999
0.566781
0.570344
0.573806
0.577213
0.580589
0.583956
0.587334
0.590746
0.594221
0.59779
0.601492
0.605379
0.609527
0.614049
0.619131
0.625088
0.632527
0.642753
0.659092
0.683656
0.697278
0.693784
0.682902
0.674474
0.675521
0.696676
0.746653
0.788342
0.799103
0.540955
0.541925
0.542812
0.543664
0.544553
0.545588
0.546937
0.548869
0.551849
0.556694
0.56065
0.564174
0.567504
0.570746
0.573947
0.577133
0.580323
0.583536
0.586792
0.590112
0.593523
0.597056
0.600757
0.604689
0.608951
0.6137
0.619205
0.62596
0.634977
0.64861
0.670304
0.693784
0.707191
0.706062
0.698324
0.695849
0.712406
0.754932
0.789558
0.799075
0.549056
0.549811
0.550445
0.550998
0.551528
0.552121
0.552905
0.554069
0.55589
0.558725
0.561777
0.564846
0.56791
0.570976
0.574053
0.57715
0.580277
0.583446
0.586671
0.589969
0.593359
0.596867
0.60053
0.604398
0.608545
0.613088
0.618222
0.624297
0.632019
0.64295
0.659918
0.682901
0.706061
0.720168
0.721899
0.720691
0.733184
0.765328
0.791093
0.799038
0.558682
0.559247
0.559669
0.559986
0.560247
0.560528
0.560932
0.561603
0.562725
0.564492
0.566732
0.569269
0.571997
0.574857
0.577817
0.580861
0.583982
0.587181
0.590461
0.59383
0.5973
0.600889
0.604619
0.608524
0.612653
0.617081
0.621935
0.627445
0.63407
0.642817
0.655679
0.674473
0.698323
0.721898
0.73733
0.744165
0.754808
0.775689
0.792662
0.798974
0.570918
0.571321
0.571576
0.571716
0.571792
0.571872
0.572052
0.572452
0.573212
0.574465
0.576214
0.578379
0.580872
0.583618
0.586566
0.589678
0.592931
0.596311
0.59981
0.603426
0.607159
0.611016
0.615008
0.619152
0.623476
0.62802
0.632848
0.638088
0.644008
0.651229
0.661086
0.67552
0.695848
0.72069
0.744164
0.759775
0.770969
0.783579
0.793947
0.798853
0.588179
0.588463
0.588598
0.58862
0.588584
0.588564
0.588654
0.588967
0.589628
0.590745
0.592368
0.594475
0.597011
0.59991
0.603113
0.606573
0.610255
0.614135
0.618199
0.622443
0.626872
0.631497
0.636341
0.641426
0.646775
0.652392
0.658259
0.664341
0.670662
0.677483
0.685627
0.696675
0.712405
0.733183
0.754808
0.770969
0.781026
0.788695
0.794895
0.798663
0.616364
0.616598
0.616677
0.61665
0.616582
0.616561
0.616695
0.617106
0.617919
0.619244
0.621144
0.62363
0.626669
0.630211
0.634207
0.638617
0.643422
0.648627
0.65426
0.660378
0.667056
0.674363
0.682326
0.690867
0.699747
0.708559
0.716806
0.724079
0.73023
0.735496
0.740584
0.746652
0.754931
0.765327
0.775688
0.783579
0.788695
0.792465
0.795818
0.798488
0.669621
0.669927
0.67005
0.670061
0.670055
0.670151
0.670487
0.671216
0.672489
0.674441
0.677163
0.680701
0.685063
0.690239
0.696216
0.702984
0.710523
0.718773
0.727594
0.736729
0.745803
0.754394
0.762127
0.768761
0.774205
0.778482
0.781694
0.783992
0.785563
0.786625
0.787447
0.788341
0.789558
0.791093
0.792661
0.793947
0.794895
0.795818
0.797074
0.798562
0.756011
0.756312
0.756458
0.756521
0.756594
0.756783
0.757213
0.758011
0.759292
0.761137
0.763572
0.766557
0.769989
0.773721
0.777575
0.781369
0.784933
0.788131
0.790873
0.793119
0.794882
0.796213
0.797187
0.79788
0.798364
0.798692
0.798907
0.799039
0.799108
0.799132
0.799126
0.799103
0.799075
0.799038
0.798974
0.798853
0.798663
0.798488
0.798562
0.799026
)
;

boundaryField
{
    left
    {
        type            fixedValue;
        value           uniform 0;
    }
    right
    {
        type            fixedValue;
        value           uniform 0;
    }
    up
    {
        type            fixedValue;
        value           uniform 0;
    }
    down
    {
        type            fixedValue;
        value           uniform 0;
    }
    front
    {
        type            fixedValue;
        value           uniform 0;
    }
    back
    {
        type            fixedValue;
        value           uniform 0;
    }
}


// ************************************************************************* //
