/*--------------------------------*- C++ -*----------------------------------*\
| =========                 |                                                 |
| \\      /  F ield         | OpenFOAM: The Open Source CFD Toolbox           |
|  \\    /   O peration     | Version:  2.1.0                                 |
|   \\  /    A nd           | Web:      www.OpenFOAM.org                      |
|    \\/     M anipulation  |                                                 |
\*---------------------------------------------------------------------------*/
FoamFile
{
    version     2.0;
    format      ascii;
    class       volScalarField;
    location    "28105";
    object      sw;
}
// * * * * * * * * * * * * * * * * * * * * * * * * * * * * * * * * * * * * * //

dimensions      [0 0 0 0 0 0 0];

internalField   nonuniform List<scalar> 
8000
(
0.717617
0.704253
0.687818
0.67035
0.652956
0.636188
0.620289
0.605344
0.591351
0.578265
0.566048
0.554661
0.544057
0.534177
0.524959
0.516339
0.50826
0.500662
0.493482
0.486663
0.48015
0.473889
0.467831
0.461923
0.45611
0.450332
0.444518
0.438581
0.432412
0.425863
0.418727
0.410694
0.401272
0.38962
0.374206
0.352176
0.318992
0.271513
0.223098
0.202627
0.704254
0.692227
0.677358
0.66136
0.645223
0.629473
0.614377
0.600051
0.586525
0.573794
0.561851
0.550679
0.540245
0.530503
0.521397
0.512869
0.50487
0.49734
0.49022
0.483455
0.476994
0.470788
0.46479
0.458951
0.453221
0.447543
0.441849
0.436056
0.430052
0.423688
0.416748
0.408914
0.39968
0.388186
0.372864
0.3508
0.317419
0.269881
0.222221
0.202495
0.687819
0.677358
0.664296
0.65001
0.635351
0.620816
0.606687
0.59311
0.58015
0.567852
0.556248
0.545346
0.535129
0.525566
0.51661
0.508214
0.500333
0.492907
0.485884
0.479211
0.472844
0.466737
0.460851
0.455141
0.449565
0.44407
0.438593
0.433051
0.427331
0.421273
0.41465
0.407126
0.398176
0.38692
0.37176
0.349726
0.316217
0.268658
0.221575
0.202398
0.67035
0.661361
0.65001
0.637375
0.624174
0.610859
0.597711
0.584892
0.572512
0.560664
0.549412
0.538793
0.528811
0.519444
0.510659
0.50242
0.494677
0.487377
0.480471
0.473912
0.467662
0.461683
0.45594
0.450402
0.445032
0.439788
0.434613
0.429427
0.424112
0.418496
0.412328
0.405242
0.396689
0.385764
0.370835
0.348889
0.315298
0.267721
0.221079
0.202322
0.652957
0.645224
0.635351
0.624174
0.612284
0.600082
0.587825
0.575696
0.563846
0.552403
0.541468
0.531106
0.521341
0.512164
0.503555
0.495476
0.487875
0.480703
0.473915
0.467472
0.461339
0.455489
0.449899
0.444547
0.439411
0.434465
0.429664
0.424936
0.420162
0.415149
0.40961
0.403128
0.395112
0.384624
0.370003
0.348189
0.314536
0.266921
0.220639
0.202252
0.636189
0.629474
0.620816
0.610859
0.600082
0.588818
0.57731
0.565756
0.55433
0.54319
0.532477
0.522298
0.512699
0.503685
0.495234
0.487296
0.479819
0.472755
0.466063
0.459707
0.453664
0.447913
0.442445
0.437256
0.432345
0.42771
0.423333
0.419162
0.415085
0.410886
0.406217
0.400568
0.393276
0.383363
0.369131
0.347483
0.31376
0.266071
0.220148
0.202171
0.62029
0.614377
0.606687
0.597711
0.587825
0.57731
0.566391
0.555258
0.54409
0.53307
0.522403
0.512273
0.502755
0.493852
0.485511
0.47767
0.470271
0.463264
0.456608
0.450276
0.444247
0.438514
0.433082
0.427971
0.42321
0.418838
0.414886
0.411354
0.408161
0.405076
0.401655
0.397197
0.390913
0.381766
0.36803
0.346574
0.312745
0.264944
0.219482
0.202063
0.605344
0.600051
0.59311
0.584892
0.575696
0.565756
0.555258
0.544358
0.533204
0.521991
0.511027
0.500724
0.491163
0.482273
0.473959
0.466132
0.45872
0.451669
0.444935
0.438491
0.432323
0.426435
0.420849
0.415612
0.410798
0.406511
0.402874
0.400001
0.397916
0.396424
0.39494
0.392329
0.387557
0.379502
0.366426
0.345197
0.311212
0.263276
0.21852
0.201911
0.591351
0.586525
0.58015
0.572512
0.563846
0.55433
0.54409
0.533204
0.521718
0.50972
0.497646
0.486795
0.476982
0.467949
0.459512
0.451538
0.443932
0.436623
0.429562
0.422716
0.41607
0.409634
0.403448
0.397592
0.392201
0.387482
0.383724
0.381295
0.380544
0.381541
0.383586
0.384421
0.382323
0.376036
0.363942
0.343019
0.308837
0.260796
0.217165
0.201709
0.578266
0.573794
0.567852
0.560664
0.552403
0.54319
0.53307
0.521991
0.50972
0.495692
0.479189
0.467139
0.456718
0.447207
0.438269
0.429704
0.421371
0.413163
0.404997
0.396808
0.388554
0.380219
0.371826
0.363465
0.355345
0.347874
0.341764
0.338156
0.338672
0.345001
0.357099
0.36859
0.373245
0.370535
0.360117
0.339684
0.305305
0.257281
0.215383
0.201462
0.566049
0.561851
0.556248
0.549412
0.541469
0.532477
0.522403
0.511027
0.497646
0.479189
0.232034
0.224383
0.226637
0.227483
0.227394
0.22671
0.225622
0.224257
0.222707
0.22105
0.219352
0.217676
0.216088
0.214658
0.213475
0.212665
0.212447
0.213291
0.216509
0.22664
0.351279
0.360952
0.365916
0.364571
0.355226
0.335079
0.300435
0.252636
0.213235
0.201189
0.554662
0.550679
0.545346
0.538793
0.531106
0.522298
0.512273
0.500724
0.486795
0.467139
0.224383
0.201621
0.201082
0.201196
0.201241
0.201227
0.201173
0.201093
0.200998
0.200897
0.200796
0.200702
0.200618
0.200549
0.200498
0.20047
0.200477
0.200545
0.200751
0.201308
0.344851
0.35445
0.359304
0.358414
0.349494
0.329235
0.294201
0.246956
0.21088
0.200917
0.544057
0.540245
0.53513
0.528811
0.521341
0.512699
0.502755
0.491163
0.476981
0.456718
0.226638
0.201082
0.200053
0.200033
0.200035
0.200036
0.200034
0.200032
0.200029
0.200026
0.200023
0.20002
0.200017
0.200015
0.200014
0.200013
0.200013
0.200016
0.200022
0.200035
0.338022
0.348039
0.35281
0.351976
0.342985
0.322204
0.286689
0.24051
0.208526
0.20067
0.534177
0.530503
0.525566
0.519444
0.512164
0.503685
0.493852
0.482273
0.467949
0.447207
0.227483
0.201196
0.200033
0.200001
0.200001
0.200001
0.200001
0.200001
0.200001
0.200001
0.200001
0.2
0.2
0.2
0.2
0.2
0.2
0.2
0.2
0.200001
0.330808
0.341409
0.346125
0.345111
0.335669
0.314038
0.278083
0.233698
0.206369
0.200466
0.524959
0.521397
0.51661
0.510659
0.503555
0.495234
0.485511
0.473959
0.459512
0.438269
0.227394
0.201241
0.200035
0.200001
0.2
0.2
0.2
0.2
0.2
0.2
0.2
0.2
0.2
0.2
0.2
0.2
0.2
0.2
0.2
0.2
0.323186
0.3344
0.339048
0.337666
0.32747
0.304823
0.268661
0.226972
0.204546
0.20031
0.516339
0.512869
0.508214
0.50242
0.495476
0.487296
0.47767
0.466132
0.451538
0.429704
0.22671
0.201227
0.200036
0.200001
0.2
0.2
0.2
0.2
0.2
0.2
0.2
0.2
0.2
0.2
0.2
0.2
0.2
0.2
0.2
0.2
0.315096
0.326887
0.33141
0.329493
0.318331
0.294763
0.258806
0.220753
0.203111
0.200198
0.50826
0.50487
0.500333
0.494677
0.487875
0.479819
0.470271
0.45872
0.443932
0.421371
0.225622
0.201173
0.200034
0.200001
0.2
0.2
0.2
0.2
0.2
0.2
0.2
0.2
0.2
0.2
0.2
0.2
0.2
0.2
0.2
0.2
0.306483
0.318755
0.323068
0.320476
0.308279
0.284207
0.248975
0.215346
0.202051
0.200122
0.500662
0.49734
0.492907
0.487377
0.480703
0.472755
0.463264
0.451669
0.436623
0.413163
0.224257
0.201093
0.200032
0.200001
0.2
0.2
0.2
0.2
0.2
0.2
0.2
0.2
0.2
0.2
0.2
0.2
0.2
0.2
0.2
0.2
0.297332
0.309924
0.313928
0.310585
0.297516
0.273416
0.239637
0.210911
0.201309
0.200073
0.493482
0.49022
0.485884
0.480471
0.473915
0.466063
0.456608
0.444935
0.429562
0.404997
0.222707
0.200998
0.200029
0.200001
0.2
0.2
0.2
0.2
0.2
0.2
0.2
0.2
0.2
0.2
0.2
0.2
0.2
0.2
0.2
0.2
0.287724
0.300409
0.304006
0.299965
0.286501
0.262719
0.231177
0.207473
0.200815
0.200043
0.486663
0.483455
0.479211
0.473913
0.467472
0.459707
0.450276
0.438491
0.422716
0.396808
0.22105
0.200897
0.200026
0.200001
0.2
0.2
0.2
0.2
0.2
0.2
0.2
0.2
0.2
0.2
0.2
0.2
0.2
0.2
0.2
0.2
0.277868
0.290386
0.293518
0.289016
0.275634
0.252485
0.223824
0.204951
0.200498
0.200025
0.48015
0.476994
0.472844
0.467662
0.461339
0.453664
0.444247
0.432323
0.41607
0.388554
0.219352
0.200796
0.200023
0.200001
0.2
0.2
0.2
0.2
0.2
0.2
0.2
0.2
0.2
0.2
0.2
0.2
0.2
0.2
0.2
0.2
0.267907
0.280177
0.282905
0.278236
0.2651
0.243019
0.217653
0.203196
0.200301
0.200014
0.473889
0.470788
0.466737
0.461683
0.455489
0.447913
0.438514
0.426435
0.409634
0.380219
0.217676
0.200702
0.20002
0.2
0.2
0.2
0.2
0.2
0.2
0.2
0.2
0.2
0.2
0.2
0.2
0.2
0.2
0.2
0.2
0.2
0.258022
0.269929
0.272418
0.267772
0.255104
0.234505
0.212645
0.202029
0.200181
0.200008
0.467831
0.46479
0.460851
0.45594
0.449899
0.442445
0.433082
0.420849
0.403448
0.371826
0.216088
0.200618
0.200017
0.2
0.2
0.2
0.2
0.2
0.2
0.2
0.2
0.2
0.2
0.2
0.2
0.2
0.2
0.2
0.2
0.2
0.248474
0.259821
0.262199
0.257767
0.245806
0.227001
0.208742
0.201277
0.20011
0.200005
0.461923
0.458951
0.455141
0.450402
0.444547
0.437256
0.427971
0.415612
0.397592
0.363465
0.214658
0.200549
0.200015
0.2
0.2
0.2
0.2
0.2
0.2
0.2
0.2
0.2
0.2
0.2
0.2
0.2
0.2
0.2
0.2
0.2
0.239503
0.250056
0.252395
0.248322
0.237262
0.220496
0.205849
0.200803
0.200067
0.200003
0.45611
0.453221
0.449565
0.445032
0.439411
0.432345
0.42321
0.410798
0.392201
0.355345
0.213475
0.200498
0.200014
0.2
0.2
0.2
0.2
0.2
0.2
0.2
0.2
0.2
0.2
0.2
0.2
0.2
0.2
0.2
0.2
0.2
0.231225
0.240755
0.243063
0.239437
0.22945
0.214969
0.203816
0.200508
0.200042
0.200002
0.450332
0.447543
0.44407
0.439788
0.434465
0.42771
0.418838
0.406511
0.387482
0.347874
0.212665
0.20047
0.200013
0.2
0.2
0.2
0.2
0.2
0.2
0.2
0.2
0.2
0.2
0.2
0.2
0.2
0.2
0.2
0.2
0.2
0.223619
0.231908
0.234145
0.231041
0.222333
0.210422
0.202445
0.200324
0.200027
0.200001
0.444518
0.441849
0.438593
0.434613
0.429664
0.423333
0.414886
0.402874
0.383724
0.341764
0.212447
0.200477
0.200013
0.2
0.2
0.2
0.2
0.2
0.2
0.2
0.2
0.2
0.2
0.2
0.2
0.2
0.2
0.2
0.2
0.2
0.216634
0.22344
0.225545
0.223079
0.215941
0.20685
0.20154
0.200209
0.200018
0.200001
0.438581
0.436056
0.433051
0.429427
0.424936
0.419162
0.411354
0.400001
0.381295
0.338156
0.213291
0.200545
0.200016
0.2
0.2
0.2
0.2
0.2
0.2
0.2
0.2
0.2
0.2
0.2
0.2
0.2
0.2
0.2
0.2
0.2
0.210404
0.21545
0.217344
0.215672
0.210422
0.204208
0.200948
0.200135
0.200012
0.200001
0.432412
0.430052
0.427331
0.424112
0.420162
0.415085
0.40816
0.397916
0.380544
0.338672
0.216509
0.200751
0.200022
0.2
0.2
0.2
0.2
0.2
0.2
0.2
0.2
0.2
0.2
0.2
0.2
0.2
0.2
0.2
0.2
0.2
0.205407
0.208534
0.210085
0.209273
0.206039
0.202385
0.200562
0.200086
0.200008
0.2
0.425863
0.423688
0.421273
0.418496
0.415149
0.410886
0.405076
0.396424
0.381541
0.345001
0.226641
0.201308
0.200035
0.200001
0.2
0.2
0.2
0.2
0.2
0.2
0.2
0.2
0.2
0.2
0.2
0.2
0.2
0.2
0.2
0.2
0.202158
0.203657
0.204717
0.204561
0.203017
0.201231
0.200315
0.200053
0.200006
0.2
0.418727
0.416748
0.41465
0.412327
0.40961
0.406217
0.401655
0.39494
0.383586
0.357099
0.351279
0.344851
0.338022
0.330809
0.323186
0.315096
0.306483
0.297332
0.287724
0.277868
0.267907
0.258022
0.248475
0.239504
0.231225
0.223619
0.216634
0.210404
0.205408
0.202158
0.200916
0.201215
0.201741
0.201836
0.201292
0.20057
0.200163
0.200032
0.200004
0.2
0.410694
0.408914
0.407126
0.405242
0.403128
0.400568
0.397197
0.392328
0.384421
0.36859
0.360952
0.35445
0.348039
0.341409
0.3344
0.326888
0.318755
0.309924
0.30041
0.290386
0.280177
0.26993
0.259821
0.250056
0.240756
0.231909
0.22344
0.21545
0.208534
0.203657
0.201215
0.200569
0.200583
0.200633
0.200482
0.200237
0.20008
0.200019
0.200003
0.2
0.401272
0.39968
0.398175
0.396689
0.395111
0.393276
0.390913
0.387557
0.382323
0.373245
0.365916
0.359304
0.35281
0.346125
0.339048
0.33141
0.323069
0.313928
0.304006
0.293518
0.282906
0.272418
0.2622
0.252396
0.243064
0.234145
0.225545
0.217344
0.210085
0.204717
0.201741
0.200583
0.200272
0.200215
0.200167
0.200096
0.200039
0.200011
0.200002
0.2
0.38962
0.388186
0.38692
0.385764
0.384624
0.383363
0.381766
0.379501
0.376036
0.370535
0.364571
0.358414
0.351976
0.345111
0.337666
0.329493
0.320476
0.310585
0.299965
0.289016
0.278236
0.267772
0.257768
0.248322
0.239438
0.231041
0.223079
0.215672
0.209273
0.204561
0.201836
0.200633
0.200215
0.200099
0.200064
0.20004
0.200019
0.200007
0.200001
0.2
0.374206
0.372864
0.37176
0.370835
0.370003
0.369131
0.36803
0.366426
0.363942
0.360117
0.355226
0.349494
0.342985
0.335669
0.32747
0.318332
0.308279
0.297517
0.286501
0.275634
0.2651
0.255105
0.245806
0.237262
0.22945
0.222333
0.215941
0.210422
0.206039
0.203017
0.201292
0.200482
0.200167
0.200064
0.200031
0.200018
0.20001
0.200004
0.200001
0.2
0.352176
0.3508
0.349726
0.348888
0.348189
0.347483
0.346574
0.345197
0.343019
0.339684
0.335079
0.329234
0.322204
0.314038
0.304823
0.294764
0.284208
0.273416
0.26272
0.252485
0.243019
0.234505
0.227002
0.220496
0.214969
0.210422
0.206851
0.204208
0.202385
0.201231
0.20057
0.200237
0.200096
0.20004
0.200018
0.200009
0.200005
0.200002
0.200001
0.2
0.318992
0.317419
0.316217
0.315298
0.314536
0.31376
0.312745
0.311212
0.308837
0.305305
0.300435
0.294201
0.286689
0.278083
0.268661
0.258806
0.248975
0.239637
0.231178
0.223825
0.217653
0.212645
0.208742
0.205849
0.203816
0.202445
0.20154
0.200948
0.200562
0.200315
0.200163
0.20008
0.200039
0.200019
0.20001
0.200005
0.200003
0.200001
0.200001
0.2
0.271513
0.269881
0.268658
0.267721
0.266921
0.266071
0.264943
0.263276
0.260796
0.257281
0.252636
0.246956
0.24051
0.233698
0.226972
0.220753
0.215346
0.210911
0.207473
0.204951
0.203196
0.202029
0.201277
0.200803
0.200508
0.200324
0.200209
0.200135
0.200086
0.200053
0.200032
0.200019
0.200011
0.200007
0.200004
0.200002
0.200001
0.200001
0.2
0.2
0.223098
0.222221
0.221575
0.221078
0.220639
0.220148
0.219482
0.21852
0.217165
0.215383
0.213235
0.21088
0.208526
0.206369
0.204546
0.203111
0.202051
0.201309
0.200815
0.200498
0.200301
0.200181
0.20011
0.200067
0.200042
0.200027
0.200018
0.200012
0.200008
0.200006
0.200004
0.200003
0.200002
0.200001
0.200001
0.200001
0.200001
0.2
0.2
0.2
0.202627
0.202495
0.202398
0.202322
0.202252
0.202171
0.202063
0.201911
0.201709
0.201462
0.201189
0.200917
0.20067
0.200466
0.20031
0.200198
0.200122
0.200073
0.200043
0.200025
0.200014
0.200008
0.200005
0.200003
0.200002
0.200001
0.200001
0.200001
0.2
0.2
0.2
0.2
0.2
0.2
0.2
0.2
0.2
0.2
0.2
0.2
0.772055
0.75734
0.737244
0.715167
0.693291
0.672615
0.653481
0.635943
0.61993
0.605321
0.591973
0.579737
0.568491
0.558132
0.548562
0.539691
0.531426
0.523692
0.516424
0.509559
0.503038
0.496807
0.490815
0.48501
0.47934
0.473749
0.468176
0.462548
0.456778
0.450757
0.444345
0.437355
0.429535
0.420536
0.409834
0.39639
0.377039
0.342058
0.277964
0.214918
0.757343
0.742887
0.724215
0.70399
0.683843
0.664589
0.64657
0.629889
0.614528
0.600412
0.587432
0.575475
0.564447
0.554263
0.544838
0.536087
0.527922
0.520278
0.513093
0.506305
0.49986
0.493709
0.487802
0.482094
0.476536
0.471076
0.465655
0.460201
0.454627
0.44882
0.442633
0.435869
0.428268
0.41947
0.408946
0.395659
0.376426
0.341399
0.277127
0.214577
0.737246
0.724214
0.707747
0.689857
0.671799
0.654267
0.637611
0.621986
0.607432
0.593926
0.581402
0.569798
0.559055
0.549106
0.539879
0.531294
0.523276
0.515767
0.508707
0.502042
0.495723
0.489703
0.483942
0.478397
0.473027
0.467784
0.46261
0.457437
0.452171
0.446689
0.440831
0.434385
0.427074
0.418526
0.408209
0.395096
0.376002
0.340975
0.276571
0.214342
0.715167
0.70399
0.689858
0.6743
0.658318
0.642522
0.627263
0.612732
0.599017
0.586141
0.574096
0.562873
0.552444
0.54276
0.533759
0.525367
0.517528
0.510184
0.50328
0.496769
0.490607
0.484757
0.479183
0.473853
0.468731
0.463777
0.458941
0.45415
0.449306
0.444272
0.438864
0.432842
0.425905
0.417667
0.407591
0.394667
0.375722
0.340717
0.276193
0.214169
0.693291
0.683844
0.6718
0.658318
0.644208
0.630002
0.616038
0.602524
0.589579
0.577276
0.565675
0.554813
0.544691
0.535274
0.526502
0.518318
0.510669
0.503502
0.496768
0.490424
0.484434
0.47877
0.473406
0.46832
0.463488
0.458882
0.454459
0.450153
0.445858
0.441416
0.436606
0.431143
0.424686
0.416829
0.407035
0.394317
0.375522
0.340531
0.275861
0.214001
0.672616
0.66459
0.654267
0.642522
0.630002
0.617162
0.604311
0.591654
0.579334
0.567485
0.556232
0.545664
0.535805
0.526624
0.518067
0.510085
0.502622
0.495627
0.489055
0.482871
0.477047
0.471562
0.466403
0.461563
0.457035
0.45281
0.448863
0.445141
0.441537
0.437869
0.433857
0.429134
0.423299
0.41592
0.406461
0.393968
0.375317
0.340297
0.275409
0.21377
0.653481
0.646571
0.637612
0.627263
0.616038
0.604311
0.592346
0.58033
0.568435
0.556847
0.545766
0.535363
0.52568
0.516677
0.508306
0.5005
0.493198
0.48635
0.479913
0.473857
0.468163
0.462819
0.457828
0.453198
0.448948
0.445097
0.441656
0.438604
0.435854
0.4332
0.43028
0.426568
0.421564
0.4148
0.405753
0.393517
0.374999
0.339869
0.274642
0.213398
0.635943
0.629889
0.621986
0.612732
0.602524
0.591654
0.58033
0.568719
0.556986
0.545339
0.534091
0.523632
0.513991
0.505101
0.496863
0.489187
0.482
0.475248
0.468889
0.462897
0.457258
0.451973
0.447057
0.442542
0.438475
0.434921
0.431949
0.429611
0.427887
0.426591
0.425252
0.42301
0.419186
0.41326
0.40475
0.392831
0.374441
0.339079
0.27334
0.212811
0.61993
0.614528
0.607432
0.599017
0.589579
0.579334
0.568435
0.556986
0.545059
0.532764
0.520543
0.509659
0.499911
0.491042
0.482863
0.475241
0.468087
0.461334
0.454939
0.448877
0.443139
0.437734
0.432693
0.428071
0.423952
0.420459
0.417756
0.41604
0.415486
0.416086
0.417318
0.417555
0.415643
0.410989
0.403245
0.391757
0.3735
0.337745
0.271282
0.211951
0.605322
0.600412
0.593926
0.58614
0.577276
0.567485
0.556847
0.545339
0.532764
0.518592
0.502203
0.490426
0.480413
0.471439
0.463173
0.455429
0.448084
0.441058
0.434295
0.427763
0.421449
0.415364
0.409549
0.404087
0.399111
0.394831
0.391563
0.389789
0.39025
0.393877
0.400897
0.407545
0.409843
0.407512
0.400995
0.390145
0.372043
0.335694
0.268268
0.210801
0.591973
0.587432
0.581402
0.574096
0.565675
0.556232
0.545766
0.534091
0.520543
0.502203
0.240948
0.232897
0.236761
0.238889
0.239843
0.240049
0.239739
0.23906
0.238118
0.237
0.235782
0.23454
0.233357
0.232337
0.231618
0.231424
0.232161
0.234742
0.241741
0.261873
0.396105
0.402476
0.405126
0.403786
0.398204
0.388001
0.369995
0.332785
0.264159
0.209397
0.579737
0.575475
0.569798
0.562873
0.554813
0.545664
0.535363
0.523631
0.509659
0.490426
0.232897
0.202771
0.201944
0.202243
0.202439
0.202536
0.202559
0.202527
0.202456
0.202359
0.202249
0.202135
0.20203
0.201943
0.201891
0.201896
0.202002
0.202309
0.203091
0.205118
0.390978
0.398168
0.400909
0.400026
0.395082
0.385434
0.367354
0.328925
0.258913
0.20783
0.568491
0.564447
0.559055
0.552443
0.544691
0.535805
0.52568
0.513991
0.499911
0.480413
0.236761
0.201944
0.200113
0.200074
0.200084
0.200091
0.200094
0.200094
0.200092
0.200088
0.200084
0.200079
0.200074
0.20007
0.200068
0.200068
0.200073
0.200085
0.200115
0.200175
0.385929
0.394047
0.396877
0.396254
0.391767
0.382564
0.364154
0.324038
0.252599
0.206227
0.558132
0.554263
0.549106
0.54276
0.535274
0.526624
0.516677
0.505101
0.491042
0.471439
0.238889
0.202243
0.200074
0.200004
0.200002
0.200003
0.200003
0.200003
0.200003
0.200003
0.200002
0.200002
0.200002
0.200002
0.200002
0.200002
0.200002
0.200002
0.200003
0.200004
0.380933
0.389968
0.392907
0.392474
0.388359
0.379488
0.360404
0.318032
0.245422
0.204718
0.548562
0.544838
0.539879
0.533759
0.526502
0.518067
0.508306
0.496863
0.482862
0.463173
0.239843
0.202439
0.200084
0.200002
0.2
0.2
0.2
0.2
0.2
0.2
0.2
0.2
0.2
0.2
0.2
0.2
0.2
0.2
0.2
0.2
0.375989
0.385894
0.388962
0.388711
0.384935
0.376251
0.356077
0.310777
0.237729
0.203408
0.539691
0.536086
0.531293
0.525367
0.518318
0.510085
0.5005
0.489187
0.475241
0.455429
0.240049
0.202536
0.200091
0.200003
0.2
0.2
0.2
0.2
0.2
0.2
0.2
0.2
0.2
0.2
0.2
0.2
0.2
0.2
0.2
0.2
0.371108
0.381834
0.385056
0.385009
0.38156
0.372795
0.351099
0.302115
0.229996
0.202352
0.531426
0.527922
0.523275
0.517528
0.510669
0.502622
0.493198
0.482
0.468086
0.448084
0.239739
0.202559
0.200094
0.200003
0.2
0.2
0.2
0.2
0.2
0.2
0.2
0.2
0.2
0.2
0.2
0.2
0.2
0.2
0.2
0.2
0.366299
0.37781
0.381223
0.381419
0.378253
0.368952
0.345343
0.291906
0.222751
0.201557
0.523692
0.520278
0.515767
0.510183
0.503502
0.495627
0.48635
0.475248
0.461334
0.441058
0.23906
0.202527
0.200094
0.200003
0.2
0.2
0.2
0.2
0.2
0.2
0.2
0.2
0.2
0.2
0.2
0.2
0.2
0.2
0.2
0.2
0.361556
0.373848
0.377506
0.377973
0.374949
0.364648
0.338626
0.28015
0.216447
0.200996
0.516424
0.513092
0.508707
0.50328
0.496767
0.489055
0.479913
0.468889
0.454939
0.434295
0.238118
0.202456
0.200092
0.200003
0.2
0.2
0.2
0.2
0.2
0.2
0.2
0.2
0.2
0.2
0.2
0.2
0.2
0.2
0.2
0.2
0.356828
0.369941
0.373908
0.374632
0.371386
0.359779
0.330697
0.267167
0.211363
0.200619
0.509559
0.506305
0.502042
0.496769
0.490423
0.482871
0.473857
0.462897
0.448877
0.427763
0.237
0.202359
0.200088
0.200003
0.2
0.2
0.2
0.2
0.2
0.2
0.2
0.2
0.2
0.2
0.2
0.2
0.2
0.2
0.2
0.2
0.351983
0.365994
0.370336
0.371174
0.367321
0.354189
0.321249
0.253715
0.207552
0.200378
0.503038
0.49986
0.495723
0.490607
0.484434
0.477046
0.468163
0.457258
0.443139
0.421449
0.235782
0.202249
0.200084
0.200002
0.2
0.2
0.2
0.2
0.2
0.2
0.2
0.2
0.2
0.2
0.2
0.2
0.2
0.2
0.2
0.2
0.346932
0.361775
0.366488
0.367252
0.362662
0.347669
0.309983
0.240884
0.204878
0.200228
0.496807
0.493709
0.489703
0.484757
0.47877
0.471562
0.462819
0.451973
0.437734
0.415364
0.23454
0.202135
0.200079
0.200002
0.2
0.2
0.2
0.2
0.2
0.2
0.2
0.2
0.2
0.2
0.2
0.2
0.2
0.2
0.2
0.2
0.341585
0.357161
0.362167
0.362752
0.35726
0.339956
0.296774
0.229709
0.2031
0.200137
0.490815
0.487802
0.483942
0.479183
0.473406
0.466403
0.457828
0.447057
0.432693
0.409549
0.233357
0.20203
0.200074
0.200002
0.2
0.2
0.2
0.2
0.2
0.2
0.2
0.2
0.2
0.2
0.2
0.2
0.2
0.2
0.2
0.2
0.33576
0.35199
0.357222
0.357504
0.350891
0.330732
0.281907
0.220783
0.201962
0.200084
0.485009
0.482094
0.478397
0.473853
0.46832
0.461563
0.453198
0.442542
0.42807
0.404086
0.232337
0.201943
0.20007
0.200002
0.2
0.2
0.2
0.2
0.2
0.2
0.2
0.2
0.2
0.2
0.2
0.2
0.2
0.2
0.2
0.2
0.329142
0.345976
0.351388
0.351241
0.343253
0.319665
0.26627
0.214162
0.201251
0.200052
0.479339
0.476536
0.473027
0.468731
0.463488
0.457035
0.448947
0.438475
0.423952
0.399111
0.231618
0.201891
0.200068
0.200002
0.2
0.2
0.2
0.2
0.2
0.2
0.2
0.2
0.2
0.2
0.2
0.2
0.2
0.2
0.2
0.2
0.321205
0.338648
0.344235
0.343559
0.333941
0.306502
0.251188
0.209525
0.200813
0.200033
0.473749
0.471076
0.467783
0.463777
0.458881
0.45281
0.445097
0.434921
0.420459
0.394831
0.231424
0.201896
0.200068
0.200002
0.2
0.2
0.2
0.2
0.2
0.2
0.2
0.2
0.2
0.2
0.2
0.2
0.2
0.2
0.2
0.2
0.311089
0.329238
0.335084
0.333859
0.322434
0.291243
0.237882
0.206396
0.200542
0.200022
0.468176
0.465654
0.46261
0.45894
0.454459
0.448863
0.441656
0.431949
0.417756
0.391562
0.232161
0.202002
0.200073
0.200002
0.2
0.2
0.2
0.2
0.2
0.2
0.2
0.2
0.2
0.2
0.2
0.2
0.2
0.2
0.2
0.2
0.297483
0.316513
0.322866
0.321256
0.3081
0.274328
0.22698
0.204316
0.200372
0.200016
0.462548
0.460201
0.457437
0.45415
0.450153
0.445141
0.438604
0.429611
0.41604
0.389789
0.234742
0.202309
0.200085
0.200002
0.2
0.2
0.2
0.2
0.2
0.2
0.2
0.2
0.2
0.2
0.2
0.2
0.2
0.2
0.2
0.2
0.278784
0.298645
0.306002
0.304531
0.290313
0.256704
0.218496
0.202921
0.200262
0.200011
0.456778
0.454627
0.45217
0.449306
0.445858
0.441537
0.435853
0.427887
0.415486
0.39025
0.241741
0.203091
0.200115
0.200003
0.2
0.2
0.2
0.2
0.2
0.2
0.2
0.2
0.2
0.2
0.2
0.2
0.2
0.2
0.2
0.2
0.254429
0.273812
0.282779
0.2825
0.268989
0.239702
0.212106
0.20196
0.200188
0.200009
0.450757
0.44882
0.446689
0.444272
0.441416
0.437869
0.4332
0.42659
0.416085
0.393876
0.261873
0.205118
0.200175
0.200004
0.2
0.2
0.2
0.2
0.2
0.2
0.2
0.2
0.2
0.2
0.2
0.2
0.2
0.2
0.2
0.2
0.228173
0.243544
0.253773
0.255832
0.245819
0.224816
0.207414
0.201276
0.200134
0.200007
0.444345
0.442633
0.440831
0.438864
0.436606
0.433857
0.43028
0.425252
0.417317
0.400897
0.396105
0.390977
0.385929
0.380933
0.375989
0.371108
0.366299
0.361556
0.356828
0.351983
0.346932
0.341585
0.33576
0.329142
0.321205
0.31109
0.297484
0.278785
0.25443
0.228174
0.213756
0.218334
0.226291
0.229941
0.225055
0.213391
0.204126
0.200789
0.200096
0.200006
0.437354
0.435869
0.434385
0.432842
0.431143
0.429133
0.426567
0.42301
0.417555
0.407545
0.402476
0.398167
0.394047
0.389968
0.385894
0.381834
0.37781
0.373848
0.369941
0.365994
0.361775
0.357161
0.35199
0.345976
0.338648
0.329238
0.316514
0.298646
0.273813
0.243545
0.218334
0.209566
0.210394
0.212456
0.21098
0.206092
0.202065
0.200472
0.200069
0.200005
0.429535
0.428268
0.427074
0.425905
0.424686
0.423299
0.421564
0.419185
0.415643
0.409843
0.405126
0.400909
0.396877
0.392906
0.388962
0.385055
0.381223
0.377506
0.373908
0.370336
0.366488
0.362167
0.357222
0.351388
0.344235
0.335084
0.322867
0.306003
0.28278
0.253774
0.226291
0.210394
0.205268
0.204613
0.204031
0.202445
0.200995
0.200277
0.200049
0.200004
0.420536
0.41947
0.418526
0.417667
0.416829
0.41592
0.414799
0.413259
0.410988
0.407512
0.403786
0.400026
0.396253
0.392474
0.388711
0.385009
0.381419
0.377973
0.374632
0.371174
0.367252
0.362752
0.357504
0.351241
0.343559
0.333859
0.321257
0.304532
0.282501
0.255833
0.229941
0.212456
0.204613
0.202202
0.20152
0.200981
0.200473
0.20016
0.200035
0.200004
0.409834
0.408946
0.408209
0.407591
0.407035
0.406461
0.405752
0.404749
0.403245
0.400994
0.398203
0.395082
0.391767
0.388359
0.384935
0.381559
0.378253
0.374949
0.371386
0.367321
0.362662
0.35726
0.350891
0.343253
0.333941
0.322435
0.3081
0.290314
0.26899
0.24582
0.225056
0.21098
0.204031
0.20152
0.200742
0.200433
0.20023
0.200093
0.200025
0.200003
0.39639
0.395658
0.395096
0.394667
0.394316
0.393967
0.393516
0.392831
0.391757
0.390144
0.388001
0.385434
0.382564
0.379488
0.376251
0.372795
0.368952
0.364647
0.359779
0.354189
0.347669
0.339956
0.330732
0.319665
0.306502
0.291243
0.274328
0.256705
0.239703
0.224816
0.213391
0.206092
0.202445
0.200981
0.200433
0.200223
0.200119
0.200054
0.200017
0.200003
0.377039
0.376425
0.376002
0.375722
0.375521
0.375316
0.374999
0.374441
0.3735
0.372043
0.369995
0.367354
0.364153
0.360404
0.356077
0.351099
0.345343
0.338626
0.330697
0.321249
0.309984
0.296774
0.281908
0.26627
0.251189
0.237882
0.22698
0.218497
0.212106
0.207415
0.204127
0.202066
0.200995
0.200473
0.20023
0.200119
0.200064
0.200032
0.200012
0.200003
0.342058
0.341399
0.340975
0.340717
0.340531
0.340297
0.339869
0.339079
0.337745
0.335694
0.332785
0.328925
0.324038
0.318032
0.310778
0.302115
0.291906
0.280151
0.267167
0.253715
0.240884
0.229709
0.220783
0.214162
0.209525
0.206396
0.204316
0.202921
0.20196
0.201276
0.200789
0.200472
0.200277
0.20016
0.200093
0.200054
0.200032
0.200018
0.200008
0.200002
0.277964
0.277127
0.276571
0.276193
0.27586
0.275409
0.274642
0.27334
0.271282
0.268268
0.264159
0.258913
0.252599
0.245422
0.237729
0.229996
0.222751
0.216447
0.211364
0.207552
0.204878
0.2031
0.201962
0.201251
0.200813
0.200542
0.200372
0.200262
0.200188
0.200134
0.200096
0.200069
0.200049
0.200035
0.200025
0.200017
0.200012
0.200008
0.200004
0.200001
0.214918
0.214577
0.214342
0.214169
0.214001
0.21377
0.213398
0.212811
0.211951
0.210801
0.209397
0.20783
0.206227
0.204718
0.203408
0.202352
0.201557
0.200996
0.200619
0.200378
0.200228
0.200137
0.200084
0.200052
0.200033
0.200022
0.200016
0.200011
0.200009
0.200007
0.200006
0.200005
0.200004
0.200004
0.200003
0.200003
0.200003
0.200002
0.200001
0.200001
0.796444
0.788233
0.770326
0.746393
0.721349
0.69757
0.6758
0.656135
0.638444
0.62253
0.608186
0.595204
0.583394
0.572593
0.562674
0.553525
0.545048
0.537151
0.529757
0.5228
0.516216
0.509951
0.50395
0.498162
0.492537
0.487019
0.481551
0.476066
0.470487
0.464719
0.458645
0.452111
0.444913
0.436739
0.427039
0.414597
0.396368
0.364944
0.305394
0.22723
0.788237
0.775992
0.756561
0.733727
0.710534
0.688463
0.668062
0.649446
0.63255
0.617236
0.603345
0.590705
0.579154
0.568559
0.558809
0.549803
0.541449
0.53366
0.526367
0.519506
0.513019
0.506853
0.500959
0.49529
0.489797
0.484431
0.479134
0.473843
0.468476
0.462936
0.457097
0.4508
0.443829
0.435867
0.426359
0.414082
0.395971
0.364558
0.304855
0.226872
0.770332
0.75656
0.738039
0.717483
0.696733
0.676777
0.658062
0.640747
0.624841
0.610279
0.596956
0.584747
0.573532
0.563212
0.553694
0.544889
0.536709
0.529081
0.521941
0.515229
0.508893
0.502885
0.497162
0.491682
0.486401
0.481273
0.476243
0.471247
0.466199
0.46099
0.455484
0.449503
0.442821
0.435113
0.42582
0.413722
0.39574
0.36436
0.304551
0.226653
0.746393
0.733725
0.717483
0.699607
0.681386
0.663578
0.646593
0.630629
0.615761
0.601989
0.589264
0.577514
0.566671
0.556663
0.547414
0.538845
0.530876
0.523446
0.516494
0.509968
0.503822
0.498015
0.49251
0.487273
0.482267
0.477453
0.472778
0.468177
0.463557
0.458795
0.453731
0.448162
0.441843
0.434438
0.425389
0.413482
0.395635
0.364293
0.304392
0.226512
0.721347
0.710533
0.696733
0.681386
0.665479
0.649642
0.634261
0.619561
0.605665
0.592624
0.58045
0.569137
0.558661
0.548974
0.540008
0.531688
0.523951
0.516738
0.509994
0.503674
0.497739
0.492156
0.486898
0.481938
0.477253
0.472811
0.468569
0.464462
0.46039
0.456209
0.451722
0.446687
0.440823
0.433784
0.425014
0.413312
0.395596
0.364279
0.304263
0.22637
0.697569
0.688463
0.676777
0.663578
0.649642
0.6355
0.621506
0.607893
0.59481
0.582357
0.570623
0.559676
0.549528
0.540139
0.531444
0.523375
0.515871
0.508876
0.502342
0.496229
0.490505
0.485147
0.480137
0.475465
0.471119
0.467086
0.463338
0.459821
0.456431
0.452999
0.449273
0.444936
0.439656
0.433066
0.424621
0.413139
0.395544
0.364215
0.30402
0.226131
0.6758
0.668063
0.658063
0.646594
0.634261
0.621507
0.608638
0.595871
0.583362
0.571274
0.559792
0.549084
0.539185
0.530047
0.521594
0.513759
0.506474
0.499682
0.493339
0.487411
0.481872
0.47671
0.47192
0.467506
0.46348
0.459854
0.456632
0.453787
0.45123
0.448769
0.446075
0.442682
0.438173
0.432157
0.424105
0.412869
0.39538
0.363979
0.303492
0.225689
0.656135
0.649447
0.640748
0.63063
0.619562
0.607893
0.595871
0.583664
0.571426
0.559362
0.547791
0.537109
0.52734
0.518384
0.510137
0.502501
0.4954
0.488774
0.482579
0.476783
0.471369
0.466333
0.461684
0.457445
0.453655
0.450366
0.447635
0.4455
0.443934
0.442759
0.441544
0.439517
0.4361
0.430865
0.423323
0.41238
0.394982
0.363427
0.302491
0.224934
0.638444
0.632551
0.624842
0.615762
0.605665
0.59481
0.583362
0.571426
0.559076
0.546438
0.53398
0.522981
0.513196
0.504352
0.496253
0.488762
0.481782
0.475246
0.469107
0.463336
0.457919
0.45286
0.448181
0.443924
0.440159
0.436989
0.434556
0.433034
0.432577
0.43317
0.434332
0.434598
0.432953
0.428904
0.422085
0.411527
0.394216
0.36241
0.300823
0.223773
0.622531
0.617237
0.61028
0.60199
0.592625
0.582357
0.571274
0.559362
0.546438
0.532006
0.515505
0.503753
0.493835
0.485017
0.476965
0.46949
0.46247
0.455826
0.449505
0.443472
0.437713
0.432234
0.427061
0.42225
0.417898
0.414165
0.411309
0.409753
0.410162
0.413379
0.419631
0.425619
0.427779
0.425863
0.42018
0.410173
0.392962
0.360795
0.298315
0.222154
0.608186
0.603346
0.596957
0.589264
0.58045
0.570623
0.559793
0.547791
0.533979
0.515504
0.244419
0.236474
0.241083
0.243808
0.245257
0.245898
0.245986
0.245677
0.245084
0.244298
0.243398
0.242466
0.241592
0.240886
0.240509
0.240713
0.241973
0.245373
0.25408
0.278825
0.414894
0.420997
0.423575
0.422612
0.417798
0.408313
0.391159
0.358489
0.294832
0.220085
0.595205
0.590706
0.584747
0.577514
0.569137
0.559677
0.549084
0.537109
0.522981
0.503753
0.236474
0.203375
0.202417
0.20283
0.203127
0.203305
0.203393
0.203413
0.203383
0.203319
0.203234
0.203142
0.203056
0.202994
0.202977
0.203041
0.203252
0.203763
0.205003
0.208221
0.409745
0.417058
0.419843
0.419358
0.415126
0.406027
0.388816
0.355457
0.290295
0.217647
0.583394
0.579155
0.573533
0.566671
0.558662
0.549528
0.539185
0.52734
0.513196
0.493835
0.241083
0.202417
0.200152
0.200102
0.200118
0.20013
0.200138
0.200141
0.200141
0.200139
0.200136
0.200132
0.200128
0.200125
0.200124
0.200128
0.200138
0.200162
0.200214
0.200323
0.404799
0.413331
0.416314
0.416122
0.412274
0.403401
0.38598
0.3517
0.284677
0.214977
0.572593
0.56856
0.563213
0.556663
0.548974
0.540139
0.530047
0.518384
0.504352
0.485017
0.243808
0.20283
0.200102
0.200005
0.200003
0.200004
0.200004
0.200004
0.200004
0.200004
0.200004
0.200004
0.200004
0.200004
0.200004
0.200004
0.200004
0.200005
0.200006
0.200009
0.399994
0.409687
0.412877
0.412897
0.409299
0.400497
0.382701
0.347229
0.277992
0.212249
0.562674
0.55881
0.553694
0.547415
0.540008
0.531444
0.521594
0.510136
0.496253
0.476965
0.245257
0.203127
0.200118
0.200003
0.2
0.2
0.2
0.2
0.2
0.2
0.2
0.2
0.2
0.2
0.2
0.2
0.2
0.2
0.2
0.2
0.395297
0.406081
0.409485
0.409677
0.406229
0.397347
0.379017
0.342041
0.270307
0.209638
0.553525
0.549804
0.544889
0.538845
0.531688
0.523375
0.513759
0.502501
0.488761
0.46949
0.245898
0.203305
0.20013
0.200004
0.2
0.2
0.2
0.2
0.2
0.2
0.2
0.2
0.2
0.2
0.2
0.2
0.2
0.2
0.2
0.2
0.390693
0.402496
0.406116
0.40645
0.403067
0.393969
0.374952
0.3361
0.261774
0.207294
0.545048
0.541449
0.53671
0.530877
0.523951
0.515871
0.506474
0.4954
0.481782
0.46247
0.245986
0.203393
0.200138
0.200004
0.2
0.2
0.2
0.2
0.2
0.2
0.2
0.2
0.2
0.2
0.2
0.2
0.2
0.2
0.2
0.2
0.386166
0.398917
0.402753
0.403199
0.399795
0.390375
0.37051
0.329325
0.252676
0.205317
0.537151
0.53366
0.529082
0.523446
0.516738
0.508876
0.499682
0.488774
0.475246
0.455826
0.245677
0.203413
0.200141
0.200004
0.2
0.2
0.2
0.2
0.2
0.2
0.2
0.2
0.2
0.2
0.2
0.2
0.2
0.2
0.2
0.2
0.381689
0.395321
0.399369
0.399891
0.396381
0.386561
0.365672
0.321588
0.243435
0.203745
0.529757
0.526367
0.521941
0.516494
0.509994
0.502342
0.493339
0.482579
0.469107
0.449504
0.245084
0.203383
0.200141
0.200004
0.2
0.2
0.2
0.2
0.2
0.2
0.2
0.2
0.2
0.2
0.2
0.2
0.2
0.2
0.2
0.2
0.377227
0.391673
0.395923
0.396479
0.392806
0.382511
0.360391
0.312726
0.234573
0.202564
0.5228
0.519506
0.515229
0.509968
0.503674
0.496229
0.487411
0.476783
0.463335
0.443472
0.244298
0.203319
0.200139
0.200004
0.2
0.2
0.2
0.2
0.2
0.2
0.2
0.2
0.2
0.2
0.2
0.2
0.2
0.2
0.2
0.2
0.372732
0.387921
0.392359
0.392918
0.38905
0.378197
0.35459
0.302593
0.226582
0.201718
0.516216
0.513019
0.508893
0.503822
0.497739
0.490505
0.481872
0.471369
0.457919
0.437713
0.243398
0.203234
0.200136
0.200004
0.2
0.2
0.2
0.2
0.2
0.2
0.2
0.2
0.2
0.2
0.2
0.2
0.2
0.2
0.2
0.2
0.368167
0.384017
0.388635
0.38918
0.38508
0.373573
0.348155
0.291169
0.219804
0.201136
0.509951
0.506853
0.502885
0.498015
0.492156
0.485147
0.47671
0.466333
0.45286
0.432234
0.242466
0.203142
0.200132
0.200004
0.2
0.2
0.2
0.2
0.2
0.2
0.2
0.2
0.2
0.2
0.2
0.2
0.2
0.2
0.2
0.2
0.363491
0.379914
0.384708
0.38522
0.380845
0.368576
0.340932
0.278718
0.214379
0.200748
0.50395
0.500959
0.497162
0.49251
0.486897
0.480137
0.47192
0.461683
0.448181
0.427061
0.241592
0.203057
0.200128
0.200004
0.2
0.2
0.2
0.2
0.2
0.2
0.2
0.2
0.2
0.2
0.2
0.2
0.2
0.2
0.2
0.2
0.358636
0.375534
0.380506
0.380968
0.376277
0.363119
0.332739
0.265886
0.210265
0.200495
0.498162
0.49529
0.491682
0.487273
0.481938
0.475464
0.467506
0.457445
0.443924
0.42225
0.240886
0.202994
0.200125
0.200004
0.2
0.2
0.2
0.2
0.2
0.2
0.2
0.2
0.2
0.2
0.2
0.2
0.2
0.2
0.2
0.2
0.3535
0.370758
0.375918
0.376321
0.371279
0.357087
0.3234
0.253585
0.207289
0.200333
0.492536
0.489797
0.486401
0.482267
0.477253
0.471119
0.46348
0.453655
0.440159
0.417898
0.240509
0.202977
0.200124
0.200004
0.2
0.2
0.2
0.2
0.2
0.2
0.2
0.2
0.2
0.2
0.2
0.2
0.2
0.2
0.2
0.2
0.347906
0.365394
0.370769
0.371125
0.365714
0.35033
0.312822
0.242645
0.205216
0.200231
0.487019
0.484431
0.481272
0.477453
0.472811
0.467086
0.459854
0.450366
0.436989
0.414165
0.240713
0.203041
0.200128
0.200004
0.2
0.2
0.2
0.2
0.2
0.2
0.2
0.2
0.2
0.2
0.2
0.2
0.2
0.2
0.2
0.2
0.34153
0.359112
0.364768
0.365141
0.359381
0.342649
0.3011
0.233498
0.203804
0.200166
0.481551
0.479134
0.476243
0.472778
0.468569
0.463338
0.456632
0.447634
0.434556
0.411309
0.241973
0.203252
0.200138
0.200004
0.2
0.2
0.2
0.2
0.2
0.2
0.2
0.2
0.2
0.2
0.2
0.2
0.2
0.2
0.2
0.2
0.333736
0.351311
0.357412
0.357965
0.351955
0.333776
0.288559
0.226148
0.202845
0.200125
0.476066
0.473842
0.471247
0.468177
0.464462
0.459821
0.453787
0.445499
0.433034
0.409753
0.245373
0.203763
0.200162
0.200005
0.2
0.2
0.2
0.2
0.2
0.2
0.2
0.2
0.2
0.2
0.2
0.2
0.2
0.2
0.2
0.2
0.323174
0.340792
0.34774
0.348865
0.34287
0.323292
0.275624
0.22033
0.202184
0.200099
0.470487
0.468476
0.466198
0.463557
0.46039
0.456431
0.451229
0.443933
0.432577
0.410162
0.25408
0.205003
0.200214
0.200006
0.2
0.2
0.2
0.2
0.2
0.2
0.2
0.2
0.2
0.2
0.2
0.2
0.2
0.2
0.2
0.2
0.306903
0.325038
0.333829
0.336423
0.331056
0.31047
0.262509
0.215652
0.201707
0.200081
0.464719
0.462936
0.46099
0.458795
0.456209
0.452999
0.448769
0.442759
0.43317
0.413379
0.278825
0.208221
0.200323
0.200009
0.2
0.2
0.2
0.2
0.2
0.2
0.2
0.2
0.2
0.2
0.2
0.2
0.2
0.2
0.2
0.2
0.279214
0.299122
0.312027
0.317986
0.314548
0.294051
0.249025
0.211714
0.201336
0.200069
0.458644
0.457097
0.455484
0.45373
0.451722
0.449273
0.446075
0.441544
0.434332
0.419631
0.414894
0.409745
0.404799
0.399994
0.395297
0.390693
0.386166
0.381689
0.377227
0.372732
0.368167
0.363491
0.358636
0.3535
0.347906
0.341531
0.333736
0.323174
0.306903
0.279215
0.25389
0.262951
0.279458
0.29054
0.290802
0.272628
0.235036
0.208256
0.201029
0.20006
0.452111
0.4508
0.449503
0.448162
0.446687
0.444936
0.442681
0.439517
0.434598
0.425619
0.420997
0.417058
0.413331
0.409686
0.406081
0.402496
0.398916
0.395321
0.391673
0.387921
0.384017
0.379913
0.375534
0.370758
0.365394
0.359112
0.351311
0.340792
0.325038
0.299123
0.262952
0.243608
0.247067
0.257223
0.260408
0.247337
0.221663
0.205361
0.20077
0.200053
0.444912
0.443829
0.442821
0.441843
0.440823
0.439655
0.438172
0.4361
0.432953
0.427779
0.423575
0.419843
0.416314
0.412876
0.409485
0.406116
0.402753
0.399369
0.395923
0.392359
0.388635
0.384708
0.380506
0.375918
0.370769
0.364769
0.357412
0.34774
0.333829
0.312028
0.27946
0.247068
0.230769
0.230096
0.231661
0.224536
0.211445
0.20325
0.200562
0.200047
0.436739
0.435867
0.435113
0.434437
0.433784
0.433066
0.432156
0.430865
0.428904
0.425863
0.422612
0.419358
0.416122
0.412897
0.409676
0.40645
0.403198
0.399891
0.396479
0.392917
0.38918
0.38522
0.380968
0.376321
0.371126
0.365141
0.357965
0.348866
0.336423
0.317987
0.290541
0.257224
0.230097
0.217657
0.214237
0.210736
0.205541
0.201887
0.200404
0.200042
0.427039
0.426358
0.42582
0.425389
0.425014
0.424621
0.424105
0.423323
0.422085
0.42018
0.417798
0.415126
0.412274
0.409299
0.406229
0.403067
0.399795
0.396381
0.392806
0.38905
0.38508
0.380845
0.376277
0.371279
0.365714
0.359381
0.351955
0.34287
0.331056
0.314548
0.290803
0.260409
0.231662
0.214238
0.207533
0.20479
0.202657
0.201081
0.200288
0.200038
0.414596
0.414082
0.413722
0.413482
0.413312
0.413139
0.412869
0.41238
0.411527
0.410172
0.408312
0.406027
0.403401
0.400497
0.397347
0.393969
0.390375
0.386561
0.382511
0.378197
0.373573
0.368576
0.363119
0.357087
0.35033
0.34265
0.333776
0.323293
0.310471
0.294052
0.272629
0.247338
0.224536
0.210737
0.20479
0.202496
0.201363
0.20063
0.200205
0.200035
0.396368
0.395971
0.39574
0.395635
0.395596
0.395544
0.39538
0.394982
0.394216
0.392962
0.391158
0.388816
0.38598
0.382701
0.379017
0.374952
0.37051
0.365672
0.360391
0.35459
0.348155
0.340932
0.332739
0.323401
0.312823
0.301101
0.28856
0.275625
0.26251
0.249026
0.235037
0.221664
0.211445
0.205541
0.202657
0.201363
0.200741
0.200375
0.200145
0.200031
0.364944
0.364558
0.36436
0.364293
0.364279
0.364215
0.363978
0.363426
0.36241
0.360795
0.358489
0.355457
0.3517
0.347229
0.342041
0.3361
0.329325
0.321588
0.312726
0.302593
0.291169
0.278718
0.265886
0.253586
0.242645
0.233498
0.226149
0.22033
0.215653
0.211715
0.208256
0.205361
0.20325
0.201887
0.201081
0.20063
0.200375
0.200211
0.200097
0.200026
0.305394
0.304855
0.30455
0.304392
0.304263
0.30402
0.303492
0.30249
0.300823
0.298315
0.294832
0.290295
0.284677
0.277992
0.270307
0.261775
0.252676
0.243435
0.234573
0.226582
0.219804
0.21438
0.210265
0.207289
0.205216
0.203804
0.202845
0.202184
0.201707
0.201336
0.201029
0.20077
0.200562
0.200404
0.200288
0.200205
0.200145
0.200097
0.200053
0.200019
0.22723
0.226872
0.226653
0.226512
0.22637
0.226131
0.225689
0.224934
0.223773
0.222154
0.220085
0.217647
0.214977
0.212249
0.209638
0.207294
0.205317
0.203745
0.202564
0.201718
0.201136
0.200748
0.200495
0.200333
0.200231
0.200166
0.200125
0.200099
0.200081
0.200069
0.20006
0.200053
0.200047
0.200042
0.200038
0.200035
0.200031
0.200026
0.200019
0.200009
0.799981
0.799034
0.790215
0.769102
0.74265
0.716505
0.69255
0.671101
0.652005
0.634996
0.619801
0.606165
0.593857
0.58267
0.57244
0.563035
0.554344
0.54627
0.538728
0.531645
0.524955
0.518599
0.512523
0.506674
0.501
0.495447
0.489956
0.484462
0.478889
0.473144
0.467111
0.460639
0.453517
0.44542
0.435776
0.423426
0.405714
0.3762
0.320299
0.236597
0.799034
0.794128
0.779106
0.756112
0.730871
0.706516
0.684117
0.663877
0.645694
0.629371
0.614696
0.601455
0.589447
0.578494
0.568454
0.559208
0.550655
0.542705
0.535277
0.528303
0.521722
0.515478
0.509522
0.503804
0.498275
0.492884
0.487576
0.482285
0.476932
0.471423
0.465632
0.459401
0.452509
0.444625
0.435173
0.422985
0.40539
0.375912
0.319905
0.236264
0.790226
0.779109
0.760707
0.738528
0.715656
0.693679
0.673236
0.654506
0.637467
0.62201
0.60799
0.595251
0.583628
0.572984
0.563201
0.554178
0.545822
0.538051
0.530792
0.523983
0.517569
0.511499
0.505728
0.500213
0.494909
0.489769
0.484739
0.479752
0.474725
0.469552
0.464096
0.458183
0.451581
0.443951
0.434712
0.422696
0.405223
0.375791
0.319715
0.236082
0.769106
0.756112
0.738528
0.718831
0.698749
0.679252
0.660822
0.643662
0.627824
0.613281
0.599959
0.587754
0.576552
0.566256
0.556772
0.548012
0.539892
0.532339
0.525289
0.518685
0.512479
0.506627
0.501091
0.495835
0.49082
0.486006
0.481341
0.476758
0.472165
0.467441
0.462428
0.456926
0.450686
0.443356
0.434357
0.422523
0.405172
0.375786
0.31965
0.235982
0.742649
0.730869
0.715655
0.698749
0.681329
0.664127
0.647565
0.631872
0.617163
0.603479
0.590808
0.579107
0.56832
0.55838
0.54921
0.540732
0.532869
0.525556
0.518735
0.512359
0.506383
0.500775
0.495503
0.49054
0.485861
0.481433
0.477211
0.473129
0.469089
0.464947
0.460509
0.455538
0.449749
0.442783
0.434057
0.422416
0.405183
0.375825
0.319608
0.235877
0.716503
0.706514
0.693677
0.679251
0.664127
0.648899
0.63395
0.619525
0.605777
0.5928
0.580654
0.569376
0.558959
0.549355
0.540494
0.532295
0.524692
0.517623
0.511036
0.504888
0.499145
0.49378
0.488776
0.484117
0.479793
0.475786
0.472069
0.468584
0.465229
0.461835
0.458155
0.453876
0.448665
0.442144
0.433737
0.422305
0.405179
0.375816
0.319459
0.235663
0.692548
0.684115
0.673234
0.660822
0.647565
0.63395
0.620316
0.606896
0.593856
0.581338
0.569507
0.558516
0.548391
0.539079
0.530496
0.522562
0.515206
0.508366
0.501995
0.496054
0.490518
0.48537
0.480603
0.47622
0.47223
0.468643
0.46546
0.462653
0.460132
0.457708
0.455053
0.45171
0.447265
0.441312
0.433293
0.422093
0.405062
0.375645
0.319051
0.23522
0.671099
0.663875
0.654505
0.643662
0.631872
0.619525
0.606896
0.594173
0.581503
0.569074
0.5572
0.546279
0.53633
0.527244
0.518901
0.5112
0.504058
0.497412
0.491214
0.48543
0.480042
0.475041
0.470434
0.466242
0.462501
0.459261
0.456576
0.454483
0.452953
0.451808
0.450622
0.448636
0.445275
0.440097
0.432579
0.421659
0.404715
0.375182
0.31822
0.234427
0.652004
0.645692
0.637466
0.627824
0.617163
0.605777
0.593856
0.581503
0.568783
0.555821
0.543092
0.5319
0.521986
0.513053
0.504898
0.497378
0.490393
0.483872
0.477765
0.472041
0.466684
0.461693
0.457086
0.452902
0.449207
0.4461
0.44372
0.442236
0.441801
0.442398
0.443553
0.443829
0.44222
0.438217
0.43141
0.42086
0.404011
0.374292
0.316796
0.233176
0.634995
0.629371
0.622009
0.613281
0.603479
0.5928
0.581338
0.569074
0.555821
0.541083
0.524313
0.512429
0.502441
0.493592
0.485543
0.478101
0.471143
0.464587
0.458379
0.452484
0.446883
0.441579
0.436591
0.431969
0.427799
0.424228
0.421498
0.420007
0.420389
0.423452
0.42943
0.435177
0.437232
0.435294
0.429585
0.419562
0.402835
0.372857
0.314631
0.231397
0.6198
0.614695
0.60799
0.599959
0.590808
0.580653
0.569507
0.5572
0.543092
0.524312
0.246586
0.238663
0.243703
0.246777
0.248512
0.249406
0.249725
0.249634
0.249251
0.248669
0.24797
0.247239
0.246567
0.246072
0.24592
0.246378
0.247952
0.251818
0.261491
0.288797
0.424683
0.430684
0.433172
0.43216
0.427284
0.41776
0.401134
0.370803
0.311615
0.229076
0.606164
0.601454
0.59525
0.587754
0.579107
0.569376
0.558516
0.546279
0.5319
0.512429
0.238664
0.20378
0.202737
0.203229
0.203596
0.203833
0.20397
0.204031
0.204036
0.204001
0.203943
0.203875
0.203814
0.20378
0.203799
0.203915
0.20421
0.204877
0.206459
0.210573
0.419435
0.426838
0.429565
0.429017
0.424687
0.415532
0.398925
0.368114
0.307689
0.226271
0.593856
0.589447
0.583628
0.576552
0.56832
0.558959
0.548391
0.53633
0.521986
0.502441
0.243703
0.202737
0.20018
0.200122
0.200143
0.20016
0.200171
0.200178
0.20018
0.20018
0.200178
0.200175
0.200173
0.200172
0.200173
0.20018
0.200196
0.20023
0.200303
0.200452
0.414461
0.42321
0.426157
0.425884
0.4219
0.412968
0.396263
0.364813
0.302832
0.2231
0.58267
0.578494
0.572984
0.566256
0.55838
0.549355
0.539079
0.527244
0.513053
0.493592
0.246777
0.203229
0.200122
0.200007
0.200004
0.200005
0.200006
0.200006
0.200006
0.200006
0.200006
0.200006
0.200006
0.200006
0.200006
0.200006
0.200007
0.200008
0.20001
0.200013
0.409676
0.419678
0.42284
0.422752
0.41898
0.410138
0.393208
0.360939
0.297046
0.219727
0.57244
0.568454
0.563201
0.556772
0.54921
0.540493
0.530496
0.518901
0.504898
0.485543
0.248512
0.203596
0.200143
0.200004
0.2
0.2
0.2
0.2
0.2
0.2
0.2
0.2
0.2
0.2
0.2
0.2
0.2
0.2
0.2
0.2
0.405032
0.416192
0.419563
0.419609
0.415954
0.407089
0.389816
0.35653
0.290343
0.216337
0.563035
0.559208
0.554177
0.548011
0.540732
0.532295
0.522562
0.511199
0.497378
0.4781
0.249406
0.203833
0.20016
0.200005
0.2
0.2
0.2
0.2
0.2
0.2
0.2
0.2
0.2
0.2
0.2
0.2
0.2
0.2
0.2
0.2
0.4005
0.412731
0.416298
0.416444
0.412835
0.403855
0.386127
0.351602
0.282756
0.213108
0.554344
0.550655
0.545822
0.539892
0.532869
0.524692
0.515206
0.504057
0.490393
0.471142
0.249725
0.20397
0.200171
0.200006
0.2
0.2
0.2
0.2
0.2
0.2
0.2
0.2
0.2
0.2
0.2
0.2
0.2
0.2
0.2
0.2
0.396055
0.409272
0.413026
0.413242
0.409624
0.400455
0.382168
0.346145
0.274366
0.21019
0.54627
0.542705
0.538051
0.532339
0.525556
0.517623
0.508366
0.497411
0.483872
0.464587
0.249634
0.204031
0.200178
0.200006
0.2
0.2
0.2
0.2
0.2
0.2
0.2
0.2
0.2
0.2
0.2
0.2
0.2
0.2
0.2
0.2
0.391672
0.405794
0.409723
0.409987
0.406315
0.3969
0.377954
0.340117
0.265348
0.207687
0.538728
0.535277
0.530792
0.525289
0.518735
0.511036
0.501995
0.491213
0.477765
0.458379
0.249251
0.204036
0.20018
0.200006
0.2
0.2
0.2
0.2
0.2
0.2
0.2
0.2
0.2
0.2
0.2
0.2
0.2
0.2
0.2
0.2
0.387323
0.40227
0.406365
0.406658
0.402902
0.393191
0.373481
0.333438
0.256006
0.205646
0.531644
0.528302
0.523983
0.518685
0.512358
0.504888
0.496054
0.48543
0.472041
0.452484
0.248669
0.204001
0.20018
0.200006
0.2
0.2
0.2
0.2
0.2
0.2
0.2
0.2
0.2
0.2
0.2
0.2
0.2
0.2
0.2
0.2
0.382978
0.398667
0.402923
0.403236
0.399374
0.389324
0.368734
0.325997
0.246764
0.204061
0.524954
0.521721
0.517569
0.512479
0.506383
0.499145
0.490518
0.480042
0.466684
0.446883
0.24797
0.203943
0.200178
0.200006
0.2
0.2
0.2
0.2
0.2
0.2
0.2
0.2
0.2
0.2
0.2
0.2
0.2
0.2
0.2
0.2
0.378606
0.394953
0.399372
0.399697
0.395711
0.385284
0.36368
0.31768
0.23809
0.202882
0.518599
0.515478
0.511499
0.506627
0.500774
0.49378
0.48537
0.475041
0.461692
0.441579
0.247239
0.203875
0.200175
0.200006
0.2
0.2
0.2
0.2
0.2
0.2
0.2
0.2
0.2
0.2
0.2
0.2
0.2
0.2
0.2
0.2
0.374176
0.391087
0.395675
0.396009
0.391888
0.381051
0.358268
0.308421
0.230373
0.202036
0.512523
0.509522
0.505728
0.501091
0.495502
0.488776
0.480603
0.470434
0.457086
0.436591
0.246567
0.203814
0.200173
0.200006
0.2
0.2
0.2
0.2
0.2
0.2
0.2
0.2
0.2
0.2
0.2
0.2
0.2
0.2
0.2
0.2
0.36964
0.387011
0.39178
0.392128
0.387869
0.376594
0.352434
0.298289
0.223844
0.201445
0.506674
0.503803
0.500213
0.495835
0.49054
0.484117
0.47622
0.466242
0.452902
0.431969
0.246072
0.20378
0.200172
0.200006
0.2
0.2
0.2
0.2
0.2
0.2
0.2
0.2
0.2
0.2
0.2
0.2
0.2
0.2
0.2
0.2
0.364935
0.382637
0.387611
0.387988
0.383604
0.371871
0.3461
0.287576
0.218571
0.20104
0.501
0.498274
0.494909
0.49082
0.485861
0.479793
0.472229
0.462501
0.449207
0.427799
0.24592
0.203799
0.200173
0.200006
0.2
0.2
0.2
0.2
0.2
0.2
0.2
0.2
0.2
0.2
0.2
0.2
0.2
0.2
0.2
0.2
0.359955
0.377831
0.383047
0.383492
0.379019
0.366822
0.3392
0.276816
0.214488
0.200768
0.495446
0.492884
0.489769
0.486006
0.481433
0.475786
0.468642
0.459261
0.4461
0.424228
0.246378
0.203915
0.20018
0.200006
0.2
0.2
0.2
0.2
0.2
0.2
0.2
0.2
0.2
0.2
0.2
0.2
0.2
0.2
0.2
0.2
0.354516
0.372368
0.377895
0.37849
0.374006
0.36137
0.331704
0.26666
0.211447
0.200588
0.489956
0.487575
0.484738
0.481341
0.477211
0.472069
0.46546
0.456576
0.44372
0.421498
0.247952
0.20421
0.200196
0.200007
0.2
0.2
0.2
0.2
0.2
0.2
0.2
0.2
0.2
0.2
0.2
0.2
0.2
0.2
0.2
0.2
0.348253
0.365854
0.371819
0.372729
0.368385
0.355396
0.323639
0.257628
0.209252
0.200472
0.484462
0.482284
0.479752
0.476758
0.473129
0.468584
0.462653
0.454483
0.442236
0.420007
0.251818
0.204877
0.20023
0.200008
0.2
0.2
0.2
0.2
0.2
0.2
0.2
0.2
0.2
0.2
0.2
0.2
0.2
0.2
0.2
0.2
0.340379
0.357508
0.364191
0.36575
0.36184
0.348698
0.315069
0.249919
0.207693
0.200398
0.478888
0.476932
0.474725
0.472165
0.469089
0.465229
0.460132
0.452953
0.441801
0.420389
0.261491
0.206459
0.200303
0.20001
0.2
0.2
0.2
0.2
0.2
0.2
0.2
0.2
0.2
0.2
0.2
0.2
0.2
0.2
0.2
0.2
0.328971
0.345624
0.35371
0.356635
0.353741
0.34087
0.30596
0.243362
0.206571
0.200352
0.473143
0.471422
0.469552
0.467441
0.464946
0.461835
0.457708
0.451808
0.442398
0.423452
0.288797
0.210573
0.200452
0.200013
0.2
0.2
0.2
0.2
0.2
0.2
0.2
0.2
0.2
0.2
0.2
0.2
0.2
0.2
0.2
0.2
0.308796
0.326056
0.337467
0.343424
0.342768
0.331024
0.295897
0.237461
0.205702
0.200324
0.467111
0.465632
0.464096
0.462428
0.460509
0.458155
0.455053
0.450622
0.443553
0.42943
0.424683
0.419435
0.414461
0.409676
0.405032
0.4005
0.396055
0.391672
0.387323
0.382978
0.378606
0.374176
0.369641
0.364935
0.359955
0.354516
0.348254
0.340379
0.328971
0.308797
0.288327
0.296333
0.311525
0.322854
0.326503
0.317392
0.283745
0.231476
0.204917
0.200304
0.460639
0.4594
0.458183
0.456926
0.455537
0.453875
0.45171
0.448635
0.443829
0.435177
0.430684
0.426838
0.42321
0.419677
0.416192
0.412731
0.409272
0.405794
0.402269
0.398666
0.394953
0.391087
0.387011
0.382637
0.377831
0.372368
0.365854
0.357508
0.345624
0.326057
0.296333
0.279253
0.28301
0.294975
0.302889
0.297668
0.267903
0.224724
0.204103
0.200288
0.453517
0.452509
0.451581
0.450685
0.449749
0.448665
0.447265
0.445275
0.44222
0.437231
0.433171
0.429564
0.426157
0.422839
0.419562
0.416298
0.413025
0.409722
0.406364
0.402923
0.399372
0.395675
0.39178
0.387611
0.383047
0.377895
0.371819
0.364191
0.35371
0.337468
0.311526
0.283011
0.266422
0.266941
0.273562
0.27132
0.248147
0.217544
0.20326
0.200272
0.445419
0.444625
0.443951
0.443356
0.442782
0.442144
0.441312
0.440097
0.438217
0.435294
0.43216
0.429016
0.425884
0.422752
0.419609
0.416444
0.413242
0.409987
0.406658
0.403235
0.399696
0.396009
0.392128
0.387988
0.383492
0.37849
0.372729
0.36575
0.356635
0.343424
0.322854
0.294976
0.266942
0.250169
0.246572
0.243406
0.22884
0.211243
0.202484
0.200259
0.435776
0.435173
0.434712
0.434357
0.434057
0.433737
0.433292
0.432579
0.43141
0.429585
0.427284
0.424687
0.4219
0.418979
0.415954
0.412835
0.409623
0.406315
0.402902
0.399374
0.395711
0.391888
0.387869
0.383604
0.379019
0.374006
0.368386
0.36184
0.353741
0.342769
0.326504
0.30289
0.273563
0.246573
0.2309
0.223642
0.215411
0.206783
0.201856
0.200251
0.423426
0.422985
0.422696
0.422523
0.422416
0.422304
0.422092
0.421658
0.42086
0.419562
0.417759
0.415532
0.412968
0.410137
0.407089
0.403855
0.400455
0.3969
0.393191
0.389324
0.385284
0.381051
0.376594
0.371871
0.366823
0.36137
0.355396
0.348698
0.34087
0.331024
0.317393
0.297669
0.271321
0.243407
0.223642
0.21386
0.20834
0.204103
0.201394
0.200249
0.405714
0.40539
0.405222
0.405172
0.405183
0.405178
0.405062
0.404715
0.404011
0.402835
0.401134
0.398925
0.396263
0.393208
0.389816
0.386127
0.382168
0.377953
0.373481
0.368734
0.36368
0.358268
0.352434
0.3461
0.3392
0.331704
0.323639
0.315069
0.30596
0.295897
0.283745
0.267904
0.248148
0.228841
0.215412
0.20834
0.204785
0.202562
0.201057
0.20025
0.3762
0.375912
0.37579
0.375785
0.375825
0.375816
0.375645
0.375181
0.374291
0.372857
0.370803
0.368114
0.364812
0.360939
0.35653
0.351602
0.346145
0.340117
0.333438
0.325997
0.31768
0.308421
0.298289
0.287576
0.276816
0.26666
0.257628
0.249919
0.243362
0.237461
0.231476
0.224724
0.217545
0.211243
0.206783
0.204103
0.202562
0.201542
0.200766
0.200239
0.320299
0.319905
0.319715
0.31965
0.319608
0.319459
0.319051
0.31822
0.316796
0.314631
0.311615
0.307689
0.302832
0.297046
0.290343
0.282756
0.274366
0.265348
0.256006
0.246765
0.23809
0.230373
0.223845
0.218571
0.214488
0.211447
0.209252
0.207693
0.206571
0.205702
0.204917
0.204103
0.20326
0.202484
0.201856
0.201394
0.201057
0.200766
0.20047
0.200194
0.236597
0.236264
0.236082
0.235982
0.235877
0.235663
0.23522
0.234427
0.233176
0.231397
0.229076
0.226271
0.2231
0.219727
0.216337
0.213108
0.21019
0.207687
0.205646
0.204061
0.202882
0.202036
0.201445
0.20104
0.200768
0.200588
0.200472
0.200398
0.200352
0.200324
0.200304
0.200288
0.200272
0.200259
0.200251
0.200249
0.20025
0.200239
0.200194
0.200112
0.8
0.799987
0.797542
0.782697
0.757117
0.729696
0.704247
0.681533
0.661437
0.64365
0.627849
0.613741
0.60107
0.589606
0.579156
0.56957
0.560727
0.552523
0.54487
0.53769
0.530916
0.524486
0.518346
0.51244
0.506716
0.50112
0.495592
0.490067
0.484468
0.478703
0.472656
0.466174
0.459045
0.450944
0.441318
0.429082
0.411821
0.383636
0.330379
0.243989
0.799982
0.799185
0.791104
0.770893
0.745013
0.719158
0.695331
0.67392
0.654814
0.637772
0.622535
0.608859
0.59652
0.585312
0.575068
0.565654
0.55696
0.54889
0.54136
0.534299
0.527643
0.521335
0.515323
0.509556
0.503986
0.49856
0.493222
0.487907
0.482536
0.477012
0.471211
0.464972
0.458075
0.450189
0.440754
0.428679
0.411537
0.383403
0.330073
0.243688
0.797546
0.791108
0.775463
0.753128
0.728936
0.705512
0.683809
0.664056
0.646203
0.630106
0.615586
0.60246
0.590545
0.579673
0.569706
0.56053
0.552047
0.544169
0.536821
0.529936
0.523457
0.517333
0.511516
0.505961
0.500625
0.495458
0.490405
0.485401
0.48036
0.475176
0.469713
0.463795
0.457189
0.449555
0.440331
0.428424
0.411402
0.383323
0.32995
0.243542
0.782709
0.770899
0.753129
0.732334
0.710923
0.690188
0.670704
0.652679
0.636145
0.62105
0.607296
0.594761
0.583307
0.57281
0.563163
0.554267
0.546037
0.538392
0.531265
0.524598
0.518339
0.512444
0.506872
0.501587
0.496549
0.491716
0.487036
0.482441
0.477839
0.473107
0.468088
0.462582
0.456337
0.449002
0.440015
0.428284
0.41138
0.383351
0.329939
0.243479
0.757127
0.745017
0.728938
0.710924
0.692395
0.674191
0.656769
0.640362
0.62507
0.61092
0.597889
0.585913
0.57491
0.564796
0.555484
0.546889
0.538932
0.531543
0.52466
0.518233
0.512218
0.506577
0.501281
0.4963
0.491607
0.487168
0.482939
0.478851
0.474806
0.470659
0.466218
0.461241
0.455447
0.448472
0.439753
0.428209
0.411416
0.383418
0.329945
0.243406
0.729704
0.719161
0.705514
0.690189
0.674191
0.658169
0.64253
0.627521
0.613292
0.599935
0.587495
0.575986
0.565385
0.555632
0.546649
0.538355
0.530675
0.523546
0.516911
0.510726
0.504956
0.499572
0.494554
0.489888
0.485559
0.481552
0.477834
0.47435
0.470994
0.467599
0.463915
0.45963
0.454412
0.447879
0.439472
0.428128
0.411436
0.383439
0.329849
0.243217
0.704251
0.695333
0.68381
0.670704
0.65677
0.64253
0.628343
0.614449
0.601021
0.588197
0.576123
0.564936
0.554654
0.545216
0.536535
0.528525
0.52111
0.514226
0.507822
0.501859
0.496309
0.491154
0.486386
0.482006
0.478022
0.474443
0.471269
0.468469
0.465952
0.463528
0.46087
0.45752
0.453064
0.447095
0.439068
0.427948
0.411346
0.383305
0.329513
0.242787
0.681536
0.673922
0.664057
0.652679
0.640362
0.627521
0.61445
0.601348
0.588368
0.575684
0.563601
0.552512
0.542432
0.533245
0.524827
0.517069
0.509887
0.503214
0.497001
0.491212
0.485825
0.480832
0.476238
0.472063
0.468341
0.465119
0.462451
0.46037
0.458847
0.457702
0.456508
0.454509
0.451131
0.445931
0.438397
0.427548
0.411033
0.382894
0.328784
0.241989
0.66144
0.654815
0.646204
0.636146
0.62507
0.613293
0.601021
0.588368
0.575389
0.562201
0.549282
0.537947
0.527929
0.518924
0.510718
0.503166
0.496164
0.489639
0.483541
0.477835
0.472504
0.467546
0.462977
0.458833
0.455178
0.452108
0.449757
0.448292
0.447858
0.448438
0.449559
0.449797
0.448151
0.44411
0.437275
0.426788
0.410372
0.382081
0.327511
0.240708
0.643652
0.637773
0.630106
0.62105
0.61092
0.599935
0.588197
0.575684
0.562201
0.547245
0.530275
0.518283
0.508232
0.499349
0.491289
0.483856
0.476927
0.470417
0.464271
0.458453
0.452944
0.447742
0.442868
0.438364
0.434314
0.430855
0.428217
0.42678
0.427146
0.430097
0.435867
0.441397
0.443307
0.441275
0.435508
0.425535
0.409255
0.380757
0.325559
0.238863
0.62785
0.622536
0.615586
0.607296
0.597889
0.587495
0.576123
0.563601
0.549281
0.530275
0.248356
0.240433
0.245794
0.249132
0.251085
0.252173
0.25267
0.252748
0.252528
0.252105
0.251565
0.250992
0.250481
0.250153
0.250179
0.250834
0.252645
0.256848
0.26718
0.296086
0.431132
0.437001
0.43935
0.438223
0.433268
0.423787
0.407633
0.378856
0.322837
0.236428
0.613742
0.60886
0.60246
0.594761
0.585914
0.575986
0.564936
0.552512
0.537947
0.518283
0.240433
0.204117
0.203001
0.203559
0.203985
0.204271
0.20445
0.204547
0.204583
0.204576
0.204543
0.204499
0.204463
0.204456
0.20451
0.204673
0.205043
0.205842
0.207707
0.212537
0.42582
0.433219
0.435826
0.435154
0.430731
0.421621
0.405525
0.37637
0.319299
0.233443
0.60107
0.59652
0.590546
0.583307
0.57491
0.565385
0.554654
0.542432
0.527929
0.508232
0.245794
0.203001
0.200204
0.20014
0.200165
0.200186
0.2002
0.200209
0.200214
0.200216
0.200216
0.200215
0.200214
0.200214
0.200218
0.200228
0.200249
0.200293
0.200384
0.200569
0.420822
0.429656
0.432496
0.43209
0.428003
0.419128
0.402989
0.373331
0.314937
0.230011
0.589606
0.585312
0.579673
0.57281
0.564796
0.555632
0.545216
0.533245
0.518924
0.499349
0.249132
0.203559
0.20014
0.200008
0.200005
0.200006
0.200007
0.200007
0.200008
0.200008
0.200008
0.200008
0.200008
0.200008
0.200008
0.200008
0.200009
0.20001
0.200013
0.200017
0.416047
0.426194
0.429254
0.429024
0.425143
0.416382
0.40009
0.369789
0.309761
0.226279
0.579157
0.575068
0.569706
0.563163
0.555484
0.546649
0.536535
0.524827
0.510718
0.491289
0.251086
0.203985
0.200165
0.200005
0.2
0.2
0.2
0.2
0.2
0.2
0.2
0.2
0.2
0.2
0.2
0.2
0.2
0.2
0.2
0.2
0.411436
0.422788
0.426053
0.425947
0.422183
0.413435
0.396887
0.365793
0.303784
0.222425
0.569571
0.565654
0.56053
0.554267
0.546889
0.538355
0.528525
0.517069
0.503165
0.483856
0.252173
0.204271
0.200186
0.200006
0.2
0.2
0.2
0.2
0.2
0.2
0.2
0.2
0.2
0.2
0.2
0.2
0.2
0.2
0.2
0.2
0.406954
0.419411
0.422867
0.42285
0.419139
0.410322
0.393427
0.361383
0.297016
0.218631
0.560727
0.55696
0.552047
0.546037
0.538932
0.530675
0.52111
0.509887
0.496164
0.476926
0.25267
0.20445
0.2002
0.200007
0.2
0.2
0.2
0.2
0.2
0.2
0.2
0.2
0.2
0.2
0.2
0.2
0.2
0.2
0.2
0.2
0.402573
0.416044
0.419677
0.419723
0.416018
0.407069
0.389745
0.356578
0.289477
0.215067
0.552523
0.54889
0.544169
0.538392
0.531543
0.523546
0.514226
0.503214
0.489639
0.470417
0.252748
0.204547
0.200209
0.200007
0.2
0.2
0.2
0.2
0.2
0.2
0.2
0.2
0.2
0.2
0.2
0.2
0.2
0.2
0.2
0.2
0.398266
0.412666
0.416464
0.416554
0.412819
0.403689
0.385865
0.351373
0.281226
0.211869
0.54487
0.54136
0.536821
0.531265
0.52466
0.516911
0.507822
0.497001
0.483541
0.464271
0.252528
0.204583
0.200214
0.200008
0.2
0.2
0.2
0.2
0.2
0.2
0.2
0.2
0.2
0.2
0.2
0.2
0.2
0.2
0.2
0.2
0.394007
0.409254
0.413209
0.413329
0.409539
0.40019
0.381801
0.34574
0.272405
0.209127
0.53769
0.534299
0.529936
0.524598
0.518233
0.510726
0.501859
0.491212
0.477835
0.458453
0.252105
0.204576
0.200216
0.200008
0.2
0.2
0.2
0.2
0.2
0.2
0.2
0.2
0.2
0.2
0.2
0.2
0.2
0.2
0.2
0.2
0.389769
0.405779
0.409888
0.410031
0.40617
0.396575
0.377557
0.339622
0.263271
0.206881
0.530916
0.527643
0.523457
0.518339
0.512218
0.504956
0.496309
0.485825
0.472504
0.452944
0.251565
0.204543
0.200216
0.200008
0.2
0.2
0.2
0.2
0.2
0.2
0.2
0.2
0.2
0.2
0.2
0.2
0.2
0.2
0.2
0.2
0.385524
0.402211
0.406477
0.406641
0.4027
0.392841
0.373128
0.332944
0.254196
0.205118
0.524486
0.521335
0.517333
0.512444
0.506577
0.499572
0.491154
0.480832
0.467546
0.447742
0.250992
0.204499
0.200215
0.200008
0.2
0.2
0.2
0.2
0.2
0.2
0.2
0.2
0.2
0.2
0.2
0.2
0.2
0.2
0.2
0.2
0.381243
0.398509
0.402944
0.403133
0.399111
0.388984
0.368503
0.325637
0.245606
0.203787
0.518346
0.515323
0.511516
0.506872
0.501281
0.494554
0.486386
0.476238
0.462977
0.442867
0.250481
0.204463
0.200214
0.200008
0.2
0.2
0.2
0.2
0.2
0.2
0.2
0.2
0.2
0.2
0.2
0.2
0.2
0.2
0.2
0.2
0.376889
0.394621
0.399243
0.39947
0.395381
0.384992
0.363659
0.317674
0.237873
0.202813
0.51244
0.509556
0.505961
0.501586
0.4963
0.489888
0.482006
0.472063
0.458833
0.438364
0.250153
0.204456
0.200214
0.200008
0.2
0.2
0.2
0.2
0.2
0.2
0.2
0.2
0.2
0.2
0.2
0.2
0.2
0.2
0.2
0.2
0.372409
0.390473
0.395311
0.395602
0.391476
0.380848
0.358574
0.309133
0.231238
0.20212
0.506716
0.503986
0.500625
0.496548
0.491607
0.485559
0.478022
0.468341
0.455178
0.434314
0.250179
0.20451
0.200218
0.200008
0.2
0.2
0.2
0.2
0.2
0.2
0.2
0.2
0.2
0.2
0.2
0.2
0.2
0.2
0.2
0.2
0.367722
0.385951
0.391049
0.391455
0.387347
0.376524
0.353225
0.300253
0.225795
0.201636
0.501119
0.49856
0.495458
0.491716
0.487168
0.481551
0.474443
0.465119
0.452108
0.430855
0.250834
0.204673
0.200228
0.200008
0.2
0.2
0.2
0.2
0.2
0.2
0.2
0.2
0.2
0.2
0.2
0.2
0.2
0.2
0.2
0.2
0.362694
0.380869
0.3863
0.386912
0.382918
0.37198
0.347608
0.291441
0.221518
0.201308
0.495592
0.493222
0.490405
0.487036
0.482939
0.477834
0.471269
0.46245
0.449757
0.428217
0.252645
0.205043
0.200249
0.200009
0.2
0.2
0.2
0.2
0.2
0.2
0.2
0.2
0.2
0.2
0.2
0.2
0.2
0.2
0.2
0.2
0.357067
0.374911
0.380795
0.381778
0.378065
0.367152
0.341741
0.283193
0.218306
0.201093
0.490067
0.487907
0.485401
0.482441
0.478851
0.47435
0.468468
0.46037
0.448291
0.426779
0.256848
0.205842
0.200293
0.20001
0.2
0.2
0.2
0.2
0.2
0.2
0.2
0.2
0.2
0.2
0.2
0.2
0.2
0.2
0.2
0.2
0.350287
0.367473
0.37404
0.375703
0.372555
0.361912
0.335659
0.27592
0.216008
0.200961
0.484468
0.482536
0.48036
0.477839
0.474806
0.470994
0.465952
0.458847
0.447858
0.427146
0.26718
0.207707
0.200384
0.200013
0.2
0.2
0.2
0.2
0.2
0.2
0.2
0.2
0.2
0.2
0.2
0.2
0.2
0.2
0.2
0.2
0.340984
0.357247
0.365023
0.36798
0.36593
0.355992
0.329337
0.26977
0.214437
0.200892
0.478703
0.477011
0.475176
0.473107
0.470659
0.467598
0.463528
0.457702
0.448438
0.430097
0.296086
0.212537
0.200569
0.200017
0.2
0.2
0.2
0.2
0.2
0.2
0.2
0.2
0.2
0.2
0.2
0.2
0.2
0.2
0.2
0.2
0.325054
0.340907
0.35139
0.357049
0.357183
0.348771
0.322516
0.264504
0.213375
0.200868
0.472656
0.47121
0.469713
0.468088
0.466218
0.463915
0.46087
0.456508
0.449559
0.435867
0.431132
0.425819
0.420822
0.416047
0.411436
0.406954
0.402573
0.398266
0.394007
0.389769
0.385524
0.381243
0.376889
0.372409
0.367722
0.362695
0.357067
0.350287
0.340984
0.325055
0.309103
0.316344
0.329695
0.340082
0.34432
0.338914
0.314372
0.259415
0.212553
0.200874
0.466174
0.464972
0.463795
0.462582
0.461241
0.45963
0.45752
0.454509
0.449797
0.441397
0.437001
0.433219
0.429656
0.426194
0.422787
0.419411
0.416044
0.412666
0.409254
0.405779
0.40221
0.398508
0.394621
0.390473
0.385951
0.380869
0.374912
0.367473
0.357247
0.340908
0.316344
0.302722
0.306216
0.317098
0.325526
0.324479
0.303324
0.253347
0.211658
0.200897
0.459045
0.458075
0.457188
0.456336
0.455447
0.454412
0.453063
0.451131
0.448151
0.443306
0.43935
0.435826
0.432496
0.429254
0.426053
0.422867
0.419677
0.416464
0.413208
0.409888
0.406477
0.402944
0.399243
0.395311
0.391049
0.3863
0.380795
0.37404
0.365023
0.35139
0.329696
0.306216
0.292809
0.293938
0.301676
0.304151
0.287594
0.245068
0.210442
0.200925
0.450944
0.450189
0.449555
0.449002
0.448472
0.447879
0.447095
0.445931
0.44411
0.441275
0.438223
0.435154
0.43209
0.429024
0.425947
0.42285
0.419723
0.416554
0.413329
0.410031
0.406641
0.403133
0.39947
0.395602
0.391455
0.386912
0.381778
0.375703
0.367981
0.35705
0.340082
0.317099
0.293939
0.279832
0.278101
0.279309
0.266816
0.234672
0.208907
0.200962
0.441318
0.440753
0.440331
0.440014
0.439753
0.439472
0.439068
0.438397
0.437275
0.435508
0.433268
0.430731
0.428003
0.425143
0.422183
0.419139
0.416018
0.412819
0.409539
0.40617
0.4027
0.399111
0.395381
0.391476
0.387347
0.382919
0.378065
0.372555
0.36593
0.357183
0.344321
0.325527
0.301677
0.278102
0.26267
0.255835
0.245192
0.224311
0.207338
0.201026
0.429082
0.428679
0.428424
0.428284
0.428208
0.428128
0.427948
0.427548
0.426788
0.425535
0.423786
0.421621
0.419128
0.416382
0.413434
0.410322
0.407069
0.403689
0.40019
0.396574
0.392841
0.388984
0.384992
0.380848
0.376524
0.37198
0.367152
0.361912
0.355992
0.348771
0.338914
0.32448
0.304152
0.27931
0.255836
0.240225
0.229031
0.216421
0.206053
0.201147
0.411821
0.411537
0.411402
0.41138
0.411416
0.411436
0.411346
0.411033
0.410372
0.409255
0.407632
0.405525
0.402989
0.40009
0.396887
0.393427
0.389745
0.385865
0.381801
0.377557
0.373128
0.368503
0.363659
0.358574
0.353225
0.347608
0.341741
0.335659
0.329338
0.322517
0.314373
0.303325
0.287595
0.266817
0.245192
0.229031
0.218974
0.211305
0.205105
0.201337
0.383636
0.383402
0.383323
0.38335
0.383418
0.383439
0.383305
0.382894
0.382081
0.380756
0.378856
0.37637
0.373331
0.369789
0.365793
0.361383
0.356578
0.351373
0.34574
0.339622
0.332944
0.325637
0.317674
0.309133
0.300253
0.291441
0.283194
0.275921
0.26977
0.264504
0.259416
0.253348
0.245069
0.234673
0.224312
0.216421
0.211305
0.207535
0.204182
0.201512
0.330379
0.330073
0.32995
0.329939
0.329945
0.329849
0.329513
0.328784
0.327511
0.325559
0.322837
0.319299
0.314937
0.309761
0.303784
0.297016
0.289477
0.281227
0.272406
0.263271
0.254197
0.245606
0.237873
0.231239
0.225795
0.221518
0.218306
0.216008
0.214437
0.213375
0.212553
0.211659
0.210442
0.208907
0.207339
0.206053
0.205105
0.204182
0.202926
0.201438
0.243989
0.243688
0.243542
0.243479
0.243406
0.243217
0.242787
0.241989
0.240708
0.238863
0.236428
0.233443
0.230011
0.226279
0.222425
0.218631
0.215067
0.211869
0.209127
0.206881
0.205118
0.203787
0.202813
0.20212
0.201636
0.201308
0.201093
0.200961
0.200892
0.200868
0.200874
0.200897
0.200925
0.200962
0.201026
0.201147
0.201337
0.201512
0.201438
0.200974
)
;

boundaryField
{
    left
    {
        type            fixedValue;
        value           uniform 0;
    }
    right
    {
        type            fixedValue;
        value           uniform 0;
    }
    up
    {
        type            fixedValue;
        value           uniform 0;
    }
    down
    {
        type            fixedValue;
        value           uniform 0;
    }
    front
    {
        type            fixedValue;
        value           uniform 0;
    }
    back
    {
        type            fixedValue;
        value           uniform 0;
    }
}


// ************************************************************************* //
