/*--------------------------------*- C++ -*----------------------------------*\
| =========                 |                                                 |
| \\      /  F ield         | OpenFOAM: The Open Source CFD Toolbox           |
|  \\    /   O peration     | Version:  2.1.0                                 |
|   \\  /    A nd           | Web:      www.OpenFOAM.org                      |
|    \\/     M anipulation  |                                                 |
\*---------------------------------------------------------------------------*/
FoamFile
{
    version     2.0;
    format      ascii;
    class       volScalarField;
    location    "20075";
    object      kr_w;
}
// * * * * * * * * * * * * * * * * * * * * * * * * * * * * * * * * * * * * * //

dimensions      [0 0 0 0 0 0 0];

internalField   nonuniform List<scalar> 
8000
(
0.381178
0.358955
0.33318
0.307169
0.282475
0.259699
0.238949
0.22014
0.203153
0.187863
0.174127
0.161793
0.150706
0.140714
0.131686
0.123505
0.116047
0.1092
0.102871
0.0969739
0.0914348
0.0861861
0.0811649
0.0763105
0.0715617
0.066854
0.062116
0.0572652
0.0521938
0.0467595
0.0407829
0.0340787
0.0265919
0.0186728
0.0109264
0.00470268
0.00132479
0.000236994
2.62016e-05
1.39384e-06
0.358958
0.339801
0.317248
0.294059
0.271647
0.250633
0.231218
0.213423
0.19722
0.182542
0.169289
0.15734
0.146563
0.136824
0.128011
0.12001
0.112701
0.105982
0.0997614
0.0939587
0.0885036
0.083332
0.0783847
0.0736049
0.0689352
0.0643154
0.0596783
0.0549411
0.049993
0.0446866
0.0388377
0.0322647
0.0249461
0.0172975
0.00995531
0.00420842
0.00116587
0.00020589
2.2527e-05
1.18684e-06
0.333181
0.317248
0.298158
0.278072
0.258229
0.239245
0.221396
0.204819
0.189571
0.175646
0.162992
0.151525
0.141142
0.131736
0.123212
0.115455
0.108357
0.101821
0.095761
0.0901043
0.0847848
0.0797439
0.0749276
0.0702847
0.0657635
0.0613098
0.0568596
0.0523281
0.0475999
0.04252
0.0368952
0.0305433
0.0234732
0.0161442
0.00918714
0.00383073
0.00104469
0.000181809
1.96238e-05
1.02015e-06
0.30717
0.29406
0.278072
0.260867
0.243473
0.226469
0.210203
0.194887
0.180641
0.167513
0.155501
0.144558
0.134612
0.12559
0.117398
0.109926
0.103075
0.0967548
0.0908884
0.085408
0.0802544
0.075376
0.0707261
0.0662617
0.0619405
0.0577162
0.0535274
0.0492893
0.0448819
0.0401397
0.0348536
0.0288311
0.0221009
0.0151388
0.00855391
0.00352901
0.000948031
0.000162302
1.72233e-05
8.79843e-07
0.282475
0.271648
0.258229
0.243473
0.228213
0.212999
0.198206
0.184083
0.170789
0.158423
0.147026
0.136596
0.127098
0.118477
0.110629
0.103456
0.0968626
0.0907687
0.0851029
0.0798045
0.0748222
0.070113
0.0656406
0.0613744
0.0572847
0.0533337
0.0494684
0.0456095
0.0416356
0.0373673
0.0325683
0.0270166
0.0207438
0.0142086
0.00799736
0.00326944
0.000864282
0.00014511
1.5075e-05
7.53108e-07
0.259699
0.250634
0.239245
0.226469
0.212999
0.199335
0.185836
0.172761
0.160296
0.148581
0.137709
0.127735
0.118664
0.110418
0.102898
0.0960079
0.0896581
0.0837727
0.078287
0.0731479
0.0683133
0.0637512
0.0594402
0.0553631
0.0515029
0.0478394
0.0443397
0.0409427
0.0375348
0.0339223
0.0298222
0.0249442
0.0192961
0.0132721
0.00745814
0.00301927
0.000782469
0.00012818
1.29626e-05
6.29665e-07
0.238949
0.231218
0.221396
0.210203
0.198206
0.185836
0.173417
0.161194
0.149366
0.138108
0.127595
0.117981
0.109255
0.101326
0.0940856
0.0874322
0.0812781
0.0755505
0.0701907
0.0651546
0.0604117
0.0559428
0.0517355
0.0477862
0.0441013
0.0406928
0.0375691
0.0347122
0.0320391
0.0293484
0.0262806
0.0223933
0.0176182
0.0122303
0.00686999
0.00274441
0.000692174
0.000109794
1.07331e-05
5.03712e-07
0.22014
0.213423
0.204819
0.194888
0.184083
0.172761
0.161194
0.149592
0.138135
0.127029
0.116587
0.107129
0.0986134
0.0909002
0.0838497
0.0773455
0.071296
0.0656317
0.0603039
0.0552777
0.0505258
0.0460325
0.0417981
0.0378442
0.0342167
0.0309853
0.0282314
0.0260175
0.0243269
0.0229719
0.0214855
0.0191006
0.0155358
0.0109686
0.00616182
0.00241197
0.000585272
8.90317e-05
8.35013e-06
3.76349e-07
0.203153
0.19722
0.189571
0.180641
0.17079
0.160297
0.149366
0.138135
0.126704
0.11523
0.104122
0.0944609
0.0859522
0.0782947
0.0712795
0.0647662
0.0586632
0.0529062
0.0474442
0.0422413
0.0372802
0.0325706
0.0281611
0.0241446
0.0206472
0.0177838
0.0156629
0.0143842
0.0139952
0.0144037
0.0151511
0.0148925
0.0129182
0.0094005
0.00528053
0.00200182
0.000460225
6.64777e-05
5.94539e-06
2.56375e-07
0.187863
0.182542
0.175646
0.167514
0.158423
0.148581
0.138108
0.127029
0.11523
0.102258
0.0874848
0.077059
0.0682431
0.0603438
0.0530527
0.0461884
0.0396434
0.0333761
0.0274218
0.0219064
0.0170335
0.0129802
0.00976284
0.00733802
0.00560938
0.00446378
0.00381804
0.00366207
0.00411689
0.0054978
0.00810891
0.0102274
0.00999229
0.00759456
0.00423991
0.00152726
0.000327033
4.45443e-05
3.79009e-06
1.56361e-07
0.174127
0.16929
0.162992
0.155501
0.147027
0.137709
0.127595
0.116587
0.104122
0.0874848
0.0024778
0.00165365
0.00169116
0.00160809
0.00145729
0.00127258
0.0010749
0.000879284
0.000697168
0.000537012
0.000403869
0.000298875
0.000220054
0.000163702
0.00012563
0.000102391
9.24207e-05
9.81175e-05
0.000132955
0.000253132
0.00687932
0.00806786
0.00778541
0.00587499
0.00315857
0.00104781
0.000205841
2.63882e-05
2.1403e-06
8.47664e-08
0.161793
0.157341
0.151526
0.144558
0.136596
0.127735
0.117981
0.107129
0.0944609
0.077059
0.00165365
6.49688e-05
3.8342e-05
3.77354e-05
3.44618e-05
2.96409e-05
2.43151e-05
1.91684e-05
1.46113e-05
1.08405e-05
7.89048e-06
5.68995e-06
4.1159e-06
3.03544e-06
2.3332e-06
1.9283e-06
1.79149e-06
1.98949e-06
2.83884e-06
5.33174e-06
0.00557607
0.00633469
0.00593934
0.00431666
0.00215349
0.000635977
0.000114
1.38067e-05
1.07289e-06
4.10087e-08
0.150706
0.146563
0.141142
0.134613
0.127098
0.118664
0.109256
0.0986134
0.0859522
0.0682431
0.00169116
3.83421e-05
1.24247e-06
6.63611e-07
6.13648e-07
5.30089e-07
4.31284e-07
3.34761e-07
2.50412e-07
1.82222e-07
1.30267e-07
9.24991e-08
6.61054e-08
4.83493e-08
3.70067e-08
3.05666e-08
2.84243e-08
3.14357e-08
4.35962e-08
7.34604e-08
0.00430652
0.00479884
0.00433615
0.00295641
0.00131506
0.000338336
5.58178e-05
6.43844e-06
4.82496e-07
1.79021e-08
0.140714
0.136825
0.131736
0.12559
0.118477
0.110418
0.101326
0.0909002
0.0782947
0.0603438
0.00160809
3.77354e-05
6.63612e-07
1.85835e-08
9.07814e-09
7.85019e-09
6.39949e-09
4.9428e-09
3.66425e-09
2.63724e-09
1.86334e-09
1.30776e-09
9.24112e-10
6.68469e-10
5.0574e-10
4.11849e-10
3.75141e-10
4.00715e-10
5.21687e-10
7.82111e-10
0.00314214
0.00343995
0.00295957
0.0018359
0.000702144
0.000158249
2.44637e-05
2.71388e-06
1.97471e-07
7.15108e-09
0.131686
0.128011
0.123212
0.117398
0.11063
0.102899
0.0940857
0.0838498
0.0712795
0.0530527
0.00145729
3.44618e-05
6.13649e-07
9.07815e-09
2.25057e-10
1.01416e-10
8.2256e-11
6.3551e-11
4.69237e-11
3.35367e-11
2.34813e-11
1.63042e-11
1.13789e-11
8.1109e-12
6.02454e-12
4.78711e-12
4.21238e-12
4.27832e-12
5.17301e-12
6.97873e-12
0.00212922
0.00227888
0.00183143
0.00099928
0.000324146
6.60361e-05
9.74809e-06
1.04981e-06
7.46412e-08
2.65098e-09
0.123505
0.12001
0.115455
0.109926
0.103456
0.096008
0.0874323
0.0773456
0.0647662
0.0461884
0.00127258
2.96409e-05
5.3009e-07
7.8502e-09
1.01416e-10
2.26745e-12
9.50968e-13
7.279e-13
5.36447e-13
3.81423e-13
2.64875e-13
1.81946e-13
1.25276e-13
8.77044e-14
6.36335e-14
4.91293e-14
4.14518e-14
3.9788e-14
4.46079e-14
5.47811e-14
0.00130527
0.00135087
0.000990142
0.000464912
0.000131179
2.50529e-05
3.58654e-06
3.78076e-07
2.64164e-08
9.24028e-10
0.116047
0.112702
0.108357
0.103075
0.0968627
0.0896582
0.0812782
0.071296
0.0586633
0.0396433
0.0010749
2.43151e-05
4.31285e-07
6.3995e-09
8.22561e-11
9.50968e-13
1.9559e-14
7.54101e-15
5.40413e-15
3.72764e-15
2.41312e-15
1.4574e-15
8.31893e-16
4.09596e-16
1.20656e-16
1.20656e-16
1.20656e-16
1.20656e-16
1.20656e-16
1.20656e-16
0.000703005
0.0006926
0.000455182
0.000185888
4.77986e-05
8.79531e-06
1.23571e-06
1.28427e-07
8.86298e-09
3.06438e-10
0.109201
0.105982
0.101821
0.0967549
0.0907688
0.0837728
0.0755505
0.0656318
0.0529062
0.033376
0.000879284
1.91684e-05
3.34762e-07
4.94281e-09
6.3551e-11
7.279e-13
7.54101e-15
0
0
0
0
0
0
0
0
0
0
0
0
0
0.000327449
0.000302693
0.000178922
6.59092e-05
1.60621e-05
2.9014e-06
4.03848e-07
4.16419e-08
2.85128e-09
9.77425e-11
0.102871
0.0997615
0.0957611
0.0908885
0.085103
0.0782871
0.0701908
0.0603039
0.0474442
0.0274218
0.000697168
1.46114e-05
2.50412e-07
3.66426e-09
4.69238e-11
5.36447e-13
5.40413e-15
0
0
0
0
0
0
0
0
0
0
0
0
0
0.000133173
0.000114761
6.21319e-05
2.13926e-05
5.07516e-06
9.1184e-07
1.26712e-07
1.30346e-08
8.89017e-10
3.02944e-11
0.0969739
0.0939588
0.0901044
0.0854081
0.0798046
0.073148
0.0651546
0.0552777
0.0422414
0.0219064
0.000537012
1.08405e-05
1.82223e-07
2.63724e-09
3.35367e-11
3.81423e-13
3.72764e-15
0
0
0
0
0
0
0
0
0
0
0
0
0
4.84956e-05
3.90135e-05
1.97267e-05
6.51914e-06
1.53306e-06
2.76569e-07
3.86146e-08
3.98193e-09
2.71469e-10
9.21653e-12
0.0914348
0.0885036
0.0847849
0.0802545
0.0748223
0.0683133
0.0604117
0.0505258
0.0372802
0.0170334
0.00040387
7.89049e-06
1.30267e-07
1.86334e-09
2.34813e-11
2.64875e-13
2.41312e-15
0
0
0
0
0
0
0
0
0
0
0
0
0
1.62523e-05
1.22742e-05
5.89243e-06
1.9044e-06
4.49262e-07
8.19536e-08
1.15581e-08
1.19995e-09
8.2037e-11
2.78102e-12
0.0861861
0.083332
0.079744
0.075376
0.070113
0.0637513
0.0559429
0.0460325
0.0325706
0.0129802
0.000298875
5.68996e-06
9.24992e-08
1.30777e-09
1.63042e-11
1.81946e-13
1.4574e-15
0
0
0
0
0
0
0
0
0
0
0
0
0
5.13578e-06
3.6676e-06
1.69348e-06
5.42185e-07
1.29358e-07
2.39949e-08
3.43487e-09
3.60526e-10
2.47998e-11
8.41644e-13
0.0811649
0.0783848
0.0749277
0.0707262
0.0656406
0.0594402
0.0517355
0.0417982
0.0281612
0.00976284
0.000220054
4.1159e-06
6.61056e-08
9.24114e-10
1.1379e-11
1.25276e-13
8.31893e-16
0
0
0
0
0
0
0
0
0
0
0
0
0
1.55765e-06
1.05979e-06
4.75672e-07
1.52301e-07
3.69857e-08
7.01285e-09
1.02407e-09
1.0917e-10
7.58532e-12
2.58693e-13
0.0763105
0.0736049
0.0702847
0.0662618
0.0613745
0.0553631
0.0477863
0.0378443
0.0241446
0.00733802
0.000163702
3.03545e-06
4.83494e-08
6.6847e-10
8.11093e-12
8.77044e-14
4.09596e-16
0
0
0
0
0
0
0
0
0
0
0
0
0
4.58029e-07
2.99224e-07
1.31838e-07
4.25735e-08
1.05911e-08
2.0649e-09
3.09417e-10
3.36925e-11
2.37705e-12
8.19573e-14
0.0715618
0.0689353
0.0657636
0.0619406
0.0572848
0.051503
0.0441013
0.0342168
0.0206472
0.00560939
0.00012563
2.3332e-06
3.70067e-08
5.05741e-10
6.02456e-12
6.36335e-14
1.20656e-16
0
0
0
0
0
0
0
0
0
0
0
0
0
1.3107e-07
8.29246e-08
3.62462e-08
1.19134e-08
3.05952e-09
6.18e-10
9.57576e-11
1.07312e-11
7.74346e-13
2.72874e-14
0.066854
0.0643154
0.0613098
0.0577162
0.0533337
0.0478394
0.0406928
0.0309853
0.0177838
0.00446378
0.000102391
1.9283e-06
3.05667e-08
4.1185e-10
4.78724e-12
4.91293e-14
1.20656e-16
0
0
0
0
0
0
0
0
0
0
0
0
0
3.63881e-08
2.25277e-08
9.89804e-09
3.35007e-09
8.97183e-10
1.89588e-10
3.06727e-11
3.57215e-12
2.6633e-13
9.73505e-15
0.062116
0.0596783
0.0568596
0.0535274
0.0494684
0.0443397
0.0375691
0.0282315
0.015663
0.00381805
9.24208e-05
1.7915e-06
2.84244e-08
3.75142e-10
4.21238e-12
4.14518e-14
1.20656e-16
0
0
0
0
0
0
0
0
0
0
0
0
0
9.71889e-09
5.96569e-09
2.67954e-09
9.47982e-10
2.68253e-10
6.00455e-11
1.027e-11
1.25888e-12
9.83602e-14
3.75939e-15
0.0572652
0.0549412
0.0523282
0.0492893
0.0456095
0.0409427
0.0347123
0.0260175
0.0143842
0.00366207
9.81176e-05
1.9895e-06
3.14357e-08
4.00716e-10
4.27838e-12
3.9788e-14
1.20656e-16
0
0
0
0
0
0
0
0
0
0
0
0
0
2.46015e-09
1.52514e-09
7.16164e-10
2.69975e-10
8.20556e-11
1.97546e-11
3.62665e-12
4.755e-13
3.97086e-14
1.63203e-15
0.0521939
0.0499931
0.0476
0.044882
0.0416356
0.0375348
0.0320391
0.024327
0.0139952
0.0041169
0.000132955
2.83885e-06
4.35963e-08
5.21689e-10
5.17301e-12
4.46079e-14
1.20656e-16
0
0
0
0
0
0
0
0
0
0
0
0
0
5.7352e-10
3.70358e-10
1.87617e-10
7.7222e-11
2.57095e-11
6.77607e-12
1.3591e-12
1.9433e-13
1.77428e-14
7.62039e-16
0.0467595
0.0446867
0.04252
0.0401397
0.0373674
0.0339223
0.0293484
0.0229719
0.0144037
0.00549781
0.000253132
5.33175e-06
7.34606e-08
7.82113e-10
6.97875e-12
5.47811e-14
1.20656e-16
0
0
0
0
0
0
0
0
0
0
0
0
0
1.15541e-10
8.31031e-11
4.76015e-11
2.20566e-11
8.22754e-12
2.42121e-12
5.41178e-13
8.62724e-14
8.81743e-15
3.77844e-16
0.0407829
0.0388378
0.0368952
0.0348536
0.0325684
0.0298222
0.0262807
0.0214855
0.0151511
0.00810892
0.00687933
0.00557608
0.00430653
0.00314214
0.00212922
0.00130528
0.000703008
0.000327451
0.000133173
4.84959e-05
1.62524e-05
5.13582e-06
1.55767e-06
4.58032e-07
1.31071e-07
3.63883e-08
9.71895e-09
2.46017e-09
5.73524e-10
1.15542e-10
2.89664e-11
1.77672e-11
1.16286e-11
6.23502e-12
2.66685e-12
8.94701e-13
2.27564e-13
4.1401e-14
4.84847e-15
1.77809e-16
0.0340787
0.0322647
0.0305433
0.0288311
0.0270167
0.0249442
0.0223933
0.0191006
0.0148925
0.0102274
0.00806787
0.0063347
0.00479885
0.00343996
0.00227889
0.00135087
0.000692604
0.000302695
0.000114762
3.90138e-05
1.22743e-05
3.66763e-06
1.0598e-06
2.99226e-07
8.29252e-08
2.25278e-08
5.96573e-09
1.52515e-09
3.7036e-10
8.31037e-11
1.77673e-11
5.61847e-12
3.04055e-12
1.77087e-12
8.69979e-13
3.37971e-13
9.98398e-14
2.1191e-14
2.92115e-15
1.20656e-16
0.0265919
0.0249461
0.0234733
0.0221009
0.0207438
0.0192961
0.0176183
0.0155358
0.0129182
0.00999231
0.00778543
0.00593935
0.00433616
0.00295958
0.00183143
0.000990147
0.000455184
0.000178924
6.21324e-05
1.97269e-05
5.89248e-06
1.69349e-06
4.75676e-07
1.31839e-07
3.62465e-08
9.89811e-09
2.67956e-09
7.16169e-10
1.87618e-10
4.76018e-11
1.16286e-11
3.04055e-12
1.09609e-12
5.5506e-13
2.91756e-13
1.30048e-13
4.51064e-14
1.14274e-14
1.8797e-15
1.20656e-16
0.0186728
0.0172976
0.0161443
0.0151388
0.0142086
0.0132721
0.0122303
0.0109686
0.00940052
0.00759458
0.005875
0.00431667
0.00295642
0.00183591
0.000999285
0.000464915
0.000185889
6.59098e-05
2.13928e-05
6.51919e-06
1.90442e-06
5.4219e-07
1.52302e-07
4.25738e-08
1.19135e-08
3.35009e-09
9.47989e-10
2.69977e-10
7.72225e-11
2.20567e-11
6.23504e-12
1.77088e-12
5.5506e-13
2.21553e-13
1.08219e-13
5.2114e-14
2.09974e-14
6.38208e-15
1.28912e-15
1.20656e-16
0.0109264
0.00995533
0.00918716
0.00855392
0.00799738
0.00745816
0.00687001
0.00616183
0.00528054
0.00423992
0.00315858
0.00215349
0.00131507
0.000702148
0.000324148
0.00013118
4.77989e-05
1.60622e-05
5.0752e-06
1.53308e-06
4.49266e-07
1.29359e-07
3.6986e-08
1.05912e-08
3.05954e-09
8.9719e-10
2.68254e-10
8.20561e-11
2.57097e-11
8.22762e-12
2.66687e-12
8.69979e-13
2.91756e-13
1.08219e-13
4.73925e-14
2.28008e-14
1.02336e-14
3.70859e-15
9.14447e-16
1.14306e-16
0.00470269
0.00420842
0.00383074
0.00352902
0.00326945
0.00301928
0.00274442
0.00241197
0.00200183
0.00152726
0.00104782
0.00063598
0.000338338
0.00015825
6.60365e-05
2.50531e-05
8.79537e-06
2.90142e-06
9.11847e-07
2.76571e-07
8.19543e-08
2.39951e-08
7.0129e-09
2.06492e-09
6.18004e-10
1.89589e-10
6.00459e-11
1.97547e-11
6.77614e-12
2.42127e-12
8.94707e-13
3.37971e-13
1.30048e-13
5.2114e-14
2.28008e-14
1.0948e-14
5.2803e-15
2.24484e-15
6.63609e-16
7.93791e-17
0.00132479
0.00116588
0.00104469
0.000948033
0.000864284
0.000782471
0.000692176
0.000585274
0.000460227
0.000327035
0.000205842
0.000114
5.58181e-05
2.44638e-05
9.74816e-06
3.58656e-06
1.23572e-06
4.0385e-07
1.26713e-07
3.86149e-08
1.15582e-08
3.4349e-09
1.02408e-09
3.09419e-10
9.57583e-11
3.06729e-11
1.02701e-11
3.62667e-12
1.3591e-12
5.41178e-13
2.27564e-13
9.98398e-14
4.51064e-14
2.09974e-14
1.02336e-14
5.2803e-15
2.80049e-15
1.35897e-15
4.73099e-16
6.03281e-17
0.000236994
0.000205891
0.00018181
0.000162303
0.000145111
0.00012818
0.000109794
8.9032e-05
6.6478e-05
4.45445e-05
2.63883e-05
1.38068e-05
6.43847e-06
2.71389e-06
1.04982e-06
3.78078e-07
1.28428e-07
4.16422e-08
1.30347e-08
3.98196e-09
1.19996e-09
3.60529e-10
1.09171e-10
3.36927e-11
1.07312e-11
3.57217e-12
1.25888e-12
4.755e-13
1.9433e-13
8.62724e-14
4.1401e-14
2.1191e-14
1.14274e-14
6.38208e-15
3.70859e-15
2.24484e-15
1.35897e-15
7.93791e-16
3.11166e-16
2.54013e-17
2.62017e-05
2.25271e-05
1.96238e-05
1.72233e-05
1.5075e-05
1.29627e-05
1.07331e-05
8.35016e-06
5.94542e-06
3.79011e-06
2.14031e-06
1.07289e-06
4.82498e-07
1.97472e-07
7.46417e-08
2.64166e-08
8.86303e-09
2.8513e-09
8.89023e-10
2.71471e-10
8.20377e-11
2.48e-11
7.58539e-12
2.37705e-12
7.74346e-13
2.6633e-13
9.83602e-14
3.97086e-14
1.77428e-14
8.81743e-15
4.84847e-15
2.92115e-15
1.8797e-15
1.28912e-15
9.14447e-16
6.63609e-16
4.73099e-16
3.11166e-16
1.20656e-16
0
1.39384e-06
1.18684e-06
1.02015e-06
8.79846e-07
7.53111e-07
6.29667e-07
5.03714e-07
3.76351e-07
2.56376e-07
1.56362e-07
8.47668e-08
4.10089e-08
1.79022e-08
7.15112e-09
2.65099e-09
9.24034e-10
3.0644e-10
9.77431e-11
3.02945e-11
9.21658e-12
2.78102e-12
8.41644e-13
2.58693e-13
8.19573e-14
2.72874e-14
9.73505e-15
3.75939e-15
1.63203e-15
7.62039e-16
3.77844e-16
1.77809e-16
1.20656e-16
1.20656e-16
1.20656e-16
1.14306e-16
7.93791e-17
6.03281e-17
2.54013e-17
0
0
0.482464
0.451726
0.414611
0.377351
0.342874
0.312125
0.285095
0.261441
0.240714
0.222477
0.206376
0.192129
0.179484
0.168215
0.158111
0.148989
0.140717
0.133167
0.126231
0.119815
0.113836
0.108224
0.102915
0.0978508
0.0929758
0.0882369
0.0835795
0.0789474
0.0742817
0.0695217
0.0646007
0.0594118
0.0536473
0.0463886
0.036452
0.0231402
0.0094283
0.00207428
0.000250475
1.40256e-05
0.451735
0.42433
0.391891
0.359102
0.328282
0.300317
0.275357
0.253226
0.233614
0.216206
0.200745
0.187001
0.174761
0.163822
0.153985
0.145093
0.137019
0.129643
0.122862
0.116587
0.110742
0.10526
0.10008
0.0951496
0.0904164
0.08583
0.0813381
0.0768853
0.072412
0.0678553
0.0631455
0.0581692
0.0525923
0.0454422
0.0355333
0.0222326
0.00881131
0.00188838
0.000224062
1.23785e-05
0.414611
0.391891
0.3649
0.337104
0.310396
0.285635
0.263105
0.242785
0.224516
0.208128
0.193465
0.18036
0.168641
0.158128
0.148645
0.140064
0.132263
0.125131
0.118573
0.112507
0.106863
0.101579
0.0966015
0.091881
0.0873706
0.0830226
0.0787863
0.0746055
0.0704175
0.0661533
0.0617352
0.0570374
0.0516936
0.0446773
0.0348123
0.0215169
0.00832455
0.00174135
0.00020282
1.10277e-05
0.377349
0.359104
0.337104
0.313929
0.291114
0.26947
0.249355
0.230863
0.213984
0.198679
0.184878
0.172474
0.161333
0.151295
0.142226
0.134011
0.126535
0.119697
0.113412
0.107604
0.102211
0.0971778
0.0924578
0.088008
0.0837869
0.0797513
0.0758528
0.0720343
0.0682272
0.0643517
0.0603149
0.0559686
0.0509056
0.0440528
0.0342468
0.0209457
0.00792805
0.00161989
0.000184895
9.86381e-06
0.342874
0.328284
0.310397
0.291114
0.271671
0.252792
0.234855
0.218046
0.202482
0.188218
0.175258
0.16355
0.152987
0.143443
0.134817
0.126997
0.119876
0.113363
0.107381
0.101862
0.0967522
0.0920047
0.0875805
0.0834448
0.079564
0.0759024
0.0724168
0.0690507
0.0657288
0.0623541
0.058806
0.0548986
0.05017
0.0435155
0.0337817
0.0204581
0.00757539
0.00150934
0.000168268
8.77059e-06
0.312125
0.300318
0.285635
0.269469
0.252792
0.236217
0.220126
0.204781
0.190369
0.177018
0.164799
0.153713
0.143681
0.134628
0.126447
0.119028
0.112273
0.106097
0.100431
0.0952158
0.0904047
0.0859601
0.0818519
0.0780554
0.0745485
0.0713074
0.0682995
0.0654743
0.0627515
0.060012
0.0570895
0.0537331
0.0493988
0.042988
0.033338
0.01997
0.00720883
0.00139342
0.000150879
7.63928e-06
0.285095
0.275357
0.263104
0.249355
0.234854
0.220125
0.205547
0.191402
0.17791
0.165253
0.153578
0.142964
0.133406
0.124808
0.117051
0.110022
0.103627
0.0977849
0.092433
0.0875206
0.0830085
0.0788674
0.0750767
0.0716239
0.0685016
0.0657037
0.063217
0.0610076
0.0590009
0.0570569
0.0549446
0.0522943
0.0484375
0.0423432
0.032794
0.0193606
0.00675633
0.00125503
0.000130902
6.39146e-06
0.261441
0.253226
0.242785
0.230863
0.218046
0.20478
0.191402
0.178168
0.165289
0.152969
0.14147
0.131145
0.121962
0.113763
0.106394
0.0997298
0.0936707
0.0881411
0.0830837
0.0784547
0.0742211
0.0703603
0.0668595
0.0637161
0.0609364
0.0585351
0.0565311
0.0549365
0.0537259
0.0527774
0.0517864
0.050119
0.0469708
0.0413539
0.0319573
0.0184585
0.00613472
0.0010797
0.000107363
5.01516e-06
0.240715
0.233614
0.224515
0.213984
0.202482
0.190369
0.17791
0.165288
0.152617
0.140011
0.127953
0.117631
0.108703
0.100835
0.0937959
0.0874329
0.0816412
0.0763488
0.0715052
0.067072
0.0630165
0.0593079
0.0559165
0.0528201
0.0500215
0.0476033
0.045706
0.0444965
0.0441389
0.0446621
0.0456981
0.0459784
0.0443296
0.0396202
0.0305305
0.0170355
0.00526989
0.000863456
8.10176e-05
3.59708e-06
0.222477
0.216206
0.208128
0.198679
0.188218
0.177018
0.165253
0.152969
0.140011
0.125987
0.110492
0.0998255
0.0910317
0.0833564
0.0764617
0.0701626
0.0643521
0.0589676
0.0539586
0.0492536
0.0447346
0.0402924
0.0359845
0.031882
0.0281095
0.0248785
0.0224949
0.0213719
0.0220712
0.0252822
0.0312457
0.0372314
0.0393958
0.0366117
0.0281522
0.0148634
0.00415281
0.000623148
5.48179e-05
2.30741e-06
0.206376
0.200744
0.193465
0.184877
0.175258
0.164799
0.153578
0.14147
0.127953
0.110492
0.00373756
0.00270585
0.0029414
0.00298827
0.00291636
0.00277181
0.00258111
0.00236185
0.00212681
0.00188604
0.00164813
0.00142129
0.00121337
0.00103172
0.000883747
0.00077802
0.000727681
0.000761748
0.000966357
0.00167149
0.0289478
0.0334835
0.0355107
0.0331547
0.024831
0.0119323
0.00291374
0.000396811
3.27282e-05
1.30896e-06
0.192129
0.187001
0.18036
0.172474
0.16355
0.153713
0.142964
0.131145
0.117631
0.0998254
0.00270585
0.000137514
8.83652e-05
9.45997e-05
9.48306e-05
9.03962e-05
8.3031e-05
7.40154e-05
6.43105e-05
5.46411e-05
4.55448e-05
3.74037e-05
3.04665e-05
2.48754e-05
2.07072e-05
1.80441e-05
1.71253e-05
1.87387e-05
2.5414e-05
4.44831e-05
0.0264265
0.0303927
0.0319413
0.0292657
0.0205874
0.00854361
0.00178251
0.000221032
1.71998e-05
6.57367e-07
0.179484
0.174761
0.168641
0.161333
0.152987
0.14368
0.133406
0.121962
0.108703
0.0910317
0.0029414
8.83653e-05
3.54838e-06
2.08979e-06
2.13931e-06
2.06345e-06
1.888e-06
1.65715e-06
1.40571e-06
1.15909e-06
9.3428e-07
7.41191e-07
5.84135e-07
4.63515e-07
3.77646e-07
3.24935e-07
3.07107e-07
3.35731e-07
4.47674e-07
7.13669e-07
0.0236801
0.0272613
0.0281738
0.0247071
0.0155348
0.00529033
0.000944047
0.000108207
8.02357e-06
2.95162e-07
0.168215
0.163822
0.158128
0.151295
0.143443
0.134628
0.124808
0.113763
0.100835
0.0833564
0.00298827
9.45998e-05
2.08979e-06
7.03726e-08
3.82835e-08
3.70122e-08
3.38912e-08
2.94597e-08
2.45546e-08
1.97851e-08
1.55321e-08
1.19848e-08
9.19141e-09
7.11122e-09
5.66362e-09
4.77225e-09
4.41192e-09
4.67992e-09
5.92007e-09
8.51662e-09
0.0206079
0.0237454
0.0238115
0.0192938
0.0102011
0.002784
0.000436379
4.71928e-05
3.36964e-06
1.20164e-07
0.158111
0.153985
0.148645
0.142226
0.134817
0.126447
0.117051
0.106394
0.0937959
0.0764617
0.00291636
9.48306e-05
2.13932e-06
3.82835e-08
1.10839e-09
5.57987e-10
5.06068e-10
4.36901e-10
3.59161e-10
2.83971e-10
2.18015e-10
1.64212e-10
1.2284e-10
9.26735e-11
7.19147e-11
5.8894e-11
5.26128e-11
5.33365e-11
6.32844e-11
8.30782e-11
0.0170484
0.0195606
0.0186052
0.013266
0.00560425
0.0012509
0.000179357
1.86503e-05
1.29414e-06
4.50191e-08
0.148989
0.145093
0.140064
0.134011
0.126997
0.119028
0.110022
0.0997299
0.0874329
0.0701626
0.00277181
9.03962e-05
2.06345e-06
3.70122e-08
5.57988e-10
1.4139e-11
6.5901e-12
5.5904e-12
4.54037e-12
3.53047e-12
2.65653e-12
1.95653e-12
1.42851e-12
1.04985e-12
7.91308e-13
6.26584e-13
5.37212e-13
5.1712e-13
5.75067e-13
6.97723e-13
0.012936
0.0146251
0.0127685
0.00761562
0.00255252
0.000491333
6.69663e-05
6.79126e-06
4.61405e-07
1.57409e-08
0.140717
0.137019
0.132263
0.126535
0.119876
0.112273
0.103627
0.0936707
0.0816412
0.064352
0.00258112
8.3031e-05
1.888e-06
3.38912e-08
5.06069e-10
6.5901e-12
1.48756e-13
6.42907e-14
5.1082e-14
3.90482e-14
2.88305e-14
2.07846e-14
1.48375e-14
1.05701e-14
7.68707e-15
5.83278e-15
4.76275e-15
4.31505e-15
4.58176e-15
5.21997e-15
0.00858948
0.00941027
0.00728632
0.0035582
0.000985307
0.000174026
2.31581e-05
2.31328e-06
1.5482e-07
5.20309e-09
0.133168
0.129643
0.125131
0.119697
0.113363
0.106097
0.097785
0.0881411
0.0763489
0.0589675
0.00236185
7.40155e-05
1.65716e-06
2.94597e-08
4.36901e-10
5.59046e-12
6.42907e-14
7.14412e-16
1.20656e-16
1.20656e-16
8.89046e-17
0
0
0
0
0
0
0
0
0
0.00478698
0.00497948
0.00336467
0.00137451
0.000335225
5.71216e-05
7.53934e-06
7.47109e-07
4.95054e-08
1.64533e-09
0.126232
0.122862
0.118573
0.113412
0.107381
0.100431
0.092433
0.0830837
0.0715052
0.0539586
0.00212681
6.43106e-05
1.40571e-06
2.45546e-08
3.59161e-10
4.54037e-12
5.1082e-14
1.20656e-16
0
0
0
0
0
0
0
0
0
0
0
0
0.00220701
0.00214437
0.00127639
0.000457445
0.000104814
1.77371e-05
2.34331e-06
2.31646e-07
1.52647e-08
5.03402e-10
0.119815
0.116587
0.112507
0.107604
0.101862
0.0952158
0.0875206
0.0784547
0.067072
0.0492536
0.00188604
5.46411e-05
1.15909e-06
1.97852e-08
2.83971e-10
3.53047e-12
3.90482e-14
1.20656e-16
0
0
0
0
0
0
0
0
0
0
0
0
0.000858082
0.000772833
0.000416129
0.000138235
3.10593e-05
5.29339e-06
7.04227e-07
6.97789e-08
4.59122e-09
1.50693e-10
0.113836
0.110742
0.106863
0.102211
0.0967522
0.0904047
0.0830086
0.0742211
0.0630165
0.0447346
0.00164813
4.55448e-05
9.34282e-07
1.55321e-08
2.18016e-10
2.65653e-12
2.88305e-14
8.89046e-17
0
0
0
0
0
0
0
0
0
0
0
0
0.000294199
0.000246025
0.000123511
3.95447e-05
8.89823e-06
1.53851e-06
2.07107e-07
2.06612e-08
1.36259e-09
4.46386e-11
0.108224
0.10526
0.101579
0.0971778
0.0920047
0.0859601
0.0788674
0.0703603
0.0593079
0.0402924
0.00142129
3.74037e-05
7.41192e-07
1.19848e-08
1.64212e-10
1.95653e-12
2.07846e-14
0
0
0
0
0
0
0
0
0
0
0
0
0
9.32446e-05
7.28931e-05
3.48358e-05
1.09751e-05
2.49932e-06
4.40643e-07
6.0297e-08
6.08378e-09
4.03751e-10
1.32413e-11
0.102915
0.10008
0.0966015
0.0924579
0.0875805
0.0818519
0.0750767
0.0668596
0.0559166
0.0359845
0.00121337
3.04665e-05
5.84136e-07
9.19142e-09
1.2284e-10
1.42851e-12
1.48375e-14
0
0
0
0
0
0
0
0
0
0
0
0
0
2.81621e-05
2.07344e-05
9.55389e-06
2.99756e-06
6.95714e-07
1.25698e-07
1.7574e-08
1.80255e-09
1.20927e-10
3.98443e-12
0.0978508
0.0951496
0.091881
0.088008
0.0834448
0.0780555
0.0716239
0.0637161
0.0528202
0.031882
0.00103172
2.48754e-05
4.63515e-07
7.11123e-09
9.26736e-11
1.04985e-12
1.05701e-14
0
0
0
0
0
0
0
0
0
0
0
0
0
8.22109e-06
5.74295e-06
2.57693e-06
8.12928e-07
1.93614e-07
3.60647e-08
5.18433e-09
5.43955e-10
3.70995e-11
1.23408e-12
0.0929759
0.0904164
0.0873706
0.0837869
0.0795641
0.0745486
0.0685016
0.0609364
0.0500215
0.0281095
0.000883748
2.07072e-05
3.77646e-07
5.66363e-09
7.19148e-11
7.91308e-13
7.68707e-15
0
0
0
0
0
0
0
0
0
0
0
0
0
2.32828e-06
1.55616e-06
6.87462e-07
2.20296e-07
5.4285e-08
1.0507e-08
1.56556e-09
1.69385e-10
1.18326e-11
4.00137e-13
0.0882369
0.08583
0.0830226
0.0797513
0.0759024
0.0713074
0.0657037
0.0585351
0.0476033
0.0248785
0.00077802
1.80442e-05
3.24936e-07
4.77226e-09
5.88942e-11
6.26584e-13
5.83278e-15
0
0
0
0
0
0
0
0
0
0
0
0
0
6.37266e-07
4.11801e-07
1.8163e-07
5.98939e-08
1.54363e-08
3.13634e-09
4.89377e-10
5.51576e-11
3.98582e-12
1.38466e-13
0.0835796
0.0813381
0.0787863
0.0758528
0.0724168
0.0682995
0.063217
0.0565311
0.045706
0.0224949
0.000727682
1.71253e-05
3.07108e-07
4.41193e-09
5.26129e-11
5.37212e-13
4.76275e-15
0
0
0
0
0
0
0
0
0
0
0
0
0
1.67252e-07
1.05933e-07
4.74944e-08
1.6379e-08
4.47596e-09
9.67013e-10
1.60045e-10
1.90367e-11
1.44208e-12
5.22759e-14
0.0789475
0.0768853
0.0746056
0.0720343
0.0690507
0.0654743
0.0610076
0.0549365
0.0444965
0.0213719
0.000761749
1.87388e-05
3.35732e-07
4.67993e-09
5.33367e-11
5.1712e-13
4.31505e-15
0
0
0
0
0
0
0
0
0
0
0
0
0
4.14841e-08
2.62611e-08
1.22573e-08
4.5108e-09
1.32916e-09
3.10102e-10
5.52823e-11
7.05104e-12
5.69586e-13
2.20039e-14
0.0742818
0.072412
0.0704175
0.0682272
0.0657288
0.0627515
0.0590009
0.0537259
0.0441389
0.0220712
0.000966358
2.54141e-05
4.47675e-07
5.92009e-09
6.32845e-11
5.75067e-13
4.58176e-15
0
0
0
0
0
0
0
0
0
0
0
0
0
9.45432e-09
6.1793e-09
3.10345e-09
1.24975e-09
4.05012e-10
1.0387e-10
2.03011e-11
2.82916e-12
2.48923e-13
1.0513e-14
0.0695217
0.0678553
0.0661533
0.0643518
0.0623541
0.0600121
0.0570569
0.0527774
0.0446622
0.0252823
0.0016715
4.44832e-05
7.13671e-07
8.51664e-09
8.30784e-11
6.97742e-13
5.21997e-15
0
0
0
0
0
0
0
0
0
0
0
0
0
1.85863e-09
1.34404e-09
7.6252e-10
3.46609e-10
1.2635e-10
3.63218e-11
7.93552e-12
1.23392e-12
1.21091e-13
5.7407e-15
0.0646007
0.0631456
0.0617353
0.0603149
0.058806
0.0570896
0.0549447
0.0517864
0.0456981
0.0312457
0.0289478
0.0264266
0.0236801
0.0206079
0.0170484
0.012936
0.00858951
0.00478701
0.00220703
0.000858088
0.000294201
9.32453e-05
2.81623e-05
8.22115e-06
2.32829e-06
6.3727e-07
1.67253e-07
4.14844e-08
9.45439e-09
1.85864e-09
4.55394e-10
2.7874e-10
1.80886e-10
9.54247e-11
4.00307e-11
1.31639e-11
3.28119e-12
5.82084e-13
6.5383e-14
3.56571e-15
0.0594118
0.0581692
0.0570374
0.0559686
0.0548986
0.0537332
0.0522943
0.0501191
0.0459784
0.0372315
0.0334835
0.0303927
0.0272613
0.0237454
0.0195607
0.0146252
0.00941031
0.0049795
0.00214439
0.000772838
0.000246026
7.28936e-05
2.07346e-05
5.743e-06
1.55617e-06
4.11804e-07
1.05934e-07
2.62613e-08
6.17934e-09
1.34405e-09
2.78741e-10
8.61685e-11
4.60792e-11
2.64755e-11
1.27967e-11
4.88613e-12
1.41611e-12
2.92944e-13
3.86195e-14
2.47663e-15
0.0536473
0.0525924
0.0516937
0.0509056
0.05017
0.0493989
0.0484376
0.0469708
0.0443296
0.0393958
0.0355108
0.0319414
0.0281738
0.0238115
0.0186052
0.0127686
0.00728636
0.00336469
0.0012764
0.000416132
0.000123512
3.48361e-05
9.55397e-06
2.57695e-06
6.87468e-07
1.81631e-07
4.74947e-08
1.22574e-08
3.10347e-09
7.62526e-10
1.80887e-10
4.60795e-11
1.62882e-11
8.13247e-12
4.21397e-12
1.84886e-12
6.29067e-13
1.54437e-13
2.44392e-14
1.87017e-15
0.0463886
0.0454422
0.0446773
0.0440529
0.0435156
0.0429881
0.0423432
0.0413539
0.0396202
0.0366117
0.0331547
0.0292657
0.0247071
0.0192939
0.013266
0.00761565
0.00355822
0.00137452
0.000457449
0.000138236
3.9545e-05
1.09752e-05
2.99758e-06
8.12935e-07
2.20298e-07
5.98943e-08
1.63791e-08
4.51084e-09
1.24976e-09
3.46612e-10
9.54253e-11
2.64757e-11
8.13247e-12
3.19309e-12
1.53673e-12
7.28306e-13
2.86752e-13
8.40498e-14
1.62092e-14
1.53043e-15
0.036452
0.0355334
0.0348123
0.0342468
0.0337818
0.033338
0.032794
0.0319573
0.0305306
0.0281522
0.024831
0.0205874
0.0155349
0.0102011
0.00560428
0.00255254
0.000985314
0.000335227
0.000104815
3.10596e-05
8.89831e-06
2.49934e-06
6.95719e-07
1.93615e-07
5.42854e-08
1.54364e-08
4.47599e-09
1.32917e-09
4.05014e-10
1.26351e-10
4.00309e-11
1.27967e-11
4.21398e-12
1.53674e-12
6.61498e-13
3.1203e-13
1.36005e-13
4.69797e-14
1.10877e-14
1.31452e-15
0.0231403
0.0222326
0.0215169
0.0209457
0.0204582
0.01997
0.0193606
0.0184586
0.0170356
0.0148634
0.0119324
0.00854363
0.00529035
0.00278401
0.00125091
0.000491337
0.000174028
5.7122e-05
1.77373e-05
5.29343e-06
1.53852e-06
4.40646e-07
1.25699e-07
3.6065e-08
1.05071e-08
3.13637e-09
9.6702e-10
3.10104e-10
1.03871e-10
3.6322e-11
1.3164e-11
4.88613e-12
1.8489e-12
7.28313e-13
3.1203e-13
1.45943e-13
6.78024e-14
2.69063e-14
7.71247e-15
1.13353e-15
0.00942831
0.00881133
0.00832456
0.00792806
0.0075754
0.00720884
0.00675634
0.00613474
0.0052699
0.00415282
0.00291375
0.00178252
0.000944052
0.000436382
0.000179359
6.69668e-05
2.31582e-05
7.53939e-06
2.34333e-06
7.04232e-07
2.07109e-07
6.02975e-08
1.75742e-08
5.18437e-09
1.56557e-09
4.8938e-10
1.60046e-10
5.52826e-11
2.03012e-11
7.93554e-12
3.28119e-12
1.41611e-12
6.29067e-13
2.86752e-13
1.36005e-13
6.78024e-14
3.40124e-14
1.53551e-14
5.30887e-15
9.97001e-16
0.00207428
0.00188838
0.00174136
0.0016199
0.00150934
0.00139343
0.00125503
0.0010797
0.000863459
0.000623151
0.000396812
0.000221033
0.000108208
4.7193e-05
1.86504e-05
6.7913e-06
2.3133e-06
7.47114e-07
2.31648e-07
6.97794e-08
2.06613e-08
6.08382e-09
1.80256e-09
5.43959e-10
1.69387e-10
5.5158e-11
1.90368e-11
7.05109e-12
2.82916e-12
1.23392e-12
5.82084e-13
2.92944e-13
1.54437e-13
8.40498e-14
4.69797e-14
2.69063e-14
1.53551e-14
8.05539e-15
3.36567e-15
8.16017e-16
0.000250476
0.000224063
0.000202821
0.000184896
0.000168269
0.000150879
0.000130903
0.000107363
8.1018e-05
5.48181e-05
3.27284e-05
1.71999e-05
8.02362e-06
3.36966e-06
1.29415e-06
4.61408e-07
1.54821e-07
4.95057e-08
1.52648e-08
4.59125e-09
1.3626e-09
4.03754e-10
1.20928e-10
3.70998e-11
1.18326e-11
3.98587e-12
1.44211e-12
5.69618e-13
2.48923e-13
1.21091e-13
6.5383e-14
3.86195e-14
2.44392e-14
1.62092e-14
1.10877e-14
7.71247e-15
5.30887e-15
3.36567e-15
1.73999e-15
5.52478e-16
1.40256e-05
1.23785e-05
1.10278e-05
9.86384e-06
8.77062e-06
7.63931e-06
6.39149e-06
5.01518e-06
3.5971e-06
2.30742e-06
1.30896e-06
6.57371e-07
2.95164e-07
1.20165e-07
4.50194e-08
1.5741e-08
5.20313e-09
1.64534e-09
5.03406e-10
1.50694e-10
4.46389e-11
1.32414e-11
3.98443e-12
1.23408e-12
4.00137e-13
1.38466e-13
5.22759e-14
2.20039e-14
1.0513e-14
5.7407e-15
3.56571e-15
2.47663e-15
1.87017e-15
1.53043e-15
1.31452e-15
1.13353e-15
9.97001e-16
8.16017e-16
5.52478e-16
2.09561e-16
0.545234
0.519255
0.477595
0.431625
0.388564
0.350684
0.318069
0.290134
0.266157
0.24546
0.227453
0.211677
0.197779
0.185472
0.17451
0.16468
0.155802
0.147735
0.140357
0.133562
0.127262
0.121378
0.115841
0.110589
0.105563
0.100707
0.0959619
0.0912673
0.0865524
0.0817298
0.076677
0.0711979
0.0649495
0.0573598
0.0475583
0.0343768
0.0181147
0.00524575
0.000748792
4.63949e-05
0.519275
0.489113
0.449725
0.408815
0.370547
0.336403
0.306539
0.2806
0.258073
0.23843
0.221204
0.206029
0.192611
0.180695
0.170059
0.160502
0.151862
0.144008
0.136821
0.130205
0.124073
0.118352
0.112978
0.107892
0.103038
0.098363
0.0938099
0.0893174
0.0848131
0.080205
0.0753636
0.0700841
0.0640109
0.0565587
0.0468344
0.0336596
0.0174575
0.00493474
0.000691144
4.22313e-05
0.477597
0.449724
0.416027
0.381447
0.348658
0.318798
0.292148
0.26858
0.247793
0.229428
0.213169
0.198754
0.185951
0.174545
0.164338
0.155147
0.146834
0.139272
0.132355
0.125991
0.120101
0.114618
0.109482
0.10464
0.100039
0.0956291
0.0913545
0.0871521
0.0829448
0.0786326
0.074075
0.069054
0.0631994
0.0559165
0.04629
0.0331274
0.016957
0.00469331
0.000645229
3.88192e-05
0.43162
0.408814
0.381448
0.352972
0.325377
0.299654
0.27618
0.255004
0.235993
0.218961
0.203737
0.190155
0.178039
0.167212
0.157494
0.148736
0.140809
0.133599
0.127007
0.12095
0.115356
0.110165
0.105325
0.100787
0.0965052
0.0924319
0.0885138
0.0846859
0.0808644
0.0769371
0.0727466
0.0680548
0.0624728
0.0553974
0.0458898
0.0327397
0.0165688
0.00449759
0.000606696
3.58629e-05
0.388561
0.370549
0.34866
0.325378
0.302261
0.280181
0.259567
0.240574
0.223207
0.20744
0.193224
0.180472
0.169058
0.158829
0.149634
0.141346
0.133842
0.127018
0.120785
0.115068
0.109804
0.104941
0.100432
0.0962388
0.092322
0.0886413
0.0851478
0.0817769
0.0784375
0.0750003
0.071281
0.067009
0.0617696
0.0549502
0.0455845
0.0324417
0.016237
0.00431932
0.000570326
3.30073e-05
0.350684
0.336406
0.3188
0.299655
0.280181
0.261131
0.242927
0.225784
0.209835
0.195176
0.181855
0.169865
0.159114
0.149468
0.140803
0.132994
0.125925
0.119501
0.113639
0.108274
0.103351
0.0988252
0.0946605
0.0908268
0.0872975
0.0840438
0.0810281
0.0781918
0.0754408
0.0726259
0.0695205
0.0657953
0.0609967
0.0544984
0.0453027
0.0321566
0.0158874
0.00412407
0.000530206
2.98763e-05
0.31807
0.306542
0.29215
0.276182
0.259568
0.242927
0.226646
0.21099
0.196172
0.18237
0.169741
0.158373
0.148198
0.139104
0.13095
0.123608
0.116965
0.11093
0.105429
0.100401
0.0958014
0.0915927
0.0877494
0.0842544
0.0810968
0.0782677
0.0757522
0.0735139
0.0714699
0.0694553
0.0671818
0.0642024
0.0600019
0.0539244
0.0449383
0.0317752
0.0154208
0.00387134
0.000480294
2.61421e-05
0.290135
0.280602
0.268582
0.255005
0.240575
0.225784
0.21099
0.196462
0.182422
0.169101
0.156797
0.145826
0.13613
0.12753
0.119847
0.112936
0.106681
0.100994
0.0958057
0.0910618
0.0867224
0.0827599
0.079159
0.0759173
0.0730453
0.070566
0.068509
0.0668934
0.065688
0.0647426
0.0636888
0.0618276
0.0585165
0.0530364
0.0443325
0.0311446
0.01471
0.00351887
0.000415918
2.16495e-05
0.266158
0.258074
0.247794
0.235994
0.223208
0.209836
0.196172
0.182422
0.168728
0.155255
0.14247
0.1316
0.122261
0.114079
0.106797
0.10024
0.0942827
0.0888378
0.083839
0.0792372
0.0749971
0.0710978
0.067534
0.0643207
0.0614989
0.0591407
0.0573548
0.0562776
0.0560352
0.0566188
0.057628
0.0577793
0.0560159
0.0515118
0.0432497
0.0300568
0.0136048
0.00303506
0.000336408
1.65679e-05
0.245461
0.238431
0.229429
0.218962
0.207441
0.195176
0.182371
0.169101
0.155255
0.140405
0.124143
0.113041
0.103953
0.0960741
0.0890352
0.0826277
0.0767185
0.0712161
0.0660545
0.0611859
0.0565771
0.0522065
0.0480707
0.0442131
0.0407177
0.0377237
0.0354639
0.0343179
0.0348737
0.0378795
0.043607
0.0492971
0.0512988
0.048805
0.0413698
0.0282555
0.0119644
0.00242234
0.000247839
1.14491e-05
0.227454
0.221205
0.213169
0.203738
0.193224
0.181855
0.169741
0.156797
0.14247
0.124143
0.00428431
0.00319874
0.00354567
0.00367299
0.0036589
0.0035565
0.00339571
0.00319619
0.00297226
0.00273527
0.00249472
0.00225918
0.00203705
0.00183721
0.00167022
0.00155084
0.00150441
0.0015861
0.00195308
0.00321225
0.0409316
0.0455179
0.0475742
0.0457585
0.0387567
0.025581
0.00976364
0.00174356
0.000162846
7.02857e-06
0.211677
0.20603
0.198755
0.190155
0.180472
0.169865
0.158373
0.145826
0.1316
0.113041
0.00319875
0.000180541
0.000119736
0.000131816
0.000136177
0.00013415
0.000127801
0.000118668
0.000107929
9.65042e-05
8.51187e-05
7.4345e-05
6.464e-05
5.63841e-05
4.99432e-05
4.57894e-05
4.47874e-05
4.89892e-05
6.41175e-05
0.000105893
0.0381195
0.0424277
0.0442585
0.0425107
0.0354508
0.0219534
0.00718699
0.00110849
9.4313e-05
3.81042e-06
0.19778
0.192611
0.185951
0.178039
0.169058
0.159114
0.148198
0.13613
0.122261
0.103953
0.00354568
0.000119736
5.31913e-06
3.25124e-06
3.45365e-06
3.47037e-06
3.3217e-06
3.06429e-06
2.74563e-06
2.40337e-06
2.06605e-06
1.75418e-06
1.4817e-06
1.25766e-06
1.08849e-06
9.81577e-07
9.51816e-07
1.03687e-06
1.3328e-06
1.99782e-06
0.0352281
0.0394459
0.0409908
0.0389487
0.0313519
0.0173815
0.00463502
0.000615217
4.80841e-05
1.83119e-06
0.185472
0.180695
0.174546
0.167212
0.15883
0.149468
0.139104
0.12753
0.114079
0.0960741
0.00367299
0.000131816
3.25125e-06
1.20773e-07
6.86943e-08
6.95875e-08
6.70903e-08
6.16887e-08
5.46437e-08
4.69944e-08
3.95127e-08
3.27161e-08
2.69097e-08
2.22405e-08
1.87624e-08
1.65132e-08
1.56238e-08
1.65093e-08
2.01748e-08
2.73496e-08
0.0322363
0.0363642
0.0375192
0.0348397
0.026249
0.0121684
0.0025631
0.000298112
2.17466e-05
7.88302e-07
0.17451
0.170059
0.164338
0.157494
0.149635
0.140803
0.13095
0.119847
0.106797
0.0890351
0.00365891
0.000136177
3.45366e-06
6.86944e-08
2.18629e-09
1.16013e-09
1.11271e-09
1.02072e-09
8.9524e-10
7.5775e-10
6.24172e-10
5.04627e-10
4.04356e-10
3.25064e-10
2.66375e-10
2.2726e-10
2.07554e-10
2.09894e-10
2.41583e-10
3.00577e-10
0.0290559
0.0329887
0.0335541
0.0298428
0.0199977
0.00716903
0.00120902
0.000127551
8.84238e-06
3.08212e-07
0.16468
0.160502
0.155148
0.148736
0.141346
0.132994
0.123608
0.112936
0.10024
0.0826277
0.0035565
0.00013415
3.47037e-06
6.95875e-08
1.16013e-09
3.21691e-11
1.59213e-11
1.43894e-11
1.24958e-11
1.04139e-11
8.40754e-12
6.63792e-12
5.17901e-12
4.04327e-12
3.20865e-12
2.64101e-12
2.31424e-12
2.2281e-12
2.41621e-12
2.80119e-12
0.0254854
0.0290264
0.0287077
0.0236073
0.0130102
0.00345331
0.000493745
4.90696e-05
3.28412e-06
1.11065e-07
0.155802
0.151863
0.146834
0.14081
0.133842
0.125925
0.116965
0.106681
0.0942827
0.0767185
0.00339571
0.000127801
3.32171e-06
6.70903e-08
1.11271e-09
1.59213e-11
3.90237e-13
1.80194e-13
1.53002e-13
1.25502e-13
9.93572e-14
7.655e-14
5.80801e-14
4.40554e-14
3.37996e-14
2.68524e-14
2.25214e-14
2.05433e-14
2.11117e-14
2.31469e-14
0.0212101
0.0240834
0.0225899
0.0161896
0.00674738
0.00137852
0.00017967
1.7314e-05
1.13201e-06
3.74174e-08
0.147735
0.144008
0.139273
0.133599
0.127018
0.119501
0.11093
0.100994
0.0888378
0.0712161
0.00319619
0.000118668
3.0643e-06
6.16888e-08
1.02073e-09
1.43894e-11
1.80194e-13
3.62921e-15
1.15893e-15
7.93791e-16
4.9215e-16
1.65109e-16
1.20656e-16
1.20656e-16
1.20656e-16
9.52549e-17
0
0
0
0
0.0159833
0.0178958
0.0152738
0.00884356
0.00274058
0.000477356
6.00233e-05
5.70723e-06
3.67588e-07
1.19452e-08
0.140357
0.136821
0.132356
0.127007
0.120785
0.11364
0.105429
0.0958058
0.0838391
0.0660545
0.00297227
0.000107929
2.74563e-06
5.46437e-08
8.95241e-10
1.24959e-11
1.53002e-13
1.15893e-15
0
0
0
0
0
0
0
0
0
0
0
0
0.0101606
0.0110024
0.0081294
0.00367534
0.000921867
0.000150763
1.88556e-05
1.78625e-06
1.1403e-07
3.66044e-09
0.133563
0.130205
0.125991
0.12095
0.115068
0.108275
0.100402
0.0910618
0.0792372
0.0611859
0.00273527
9.65043e-05
2.40337e-06
4.69945e-08
7.57751e-10
1.04139e-11
1.25502e-13
7.93791e-16
0
0
0
0
0
0
0
0
0
0
0
0
0.00510423
0.00520783
0.00327665
0.00122329
0.000277756
4.50018e-05
5.67274e-06
5.38607e-07
3.4247e-08
1.09042e-09
0.127262
0.124073
0.120101
0.115356
0.109804
0.103351
0.0958015
0.0867224
0.0749972
0.0565771
0.00249472
8.51187e-05
2.06605e-06
3.95127e-08
6.24173e-10
8.40756e-12
9.93572e-14
4.9215e-16
0
0
0
0
0
0
0
0
0
0
0
0
0.00202799
0.00191753
0.00106505
0.000358734
7.91363e-05
1.29784e-05
1.65908e-06
1.58602e-07
1.00892e-08
3.19837e-10
0.121378
0.118353
0.114618
0.110165
0.104941
0.0988253
0.0915927
0.0827599
0.0710979
0.0522065
0.00225919
7.4345e-05
1.75419e-06
3.27162e-08
5.04628e-10
6.63792e-12
7.655e-14
1.65109e-16
0
0
0
0
0
0
0
0
0
0
0
0
0.000683686
0.000599357
0.000307905
9.92119e-05
2.19253e-05
3.67106e-06
4.77955e-07
4.62103e-08
2.95423e-09
9.36027e-11
0.115841
0.112978
0.109482
0.105325
0.100432
0.0946605
0.0877495
0.079159
0.0675341
0.0480707
0.00203705
6.464e-05
1.48171e-06
2.69097e-08
4.04356e-10
5.17901e-12
5.80801e-14
1.20656e-16
0
0
0
0
0
0
0
0
0
0
0
0
0.000210687
0.000172584
8.4362e-05
2.67238e-05
5.99589e-06
1.03055e-06
1.37298e-07
1.34958e-08
8.71558e-10
2.77209e-11
0.110589
0.107892
0.10464
0.100787
0.0962389
0.0908269
0.0842545
0.0759173
0.0643207
0.0442131
0.00183721
5.63842e-05
1.25766e-06
2.22405e-08
3.25065e-10
4.04331e-12
4.40554e-14
1.20656e-16
0
0
0
0
0
0
0
0
0
0
0
0
6.18275e-05
4.76922e-05
2.25111e-05
7.11134e-06
1.63432e-06
2.90103e-07
3.97963e-08
4.00336e-09
2.62834e-10
8.43816e-12
0.105563
0.103038
0.100039
0.0965053
0.0923221
0.0872976
0.0810968
0.0730453
0.0614989
0.0407177
0.00167022
4.99433e-05
1.0885e-06
1.87624e-08
2.66375e-10
3.20865e-12
3.37996e-14
1.20656e-16
0
0
0
0
0
0
0
0
0
0
0
0
1.74977e-05
1.28034e-05
5.90317e-06
1.88307e-06
4.47516e-07
8.27014e-08
1.17789e-08
1.22307e-09
8.23045e-11
2.6868e-12
0.100707
0.0983631
0.0956292
0.092432
0.0886413
0.0840439
0.0782677
0.070566
0.0591408
0.0377237
0.00155084
4.57894e-05
9.81579e-07
1.65132e-08
2.2726e-10
2.64103e-12
2.68524e-14
9.52549e-17
0
0
0
0
0
0
0
0
0
0
0
0
4.77169e-06
3.34142e-06
1.52528e-06
4.98368e-07
1.2394e-07
2.41022e-08
3.60284e-09
3.9039e-10
2.72165e-11
9.12736e-13
0.095962
0.09381
0.0913546
0.0885139
0.0851479
0.0810281
0.0757522
0.0685091
0.0573548
0.0354639
0.00150441
4.47875e-05
9.51817e-07
1.56238e-08
2.07555e-10
2.31424e-12
2.25214e-14
0
0
0
0
0
0
0
0
0
0
0
0
0
1.24471e-06
8.44365e-07
3.88426e-07
1.32283e-07
3.49343e-08
7.24588e-09
1.1522e-09
1.32085e-10
9.67368e-12
3.3812e-13
0.0912673
0.0893175
0.0871521
0.0846859
0.081777
0.0781919
0.073514
0.0668934
0.0562776
0.0343179
0.0015861
4.89893e-05
1.03687e-06
1.65093e-08
2.09895e-10
2.22811e-12
2.05433e-14
0
0
0
0
0
0
0
0
0
0
0
0
0
3.06048e-07
2.04868e-07
9.73106e-08
3.52952e-08
1.00747e-08
2.26493e-09
3.89329e-10
4.80123e-11
3.75949e-12
1.39637e-13
0.0865524
0.0848132
0.0829448
0.0808644
0.0784375
0.0754409
0.0714699
0.065688
0.0560352
0.0348737
0.00195308
6.41176e-05
1.3328e-06
2.01749e-08
2.41584e-10
2.41621e-12
2.11117e-14
0
0
0
0
0
0
0
0
0
0
0
0
0
6.89469e-08
4.70318e-08
2.38699e-08
9.46846e-09
2.98193e-09
7.40048e-10
1.40049e-10
1.89426e-11
1.61994e-12
6.55513e-14
0.0817299
0.080205
0.0786326
0.0769372
0.0750004
0.072626
0.0694553
0.0647427
0.0566188
0.0378795
0.00321226
0.000105893
1.99782e-06
2.73497e-08
3.00578e-10
2.80119e-12
2.31469e-14
0
0
0
0
0
0
0
0
0
0
0
0
0
1.33591e-08
9.95852e-09
5.67991e-09
2.54488e-09
9.04896e-10
2.52903e-10
5.37488e-11
8.14641e-12
7.7955e-13
3.53554e-14
0.076677
0.0753637
0.0740751
0.0727467
0.0712811
0.0695206
0.0671818
0.0636888
0.057628
0.043607
0.0409316
0.0381195
0.0352281
0.0322363
0.0290559
0.0254854
0.0212102
0.0159833
0.0101607
0.00510426
0.002028
0.000683691
0.000210688
6.18279e-05
1.74979e-05
4.77173e-06
1.24472e-06
3.0605e-07
6.89473e-08
1.33592e-08
3.22379e-09
2.00546e-09
1.30629e-09
6.8054e-10
2.79611e-10
8.98324e-11
2.18904e-11
3.803e-12
4.17832e-13
2.18547e-14
0.0711979
0.0700842
0.069054
0.0680549
0.067009
0.0657953
0.0642024
0.0618276
0.0577793
0.0492971
0.0455179
0.0424277
0.0394459
0.0363643
0.0329887
0.0290264
0.0240834
0.0178959
0.0110024
0.00520786
0.00191754
0.000599361
0.000172586
4.76925e-05
1.28035e-05
3.34145e-06
8.44372e-07
2.0487e-07
4.70322e-08
9.95859e-09
2.00547e-09
6.07623e-10
3.2348e-10
1.84011e-10
8.74937e-11
3.28038e-11
9.34366e-12
1.90252e-12
2.46263e-13
1.52916e-14
0.0649496
0.064011
0.0631994
0.0624728
0.0617696
0.0609967
0.060002
0.0585166
0.056016
0.0512988
0.0475743
0.0442585
0.0409908
0.0375193
0.0335541
0.0287078
0.0225899
0.0152739
0.00812944
0.00327667
0.00106506
0.000307908
8.43626e-05
2.25113e-05
5.90321e-06
1.52529e-06
3.88429e-07
9.73114e-08
2.38701e-08
5.67995e-09
1.30629e-09
3.23481e-10
1.12167e-10
5.5356e-11
2.83313e-11
1.22687e-11
4.12529e-12
1.00241e-12
1.56431e-13
1.18434e-14
0.0573599
0.0565587
0.0559165
0.0553975
0.0549502
0.0544985
0.0539244
0.0530365
0.0515118
0.048805
0.0457586
0.0425107
0.0389488
0.0348397
0.0298428
0.0236074
0.0161897
0.0088436
0.00367537
0.0012233
0.000358737
9.92127e-05
2.67241e-05
7.11139e-06
1.88309e-06
4.98372e-07
1.32284e-07
3.52954e-08
9.46853e-09
2.5449e-09
6.80545e-10
1.84012e-10
5.53562e-11
2.14333e-11
1.02167e-11
4.80357e-12
1.87988e-12
5.48671e-13
1.04993e-13
9.93826e-15
0.0475584
0.0468345
0.04629
0.0458898
0.0455846
0.0453027
0.0449383
0.0443325
0.0432498
0.0413698
0.0387568
0.0354508
0.031352
0.026249
0.0199977
0.0130103
0.00674742
0.0027406
0.000921874
0.000277758
7.91369e-05
2.19255e-05
5.99593e-06
1.63433e-06
4.4752e-07
1.2394e-07
3.49346e-08
1.00748e-08
2.98195e-09
9.04901e-10
2.79613e-10
8.74942e-11
2.83314e-11
1.02167e-11
4.37255e-12
2.05784e-12
8.97368e-13
3.10782e-13
7.33272e-14
8.78568e-15
0.0343768
0.0336596
0.0331274
0.0327398
0.0324418
0.0321566
0.0317752
0.0311446
0.0300568
0.0282555
0.025581
0.0219535
0.0173815
0.0121684
0.00716906
0.00345333
0.00137853
0.000477359
0.000150764
4.50021e-05
1.29785e-05
3.67108e-06
1.03056e-06
2.90106e-07
8.27021e-08
2.41024e-08
7.24593e-09
2.26495e-09
7.40053e-10
2.52904e-10
8.98329e-11
3.2804e-11
1.22688e-11
4.80357e-12
2.05784e-12
9.67066e-13
4.5294e-13
1.81756e-13
5.25648e-14
8.09349e-15
0.0181147
0.0174575
0.016957
0.0165688
0.016237
0.0158874
0.0154208
0.0147101
0.0136048
0.0119644
0.00976366
0.00718701
0.00463504
0.00256311
0.00120903
0.000493748
0.000179672
6.00237e-05
1.88557e-05
5.67278e-06
1.6591e-06
4.77958e-07
1.37299e-07
3.97966e-08
1.1779e-08
3.60287e-09
1.15221e-09
3.89331e-10
1.4005e-10
5.37491e-11
2.18905e-11
9.34373e-12
4.12529e-12
1.87988e-12
8.97368e-13
4.5294e-13
2.31212e-13
1.06524e-13
3.75019e-14
7.42988e-15
0.00524576
0.00493475
0.00469332
0.0044976
0.00431933
0.00412408
0.00387135
0.00351888
0.00303507
0.00242235
0.00174357
0.0011085
0.00061522
0.000298113
0.000127552
4.90699e-05
1.73141e-05
5.70727e-06
1.78627e-06
5.38611e-07
1.58603e-07
4.62106e-08
1.34959e-08
4.00339e-09
1.22308e-09
3.90393e-10
1.32086e-10
4.80125e-11
1.89427e-11
8.14644e-12
3.803e-12
1.90252e-12
1.00241e-12
5.48671e-13
3.10782e-13
1.81756e-13
1.06524e-13
5.7553e-14
2.47917e-14
6.38208e-15
0.000748794
0.000691146
0.000645231
0.000606698
0.000570328
0.000530208
0.000480295
0.00041592
0.000336409
0.00024784
0.000162847
9.43134e-05
4.80844e-05
2.17467e-05
8.84243e-06
3.28414e-06
1.13202e-06
3.67591e-07
1.14031e-07
3.42472e-08
1.00892e-08
2.95425e-09
8.71564e-10
2.62836e-10
8.2305e-11
2.72167e-11
9.67371e-12
3.75952e-12
1.61994e-12
7.7955e-13
4.17832e-13
2.46263e-13
1.56431e-13
1.04993e-13
7.33272e-14
5.25648e-14
3.75019e-14
2.47917e-14
1.3396e-14
4.58176e-15
4.6395e-05
4.22314e-05
3.88193e-05
3.5863e-05
3.30074e-05
2.98764e-05
2.61422e-05
2.16495e-05
1.65679e-05
1.14492e-05
7.0286e-06
3.81044e-06
1.8312e-06
7.88306e-07
3.08213e-07
1.11066e-07
3.74177e-08
1.19453e-08
3.66047e-09
1.09043e-09
3.1984e-10
9.36034e-11
2.77211e-11
8.43824e-12
2.68682e-12
9.12745e-13
3.3813e-13
1.39637e-13
6.55513e-14
3.53554e-14
2.18547e-14
1.52916e-14
1.18434e-14
9.93826e-15
8.78568e-15
8.09349e-15
7.42988e-15
6.38208e-15
4.58176e-15
2.16229e-15
0.562125
0.555325
0.524749
0.475993
0.426024
0.381738
0.34408
0.312326
0.285477
0.262617
0.242973
0.225919
0.210986
0.197817
0.186127
0.175679
0.166274
0.157746
0.149963
0.142809
0.136188
0.130014
0.124215
0.118723
0.113475
0.10841
0.103465
0.0985723
0.0936546
0.0886153
0.0833252
0.077597
0.0711347
0.0634608
0.0537977
0.0409852
0.0244052
0.00855009
0.00141627
9.64144e-05
0.555346
0.535391
0.496291
0.449731
0.40495
0.365209
0.330937
0.301618
0.276518
0.254922
0.236202
0.219843
0.205454
0.192726
0.181403
0.171266
0.16213
0.153842
0.146275
0.139322
0.13289
0.1269
0.121283
0.115974
0.110915
0.106047
0.101308
0.0966309
0.0919351
0.0871194
0.0820484
0.0765266
0.0702487
0.0627253
0.0531625
0.0403809
0.0238101
0.00817988
0.00133012
8.93189e-05
0.524764
0.496288
0.458079
0.417674
0.379404
0.344949
0.314632
0.288199
0.265196
0.245132
0.227543
0.212051
0.198355
0.186198
0.175357
0.165633
0.15686
0.148898
0.14163
0.134956
0.12879
0.12306
0.117702
0.112656
0.107868
0.103281
0.0988348
0.0944605
0.090073
0.0855633
0.080785
0.0755303
0.0694824
0.0621417
0.052698
0.0399534
0.0233759
0.00790022
0.00126279
8.35667e-05
0.475989
0.449723
0.417671
0.384406
0.3525
0.323137
0.296701
0.273162
0.252301
0.233817
0.217422
0.202872
0.189946
0.178436
0.168148
0.158905
0.150559
0.142985
0.136073
0.129735
0.123891
0.118477
0.113435
0.108713
0.104261
0.100026
0.0959523
0.0919671
0.0879792
0.0838675
0.0794685
0.0745551
0.0687943
0.0616753
0.0523715
0.0396659
0.0230593
0.00768007
0.00120711
7.86081e-05
0.426016
0.404943
0.379401
0.352499
0.326099
0.301193
0.278227
0.257326
0.238435
0.221429
0.206183
0.192567
0.180426
0.169589
0.159885
0.15116
0.14328
0.136128
0.129608
0.123638
0.11815
0.113085
0.108395
0.104036
0.0999661
0.0961413
0.0925088
0.0889979
0.0855102
0.0819076
0.0779988
0.0735237
0.0681244
0.0612764
0.052136
0.0394671
0.0228043
0.00748203
0.00115425
7.37448e-05
0.381732
0.365205
0.344947
0.323136
0.301193
0.279967
0.259916
0.241247
0.224029
0.208298
0.19407
0.18131
0.169915
0.159737
0.150619
0.14242
0.135015
0.128298
0.122179
0.116587
0.111461
0.106753
0.102423
0.0984407
0.0947749
0.0913951
0.0882601
0.0853066
0.0824331
0.0794807
0.0762149
0.0723146
0.0673816
0.0608716
0.0519235
0.0392852
0.0225355
0.00725904
0.00109374
6.81938e-05
0.344075
0.330934
0.314631
0.2967
0.278227
0.259916
0.242189
0.225287
0.209385
0.194642
0.181202
0.169153
0.15842
0.148853
0.140298
0.13261
0.125666
0.119368
0.113633
0.108398
0.103611
0.0992343
0.0952403
0.0916105
0.0883332
0.0853985
0.0827898
0.0804666
0.0783386
0.0762293
0.0738387
0.0707239
0.0664178
0.0603461
0.0516333
0.039019
0.0221524
0.00695356
0.00101422
6.12114e-05
0.312323
0.301617
0.288198
0.273162
0.257326
0.241247
0.225287
0.209702
0.19471
0.180539
0.167502
0.155935
0.145744
0.136726
0.128688
0.12147
0.114946
0.10902
0.103617
0.0986791
0.0941653
0.0900472
0.0863104
0.082953
0.0799869
0.0774349
0.0753248
0.0736702
0.0724312
0.071444
0.0703243
0.0683713
0.0649762
0.0595166
0.0511164
0.0385292
0.0215247
0.00650106
0.000905699
5.23361e-05
0.285476
0.276517
0.265195
0.2523
0.238435
0.224029
0.209385
0.19471
0.180149
0.165879
0.152412
0.141
0.131224
0.12268
0.115091
0.108269
0.10208
0.0964278
0.0912423
0.086473
0.0820861
0.0780637
0.0744041
0.0711249
0.0682661
0.0658964
0.0641162
0.0630533
0.0628212
0.0633936
0.0643546
0.0644177
0.0625637
0.0580812
0.0501574
0.0376312
0.0204935
0.00584207
0.00076372
4.17167e-05
0.262616
0.254922
0.245132
0.233817
0.221429
0.208298
0.194642
0.180539
0.165879
0.150243
0.133204
0.121621
0.112182
0.104032
0.0967804
0.090204
0.0841594
0.0785483
0.0733015
0.0683711
0.0637281
0.0593635
0.0552859
0.0515264
0.0481522
0.0452879
0.0431433
0.0420656
0.0426051
0.0454768
0.0509432
0.0563015
0.0580552
0.0555259
0.0484651
0.0361029
0.0188867
0.0049479
0.00059475
3.03302e-05
0.242972
0.236202
0.227543
0.217422
0.206183
0.19407
0.181202
0.167502
0.152412
0.133204
0.00463676
0.00351412
0.00393295
0.00411427
0.00414055
0.00406943
0.00393325
0.00375304
0.003544
0.00331808
0.00308538
0.00285504
0.00263607
0.00243838
0.00227437
0.00216236
0.00213493
0.00226489
0.00276442
0.00448009
0.048085
0.0525773
0.0544537
0.0526476
0.0461243
0.0338192
0.0165879
0.00386217
0.000418824
1.97617e-05
0.225919
0.219842
0.212051
0.202872
0.192567
0.18131
0.169153
0.155936
0.141
0.121621
0.00351413
0.000210931
0.000142245
0.000158891
0.00016673
0.000167042
0.000162117
0.000153657
0.000142974
0.000131103
0.000118885
0.000107009
9.60644e-05
8.65925e-05
7.91748e-05
7.46084e-05
7.43267e-05
8.15816e-05
0.000105184
0.000169231
0.0451287
0.0495115
0.0512442
0.0496136
0.0432244
0.0307136
0.0136016
0.00271683
0.000262525
1.14249e-05
0.210986
0.205453
0.198355
0.189946
0.180426
0.169915
0.15842
0.145744
0.131224
0.112182
0.00393295
0.000142245
6.7227e-06
4.19335e-06
4.54254e-06
4.66419e-06
4.57109e-06
4.32767e-06
3.98952e-06
3.60228e-06
3.20228e-06
2.81765e-06
2.46979e-06
2.17531e-06
1.94897e-06
1.80856e-06
1.78512e-06
1.94681e-06
2.45449e-06
3.55161e-06
0.0421498
0.0465724
0.0481208
0.0463759
0.0397433
0.0266994
0.010124
0.00168875
0.00014527
5.85196e-06
0.197817
0.192726
0.186198
0.178436
0.16959
0.159737
0.148853
0.136726
0.12268
0.104032
0.00411427
0.000158891
4.19335e-06
1.65697e-07
9.65797e-08
1.00324e-07
9.94458e-08
9.42467e-08
8.62695e-08
7.68642e-08
6.71068e-08
5.7796e-08
4.9484e-08
4.25325e-08
3.71875e-08
3.36846e-08
3.2417e-08
3.42458e-08
4.09588e-08
5.33524e-08
0.039132
0.0435939
0.0449024
0.0428008
0.0355362
0.0216877
0.00661575
0.000915549
7.09649e-05
2.67057e-06
0.186127
0.181403
0.175357
0.168148
0.159886
0.150619
0.140298
0.128688
0.115091
0.0967804
0.00414055
0.00016673
4.54255e-06
9.65799e-08
3.26645e-09
1.78473e-09
1.76527e-09
1.67473e-09
1.52296e-09
1.33972e-09
1.14916e-09
9.68674e-10
8.09353e-10
6.77318e-10
5.75399e-10
5.05097e-10
4.68985e-10
4.73973e-10
5.33784e-10
6.37459e-10
0.0360324
0.0404573
0.041408
0.0386643
0.0303486
0.0157918
0.00368967
0.000432139
3.08345e-05
1.09735e-06
0.175679
0.171266
0.165634
0.158905
0.15116
0.14242
0.13261
0.12147
0.108269
0.090204
0.00406943
0.000167042
4.66419e-06
1.00324e-07
1.78473e-09
5.25068e-11
2.68883e-11
2.51926e-11
2.27404e-11
1.97406e-11
1.66268e-11
1.37052e-11
1.11584e-11
9.07035e-12
7.46013e-12
6.3154e-12
5.62568e-12
5.4151e-12
5.75292e-12
6.40964e-12
0.0327399
0.0369869
0.0373771
0.0336316
0.02392
0.00972741
0.00173664
0.000179486
1.20738e-05
4.11463e-07
0.166274
0.16213
0.15686
0.150559
0.14328
0.135015
0.125667
0.114946
0.10208
0.0841594
0.00393325
0.000162117
4.57109e-06
9.94459e-08
1.76527e-09
2.68884e-11
6.97231e-13
3.34586e-13
2.95639e-13
2.5293e-13
2.09199e-13
1.68287e-13
1.33357e-13
1.05187e-13
8.35798e-14
6.80596e-14
5.8061e-14
5.31903e-14
5.3492e-14
5.64957e-14
0.0290325
0.0328894
0.0324295
0.0273052
0.0163717
0.0048311
0.000697669
6.68718e-05
4.32934e-06
1.42835e-07
0.157746
0.153842
0.148898
0.142985
0.136128
0.128298
0.119368
0.10902
0.0964279
0.0785483
0.00375304
0.000153657
4.32767e-06
9.42468e-08
1.67474e-09
2.51926e-11
3.34586e-13
7.58864e-15
3.08943e-15
2.51473e-15
1.9432e-15
1.39707e-15
9.6525e-16
6.00106e-16
3.52443e-16
1.20656e-16
1.20656e-16
1.20656e-16
1.20656e-16
1.20656e-16
0.0245595
0.027744
0.0261233
0.019525
0.00895288
0.00193645
0.000246931
2.28504e-05
1.44553e-06
4.65757e-08
0.149963
0.146275
0.14163
0.136074
0.129608
0.122179
0.113633
0.103617
0.0912424
0.0733015
0.003544
0.000142974
3.98953e-06
8.62696e-08
1.52296e-09
2.27405e-11
2.95639e-13
3.08943e-15
0
0
0
0
0
0
0
0
0
0
0
0
0.0189678
0.0211694
0.0183188
0.0112152
0.00373258
0.000657925
7.99389e-05
7.31478e-06
4.56787e-07
1.44707e-08
0.142809
0.139322
0.134956
0.129735
0.123638
0.116587
0.108398
0.0986792
0.0864731
0.068371
0.00331808
0.000131103
3.60228e-06
7.68642e-08
1.33972e-09
1.97406e-11
2.5293e-13
2.51473e-15
0
0
0
0
0
0
0
0
0
0
0
0
0.0124213
0.0134651
0.0101419
0.00480183
0.00124699
0.000201839
2.43996e-05
2.23506e-06
1.38734e-07
4.34405e-09
0.136188
0.13289
0.12879
0.123891
0.11815
0.111461
0.103611
0.0941653
0.0820862
0.0637281
0.00308538
0.000118885
3.20228e-06
6.71069e-08
1.14917e-09
1.66268e-11
2.09199e-13
1.9432e-15
0
0
0
0
0
0
0
0
0
0
0
0
0.00635062
0.00651594
0.00415564
0.00159466
0.000367402
5.86194e-05
7.1788e-06
6.6267e-07
4.11e-08
1.27777e-09
0.130014
0.1269
0.12306
0.118477
0.113085
0.106753
0.0992344
0.0900473
0.0780637
0.0593635
0.00285504
0.000107009
2.81765e-06
5.7796e-08
9.68675e-10
1.37052e-11
1.68287e-13
1.39707e-15
0
0
0
0
0
0
0
0
0
0
0
0
0.00250376
0.00238798
0.00133885
0.000459901
0.000102333
1.65646e-05
2.07043e-06
1.9351e-07
1.20496e-08
3.73565e-10
0.124215
0.121283
0.117702
0.113435
0.108395
0.102424
0.0952403
0.0863104
0.0744041
0.0552859
0.00263607
9.60645e-05
2.46979e-06
4.94841e-08
8.09354e-10
1.11584e-11
1.33357e-13
9.6525e-16
0
0
0
0
0
0
0
0
0
0
0
0
0.000824729
0.000731864
0.000380422
0.000124993
2.78714e-05
4.62962e-06
5.93533e-07
5.64461e-08
3.54736e-09
1.10198e-10
0.118723
0.115974
0.112656
0.108713
0.104036
0.0984407
0.0916106
0.0829531
0.0711249
0.0515264
0.00243838
8.65925e-05
2.17531e-06
4.25325e-08
6.77319e-10
9.07035e-12
1.05187e-13
6.00106e-16
0
0
0
0
0
0
0
0
0
0
0
0
0.000247323
0.000205954
0.000102419
3.31868e-05
7.54026e-06
1.29482e-06
1.71258e-07
1.66778e-08
1.06476e-09
3.33406e-11
0.113475
0.110915
0.107868
0.104261
0.0999662
0.094775
0.0883332
0.0799869
0.0682662
0.0481522
0.00227438
7.91749e-05
1.94897e-06
3.71875e-08
5.754e-10
7.46017e-12
8.35798e-14
3.52443e-16
0
0
0
0
0
0
0
0
0
0
0
0
7.04373e-05
5.54868e-05
2.68367e-05
8.72432e-06
2.04457e-06
3.66017e-07
5.03461e-08
5.06339e-09
3.31204e-10
1.05365e-11
0.10841
0.106047
0.103281
0.100027
0.0961414
0.0913952
0.0853986
0.077435
0.0658964
0.0452879
0.00216236
7.46085e-05
1.80856e-06
3.36846e-08
5.05098e-10
6.3154e-12
6.80596e-14
1.20656e-16
0
0
0
0
0
0
0
0
0
0
0
0
1.92535e-05
1.44647e-05
6.89788e-06
2.28496e-06
5.59535e-07
1.05564e-07
1.52646e-08
1.60327e-09
1.08663e-10
3.55007e-12
0.103465
0.101308
0.0988348
0.0959523
0.0925088
0.0882601
0.0827899
0.0753248
0.0641163
0.0431433
0.00213493
7.43268e-05
1.78512e-06
3.24171e-08
4.68985e-10
5.62571e-12
5.8061e-14
1.20656e-16
0
0
0
0
0
0
0
0
0
0
0
0
5.02923e-06
3.64207e-06
1.7414e-06
5.98497e-07
1.55526e-07
3.135e-08
4.83129e-09
5.37536e-10
3.8303e-11
1.30424e-12
0.0985723
0.096631
0.0944605
0.0919671
0.088998
0.0853066
0.0804667
0.0736702
0.0630534
0.0420656
0.00226489
8.15817e-05
1.94681e-06
3.42458e-08
4.73974e-10
5.41512e-12
5.31903e-14
1.20656e-16
0
0
0
0
0
0
0
0
0
0
0
0
1.23744e-06
8.78379e-07
4.31062e-07
1.57174e-07
4.41489e-08
9.66629e-09
1.61405e-09
1.93555e-10
1.47692e-11
5.34583e-13
0.0936547
0.0919352
0.0900731
0.0879792
0.0855103
0.0824331
0.0783386
0.0724313
0.0628212
0.0426051
0.00276442
0.000105185
2.45449e-06
4.09588e-08
5.33785e-10
5.75292e-12
5.3492e-14
1.20656e-16
0
0
0
0
0
0
0
0
0
0
0
0
2.78678e-07
1.999e-07
1.04163e-07
4.14156e-08
1.28459e-08
3.11299e-09
5.7393e-10
7.56907e-11
6.32303e-12
2.49428e-13
0.0886153
0.0871195
0.0855633
0.0838675
0.0819076
0.0794807
0.0762294
0.071444
0.0633937
0.0454768
0.00448009
0.000169231
3.55161e-06
5.33525e-08
6.3746e-10
6.40964e-12
5.64957e-14
1.20656e-16
0
0
0
0
0
0
0
0
0
0
0
0
5.38982e-08
4.18454e-08
2.43635e-08
1.09217e-08
3.83065e-09
1.0487e-09
2.17914e-10
3.23191e-11
3.03105e-12
1.34173e-13
0.0833253
0.0820484
0.080785
0.0794685
0.0779989
0.076215
0.0738387
0.0703243
0.0643546
0.0509432
0.0480851
0.0451288
0.0421499
0.0391321
0.0360324
0.03274
0.0290325
0.0245596
0.0189678
0.0124213
0.00635065
0.00250377
0.000824735
0.000247325
7.04378e-05
1.92536e-05
5.02926e-06
1.23745e-06
2.7868e-07
5.38986e-08
1.29677e-08
8.29613e-09
5.50048e-09
2.86602e-09
1.16413e-09
3.67724e-10
8.79918e-11
1.50269e-11
1.62539e-12
8.32655e-14
0.077597
0.0765267
0.0755304
0.0745552
0.0735237
0.0723146
0.0707239
0.0683713
0.0644178
0.0563015
0.0525773
0.0495116
0.0465725
0.043594
0.0404573
0.036987
0.0328894
0.027744
0.0211695
0.0134652
0.00651597
0.00238799
0.000731869
0.000205955
5.54872e-05
1.44648e-05
3.64209e-06
8.78386e-07
1.99902e-07
4.18457e-08
8.29618e-09
2.49235e-09
1.33731e-09
7.61439e-10
3.59041e-10
1.32938e-10
3.7378e-11
7.52485e-12
9.64681e-13
5.90549e-14
0.0711348
0.0702487
0.0694825
0.0687944
0.0681244
0.0673816
0.0664179
0.0649762
0.0625638
0.0580552
0.0544537
0.0512443
0.0481209
0.0449024
0.0414081
0.0373771
0.0324295
0.0261234
0.0183189
0.0101419
0.00415567
0.00133886
0.000380425
0.00010242
2.68369e-05
6.89794e-06
1.74142e-06
4.31066e-07
1.04164e-07
2.43636e-08
5.50052e-09
1.33731e-09
4.58931e-10
2.25871e-10
1.15023e-10
4.94484e-11
1.65179e-11
3.99808e-12
6.23196e-13
4.69892e-14
0.0634608
0.0627253
0.0621417
0.0616753
0.0612764
0.0608717
0.0603461
0.0595166
0.0580812
0.055526
0.0526477
0.0496137
0.0463759
0.0428008
0.0386644
0.0336316
0.0273053
0.019525
0.0112152
0.00480186
0.00159468
0.000459905
0.000124994
3.31871e-05
8.72439e-06
2.28497e-06
5.98502e-07
1.57175e-07
4.14159e-08
1.09218e-08
2.86604e-09
7.61444e-10
2.25872e-10
8.68276e-11
4.1278e-11
1.93838e-11
7.59608e-12
2.22992e-12
4.31181e-13
4.11501e-14
0.0537977
0.0531626
0.052698
0.0523715
0.052136
0.0519236
0.0516333
0.0511164
0.0501574
0.0484652
0.0461243
0.0432244
0.0397434
0.0355362
0.0303487
0.02392
0.0163717
0.00895293
0.0037326
0.001247
0.000367405
0.000102334
2.78716e-05
7.54032e-06
2.04459e-06
5.5954e-07
1.55527e-07
4.41493e-08
1.28459e-08
3.83068e-09
1.16414e-09
3.59043e-10
1.15023e-10
4.12781e-11
1.76964e-11
8.38422e-12
3.69898e-12
1.3049e-12
3.161e-13
3.91339e-14
0.0409852
0.040381
0.0399535
0.0396659
0.0394671
0.0392852
0.0390191
0.0385292
0.0376313
0.036103
0.0338193
0.0307137
0.0266994
0.0216878
0.0157918
0.00972745
0.00483113
0.00193646
0.00065793
0.000201841
5.86198e-05
1.65648e-05
4.62965e-06
1.29483e-06
3.6602e-07
1.05565e-07
3.13502e-08
9.66635e-09
3.11301e-09
1.04871e-09
3.67726e-10
1.32939e-10
4.94487e-11
1.93839e-11
8.38424e-12
4.01145e-12
1.92794e-12
8.01265e-13
2.4297e-13
3.9734e-14
0.0244053
0.0238101
0.0233759
0.0230593
0.0228043
0.0225355
0.0221525
0.0215248
0.0204935
0.0188867
0.0165879
0.0136016
0.0101241
0.00661577
0.00368969
0.00173665
0.000697673
0.000246932
7.99395e-05
2.43998e-05
7.17886e-06
2.07045e-06
5.93537e-07
1.7126e-07
5.03465e-08
1.52647e-08
4.83133e-09
1.61406e-09
5.73933e-10
2.17915e-10
8.79923e-11
3.73782e-11
1.65179e-11
7.5961e-12
3.69898e-12
1.92794e-12
1.02828e-12
5.00987e-13
1.8951e-13
4.1493e-14
0.0085501
0.0081799
0.00790023
0.00768009
0.00748204
0.00725906
0.00695358
0.00650107
0.00584208
0.00494792
0.00386218
0.00271684
0.00168875
0.000915554
0.000432141
0.000179488
6.68722e-05
2.28505e-05
7.31483e-06
2.23507e-06
6.62675e-07
1.93512e-07
5.64465e-08
1.66779e-08
5.06343e-09
1.60329e-09
5.37539e-10
1.93556e-10
7.56911e-11
3.23193e-11
1.5027e-11
7.52489e-12
3.99811e-12
2.22992e-12
1.3049e-12
8.01265e-13
5.00987e-13
2.92772e-13
1.38875e-13
4.1093e-14
0.00141627
0.00133013
0.0012628
0.00120712
0.00115425
0.00109374
0.00101423
0.000905701
0.000763723
0.000594752
0.000418826
0.000262526
0.000145271
7.09653e-05
3.08347e-05
1.20739e-05
4.32937e-06
1.44554e-06
4.5679e-07
1.38735e-07
4.11003e-08
1.20497e-08
3.54738e-09
1.06476e-09
3.31206e-10
1.08664e-10
3.83033e-11
1.47693e-11
6.32309e-12
3.03105e-12
1.62539e-12
9.64681e-13
6.23196e-13
4.31181e-13
3.161e-13
2.4297e-13
1.8951e-13
1.38875e-13
8.43514e-14
3.40854e-14
9.64147e-05
8.93192e-05
8.35669e-05
7.86084e-05
7.3745e-05
6.8194e-05
6.12116e-05
5.23363e-05
4.17168e-05
3.03303e-05
1.97618e-05
1.14249e-05
5.85199e-06
2.67059e-06
1.09736e-06
4.11465e-07
1.42836e-07
4.6576e-08
1.44708e-08
4.34408e-09
1.27778e-09
3.73567e-10
1.10198e-10
3.33408e-11
1.05365e-11
3.55008e-12
1.30424e-12
5.34583e-13
2.49428e-13
1.34173e-13
8.32655e-14
5.90549e-14
4.69892e-14
4.11501e-14
3.91339e-14
3.9734e-14
4.1493e-14
4.1093e-14
3.40854e-14
1.96098e-14
0.5625
0.562179
0.549449
0.507161
0.453799
0.404743
0.363166
0.328469
0.29943
0.274927
0.254044
0.236044
0.220358
0.206569
0.194353
0.183454
0.173658
0.16479
0.156704
0.149281
0.142416
0.136022
0.13002
0.12434
0.118916
0.113685
0.108582
0.103535
0.0984657
0.093275
0.0878369
0.0819732
0.0754121
0.0677142
0.0581523
0.0456029
0.0290603
0.0115204
0.00213085
0.000155352
0.562184
0.556167
0.527365
0.479963
0.430618
0.386493
0.348766
0.316838
0.289775
0.266698
0.246856
0.229629
0.21454
0.201231
0.189413
0.178852
0.169349
0.160741
0.152892
0.145686
0.139027
0.132832
0.127026
0.121543
0.116321
0.111299
0.106412
0.101591
0.0967519
0.0917932
0.0865816
0.0809314
0.0745614
0.0670214
0.0575711
0.0450687
0.0285261
0.0111309
0.00202305
0.000145542
0.549484
0.527377
0.489063
0.444809
0.402242
0.364142
0.330961
0.302325
0.277638
0.256289
0.237715
0.221444
0.207109
0.194416
0.183117
0.173002
0.163891
0.155633
0.148103
0.141196
0.134821
0.128902
0.12337
0.118164
0.113227
0.108499
0.103917
0.0994107
0.0948912
0.0902484
0.0853379
0.0799617
0.0738281
0.0664767
0.0571551
0.0447046
0.0281509
0.0108437
0.00194018
0.000137665
0.507193
0.479973
0.444811
0.407805
0.372457
0.340229
0.311501
0.286159
0.263893
0.244325
0.227078
0.211835
0.198333
0.186335
0.175631
0.166032
0.157379
0.149534
0.142384
0.135833
0.129799
0.124214
0.119015
0.114148
0.109561
0.1052
0.101004
0.0969002
0.0927931
0.0885601
0.084039
0.0790121
0.0731718
0.0660468
0.056873
0.044476
0.027893
0.0106239
0.00187254
0.000130906
0.453816
0.430624
0.402245
0.372458
0.343465
0.316363
0.291593
0.269241
0.249205
0.231292
0.215307
0.201078
0.18842
0.177144
0.167069
0.158024
0.149865
0.14247
0.135735
0.129574
0.123915
0.118696
0.113866
0.109379
0.105191
0.101256
0.097518
0.0939043
0.0903131
0.0866036
0.082585
0.0780058
0.0725335
0.0656834
0.0566797
0.044334
0.0276976
0.0104288
0.00180798
0.00012419
0.404753
0.386497
0.364143
0.34023
0.316363
0.293463
0.272004
0.252183
0.234033
0.217532
0.202657
0.189352
0.177496
0.166929
0.15748
0.148996
0.141343
0.134408
0.128098
0.122335
0.117057
0.112213
0.107762
0.103669
0.0999027
0.0964307
0.0932095
0.0901729
0.0872159
0.0841758
0.0808165
0.0768237
0.0718237
0.0653139
0.0565086
0.0442094
0.0274909
0.0102036
0.00173174
0.000116273
0.363172
0.348769
0.330962
0.311501
0.291594
0.272004
0.253181
0.235361
0.218678
0.203264
0.18925
0.176714
0.165573
0.155663
0.146815
0.138874
0.131712
0.125221
0.119317
0.113932
0.109013
0.104519
0.100422
0.0967012
0.0933441
0.0903393
0.0876679
0.0852859
0.0830986
0.0809244
0.0784594
0.0752656
0.0708974
0.0648262
0.056262
0.0440058
0.0271743
0.00988038
0.00162735
0.00010592
0.328472
0.31684
0.302326
0.286159
0.269241
0.252183
0.235361
0.219014
0.203341
0.188567
0.175006
0.163004
0.152453
0.143134
0.13484
0.127402
0.120688
0.114596
0.109048
0.103984
0.0993598
0.0951469
0.0913295
0.0879051
0.0848845
0.0822889
0.0801434
0.0784578
0.0771863
0.0761579
0.0749831
0.0729609
0.0695034
0.0640409
0.0557956
0.0435906
0.0266212
0.0093805
0.00147931
9.22712e-05
0.299432
0.289776
0.277639
0.263893
0.249205
0.234033
0.218678
0.203341
0.188163
0.173326
0.159356
0.147554
0.137464
0.128663
0.12086
0.113858
0.107517
0.101735
0.0964393
0.0915778
0.0871153
0.0830333
0.0793297
0.0760207
0.0731445
0.0707668
0.0689842
0.0679178
0.0676731
0.0682152
0.0691196
0.0691002
0.0671656
0.0626661
0.0549031
0.0427916
0.0256771
0.00862508
0.00127858
7.53622e-05
0.274929
0.266699
0.256289
0.244325
0.231292
0.217532
0.203264
0.188567
0.173326
0.157113
0.139515
0.127593
0.117908
0.109573
0.102181
0.0954999
0.0893797
0.0837186
0.0784446
0.0735084
0.0688797
0.0645467
0.0605186
0.0568283
0.0535395
0.0507653
0.0486994
0.0476672
0.0481906
0.0509542
0.0562064
0.0612886
0.0628265
0.060215
0.0533105
0.041406
0.0241719
0.00755875
0.00103003
5.65371e-05
0.254045
0.246857
0.237716
0.227078
0.215308
0.202657
0.18925
0.175006
0.159356
0.139515
0.00492729
0.00377229
0.00424799
0.00447257
0.00453163
0.00448634
0.00437092
0.00420745
0.00401184
0.00379658
0.00357226
0.00334852
0.00313501
0.00294254
0.00278498
0.00268327
0.00267554
0.00284845
0.00345984
0.00556344
0.053223
0.0576187
0.0593213
0.0574403
0.0511056
0.0393316
0.0219721
0.00619414
0.000758043
3.82747e-05
0.236045
0.22963
0.221444
0.211836
0.201078
0.189352
0.176714
0.163004
0.147554
0.127593
0.0037723
0.000236485
0.000161124
0.00018164
0.000192529
0.000194998
0.00019151
0.000183898
0.000173573
0.000161666
0.000149105
0.000136673
0.000125065
0.000114953
0.000107098
0.000102572
0.000103312
0.000113649
0.000145228
0.00023006
0.0501603
0.054576
0.0561819
0.0545178
0.0483964
0.0365313
0.0190142
0.00464687
0.00050097
2.31095e-05
0.220359
0.214541
0.207109
0.198333
0.18842
0.177496
0.165573
0.152453
0.137464
0.117908
0.00424799
0.000161125
7.93958e-06
5.0157e-06
5.50122e-06
5.7269e-06
5.69747e-06
5.48314e-06
5.14555e-06
4.7365e-06
4.29844e-06
3.86563e-06
3.46568e-06
3.12184e-06
2.85654e-06
2.6977e-06
2.69238e-06
2.9388e-06
3.66044e-06
5.17999e-06
0.0471135
0.0516617
0.0531313
0.0514263
0.0451998
0.0329434
0.015334
0.00312261
0.000293779
1.23867e-05
0.206569
0.201231
0.194416
0.186335
0.177144
0.166929
0.155663
0.143135
0.128663
0.109573
0.00447257
0.000181641
5.01571e-06
2.06526e-07
1.22257e-07
1.29036e-07
1.3018e-07
1.25754e-07
1.1751e-07
1.07038e-07
9.56646e-08
8.44275e-08
7.41026e-08
6.52592e-08
5.83446e-08
5.38145e-08
5.23559e-08
5.53042e-08
6.52184e-08
8.27492e-08
0.0440586
0.0487251
0.050018
0.0480769
0.0414301
0.0284427
0.0111689
0.00184336
0.000152084
5.90614e-06
0.194354
0.189413
0.183117
0.175631
0.167069
0.15748
0.146815
0.13484
0.12086
0.102181
0.00453163
0.000192529
5.50123e-06
1.22257e-07
4.30551e-09
2.39664e-09
2.41729e-09
2.34276e-09
2.1797e-09
1.96453e-09
1.72852e-09
1.49571e-09
1.28299e-09
1.10124e-09
9.57192e-10
8.5573e-10
8.0308e-10
8.11182e-10
9.00079e-10
1.0453e-09
0.0409626
0.0456749
0.0467082
0.0443146
0.0368919
0.0228952
0.00707534
0.000944363
6.96715e-05
2.52434e-06
0.183454
0.178852
0.173002
0.166033
0.158024
0.148996
0.138874
0.127402
0.113858
0.0954999
0.00448634
0.000194998
5.7269e-06
1.29036e-07
2.39665e-09
7.3345e-11
3.8386e-11
3.67996e-11
3.40447e-11
3.03288e-11
2.62405e-11
2.22301e-11
1.85971e-11
1.55132e-11
1.3057e-11
1.1257e-11
1.01339e-11
9.74998e-12
1.02081e-11
1.10601e-11
0.0377518
0.0423898
0.0430169
0.0398888
0.0312889
0.0164082
0.00378031
0.000420165
2.85172e-05
9.78488e-07
0.173658
0.16935
0.163891
0.157379
0.149865
0.141343
0.131712
0.120688
0.107517
0.0893797
0.00437092
0.00019151
5.69748e-06
1.3018e-07
2.41729e-09
3.83862e-11
1.03368e-12
5.08086e-13
4.60961e-13
4.05157e-13
3.44226e-13
2.85003e-13
2.32127e-13
1.87811e-13
1.52662e-13
1.26489e-13
1.09048e-13
1.00005e-13
9.93096e-14
1.02008e-13
0.0342739
0.0386615
0.038656
0.034436
0.0243378
0.00981503
0.00168734
0.000164771
1.05861e-05
3.4885e-07
0.16479
0.160742
0.155633
0.149534
0.14247
0.134408
0.125221
0.114596
0.101735
0.0837186
0.00420745
0.000183898
5.48314e-06
1.25755e-07
2.34276e-09
3.67997e-11
5.08086e-13
1.21545e-14
5.37873e-15
4.56271e-15
3.72764e-15
2.92115e-15
2.23532e-15
1.67966e-15
1.19386e-15
8.6682e-16
6.09631e-16
5.20727e-16
4.7945e-16
4.7945e-16
0.030256
0.0341507
0.0332121
0.0275428
0.0162268
0.00465593
0.000640212
5.82944e-05
3.62709e-06
1.16127e-07
0.156704
0.152892
0.148103
0.142384
0.135735
0.128098
0.119317
0.109048
0.0964394
0.0784446
0.00401184
0.000173573
5.14556e-06
1.1751e-07
2.1797e-09
3.40448e-11
4.61002e-13
5.37873e-15
0
0
0
0
0
0
0
0
0
0
0
0
0.0252971
0.0283965
0.0262328
0.0191179
0.00847444
0.0017653
0.000215043
1.90835e-05
1.16786e-06
3.66458e-08
0.149281
0.145686
0.141196
0.135833
0.129574
0.122335
0.113932
0.103984
0.0915778
0.0735084
0.00379658
0.000161666
4.73651e-06
1.07038e-07
1.96454e-09
3.03288e-11
4.05157e-13
4.56271e-15
0
0
0
0
0
0
0
0
0
0
0
0
0.0190458
0.0210459
0.0177009
0.0104133
0.0033323
0.000569306
6.6791e-05
5.91582e-06
3.59527e-07
1.11281e-08
0.142416
0.139027
0.134821
0.1298
0.123915
0.117057
0.109013
0.0993599
0.0871153
0.0688797
0.00357226
0.000149105
4.29845e-06
9.56647e-08
1.72852e-09
2.62405e-11
3.44226e-13
3.72764e-15
0
0
0
0
0
0
0
0
0
0
0
0
0.0118809
0.0126839
0.00918652
0.00417013
0.00105737
0.000167985
1.9814e-05
1.77094e-06
1.07554e-07
3.30034e-09
0.136022
0.132832
0.128902
0.124214
0.118696
0.112213
0.104519
0.095147
0.0830333
0.0645467
0.00334852
0.000136673
3.86563e-06
8.44275e-08
1.49571e-09
2.223e-11
2.85003e-13
2.92115e-15
0
0
0
0
0
0
0
0
0
0
0
0
0.00566047
0.00569206
0.00350047
0.00131284
0.000300981
4.76227e-05
5.73951e-06
5.20609e-07
3.17526e-08
9.70359e-10
0.13002
0.127026
0.12337
0.119015
0.113866
0.107762
0.100422
0.0913295
0.0793298
0.0605186
0.00313501
0.000125065
3.46568e-06
7.41027e-08
1.28299e-09
1.85971e-11
2.32127e-13
2.23532e-15
0
0
0
0
0
0
0
0
0
0
0
0
0.00208293
0.00194887
0.00107016
0.000366795
8.2226e-05
1.33053e-05
1.64968e-06
1.52574e-07
9.39304e-09
2.87277e-10
0.12434
0.121543
0.118165
0.114148
0.109379
0.103669
0.0967013
0.0879052
0.0760207
0.0568283
0.00294254
0.000114953
3.12185e-06
6.52592e-08
1.10124e-09
1.55132e-11
1.87811e-13
1.67966e-15
0
0
0
0
0
0
0
0
0
0
0
0
0.000651811
0.000570453
0.000294685
9.79475e-05
2.21988e-05
3.71632e-06
4.76745e-07
4.52225e-08
2.82806e-09
8.70853e-11
0.118916
0.116321
0.113227
0.109561
0.105191
0.0999028
0.0933441
0.0848845
0.0731445
0.0535395
0.00278499
0.000107098
2.85654e-06
5.83446e-08
9.57194e-10
1.3057e-11
1.52662e-13
1.19386e-15
0
0
0
0
0
0
0
0
0
0
0
0
0.000187977
0.000155348
7.76611e-05
2.57334e-05
5.99789e-06
1.0485e-06
1.40227e-07
1.37536e-08
8.81119e-10
2.75392e-11
0.113685
0.111299
0.108499
0.1052
0.101256
0.0964308
0.0903394
0.0822889
0.0707669
0.0507653
0.00268327
0.000102572
2.69771e-06
5.38146e-08
8.55731e-10
1.1257e-11
1.26489e-13
8.6682e-16
0
0
0
0
0
0
0
0
0
0
0
0
5.15849e-05
4.06088e-05
1.99771e-05
6.7198e-06
1.63418e-06
3.01586e-07
4.24911e-08
4.357e-09
2.89214e-10
9.27677e-12
0.108582
0.106412
0.103918
0.101004
0.0975181
0.0932095
0.0876679
0.0801435
0.0689842
0.0486994
0.00267554
0.000103312
2.69238e-06
5.2356e-08
8.03082e-10
1.01341e-11
1.09048e-13
6.09631e-16
0
0
0
0
0
0
0
0
0
0
0
0
1.35028e-05
1.02294e-05
5.03551e-06
1.75188e-06
4.51754e-07
8.92294e-08
1.34249e-08
1.45985e-09
1.01911e-10
3.40602e-12
0.103536
0.101591
0.0994108
0.0969002
0.0939044
0.0901729
0.0852859
0.0784579
0.0679178
0.0476672
0.00284845
0.000113649
2.9388e-06
5.53043e-08
8.11183e-10
9.74998e-12
1.00005e-13
5.20727e-16
0
0
0
0
0
0
0
0
0
0
0
0
3.32822e-06
2.46473e-06
1.24195e-06
4.57112e-07
1.27381e-07
2.73777e-08
4.47209e-09
5.24881e-10
3.92684e-11
1.39537e-12
0.0984658
0.096752
0.0948913
0.0927932
0.0903132
0.087216
0.0830986
0.0771864
0.0676732
0.0481906
0.00345984
0.000145228
3.66045e-06
6.52185e-08
9.0008e-10
1.02081e-11
9.93096e-14
4.7945e-16
0
0
0
0
0
0
0
0
0
0
0
0
7.50625e-07
5.59489e-07
2.98361e-07
1.19467e-07
3.67694e-08
8.7641e-09
1.58423e-09
2.04867e-10
1.68039e-11
6.51248e-13
0.0932751
0.0917932
0.0902485
0.0885602
0.0866037
0.0841759
0.0809244
0.076158
0.0682152
0.0509542
0.00556345
0.00023006
5.17999e-06
8.27493e-08
1.0453e-09
1.10601e-11
1.02008e-13
4.7945e-16
0
0
0
0
0
0
0
0
0
0
0
0
1.45302e-07
1.16594e-07
6.92366e-08
3.12031e-08
1.08673e-08
2.93271e-09
5.99055e-10
8.73369e-11
8.06057e-12
3.51097e-13
0.087837
0.0865817
0.085338
0.0840391
0.0825851
0.0808165
0.0784594
0.0749831
0.0691196
0.0562064
0.053223
0.0501603
0.0471135
0.0440586
0.0409627
0.0377518
0.0342739
0.0302561
0.0252971
0.0190459
0.0118809
0.0056605
0.00208294
0.000651815
0.000187978
5.15852e-05
1.35029e-05
3.32824e-06
7.5063e-07
1.45303e-07
3.49634e-08
2.2929e-08
1.54799e-08
8.10314e-09
3.27228e-09
1.02155e-09
2.41059e-10
4.06029e-11
4.33639e-12
2.19223e-13
0.0819733
0.0809315
0.0799618
0.0790122
0.0780059
0.0768237
0.0752656
0.0729609
0.0691002
0.0612886
0.0576188
0.0545761
0.0516617
0.0487251
0.0456749
0.0423898
0.0386615
0.0341507
0.0283965
0.0210459
0.0126839
0.00569209
0.00194889
0.000570457
0.000155349
4.06091e-05
1.02294e-05
2.46475e-06
5.59493e-07
1.16595e-07
2.29292e-08
6.86637e-09
3.72292e-09
2.13019e-09
1.00065e-09
3.67341e-10
1.0226e-10
2.03965e-11
2.59456e-12
1.5745e-13
0.0754121
0.0745615
0.0738281
0.0731718
0.0725336
0.0718238
0.0708974
0.0695035
0.0671656
0.0628266
0.0593213
0.0561819
0.0531313
0.050018
0.0467082
0.043017
0.038656
0.0332122
0.0262328
0.017701
0.00918656
0.00350049
0.00107016
0.000294687
7.76616e-05
1.99772e-05
5.03554e-06
1.24196e-06
2.98363e-07
6.92371e-08
1.548e-08
3.72294e-09
1.27106e-09
6.2633e-10
3.18486e-10
1.36307e-10
4.53163e-11
1.09354e-11
1.70366e-12
1.28324e-13
0.0677142
0.0670214
0.0664767
0.0660469
0.0656835
0.065314
0.0648262
0.064041
0.0626661
0.060215
0.0574403
0.0545179
0.0514263
0.048077
0.0443146
0.0398888
0.034436
0.0275429
0.0191179
0.0104133
0.00417016
0.00131285
0.000366798
9.79483e-05
2.57336e-05
6.71985e-06
1.75189e-06
4.57115e-07
1.19468e-07
3.12033e-08
8.1032e-09
2.13021e-09
6.26333e-10
2.39881e-10
1.14027e-10
5.35765e-11
2.10423e-11
6.21324e-12
1.21403e-12
1.17341e-13
0.0581523
0.0575711
0.0571551
0.056873
0.0566797
0.0565087
0.0562621
0.0557956
0.0549031
0.0533105
0.0511056
0.0483964
0.0451999
0.0414302
0.0368919
0.0312889
0.0243378
0.0162268
0.00847449
0.00333232
0.00105738
0.000300983
8.22267e-05
2.2199e-05
5.99794e-06
1.6342e-06
4.51757e-07
1.27382e-07
3.67697e-08
1.08674e-08
3.27231e-09
1.00066e-09
3.18488e-10
1.14027e-10
4.90359e-11
2.34071e-11
1.0452e-11
3.75619e-12
9.34898e-13
1.19853e-13
0.0456029
0.0450687
0.0447046
0.044476
0.044334
0.0442094
0.0440058
0.0435906
0.0427916
0.0414061
0.0393316
0.0365313
0.0329434
0.0284428
0.0228952
0.0164082
0.00981507
0.00465595
0.00176532
0.000569311
0.000167987
4.76231e-05
1.33054e-05
3.71635e-06
1.04851e-06
3.01588e-07
8.92301e-08
2.73779e-08
8.76416e-09
2.93273e-09
1.02156e-09
3.67344e-10
1.36308e-10
5.35767e-11
2.34072e-11
1.1404e-11
5.62806e-12
2.4269e-12
7.7446e-13
1.35776e-13
0.0290603
0.0285261
0.0281509
0.027893
0.0276977
0.0274909
0.0271744
0.0266213
0.0256771
0.0241719
0.0219721
0.0190142
0.015334
0.0111689
0.00707537
0.00378033
0.00168735
0.000640216
0.000215045
6.67915e-05
1.98141e-05
5.73955e-06
1.64969e-06
4.76748e-07
1.40228e-07
4.24914e-08
1.3425e-08
4.47212e-09
1.58424e-09
5.99059e-10
2.41061e-10
1.02261e-10
4.53165e-11
2.10424e-11
1.04521e-11
5.62807e-12
3.14425e-12
1.62937e-12
6.69032e-13
1.64581e-13
0.0115205
0.0111309
0.0108437
0.010624
0.0104288
0.0102036
0.0098804
0.00938052
0.0086251
0.00755877
0.00619416
0.00464688
0.00312262
0.00184336
0.000944367
0.000420168
0.000164772
5.82948e-05
1.90837e-05
5.91586e-06
1.77095e-06
5.20613e-07
1.52576e-07
4.52229e-08
1.37537e-08
4.35703e-09
1.45986e-09
5.24885e-10
2.04869e-10
8.73374e-11
4.06031e-11
2.03967e-11
1.09355e-11
6.21331e-12
3.75623e-12
2.42691e-12
1.62937e-12
1.04296e-12
5.54447e-13
1.93171e-13
0.00213085
0.00202306
0.00194019
0.00187255
0.00180798
0.00173175
0.00162736
0.00147931
0.00127858
0.00103003
0.000758045
0.000500972
0.00029378
0.000152085
6.96719e-05
2.85174e-05
1.05862e-05
3.62711e-06
1.16787e-06
3.5953e-07
1.07554e-07
3.17529e-08
9.39311e-09
2.82808e-09
8.81125e-10
2.89216e-10
1.01912e-10
3.92686e-11
1.6804e-11
8.06059e-12
4.3364e-12
2.59457e-12
1.70368e-12
1.21404e-12
9.34924e-13
7.7447e-13
6.69032e-13
5.54447e-13
3.86509e-13
1.87928e-13
0.000155353
0.000145543
0.000137666
0.000130906
0.00012419
0.000116273
0.00010592
9.22715e-05
7.53624e-05
5.65373e-05
3.82749e-05
2.31096e-05
1.23867e-05
5.90617e-06
2.52435e-06
9.78494e-07
3.48852e-07
1.16127e-07
3.6646e-08
1.11282e-08
3.30036e-09
9.70367e-10
2.87279e-10
8.7086e-11
2.75394e-11
9.27687e-12
3.40605e-12
1.39541e-12
6.51248e-13
3.51097e-13
2.19223e-13
1.5745e-13
1.28324e-13
1.17341e-13
1.19853e-13
1.35776e-13
1.64581e-13
1.93171e-13
1.87928e-13
1.2834e-13
)
;

boundaryField
{
    left
    {
        type            fixedValue;
        value           uniform 0;
    }
    right
    {
        type            fixedValue;
        value           uniform 0;
    }
    up
    {
        type            fixedValue;
        value           uniform 0;
    }
    down
    {
        type            fixedValue;
        value           uniform 0;
    }
    front
    {
        type            fixedValue;
        value           uniform 0;
    }
    back
    {
        type            fixedValue;
        value           uniform 0;
    }
}


// ************************************************************************* //
