/*--------------------------------*- C++ -*----------------------------------*\
| =========                 |                                                 |
| \\      /  F ield         | OpenFOAM: The Open Source CFD Toolbox           |
|  \\    /   O peration     | Version:  2.1.0                                 |
|   \\  /    A nd           | Web:      www.OpenFOAM.org                      |
|    \\/     M anipulation  |                                                 |
\*---------------------------------------------------------------------------*/
FoamFile
{
    version     2.0;
    format      ascii;
    class       volScalarField;
    location    "20075";
    object      so;
}
// * * * * * * * * * * * * * * * * * * * * * * * * * * * * * * * * * * * * * //

dimensions      [0 0 0 0 0 0 0];

internalField   nonuniform List<scalar> 
8000
(
0.306269
0.320894
0.338422
0.356792
0.37494
0.392362
0.408876
0.424444
0.439065
0.452745
0.46551
0.47741
0.488507
0.498872
0.508573
0.517671
0.52625
0.534392
0.542172
0.549665
0.55694
0.564071
0.571134
0.578212
0.585405
0.592832
0.600647
0.609058
0.618356
0.628983
0.641613
0.657236
0.677076
0.702004
0.732705
0.765567
0.789044
0.79795
0.799771
0.799988
0.320892
0.333859
0.349589
0.366336
0.383135
0.399497
0.415201
0.430158
0.444311
0.457632
0.470125
0.481819
0.492761
0.503011
0.512621
0.521656
0.530195
0.538316
0.546092
0.553595
0.560893
0.568055
0.575156
0.582275
0.589509
0.596974
0.604819
0.61325
0.622571
0.633242
0.645972
0.661782
0.681868
0.706897
0.737214
0.768679
0.790296
0.798216
0.799803
0.79999
0.338422
0.349588
0.363331
0.378254
0.39351
0.408636
0.423385
0.437605
0.451189
0.464075
0.476234
0.487673
0.498421
0.508518
0.518003
0.526943
0.535414
0.543489
0.551237
0.558725
0.566017
0.573179
0.580278
0.587389
0.594598
0.602015
0.609782
0.618102
0.62729
0.637829
0.650461
0.666241
0.686313
0.711162
0.740917
0.771124
0.791262
0.798423
0.799829
0.799991
0.356792
0.366335
0.378254
0.391451
0.405219
0.419137
0.432928
0.446395
0.459396
0.471836
0.483659
0.494841
0.505391
0.515322
0.524674
0.533516
0.541918
0.549948
0.557671
0.56515
0.572442
0.579606
0.5867
0.593789
0.600944
0.608257
0.615857
0.623943
0.632836
0.64304
0.655339
0.670828
0.6906
0.715011
0.744069
0.773119
0.792039
0.798591
0.79985
0.799992
0.374939
0.383135
0.39351
0.405219
0.417687
0.430522
0.443434
0.45621
0.468687
0.480741
0.492281
0.503255
0.513637
0.523423
0.53267
0.541443
0.549808
0.557832
0.565574
0.573091
0.580436
0.587657
0.594799
0.601905
0.609023
0.616217
0.623593
0.631331
0.639743
0.649357
0.661011
0.675868
0.694989
0.718688
0.746917
0.774869
0.792717
0.79874
0.799868
0.799993
0.392362
0.399497
0.408635
0.419137
0.430521
0.442432
0.454598
0.466807
0.478885
0.490681
0.502064
0.512928
0.523207
0.532924
0.542138
0.550916
0.559327
0.567435
0.575299
0.582971
0.590495
0.597908
0.605232
0.612481
0.619667
0.626811
0.633967
0.641261
0.648967
0.657623
0.668154
0.681873
0.69985
0.722514
0.749751
0.776584
0.793384
0.798886
0.799887
0.799994
0.408876
0.415201
0.423385
0.432928
0.443433
0.454598
0.466184
0.478
0.489876
0.501638
0.513083
0.523997
0.534325
0.544111
0.553428
0.562356
0.570972
0.579345
0.587535
0.595593
0.603552
0.61143
0.619224
0.626917
0.634467
0.641812
0.648888
0.655683
0.662358
0.669425
0.677969
0.689674
0.705738
0.726926
0.752931
0.778502
0.794126
0.799045
0.799906
0.799996
0.424444
0.430158
0.437605
0.446394
0.45621
0.466807
0.478
0.489644
0.501609
0.513713
0.525618
0.53691
0.547557
0.557656
0.567326
0.576681
0.585816
0.594813
0.603738
0.612636
0.62154
0.630463
0.63939
0.64825
0.656897
0.665082
0.672472
0.678729
0.683717
0.687862
0.692571
0.700521
0.713476
0.732513
0.756893
0.780873
0.795011
0.799225
0.799927
0.799997
0.439065
0.444311
0.451189
0.459396
0.468687
0.478885
0.489876
0.501609
0.514076
0.527207
0.540615
0.552935
0.564395
0.575287
0.585841
0.596231
0.606588
0.617016
0.627602
0.638429
0.64956
0.661005
0.672666
0.684267
0.695307
0.705144
0.712988
0.717985
0.719549
0.717907
0.714963
0.715973
0.723993
0.739876
0.762044
0.783878
0.796056
0.799421
0.799948
0.799998
0.452744
0.457632
0.464074
0.471836
0.480741
0.490681
0.501638
0.513713
0.527207
0.54294
0.562284
0.577103
0.590607
0.603669
0.616742
0.630144
0.64415
0.658979
0.674726
0.691219
0.70786
0.723733
0.73813
0.750393
0.760092
0.767059
0.771207
0.772234
0.769266
0.76075
0.74634
0.735932
0.737039
0.749027
0.768478
0.78747
0.797181
0.799611
0.799967
0.799999
0.46551
0.470125
0.476234
0.483658
0.492281
0.502064
0.513083
0.525618
0.540615
0.562284
0.780399
0.786501
0.786215
0.786849
0.788011
0.789453
0.79102
0.792595
0.794084
0.795413
0.796531
0.797421
0.798095
0.798579
0.798908
0.799109
0.799195
0.799146
0.798844
0.797811
0.75288
0.746552
0.748022
0.758542
0.775625
0.791237
0.798217
0.79977
0.799981
0.799999
0.47741
0.481818
0.487672
0.494841
0.503255
0.512928
0.523997
0.53691
0.552935
0.577103
0.786501
0.799434
0.799665
0.799671
0.799699
0.799741
0.799788
0.799833
0.799872
0.799905
0.799931
0.79995
0.799964
0.799973
0.79998
0.799983
0.799984
0.799983
0.799975
0.799953
0.760288
0.755912
0.758169
0.767989
0.782756
0.79459
0.799008
0.799879
0.799991
0.8
0.488507
0.49276
0.49842
0.505391
0.513637
0.523207
0.534325
0.547557
0.564395
0.590607
0.786215
0.799665
0.799989
0.799994
0.799995
0.799995
0.799996
0.799997
0.799998
0.799998
0.799999
0.799999
0.799999
0.8
0.8
0.8
0.8
0.8
0.8
0.799999
0.768054
0.764972
0.767866
0.777019
0.78912
0.797085
0.799513
0.799944
0.799996
0.8
0.498872
0.50301
0.508518
0.515322
0.523423
0.532924
0.544111
0.557655
0.575287
0.603669
0.786849
0.799671
0.799994
0.8
0.8
0.8
0.8
0.8
0.8
0.8
0.8
0.8
0.8
0.8
0.8
0.8
0.8
0.8
0.8
0.8
0.775738
0.773716
0.776997
0.785119
0.794044
0.798626
0.799786
0.799976
0.799998
0.8
0.508573
0.512621
0.518003
0.524674
0.53267
0.542138
0.553428
0.567326
0.585841
0.616742
0.788011
0.799699
0.799995
0.8
0.8
0.8
0.8
0.8
0.8
0.8
0.8
0.8
0.8
0.8
0.8
0.8
0.8
0.8
0.8
0.8
0.782935
0.781838
0.785153
0.791626
0.797206
0.799424
0.799915
0.799991
0.799999
0.8
0.517671
0.521655
0.526943
0.533516
0.541443
0.550916
0.562356
0.576681
0.59623
0.630144
0.789453
0.799741
0.799995
0.8
0.8
0.8
0.8
0.8
0.8
0.8
0.8
0.8
0.8
0.8
0.8
0.8
0.8
0.8
0.8
0.8
0.789197
0.78884
0.7917
0.796016
0.79886
0.799781
0.799969
0.799997
0.8
0.8
0.52625
0.530194
0.535414
0.541918
0.549808
0.559327
0.570972
0.585816
0.606588
0.64415
0.79102
0.799788
0.799996
0.8
0.8
0.8
0.8
0.8
0.8
0.8
0.8
0.8
0.8
0.8
0.8
0.8
0.8
0.8
0.8
0.8
0.794036
0.794122
0.796098
0.798388
0.799583
0.799923
0.799989
0.799999
0.8
0.8
0.534392
0.538315
0.543489
0.549948
0.557832
0.567435
0.579345
0.594813
0.617016
0.658979
0.792595
0.799833
0.799997
0.8
0.8
0.8
0.8
0.8
0.8
0.8
0.8
0.8
0.8
0.8
0.8
0.8
0.8
0.8
0.8
0.8
0.797178
0.797388
0.798448
0.799426
0.79986
0.799975
0.799996
0.8
0.8
0.8
0.542172
0.546092
0.551237
0.557671
0.565574
0.575298
0.587535
0.603738
0.627602
0.674726
0.794084
0.799872
0.799998
0.8
0.8
0.8
0.8
0.8
0.8
0.8
0.8
0.8
0.8
0.8
0.8
0.8
0.8
0.8
0.8
0.8
0.798843
0.799002
0.799458
0.799813
0.799956
0.799992
0.799999
0.8
0.8
0.8
0.549665
0.553595
0.558725
0.565149
0.573091
0.582971
0.595593
0.612636
0.638429
0.691219
0.795413
0.799905
0.799998
0.8
0.8
0.8
0.8
0.8
0.8
0.8
0.8
0.8
0.8
0.8
0.8
0.8
0.8
0.8
0.8
0.8
0.799577
0.79966
0.799828
0.799943
0.799987
0.799998
0.8
0.8
0.8
0.8
0.55694
0.560892
0.566017
0.572442
0.580436
0.590495
0.603552
0.62154
0.64956
0.70786
0.796531
0.799931
0.799999
0.8
0.8
0.8
0.8
0.8
0.8
0.8
0.8
0.8
0.8
0.8
0.8
0.8
0.8
0.8
0.8
0.8
0.799858
0.799893
0.799949
0.799983
0.799996
0.799999
0.8
0.8
0.8
0.8
0.564071
0.568055
0.573179
0.579605
0.587657
0.597908
0.61143
0.630463
0.661005
0.723733
0.797421
0.79995
0.799999
0.8
0.8
0.8
0.8
0.8
0.8
0.8
0.8
0.8
0.8
0.8
0.8
0.8
0.8
0.8
0.8
0.8
0.799955
0.799968
0.799985
0.799995
0.799999
0.8
0.8
0.8
0.8
0.8
0.571134
0.575156
0.580278
0.5867
0.594799
0.605232
0.619224
0.639389
0.672666
0.73813
0.798095
0.799964
0.799999
0.8
0.8
0.8
0.8
0.8
0.8
0.8
0.8
0.8
0.8
0.8
0.8
0.8
0.8
0.8
0.8
0.8
0.799986
0.799991
0.799996
0.799999
0.8
0.8
0.8
0.8
0.8
0.8
0.578212
0.582275
0.587388
0.593789
0.601905
0.612481
0.626917
0.64825
0.684267
0.750393
0.798579
0.799973
0.8
0.8
0.8
0.8
0.8
0.8
0.8
0.8
0.8
0.8
0.8
0.8
0.8
0.8
0.8
0.8
0.8
0.8
0.799996
0.799997
0.799999
0.8
0.8
0.8
0.8
0.8
0.8
0.8
0.585405
0.589509
0.594598
0.600944
0.609023
0.619667
0.634467
0.656896
0.695307
0.760092
0.798908
0.79998
0.8
0.8
0.8
0.8
0.8
0.8
0.8
0.8
0.8
0.8
0.8
0.8
0.8
0.8
0.8
0.8
0.8
0.8
0.799999
0.799999
0.8
0.8
0.8
0.8
0.8
0.8
0.8
0.8
0.592832
0.596973
0.602015
0.608257
0.616217
0.626811
0.641812
0.665082
0.705144
0.767059
0.799109
0.799983
0.8
0.8
0.8
0.8
0.8
0.8
0.8
0.8
0.8
0.8
0.8
0.8
0.8
0.8
0.8
0.8
0.8
0.8
0.8
0.8
0.8
0.8
0.8
0.8
0.8
0.8
0.8
0.8
0.600647
0.604819
0.609782
0.615857
0.623593
0.633967
0.648888
0.672472
0.712988
0.771207
0.799195
0.799984
0.8
0.8
0.8
0.8
0.8
0.8
0.8
0.8
0.8
0.8
0.8
0.8
0.8
0.8
0.8
0.8
0.8
0.8
0.8
0.8
0.8
0.8
0.8
0.8
0.8
0.8
0.8
0.8
0.609058
0.61325
0.618102
0.623943
0.631331
0.641261
0.655683
0.678728
0.717985
0.772234
0.799146
0.799983
0.8
0.8
0.8
0.8
0.8
0.8
0.8
0.8
0.8
0.8
0.8
0.8
0.8
0.8
0.8
0.8
0.8
0.8
0.8
0.8
0.8
0.8
0.8
0.8
0.8
0.8
0.8
0.8
0.618356
0.622571
0.62729
0.632835
0.639743
0.648967
0.662358
0.683717
0.719549
0.769266
0.798844
0.799975
0.8
0.8
0.8
0.8
0.8
0.8
0.8
0.8
0.8
0.8
0.8
0.8
0.8
0.8
0.8
0.8
0.8
0.8
0.8
0.8
0.8
0.8
0.8
0.8
0.8
0.8
0.8
0.8
0.628983
0.633242
0.637829
0.64304
0.649357
0.657622
0.669425
0.687862
0.717907
0.76075
0.797811
0.799953
0.799999
0.8
0.8
0.8
0.8
0.8
0.8
0.8
0.8
0.8
0.8
0.8
0.8
0.8
0.8
0.8
0.8
0.8
0.8
0.8
0.8
0.8
0.8
0.8
0.8
0.8
0.8
0.8
0.641613
0.645972
0.650461
0.655339
0.661011
0.668154
0.677969
0.692571
0.714963
0.74634
0.75288
0.760288
0.768054
0.775738
0.782935
0.789197
0.794036
0.797178
0.798843
0.799577
0.799858
0.799955
0.799986
0.799996
0.799999
0.8
0.8
0.8
0.8
0.8
0.8
0.8
0.8
0.8
0.8
0.8
0.8
0.8
0.8
0.8
0.657236
0.661782
0.666241
0.670828
0.675868
0.681873
0.689674
0.700521
0.715973
0.735932
0.746552
0.755912
0.764972
0.773716
0.781838
0.78884
0.794122
0.797388
0.799002
0.79966
0.799893
0.799968
0.799991
0.799997
0.799999
0.8
0.8
0.8
0.8
0.8
0.8
0.8
0.8
0.8
0.8
0.8
0.8
0.8
0.8
0.8
0.677076
0.681868
0.686313
0.6906
0.694989
0.69985
0.705738
0.713476
0.723993
0.737039
0.748022
0.758169
0.767866
0.776997
0.785153
0.7917
0.796098
0.798448
0.799458
0.799828
0.799949
0.799985
0.799996
0.799999
0.8
0.8
0.8
0.8
0.8
0.8
0.8
0.8
0.8
0.8
0.8
0.8
0.8
0.8
0.8
0.8
0.702004
0.706897
0.711162
0.715011
0.718688
0.722514
0.726926
0.732513
0.739876
0.749027
0.758541
0.767989
0.777019
0.785119
0.791626
0.796016
0.798388
0.799426
0.799813
0.799943
0.799983
0.799995
0.799999
0.8
0.8
0.8
0.8
0.8
0.8
0.8
0.8
0.8
0.8
0.8
0.8
0.8
0.8
0.8
0.8
0.8
0.732705
0.737214
0.740917
0.744069
0.746917
0.749751
0.752931
0.756893
0.762044
0.768478
0.775625
0.782756
0.78912
0.794043
0.797206
0.79886
0.799583
0.79986
0.799956
0.799987
0.799996
0.799999
0.8
0.8
0.8
0.8
0.8
0.8
0.8
0.8
0.8
0.8
0.8
0.8
0.8
0.8
0.8
0.8
0.8
0.8
0.765567
0.768679
0.771123
0.773119
0.774869
0.776584
0.778502
0.780873
0.783877
0.78747
0.791237
0.79459
0.797085
0.798626
0.799424
0.799781
0.799923
0.799975
0.799992
0.799998
0.799999
0.8
0.8
0.8
0.8
0.8
0.8
0.8
0.8
0.8
0.8
0.8
0.8
0.8
0.8
0.8
0.8
0.8
0.8
0.8
0.789044
0.790296
0.791262
0.792039
0.792717
0.793384
0.794126
0.795011
0.796056
0.797181
0.798217
0.799008
0.799513
0.799786
0.799915
0.799969
0.799989
0.799996
0.799999
0.8
0.8
0.8
0.8
0.8
0.8
0.8
0.8
0.8
0.8
0.8
0.8
0.8
0.8
0.8
0.8
0.8
0.8
0.8
0.8
0.8
0.79795
0.798216
0.798423
0.798591
0.798739
0.798886
0.799045
0.799225
0.799421
0.799611
0.79977
0.799879
0.799944
0.799976
0.799991
0.799997
0.799999
0.8
0.8
0.8
0.8
0.8
0.8
0.8
0.8
0.8
0.8
0.8
0.8
0.8
0.8
0.8
0.8
0.8
0.8
0.8
0.8
0.8
0.8
0.8
0.799771
0.799803
0.799829
0.79985
0.799868
0.799887
0.799906
0.799927
0.799948
0.799967
0.799981
0.799991
0.799996
0.799998
0.799999
0.8
0.8
0.8
0.8
0.8
0.8
0.8
0.8
0.8
0.8
0.8
0.8
0.8
0.8
0.8
0.8
0.8
0.8
0.8
0.8
0.8
0.8
0.8
0.8
0.8
0.799988
0.79999
0.799991
0.799992
0.799993
0.799994
0.799996
0.799997
0.799998
0.799999
0.799999
0.8
0.8
0.8
0.8
0.8
0.8
0.8
0.8
0.8
0.8
0.8
0.8
0.8
0.8
0.8
0.8
0.8
0.8
0.8
0.8
0.8
0.8
0.8
0.8
0.8
0.8
0.8
0.8
0.8
0.244403
0.262431
0.285034
0.308757
0.331755
0.353236
0.372979
0.391005
0.407445
0.422477
0.436246
0.448874
0.460474
0.471159
0.481051
0.490262
0.498869
0.506958
0.514604
0.521879
0.528849
0.535575
0.542117
0.548535
0.554891
0.561256
0.567706
0.574335
0.581251
0.588584
0.596503
0.605282
0.615634
0.629736
0.651506
0.68734
0.739741
0.78334
0.797834
0.799877
0.262426
0.279021
0.299368
0.320796
0.341827
0.361755
0.38031
0.397444
0.41323
0.42778
0.441185
0.453531
0.46491
0.475422
0.485182
0.494284
0.502802
0.510816
0.518399
0.525618
0.532534
0.539206
0.545687
0.552034
0.558305
0.564564
0.570886
0.57736
0.584096
0.591225
0.598917
0.607457
0.617605
0.631675
0.653696
0.690182
0.742777
0.784725
0.79806
0.799892
0.285034
0.299368
0.316939
0.335713
0.354474
0.372576
0.389712
0.405773
0.420767
0.434723
0.447671
0.459657
0.470749
0.481034
0.490615
0.49956
0.507943
0.515838
0.523312
0.530426
0.537235
0.543793
0.550146
0.556345
0.56244
0.568492
0.57457
0.580762
0.587181
0.593965
0.601292
0.609464
0.619304
0.633262
0.65544
0.692469
0.745233
0.785833
0.798243
0.799904
0.308758
0.320795
0.335712
0.351948
0.368508
0.384802
0.400513
0.415494
0.429678
0.443013
0.455478
0.46708
0.477863
0.487907
0.49728
0.506042
0.514265
0.522015
0.529351
0.53633
0.542999
0.549401
0.555578
0.561568
0.567415
0.573168
0.578893
0.584676
0.590632
0.596913
0.603719
0.611383
0.620809
0.634569
0.656823
0.694326
0.747277
0.786759
0.798397
0.799914
0.331755
0.341826
0.354473
0.368508
0.383118
0.397787
0.412213
0.426216
0.439655
0.45242
0.464441
0.475688
0.48619
0.496005
0.50517
0.51375
0.521809
0.529409
0.536602
0.543437
0.549951
0.55618
0.562153
0.567896
0.573439
0.578819
0.584089
0.589327
0.594655
0.600246
0.606338
0.613328
0.622228
0.635704
0.65797
0.695933
0.749128
0.787609
0.79854
0.799923
0.353236
0.361755
0.372576
0.384802
0.397787
0.411099
0.424457
0.437639
0.450466
0.462783
0.474469
0.485457
0.495756
0.505374
0.514363
0.522786
0.530705
0.538174
0.545242
0.551948
0.558321
0.564384
0.570152
0.575638
0.580848
0.585798
0.590517
0.59507
0.599577
0.604241
0.609371
0.615475
0.623729
0.636826
0.659074
0.697563
0.751087
0.788508
0.79869
0.799933
0.372979
0.38031
0.389712
0.400513
0.412214
0.424457
0.436969
0.44953
0.461946
0.474027
0.485593
0.496505
0.506698
0.516201
0.525078
0.5334
0.54123
0.548619
0.555611
0.562235
0.568511
0.574451
0.580054
0.585309
0.590196
0.594696
0.598798
0.602531
0.605998
0.609429
0.613244
0.618166
0.625621
0.63821
0.66044
0.699629
0.753557
0.789592
0.798862
0.799944
0.391004
0.397444
0.405773
0.415494
0.426216
0.437639
0.44953
0.461704
0.473993
0.486209
0.498075
0.509165
0.519423
0.528937
0.53781
0.546132
0.553974
0.561386
0.568405
0.575053
0.581342
0.58727
0.592823
0.597967
0.602653
0.606813
0.61037
0.613259
0.615488
0.617257
0.619127
0.622326
0.628555
0.640358
0.662568
0.702753
0.757048
0.790982
0.799066
0.799956
0.407445
0.41323
0.420768
0.429678
0.439655
0.450466
0.461946
0.473993
0.486565
0.499616
0.512686
0.524403
0.534994
0.544732
0.553809
0.562355
0.570453
0.578155
0.585492
0.592481
0.599133
0.605462
0.611477
0.617177
0.622515
0.627283
0.631132
0.633639
0.634388
0.633293
0.631149
0.630574
0.633988
0.644203
0.666275
0.707853
0.762108
0.792724
0.799294
0.799969
0.422476
0.42778
0.434724
0.443014
0.45242
0.462783
0.474027
0.486209
0.499616
0.514878
0.532836
0.546011
0.557479
0.568021
0.577988
0.587579
0.596913
0.606056
0.615057
0.624013
0.633142
0.6427
0.652616
0.662761
0.672809
0.682068
0.689354
0.692938
0.690694
0.680874
0.664404
0.649674
0.644708
0.651129
0.672691
0.716087
0.769035
0.794696
0.799522
0.79998
0.436246
0.441185
0.447671
0.455478
0.464441
0.474469
0.485593
0.498075
0.512686
0.532836
0.771736
0.778774
0.777124
0.776798
0.777298
0.778309
0.77966
0.781235
0.782952
0.784742
0.786543
0.788291
0.78992
0.791366
0.792559
0.793421
0.793833
0.793554
0.791891
0.786365
0.67051
0.658711
0.65375
0.659533
0.68221
0.728221
0.777316
0.79659
0.799714
0.799989
0.448874
0.453531
0.459657
0.46708
0.475688
0.485457
0.496505
0.509165
0.524403
0.546011
0.778774
0.798805
0.799231
0.799176
0.799174
0.799213
0.799277
0.799355
0.799439
0.799523
0.799603
0.799674
0.799734
0.799783
0.799819
0.799842
0.79985
0.799836
0.799778
0.799612
0.67755
0.666638
0.662609
0.669649
0.695505
0.744121
0.785522
0.798086
0.79985
0.799994
0.460473
0.46491
0.470749
0.477863
0.48619
0.495756
0.506698
0.519423
0.534994
0.557479
0.777124
0.799231
0.799969
0.799982
0.799981
0.799982
0.799983
0.799986
0.799988
0.79999
0.799992
0.799994
0.799995
0.799996
0.799997
0.799997
0.799997
0.799997
0.799996
0.799994
0.685679
0.675177
0.672631
0.682578
0.71348
0.761985
0.792071
0.799059
0.79993
0.799997
0.471159
0.475422
0.481034
0.487907
0.496005
0.505374
0.516201
0.528937
0.544732
0.568021
0.776798
0.799176
0.799982
0.799999
0.8
0.8
0.8
0.8
0.8
0.8
0.8
0.8
0.8
0.8
0.8
0.8
0.8
0.8
0.8
0.8
0.695437
0.68548
0.685278
0.699857
0.736055
0.778224
0.796256
0.799588
0.799971
0.799999
0.481051
0.485182
0.490615
0.49728
0.50517
0.514363
0.525078
0.53781
0.553809
0.577988
0.777298
0.799174
0.799981
0.8
0.8
0.8
0.8
0.8
0.8
0.8
0.8
0.8
0.8
0.8
0.8
0.8
0.8
0.8
0.8
0.8
0.707806
0.698947
0.70224
0.722539
0.760122
0.789624
0.798444
0.799837
0.799989
0.8
0.490262
0.494284
0.49956
0.506042
0.51375
0.522786
0.5334
0.546132
0.562355
0.587579
0.778309
0.799213
0.799982
0.8
0.8
0.8
0.8
0.8
0.8
0.8
0.8
0.8
0.8
0.8
0.8
0.8
0.8
0.8
0.8
0.8
0.723919
0.717027
0.724625
0.748915
0.779864
0.795795
0.799416
0.799941
0.799996
0.8
0.498869
0.502802
0.507943
0.514265
0.521809
0.530705
0.54123
0.553974
0.570453
0.596913
0.77966
0.799277
0.799983
0.8
0.8
0.8
0.8
0.8
0.8
0.8
0.8
0.8
0.8
0.8
0.8
0.8
0.8
0.8
0.8
0.8
0.743889
0.739829
0.75067
0.772925
0.791739
0.79849
0.799798
0.79998
0.799999
0.8
0.506957
0.510816
0.515838
0.522015
0.529409
0.538174
0.548619
0.561386
0.578155
0.606056
0.781235
0.799355
0.799986
0.8
0.8
0.8
0.8
0.8
0.8
0.8
0.8
0.8
0.8
0.8
0.8
0.8
0.8
0.8
0.8
0.8
0.765045
0.763864
0.774223
0.788655
0.797112
0.799502
0.799934
0.799993
0.8
0.8
0.514604
0.518399
0.523312
0.529351
0.536602
0.545242
0.555611
0.568405
0.585492
0.615057
0.782952
0.799439
0.799988
0.8
0.8
0.8
0.8
0.8
0.8
0.8
0.8
0.8
0.8
0.8
0.8
0.8
0.8
0.8
0.8
0.8
0.782363
0.782823
0.789423
0.796079
0.799088
0.799845
0.79998
0.799998
0.8
0.8
0.521879
0.525618
0.530426
0.53633
0.543437
0.551948
0.562235
0.575053
0.59248
0.624013
0.784742
0.799523
0.79999
0.8
0.8
0.8
0.8
0.8
0.8
0.8
0.8
0.8
0.8
0.8
0.8
0.8
0.8
0.8
0.8
0.8
0.792768
0.793463
0.796427
0.798799
0.799729
0.799954
0.799994
0.799999
0.8
0.8
0.528849
0.532534
0.537235
0.542999
0.549951
0.558321
0.568511
0.581342
0.599133
0.633142
0.786543
0.799603
0.799992
0.8
0.8
0.8
0.8
0.8
0.8
0.8
0.8
0.8
0.8
0.8
0.8
0.8
0.8
0.8
0.8
0.8
0.797461
0.797872
0.798926
0.799655
0.799922
0.799987
0.799998
0.8
0.8
0.8
0.535575
0.539206
0.543793
0.549401
0.55618
0.564384
0.574451
0.58727
0.605462
0.6427
0.788291
0.799674
0.799994
0.8
0.8
0.8
0.8
0.8
0.8
0.8
0.8
0.8
0.8
0.8
0.8
0.8
0.8
0.8
0.8
0.8
0.799188
0.799365
0.799696
0.799904
0.799978
0.799996
0.799999
0.8
0.8
0.8
0.542117
0.545687
0.550146
0.555578
0.562153
0.570152
0.580054
0.592823
0.611477
0.652616
0.78992
0.799734
0.799995
0.8
0.8
0.8
0.8
0.8
0.8
0.8
0.8
0.8
0.8
0.8
0.8
0.8
0.8
0.8
0.8
0.8
0.799754
0.799819
0.799917
0.799974
0.799994
0.799999
0.8
0.8
0.8
0.8
0.548535
0.552034
0.556345
0.561568
0.567896
0.575638
0.585309
0.597966
0.617177
0.662761
0.791366
0.799783
0.799996
0.8
0.8
0.8
0.8
0.8
0.8
0.8
0.8
0.8
0.8
0.8
0.8
0.8
0.8
0.8
0.8
0.8
0.799928
0.79995
0.799977
0.799993
0.799998
0.8
0.8
0.8
0.8
0.8
0.554891
0.558305
0.56244
0.567415
0.573439
0.580848
0.590196
0.602653
0.622515
0.672809
0.792559
0.799819
0.799997
0.8
0.8
0.8
0.8
0.8
0.8
0.8
0.8
0.8
0.8
0.8
0.8
0.8
0.8
0.8
0.8
0.8
0.79998
0.799986
0.799994
0.799998
0.8
0.8
0.8
0.8
0.8
0.8
0.561256
0.564564
0.568492
0.573168
0.578819
0.585798
0.594696
0.606813
0.627283
0.682068
0.793421
0.799842
0.799997
0.8
0.8
0.8
0.8
0.8
0.8
0.8
0.8
0.8
0.8
0.8
0.8
0.8
0.8
0.8
0.8
0.8
0.799994
0.799996
0.799998
0.799999
0.8
0.8
0.8
0.8
0.8
0.8
0.567706
0.570886
0.574569
0.578893
0.584088
0.590517
0.598798
0.61037
0.631132
0.689354
0.793833
0.79985
0.799997
0.8
0.8
0.8
0.8
0.8
0.8
0.8
0.8
0.8
0.8
0.8
0.8
0.8
0.8
0.8
0.8
0.8
0.799999
0.799999
0.8
0.8
0.8
0.8
0.8
0.8
0.8
0.8
0.574335
0.57736
0.580762
0.584676
0.589327
0.59507
0.602531
0.613259
0.633639
0.692938
0.793554
0.799836
0.799997
0.8
0.8
0.8
0.8
0.8
0.8
0.8
0.8
0.8
0.8
0.8
0.8
0.8
0.8
0.8
0.8
0.8
0.8
0.8
0.8
0.8
0.8
0.8
0.8
0.8
0.8
0.8
0.58125
0.584096
0.587181
0.590632
0.594655
0.599577
0.605997
0.615488
0.634388
0.690694
0.791891
0.799778
0.799996
0.8
0.8
0.8
0.8
0.8
0.8
0.8
0.8
0.8
0.8
0.8
0.8
0.8
0.8
0.8
0.8
0.8
0.8
0.8
0.8
0.8
0.8
0.8
0.8
0.8
0.8
0.8
0.588584
0.591225
0.593965
0.596913
0.600246
0.604241
0.609429
0.617257
0.633293
0.680874
0.786365
0.799612
0.799994
0.8
0.8
0.8
0.8
0.8
0.8
0.8
0.8
0.8
0.8
0.8
0.8
0.8
0.8
0.8
0.8
0.8
0.8
0.8
0.8
0.8
0.8
0.8
0.8
0.8
0.8
0.8
0.596503
0.598917
0.601292
0.603719
0.606338
0.609371
0.613244
0.619127
0.631148
0.664404
0.67051
0.67755
0.685679
0.695437
0.707806
0.723918
0.743889
0.765045
0.782363
0.792768
0.797461
0.799188
0.799754
0.799928
0.79998
0.799994
0.799999
0.8
0.8
0.8
0.8
0.8
0.8
0.8
0.8
0.8
0.8
0.8
0.8
0.8
0.605282
0.607457
0.609464
0.611383
0.613328
0.615475
0.618166
0.622326
0.630573
0.649674
0.658711
0.666638
0.675177
0.68548
0.698947
0.717027
0.739828
0.763864
0.782823
0.793463
0.797872
0.799365
0.799819
0.79995
0.799986
0.799996
0.799999
0.8
0.8
0.8
0.8
0.8
0.8
0.8
0.8
0.8
0.8
0.8
0.8
0.8
0.615634
0.617605
0.619304
0.620809
0.622227
0.623729
0.625621
0.628555
0.633988
0.644708
0.65375
0.662609
0.672631
0.685278
0.70224
0.724625
0.75067
0.774223
0.789423
0.796427
0.798926
0.799696
0.799917
0.799977
0.799994
0.799998
0.8
0.8
0.8
0.8
0.8
0.8
0.8
0.8
0.8
0.8
0.8
0.8
0.8
0.8
0.629736
0.631675
0.633261
0.634569
0.635703
0.636826
0.63821
0.640358
0.644202
0.651128
0.659533
0.669648
0.682578
0.699857
0.722539
0.748915
0.772924
0.788655
0.796079
0.798799
0.799655
0.799904
0.799974
0.799993
0.799998
0.799999
0.8
0.8
0.8
0.8
0.8
0.8
0.8
0.8
0.8
0.8
0.8
0.8
0.8
0.8
0.651506
0.653696
0.65544
0.656823
0.65797
0.659074
0.66044
0.662568
0.666275
0.672691
0.682209
0.695505
0.713479
0.736055
0.760122
0.779864
0.791738
0.797112
0.799088
0.799729
0.799922
0.799978
0.799994
0.799998
0.8
0.8
0.8
0.8
0.8
0.8
0.8
0.8
0.8
0.8
0.8
0.8
0.8
0.8
0.8
0.8
0.68734
0.690182
0.692469
0.694326
0.695933
0.697563
0.699629
0.702753
0.707853
0.716087
0.72822
0.744121
0.761985
0.778224
0.789624
0.795795
0.79849
0.799502
0.799845
0.799954
0.799987
0.799996
0.799999
0.8
0.8
0.8
0.8
0.8
0.8
0.8
0.8
0.8
0.8
0.8
0.8
0.8
0.8
0.8
0.8
0.8
0.739741
0.742776
0.745233
0.747277
0.749128
0.751087
0.753557
0.757048
0.762108
0.769035
0.777316
0.785522
0.792071
0.796256
0.798444
0.799416
0.799798
0.799934
0.79998
0.799994
0.799998
0.799999
0.8
0.8
0.8
0.8
0.8
0.8
0.8
0.8
0.8
0.8
0.8
0.8
0.8
0.8
0.8
0.8
0.8
0.8
0.78334
0.784725
0.785833
0.786759
0.787609
0.788508
0.789591
0.790982
0.792724
0.794696
0.79659
0.798086
0.799059
0.799588
0.799837
0.799941
0.79998
0.799993
0.799998
0.799999
0.8
0.8
0.8
0.8
0.8
0.8
0.8
0.8
0.8
0.8
0.8
0.8
0.8
0.8
0.8
0.8
0.8
0.8
0.8
0.8
0.797834
0.79806
0.798243
0.798397
0.79854
0.79869
0.798862
0.799066
0.799294
0.799522
0.799714
0.79985
0.79993
0.799971
0.799989
0.799996
0.799999
0.8
0.8
0.8
0.8
0.8
0.8
0.8
0.8
0.8
0.8
0.8
0.8
0.8
0.8
0.8
0.8
0.8
0.8
0.8
0.8
0.8
0.8
0.8
0.799877
0.799892
0.799904
0.799914
0.799923
0.799933
0.799944
0.799956
0.799969
0.79998
0.799989
0.799994
0.799997
0.799999
0.8
0.8
0.8
0.8
0.8
0.8
0.8
0.8
0.8
0.8
0.8
0.8
0.8
0.8
0.8
0.8
0.8
0.8
0.8
0.8
0.8
0.8
0.8
0.8
0.8
0.8
0.209295
0.223565
0.24722
0.274553
0.301501
0.32645
0.349006
0.369233
0.38735
0.403623
0.418318
0.431657
0.443813
0.454932
0.465148
0.474585
0.483357
0.491551
0.49925
0.506529
0.513454
0.520088
0.52649
0.532718
0.538832
0.544894
0.550976
0.557164
0.563565
0.570327
0.577668
0.585968
0.595929
0.60889
0.627373
0.656503
0.703966
0.762253
0.79366
0.799595
0.223554
0.240579
0.263626
0.288654
0.313211
0.336195
0.357246
0.376348
0.393633
0.409297
0.423547
0.436549
0.44844
0.459346
0.469387
0.478682
0.48733
0.495415
0.503014
0.510197
0.517029
0.523567
0.529866
0.535979
0.541963
0.547877
0.553791
0.559788
0.565978
0.572513
0.579624
0.587702
0.597477
0.610321
0.628831
0.658273
0.706318
0.764138
0.794134
0.799632
0.247219
0.263627
0.284154
0.306094
0.327821
0.348491
0.367744
0.385485
0.401758
0.41668
0.430376
0.442947
0.454493
0.465114
0.474918
0.484013
0.49248
0.500399
0.507842
0.514873
0.52155
0.527927
0.534052
0.539972
0.545739
0.551409
0.557048
0.56274
0.568602
0.574794
0.581563
0.589322
0.598827
0.611477
0.629937
0.659602
0.708141
0.765625
0.794513
0.799661
0.274556
0.288654
0.306094
0.324907
0.343858
0.362239
0.379685
0.396042
0.411282
0.425441
0.438553
0.45066
0.461825
0.472128
0.481666
0.490522
0.498772
0.506489
0.513738
0.520578
0.527059
0.533228
0.539125
0.544792
0.550271
0.555612
0.560879
0.566155
0.571564
0.577284
0.583583
0.590907
0.600046
0.612418
0.630755
0.660577
0.709574
0.766847
0.794833
0.799687
0.301503
0.31321
0.327819
0.343857
0.360342
0.376663
0.392464
0.407559
0.421863
0.435321
0.447888
0.459554
0.470348
0.480338
0.489601
0.498206
0.506225
0.513726
0.520766
0.527397
0.533663
0.5396
0.545241
0.550616
0.555758
0.560705
0.565511
0.570259
0.575079
0.580169
0.585839
0.592582
0.601234
0.613234
0.631382
0.661332
0.710813
0.767973
0.795135
0.799712
0.32645
0.336194
0.348489
0.362238
0.376663
0.391245
0.405659
0.419708
0.433245
0.446136
0.458269
0.469573
0.480056
0.489772
0.498778
0.507147
0.514947
0.522241
0.529082
0.535514
0.541573
0.547286
0.552674
0.557754
0.562541
0.567054
0.57133
0.575438
0.579509
0.583768
0.588586
0.594547
0.602549
0.614062
0.631963
0.662058
0.712133
0.76922
0.79547
0.799739
0.349006
0.357245
0.367742
0.379685
0.392464
0.405658
0.41899
0.432249
0.445245
0.457791
0.469692
0.480791
0.491074
0.500578
0.509378
0.517554
0.525178
0.532309
0.538997
0.54528
0.551185
0.556729
0.561922
0.566759
0.571231
0.575327
0.579043
0.582414
0.585547
0.588689
0.592304
0.59716
0.604259
0.61512
0.632718
0.663035
0.713918
0.770858
0.795887
0.799772
0.369232
0.376346
0.385484
0.396041
0.407558
0.419708
0.432249
0.444987
0.457744
0.470306
0.482361
0.493523
0.503755
0.513156
0.521843
0.529916
0.537458
0.54453
0.551179
0.557439
0.563331
0.568863
0.574027
0.578797
0.583127
0.58695
0.590184
0.592768
0.594721
0.596269
0.598012
0.601135
0.606846
0.616772
0.633982
0.664667
0.716691
0.773187
0.796429
0.799811
0.387349
0.393632
0.401757
0.411282
0.421863
0.433245
0.445245
0.457744
0.470665
0.483905
0.497024
0.508667
0.519082
0.528562
0.537316
0.545485
0.553169
0.560438
0.567341
0.573913
0.580173
0.586123
0.591739
0.596965
0.601693
0.605754
0.608898
0.610826
0.611263
0.610213
0.608413
0.608145
0.611298
0.61965
0.636268
0.667528
0.72114
0.776475
0.797102
0.799855
0.403623
0.409297
0.41668
0.425441
0.43532
0.446136
0.457791
0.470306
0.483905
0.499199
0.51695
0.529792
0.540823
0.55083
0.56017
0.56905
0.577607
0.585939
0.594125
0.602226
0.610288
0.618332
0.62635
0.634233
0.641757
0.648529
0.653863
0.656648
0.65529
0.648169
0.63551
0.623928
0.620056
0.624895
0.640324
0.672406
0.728081
0.780798
0.797857
0.7999
0.418318
0.423547
0.430375
0.438552
0.447887
0.458268
0.469692
0.48236
0.497024
0.51695
0.768195
0.77535
0.773008
0.772162
0.772255
0.772936
0.774014
0.775368
0.776909
0.778567
0.780278
0.781982
0.783616
0.785109
0.786374
0.787289
0.787647
0.787018
0.784241
0.775258
0.641285
0.631519
0.627341
0.631024
0.646156
0.679998
0.738126
0.785817
0.798587
0.799939
0.431657
0.436548
0.442947
0.45066
0.459553
0.469573
0.480791
0.493523
0.508667
0.529792
0.77535
0.798434
0.798959
0.798854
0.798817
0.798834
0.798889
0.798968
0.799061
0.79916
0.799259
0.799352
0.799437
0.799508
0.799564
0.799601
0.799609
0.799573
0.799441
0.799079
0.647615
0.638027
0.634137
0.637849
0.653895
0.691069
0.751205
0.790752
0.799179
0.799967
0.443813
0.448439
0.454492
0.461825
0.470347
0.480055
0.491074
0.503755
0.519082
0.540823
0.773008
0.798959
0.799954
0.799972
0.79997
0.79997
0.799971
0.799973
0.799976
0.799979
0.799982
0.799985
0.799987
0.799989
0.79999
0.799991
0.799992
0.799991
0.799988
0.799983
0.654432
0.644595
0.641155
0.645719
0.664128
0.706593
0.765987
0.794762
0.799581
0.799984
0.454932
0.459346
0.465114
0.472127
0.480337
0.489772
0.500578
0.513156
0.528562
0.55083
0.772162
0.798854
0.799972
0.799999
0.799999
0.799999
0.799999
0.799999
0.8
0.8
0.8
0.8
0.8
0.8
0.8
0.8
0.8
0.8
0.8
0.8
0.661855
0.651714
0.649003
0.655373
0.67806
0.727194
0.779788
0.797427
0.79981
0.799993
0.465147
0.469387
0.474918
0.481665
0.489601
0.498778
0.509378
0.521843
0.537316
0.56017
0.772255
0.798817
0.79997
0.799999
0.8
0.8
0.8
0.8
0.8
0.8
0.8
0.8
0.8
0.8
0.8
0.8
0.8
0.8
0.8
0.8
0.670216
0.65995
0.658536
0.668099
0.69747
0.751302
0.789955
0.798891
0.799923
0.799997
0.474585
0.478682
0.484013
0.490522
0.498206
0.507146
0.517554
0.529916
0.545485
0.56905
0.772936
0.798834
0.79997
0.799999
0.8
0.8
0.8
0.8
0.8
0.8
0.8
0.8
0.8
0.8
0.8
0.8
0.8
0.8
0.8
0.8
0.680278
0.670296
0.671164
0.685901
0.723607
0.773626
0.795775
0.799572
0.799971
0.799999
0.483357
0.48733
0.49248
0.498771
0.506225
0.514947
0.525178
0.537458
0.553169
0.577607
0.774014
0.798889
0.799971
0.799999
0.8
0.8
0.8
0.8
0.8
0.8
0.8
0.8
0.8
0.8
0.8
0.8
0.8
0.8
0.8
0.8
0.693463
0.684452
0.689055
0.710991
0.753606
0.788624
0.798442
0.799849
0.79999
0.8
0.491551
0.495415
0.500399
0.506488
0.513725
0.522241
0.532309
0.54453
0.560438
0.585939
0.775368
0.798968
0.799973
0.799999
0.8
0.8
0.8
0.8
0.8
0.8
0.8
0.8
0.8
0.8
0.8
0.8
0.8
0.8
0.8
0.8
0.71177
0.704744
0.714486
0.742616
0.778529
0.795912
0.799477
0.79995
0.799997
0.8
0.49925
0.503014
0.507841
0.513738
0.520766
0.529082
0.538997
0.551179
0.567341
0.594125
0.776909
0.799061
0.799976
0.8
0.8
0.8
0.8
0.8
0.8
0.8
0.8
0.8
0.8
0.8
0.8
0.8
0.8
0.8
0.8
0.8
0.736245
0.73236
0.746234
0.772147
0.79225
0.798691
0.799835
0.799984
0.799999
0.8
0.506528
0.510197
0.514873
0.520578
0.527397
0.535514
0.54528
0.557439
0.573913
0.602226
0.778567
0.79916
0.799979
0.8
0.8
0.8
0.8
0.8
0.8
0.8
0.8
0.8
0.8
0.8
0.8
0.8
0.8
0.8
0.8
0.8
0.763106
0.762481
0.77482
0.789842
0.797601
0.799607
0.79995
0.799995
0.8
0.8
0.513454
0.517029
0.52155
0.527059
0.533663
0.541573
0.551185
0.563331
0.580173
0.610288
0.780278
0.799259
0.799982
0.8
0.8
0.8
0.8
0.8
0.8
0.8
0.8
0.8
0.8
0.8
0.8
0.8
0.8
0.8
0.8
0.8
0.783683
0.784506
0.791099
0.796912
0.799311
0.799887
0.799985
0.799999
0.8
0.8
0.520088
0.523567
0.527927
0.533228
0.5396
0.547286
0.556729
0.568863
0.586123
0.618332
0.781982
0.799352
0.799985
0.8
0.8
0.8
0.8
0.8
0.8
0.8
0.8
0.8
0.8
0.8
0.8
0.8
0.8
0.8
0.8
0.8
0.794196
0.794894
0.797344
0.799136
0.799809
0.799968
0.799996
0.8
0.8
0.8
0.52649
0.529866
0.534052
0.539125
0.545241
0.552674
0.561921
0.574027
0.591739
0.62635
0.783616
0.799437
0.799987
0.8
0.8
0.8
0.8
0.8
0.8
0.8
0.8
0.8
0.8
0.8
0.8
0.8
0.8
0.8
0.8
0.8
0.798175
0.798503
0.799265
0.799767
0.799948
0.799991
0.799999
0.8
0.8
0.8
0.532718
0.535979
0.539972
0.544792
0.550616
0.557754
0.566759
0.578797
0.596965
0.634233
0.785109
0.799508
0.799989
0.8
0.8
0.8
0.8
0.8
0.8
0.8
0.8
0.8
0.8
0.8
0.8
0.8
0.8
0.8
0.8
0.8
0.799461
0.799584
0.799803
0.799938
0.799986
0.799997
0.8
0.8
0.8
0.8
0.538832
0.541963
0.545739
0.550271
0.555758
0.562541
0.571231
0.583127
0.601693
0.641757
0.786374
0.799564
0.79999
0.8
0.8
0.8
0.8
0.8
0.8
0.8
0.8
0.8
0.8
0.8
0.8
0.8
0.8
0.8
0.8
0.8
0.799847
0.799888
0.799948
0.799984
0.799996
0.799999
0.8
0.8
0.8
0.8
0.544893
0.547877
0.551409
0.555612
0.560705
0.567054
0.575327
0.58695
0.605753
0.648529
0.787289
0.799601
0.799991
0.8
0.8
0.8
0.8
0.8
0.8
0.8
0.8
0.8
0.8
0.8
0.8
0.8
0.8
0.8
0.8
0.8
0.799958
0.799971
0.799987
0.799996
0.799999
0.8
0.8
0.8
0.8
0.8
0.550976
0.553791
0.557047
0.560879
0.565511
0.57133
0.579043
0.590184
0.608898
0.653863
0.787647
0.799609
0.799992
0.8
0.8
0.8
0.8
0.8
0.8
0.8
0.8
0.8
0.8
0.8
0.8
0.8
0.8
0.8
0.8
0.8
0.799989
0.799993
0.799997
0.799999
0.8
0.8
0.8
0.8
0.8
0.8
0.557164
0.559788
0.56274
0.566155
0.570259
0.575438
0.582414
0.592768
0.610826
0.656648
0.787018
0.799573
0.799991
0.8
0.8
0.8
0.8
0.8
0.8
0.8
0.8
0.8
0.8
0.8
0.8
0.8
0.8
0.8
0.8
0.8
0.799997
0.799998
0.799999
0.8
0.8
0.8
0.8
0.8
0.8
0.8
0.563565
0.565978
0.568602
0.571564
0.575078
0.579508
0.585547
0.594721
0.611263
0.65529
0.784241
0.799441
0.799988
0.8
0.8
0.8
0.8
0.8
0.8
0.8
0.8
0.8
0.8
0.8
0.8
0.8
0.8
0.8
0.8
0.8
0.799999
0.8
0.8
0.8
0.8
0.8
0.8
0.8
0.8
0.8
0.570326
0.572513
0.574794
0.577283
0.580169
0.583768
0.588689
0.596269
0.610213
0.648168
0.775258
0.799079
0.799983
0.8
0.8
0.8
0.8
0.8
0.8
0.8
0.8
0.8
0.8
0.8
0.8
0.8
0.8
0.8
0.8
0.8
0.8
0.8
0.8
0.8
0.8
0.8
0.8
0.8
0.8
0.8
0.577668
0.579624
0.581563
0.583583
0.585839
0.588586
0.592304
0.598012
0.608413
0.63551
0.641285
0.647615
0.654432
0.661855
0.670216
0.680278
0.693463
0.711769
0.736245
0.763106
0.783683
0.794196
0.798175
0.799461
0.799847
0.799958
0.799989
0.799997
0.799999
0.8
0.8
0.8
0.8
0.8
0.8
0.8
0.8
0.8
0.8
0.8
0.585968
0.587702
0.589322
0.590907
0.592582
0.594546
0.59716
0.601135
0.608145
0.623928
0.631519
0.638027
0.644595
0.651714
0.65995
0.670296
0.684452
0.704744
0.73236
0.76248
0.784506
0.794894
0.798503
0.799584
0.799888
0.799971
0.799993
0.799998
0.8
0.8
0.8
0.8
0.8
0.8
0.8
0.8
0.8
0.8
0.8
0.8
0.595929
0.597477
0.598827
0.600046
0.601234
0.602549
0.604259
0.606846
0.611298
0.620056
0.627341
0.634137
0.641155
0.649003
0.658536
0.671164
0.689055
0.714486
0.746234
0.774819
0.791099
0.797344
0.799265
0.799803
0.799948
0.799987
0.799997
0.799999
0.8
0.8
0.8
0.8
0.8
0.8
0.8
0.8
0.8
0.8
0.8
0.8
0.608889
0.610321
0.611477
0.612418
0.613234
0.614062
0.61512
0.616772
0.61965
0.624895
0.631024
0.637849
0.645719
0.655373
0.668099
0.685901
0.710991
0.742616
0.772146
0.789842
0.796912
0.799136
0.799767
0.799938
0.799984
0.799996
0.799999
0.8
0.8
0.8
0.8
0.8
0.8
0.8
0.8
0.8
0.8
0.8
0.8
0.8
0.627373
0.628831
0.629937
0.630755
0.631382
0.631963
0.632718
0.633982
0.636268
0.640323
0.646156
0.653895
0.664128
0.67806
0.69747
0.723607
0.753606
0.778529
0.79225
0.797601
0.799311
0.799809
0.799948
0.799986
0.799996
0.799999
0.8
0.8
0.8
0.8
0.8
0.8
0.8
0.8
0.8
0.8
0.8
0.8
0.8
0.8
0.656503
0.658273
0.659601
0.660577
0.661332
0.662058
0.663035
0.664667
0.667528
0.672406
0.679998
0.691069
0.706593
0.727194
0.751302
0.773626
0.788624
0.795912
0.798691
0.799607
0.799887
0.799968
0.799991
0.799997
0.799999
0.8
0.8
0.8
0.8
0.8
0.8
0.8
0.8
0.8
0.8
0.8
0.8
0.8
0.8
0.8
0.703966
0.706318
0.708141
0.709574
0.710813
0.712133
0.713918
0.716691
0.72114
0.728081
0.738126
0.751205
0.765987
0.779788
0.789954
0.795775
0.798442
0.799477
0.799835
0.79995
0.799985
0.799996
0.799999
0.8
0.8
0.8
0.8
0.8
0.8
0.8
0.8
0.8
0.8
0.8
0.8
0.8
0.8
0.8
0.8
0.8
0.762253
0.764137
0.765625
0.766847
0.767973
0.76922
0.770858
0.773187
0.776474
0.780798
0.785817
0.790752
0.794762
0.797427
0.798891
0.799572
0.799849
0.79995
0.799984
0.799995
0.799999
0.8
0.8
0.8
0.8
0.8
0.8
0.8
0.8
0.8
0.8
0.8
0.8
0.8
0.8
0.8
0.8
0.8
0.8
0.8
0.79366
0.794134
0.794513
0.794833
0.795135
0.79547
0.795887
0.796429
0.797102
0.797857
0.798587
0.799179
0.799581
0.79981
0.799923
0.799971
0.79999
0.799997
0.799999
0.8
0.8
0.8
0.8
0.8
0.8
0.8
0.8
0.8
0.8
0.8
0.8
0.8
0.8
0.8
0.8
0.8
0.8
0.8
0.8
0.8
0.799595
0.799632
0.799661
0.799687
0.799712
0.799739
0.799772
0.799811
0.799855
0.7999
0.799939
0.799967
0.799984
0.799993
0.799997
0.799999
0.8
0.8
0.8
0.8
0.8
0.8
0.8
0.8
0.8
0.8
0.8
0.8
0.8
0.8
0.8
0.8
0.8
0.8
0.8
0.8
0.8
0.8
0.8
0.8
0.200201
0.203845
0.220517
0.248149
0.27798
0.305905
0.330932
0.353093
0.372694
0.39009
0.405622
0.419595
0.432252
0.443779
0.454331
0.464043
0.473036
0.481414
0.489265
0.496668
0.503694
0.510407
0.516869
0.523138
0.529277
0.53535
0.541432
0.547609
0.553995
0.560741
0.568064
0.576311
0.586065
0.598391
0.615355
0.641167
0.683482
0.744088
0.78833
0.799161
0.203833
0.21466
0.236481
0.263622
0.291081
0.316734
0.339979
0.360809
0.37943
0.396106
0.411112
0.424696
0.437051
0.448336
0.458688
0.468232
0.47708
0.485327
0.493058
0.500347
0.507259
0.513857
0.520197
0.526334
0.532327
0.538236
0.544134
0.550108
0.556273
0.562785
0.569873
0.577891
0.587445
0.599621
0.616536
0.642503
0.685282
0.745974
0.789002
0.799222
0.22051
0.236483
0.258656
0.283132
0.307421
0.33034
0.351447
0.370668
0.388093
0.403886
0.418244
0.431336
0.443301
0.454266
0.464347
0.473657
0.482298
0.490355
0.497907
0.505021
0.511758
0.518174
0.524321
0.530248
0.536009
0.541661
0.547274
0.552936
0.558767
0.564934
0.571678
0.579375
0.588646
0.600604
0.617406
0.643456
0.686612
0.747422
0.78953
0.799272
0.248152
0.263627
0.283134
0.30418
0.325224
0.34543
0.364397
0.381979
0.398176
0.413064
0.426746
0.439312
0.450849
0.461453
0.471224
0.480263
0.488656
0.496484
0.503816
0.510715
0.517234
0.523422
0.529324
0.534982
0.540442
0.545755
0.550989
0.55623
0.561608
0.567302
0.573578
0.580838
0.589732
0.601394
0.618021
0.6441
0.68759
0.748575
0.78997
0.799315
0.277986
0.291085
0.307423
0.325225
0.343353
0.361118
0.378136
0.394218
0.409293
0.423358
0.436415
0.448479
0.459596
0.469837
0.479291
0.488044
0.496175
0.503757
0.510854
0.51752
0.523802
0.529739
0.535368
0.540721
0.545832
0.550743
0.55551
0.560221
0.565007
0.570073
0.575721
0.582399
0.590796
0.602072
0.618465
0.644547
0.688384
0.749624
0.790388
0.799357
0.30591
0.316737
0.330341
0.345431
0.361118
0.376824
0.392192
0.407014
0.421174
0.434576
0.447128
0.458774
0.469525
0.479438
0.488596
0.497076
0.504956
0.512303
0.519175
0.525619
0.531674
0.537371
0.542732
0.547778
0.552524
0.556993
0.561224
0.56529
0.569326
0.57356
0.578354
0.584245
0.591983
0.602763
0.618867
0.644957
0.689226
0.750817
0.79087
0.799406
0.330935
0.339981
0.351448
0.364397
0.378137
0.392192
0.406254
0.420123
0.433635
0.446615
0.458874
0.470257
0.480744
0.490401
0.499312
0.507565
0.515237
0.522394
0.52909
0.535364
0.541249
0.546763
0.551916
0.556706
0.561125
0.565163
0.568821
0.572136
0.575223
0.578333
0.581921
0.586704
0.593536
0.603665
0.619418
0.64556
0.690436
0.752473
0.791506
0.799466
0.353095
0.36081
0.370668
0.38198
0.394218
0.407014
0.420123
0.43336
0.446554
0.459491
0.471848
0.483223
0.493608
0.503115
0.511871
0.519983
0.527541
0.53461
0.541242
0.547473
0.553323
0.558802
0.563899
0.56859
0.572828
0.576549
0.579682
0.582176
0.584066
0.585587
0.587327
0.590403
0.595886
0.6051
0.620405
0.646675
0.692444
0.754976
0.792381
0.799544
0.372695
0.379431
0.388093
0.398176
0.409293
0.421174
0.433635
0.446554
0.459854
0.473419
0.486773
0.49857
0.509079
0.518606
0.52737
0.535521
0.543163
0.550371
0.557197
0.563675
0.569819
0.575626
0.581066
0.586081
0.59057
0.594382
0.597303
0.599072
0.59946
0.598503
0.596909
0.596805
0.599893
0.607612
0.622252
0.648743
0.695816
0.758732
0.793538
0.799636
0.390091
0.396107
0.403887
0.413064
0.423358
0.434576
0.446615
0.459491
0.473419
0.488979
0.506918
0.519811
0.530813
0.540726
0.549915
0.558591
0.566892
0.574917
0.582737
0.590404
0.597946
0.605366
0.612621
0.619622
0.626188
0.631994
0.636495
0.638809
0.637646
0.631604
0.620737
0.610783
0.607658
0.612185
0.625567
0.652334
0.70126
0.764057
0.794932
0.799735
0.405622
0.411112
0.418244
0.426746
0.436415
0.447128
0.458874
0.471848
0.486773
0.506918
0.765976
0.773219
0.770456
0.769283
0.769114
0.769572
0.770454
0.771634
0.773019
0.774539
0.776128
0.777726
0.779269
0.780683
0.781871
0.782691
0.782893
0.78194
0.778361
0.766957
0.626321
0.617633
0.614144
0.617501
0.630275
0.657877
0.709503
0.770918
0.796404
0.799827
0.419596
0.424696
0.431336
0.439312
0.448479
0.458774
0.470257
0.483223
0.49857
0.519811
0.773219
0.798173
0.798764
0.798621
0.798553
0.79855
0.798593
0.798666
0.798758
0.79886
0.798966
0.799069
0.799164
0.799246
0.79931
0.79935
0.799352
0.799289
0.799085
0.798532
0.632323
0.623509
0.62016
0.623309
0.636322
0.665793
0.721153
0.778697
0.797731
0.7999
0.432253
0.437051
0.443302
0.450849
0.459596
0.469525
0.480744
0.493608
0.509079
0.530813
0.770456
0.798764
0.799941
0.799963
0.79996
0.799959
0.79996
0.799962
0.799965
0.799969
0.799972
0.799975
0.799978
0.799981
0.799983
0.799984
0.799984
0.799983
0.799979
0.799969
0.638627
0.629362
0.62625
0.629762
0.643926
0.676769
0.736417
0.786233
0.798738
0.799949
0.443779
0.448336
0.454266
0.461453
0.469837
0.479438
0.490401
0.503115
0.518606
0.540726
0.769283
0.798621
0.799963
0.799999
0.799999
0.799999
0.799999
0.799999
0.799999
0.799999
0.799999
0.799999
0.8
0.8
0.8
0.8
0.8
0.8
0.8
0.8
0.645304
0.635538
0.632793
0.637226
0.653689
0.691919
0.754336
0.792301
0.799382
0.799977
0.454331
0.458688
0.464347
0.471224
0.479291
0.488596
0.499312
0.511871
0.52737
0.549915
0.769114
0.798553
0.79996
0.799999
0.8
0.8
0.8
0.8
0.8
0.8
0.8
0.8
0.8
0.8
0.8
0.8
0.8
0.8
0.8
0.8
0.652502
0.642334
0.64024
0.646367
0.666755
0.712497
0.772052
0.796292
0.799731
0.79999
0.464043
0.468232
0.473657
0.480263
0.488044
0.497076
0.507564
0.519983
0.535521
0.558591
0.769572
0.79855
0.799959
0.799999
0.8
0.8
0.8
0.8
0.8
0.8
0.8
0.8
0.8
0.8
0.8
0.8
0.8
0.8
0.8
0.8
0.660577
0.650246
0.649334
0.658343
0.684948
0.7383
0.785869
0.798443
0.799895
0.799996
0.473036
0.477079
0.482298
0.488656
0.496175
0.504956
0.515237
0.527541
0.543163
0.566892
0.770454
0.798593
0.79996
0.799999
0.8
0.8
0.8
0.8
0.8
0.8
0.8
0.8
0.8
0.8
0.8
0.8
0.8
0.8
0.8
0.8
0.67028
0.6602
0.661363
0.675053
0.710309
0.764773
0.79408
0.799417
0.799962
0.799999
0.481414
0.485327
0.490355
0.496484
0.503757
0.512303
0.522394
0.53461
0.550371
0.574917
0.771634
0.798666
0.799962
0.799999
0.8
0.8
0.8
0.8
0.8
0.8
0.8
0.8
0.8
0.8
0.8
0.8
0.8
0.8
0.8
0.8
0.683019
0.673824
0.678422
0.699068
0.742072
0.784365
0.797864
0.7998
0.799987
0.8
0.489265
0.493058
0.497907
0.503816
0.510854
0.519175
0.529089
0.541242
0.557197
0.582737
0.773019
0.798758
0.799965
0.799999
0.8
0.8
0.8
0.8
0.8
0.8
0.8
0.8
0.8
0.8
0.8
0.8
0.8
0.8
0.8
0.8
0.70098
0.693595
0.703244
0.731399
0.771768
0.794408
0.799304
0.799936
0.799996
0.8
0.496668
0.500347
0.50502
0.510715
0.51752
0.525619
0.535364
0.547472
0.563675
0.590404
0.774539
0.79886
0.799969
0.799999
0.8
0.8
0.8
0.8
0.8
0.8
0.8
0.8
0.8
0.8
0.8
0.8
0.8
0.8
0.8
0.8
0.726104
0.721715
0.736333
0.764954
0.789655
0.798251
0.799787
0.79998
0.799999
0.8
0.503694
0.507259
0.511758
0.517234
0.523801
0.531674
0.541249
0.553323
0.569819
0.597946
0.776128
0.798966
0.799972
0.799999
0.8
0.8
0.8
0.8
0.8
0.8
0.8
0.8
0.8
0.8
0.8
0.8
0.8
0.8
0.8
0.8
0.755822
0.754893
0.769017
0.786952
0.796839
0.799489
0.799937
0.799994
0.8
0.8
0.510407
0.513857
0.518174
0.523422
0.529739
0.53737
0.546763
0.558802
0.575625
0.605366
0.777726
0.799069
0.799975
0.799999
0.8
0.8
0.8
0.8
0.8
0.8
0.8
0.8
0.8
0.8
0.8
0.8
0.8
0.8
0.8
0.8
0.780213
0.781046
0.788934
0.796059
0.799109
0.799855
0.799982
0.799998
0.8
0.8
0.516868
0.520197
0.524321
0.529324
0.535368
0.542732
0.551916
0.563899
0.581066
0.612621
0.779269
0.799164
0.799978
0.8
0.8
0.8
0.8
0.8
0.8
0.8
0.8
0.8
0.8
0.8
0.8
0.8
0.8
0.8
0.8
0.8
0.793039
0.793799
0.796729
0.798913
0.799757
0.79996
0.799995
0.8
0.8
0.8
0.523138
0.526334
0.530248
0.534982
0.540721
0.547778
0.556706
0.56859
0.586081
0.619622
0.780683
0.799246
0.799981
0.8
0.8
0.8
0.8
0.8
0.8
0.8
0.8
0.8
0.8
0.8
0.8
0.8
0.8
0.8
0.8
0.8
0.797861
0.798216
0.799109
0.79971
0.799934
0.799989
0.799999
0.8
0.8
0.8
0.529277
0.532327
0.536009
0.540442
0.545832
0.552524
0.561125
0.572828
0.59057
0.626188
0.781871
0.79931
0.799983
0.8
0.8
0.8
0.8
0.8
0.8
0.8
0.8
0.8
0.8
0.8
0.8
0.8
0.8
0.8
0.8
0.8
0.799386
0.799516
0.799766
0.799924
0.799982
0.799997
0.8
0.8
0.8
0.8
0.53535
0.538236
0.541661
0.545755
0.550743
0.556993
0.565163
0.576549
0.594382
0.631994
0.782691
0.79935
0.799984
0.8
0.8
0.8
0.8
0.8
0.8
0.8
0.8
0.8
0.8
0.8
0.8
0.8
0.8
0.8
0.8
0.8
0.799832
0.799874
0.79994
0.79998
0.799995
0.799999
0.8
0.8
0.8
0.8
0.541432
0.544134
0.547273
0.550988
0.55551
0.561224
0.568821
0.579682
0.597303
0.636495
0.782892
0.799352
0.799984
0.8
0.8
0.8
0.8
0.8
0.8
0.8
0.8
0.8
0.8
0.8
0.8
0.8
0.8
0.8
0.8
0.8
0.799956
0.799968
0.799985
0.799995
0.799999
0.8
0.8
0.8
0.8
0.8
0.547609
0.550108
0.552936
0.55623
0.560221
0.56529
0.572136
0.582176
0.599072
0.638809
0.78194
0.799289
0.799983
0.8
0.8
0.8
0.8
0.8
0.8
0.8
0.8
0.8
0.8
0.8
0.8
0.8
0.8
0.8
0.8
0.8
0.799989
0.799992
0.799996
0.799999
0.8
0.8
0.8
0.8
0.8
0.8
0.553995
0.556273
0.558767
0.561607
0.565007
0.569326
0.575223
0.584066
0.59946
0.637646
0.778361
0.799085
0.799979
0.8
0.8
0.8
0.8
0.8
0.8
0.8
0.8
0.8
0.8
0.8
0.8
0.8
0.8
0.8
0.8
0.8
0.799998
0.799998
0.799999
0.8
0.8
0.8
0.8
0.8
0.8
0.8
0.56074
0.562785
0.564934
0.567301
0.570073
0.57356
0.578333
0.585587
0.598503
0.631604
0.766957
0.798532
0.799969
0.8
0.8
0.8
0.8
0.8
0.8
0.8
0.8
0.8
0.8
0.8
0.8
0.8
0.8
0.8
0.8
0.8
0.8
0.8
0.8
0.8
0.8
0.8
0.8
0.8
0.8
0.8
0.568064
0.569873
0.571678
0.573578
0.57572
0.578354
0.581921
0.587327
0.596909
0.620737
0.626321
0.632323
0.638627
0.645304
0.652502
0.660577
0.67028
0.683019
0.700979
0.726104
0.755822
0.780213
0.793039
0.797861
0.799386
0.799832
0.799956
0.799989
0.799998
0.8
0.8
0.8
0.8
0.8
0.8
0.8
0.8
0.8
0.8
0.8
0.576311
0.577891
0.579375
0.580838
0.582399
0.584245
0.586704
0.590403
0.596804
0.610783
0.617633
0.623508
0.629362
0.635537
0.642334
0.650246
0.6602
0.673824
0.693595
0.721714
0.754893
0.781046
0.793799
0.798216
0.799516
0.799874
0.799968
0.799992
0.799998
0.8
0.8
0.8
0.8
0.8
0.8
0.8
0.8
0.8
0.8
0.8
0.586065
0.587445
0.588646
0.589732
0.590796
0.591983
0.593536
0.595885
0.599893
0.607658
0.614144
0.62016
0.62625
0.632793
0.64024
0.649334
0.661363
0.678422
0.703244
0.736333
0.769017
0.788934
0.796729
0.799109
0.799766
0.79994
0.799985
0.799996
0.799999
0.8
0.8
0.8
0.8
0.8
0.8
0.8
0.8
0.8
0.8
0.8
0.598391
0.599621
0.600604
0.601394
0.602072
0.602763
0.603665
0.605099
0.607612
0.612185
0.617501
0.623309
0.629762
0.637226
0.646367
0.658343
0.675053
0.699068
0.731399
0.764953
0.786952
0.796059
0.798913
0.79971
0.799924
0.79998
0.799995
0.799999
0.8
0.8
0.8
0.8
0.8
0.8
0.8
0.8
0.8
0.8
0.8
0.8
0.615355
0.616536
0.617406
0.61802
0.618465
0.618867
0.619418
0.620405
0.622252
0.625567
0.630275
0.636322
0.643926
0.653689
0.666755
0.684948
0.710309
0.742072
0.771768
0.789655
0.796839
0.799109
0.799757
0.799934
0.799982
0.799995
0.799999
0.8
0.8
0.8
0.8
0.8
0.8
0.8
0.8
0.8
0.8
0.8
0.8
0.8
0.641167
0.642503
0.643455
0.6441
0.644547
0.644957
0.64556
0.646675
0.648743
0.652334
0.657877
0.665793
0.676769
0.691919
0.712497
0.738299
0.764773
0.784365
0.794408
0.798251
0.799489
0.799855
0.79996
0.799989
0.799997
0.799999
0.8
0.8
0.8
0.8
0.8
0.8
0.8
0.8
0.8
0.8
0.8
0.8
0.8
0.8
0.683482
0.685282
0.686612
0.68759
0.688384
0.689226
0.690436
0.692444
0.695815
0.70126
0.709503
0.721153
0.736417
0.754336
0.772052
0.785869
0.79408
0.797864
0.799304
0.799787
0.799937
0.799982
0.799995
0.799999
0.8
0.8
0.8
0.8
0.8
0.8
0.8
0.8
0.8
0.8
0.8
0.8
0.8
0.8
0.8
0.8
0.744088
0.745974
0.747422
0.748575
0.749624
0.750817
0.752473
0.754976
0.758732
0.764057
0.770918
0.778697
0.786233
0.792301
0.796292
0.798443
0.799417
0.7998
0.799936
0.79998
0.799994
0.799998
0.8
0.8
0.8
0.8
0.8
0.8
0.8
0.8
0.8
0.8
0.8
0.8
0.8
0.8
0.8
0.8
0.8
0.8
0.78833
0.789002
0.78953
0.78997
0.790388
0.79087
0.791506
0.792381
0.793538
0.794932
0.796404
0.797731
0.798738
0.799382
0.799731
0.799895
0.799962
0.799987
0.799996
0.799999
0.8
0.8
0.8
0.8
0.8
0.8
0.8
0.8
0.8
0.8
0.8
0.8
0.8
0.8
0.8
0.8
0.8
0.8
0.8
0.8
0.799161
0.799222
0.799272
0.799315
0.799357
0.799406
0.799466
0.799544
0.799636
0.799735
0.799827
0.7999
0.799949
0.799977
0.79999
0.799996
0.799999
0.8
0.8
0.8
0.8
0.8
0.8
0.8
0.8
0.8
0.8
0.8
0.8
0.8
0.8
0.8
0.8
0.8
0.8
0.8
0.8
0.8
0.8
0.8
0.2
0.200171
0.207012
0.230331
0.261197
0.291211
0.318089
0.341697
0.362402
0.380637
0.396799
0.411241
0.42426
0.436079
0.446873
0.45679
0.465955
0.474478
0.482454
0.489963
0.49708
0.503872
0.510401
0.516728
0.522915
0.529028
0.535141
0.541343
0.547746
0.554496
0.561802
0.56998
0.579552
0.591451
0.607486
0.631344
0.670204
0.730035
0.782923
0.798651
0.200169
0.203392
0.219072
0.245848
0.275168
0.302833
0.327747
0.349879
0.369498
0.386933
0.402506
0.416514
0.429202
0.440756
0.451333
0.461064
0.470068
0.478446
0.486287
0.493668
0.500659
0.507323
0.513718
0.5199
0.525929
0.531868
0.537788
0.543778
0.549952
0.556462
0.563525
0.571468
0.580829
0.592562
0.608514
0.632448
0.671662
0.731779
0.78372
0.798736
0.206993
0.219066
0.240609
0.266572
0.292788
0.317442
0.339962
0.360295
0.378582
0.395032
0.409879
0.423345
0.435609
0.446817
0.457101
0.466578
0.475355
0.483526
0.491172
0.498364
0.505166
0.511635
0.517824
0.523784
0.529571
0.535242
0.540868
0.546539
0.552372
0.558531
0.565247
0.572864
0.581937
0.593441
0.609254
0.633205
0.672695
0.733082
0.784337
0.798804
0.230313
0.245843
0.266571
0.289287
0.311957
0.333565
0.353683
0.372186
0.389101
0.404534
0.41863
0.431521
0.443321
0.454141
0.464089
0.47327
0.48178
0.489704
0.497114
0.504075
0.510644
0.51687
0.522801
0.528481
0.533956
0.53928
0.544517
0.54976
0.555133
0.560816
0.567061
0.574241
0.582934
0.594137
0.609758
0.633682
0.673409
0.73409
0.784844
0.798862
0.261186
0.275164
0.292787
0.311957
0.331352
0.350217
0.368153
0.384978
0.400633
0.415141
0.428546
0.440891
0.452237
0.462664
0.472266
0.481138
0.489365
0.497024
0.50418
0.510892
0.517208
0.523169
0.528814
0.534176
0.539291
0.5442
0.548963
0.553666
0.558444
0.563495
0.569111
0.57571
0.58391
0.594729
0.610104
0.633979
0.673954
0.734992
0.78533
0.79892
0.291205
0.302831
0.317441
0.333565
0.350216
0.366774
0.382863
0.398269
0.412887
0.426653
0.439501
0.451388
0.462334
0.472402
0.48168
0.490255
0.498209
0.505612
0.512525
0.518998
0.52507
0.530776
0.536138
0.541177
0.545913
0.550368
0.554583
0.558633
0.562653
0.566869
0.571633
0.577451
0.585
0.595332
0.610411
0.63424
0.674532
0.736043
0.785906
0.798989
0.318086
0.327745
0.339961
0.353682
0.368153
0.382863
0.397479
0.411799
0.425681
0.438968
0.451481
0.463069
0.473717
0.483495
0.492499
0.500822
0.508545
0.515736
0.522452
0.528736
0.534619
0.540121
0.545254
0.550017
0.554405
0.558409
0.562033
0.565319
0.568384
0.571478
0.575047
0.579771
0.586434
0.596132
0.610854
0.634668
0.675422
0.73757
0.786702
0.799078
0.341695
0.349878
0.360295
0.372185
0.384977
0.398269
0.411799
0.425396
0.4389
0.452103
0.464679
0.476222
0.486731
0.496327
0.505145
0.513298
0.520877
0.527952
0.534576
0.540786
0.546603
0.552038
0.557081
0.561709
0.565878
0.569531
0.572602
0.575049
0.576915
0.578439
0.580195
0.583256
0.588613
0.597428
0.611696
0.635545
0.676992
0.739973
0.787841
0.799197
0.3624
0.369497
0.378581
0.389101
0.400632
0.412886
0.425681
0.4389
0.45247
0.46627
0.479815
0.491737
0.502326
0.511899
0.52068
0.528823
0.536437
0.543597
0.550356
0.556749
0.562791
0.568476
0.573779
0.578643
0.582976
0.586637
0.589432
0.591125
0.591516
0.590651
0.589218
0.589249
0.59233
0.599721
0.61332
0.637246
0.679718
0.74371
0.789406
0.799343
0.380635
0.386933
0.395032
0.404534
0.415141
0.426653
0.438968
0.452103
0.46627
0.482045
0.500142
0.513086
0.524081
0.533942
0.543036
0.551577
0.559703
0.567511
0.575068
0.582422
0.589597
0.596592
0.603369
0.609838
0.615834
0.621078
0.625103
0.627155
0.626111
0.620716
0.610954
0.602051
0.599452
0.603891
0.61626
0.640244
0.684185
0.749216
0.791379
0.799507
0.396798
0.402505
0.409878
0.41863
0.428546
0.439501
0.451481
0.464679
0.479815
0.500142
0.764183
0.771507
0.768427
0.767004
0.766633
0.766917
0.767645
0.768685
0.769944
0.771347
0.772831
0.774332
0.775787
0.777116
0.778217
0.778934
0.778989
0.777772
0.773583
0.760362
0.616424
0.60843
0.605439
0.608747
0.620425
0.644852
0.69101
0.756709
0.793584
0.799666
0.411241
0.416513
0.423345
0.431521
0.440891
0.451388
0.463069
0.476222
0.491737
0.513086
0.771507
0.797954
0.798601
0.798425
0.798331
0.79831
0.79834
0.798405
0.798494
0.798597
0.798705
0.798812
0.798913
0.799
0.799068
0.799107
0.799101
0.799011
0.798738
0.798009
0.622246
0.613919
0.610998
0.614026
0.625703
0.651318
0.700819
0.765914
0.795714
0.799798
0.42426
0.429201
0.435609
0.443321
0.452237
0.462334
0.473716
0.486731
0.502326
0.524081
0.768427
0.798601
0.799931
0.799956
0.799952
0.79995
0.79995
0.799952
0.799955
0.799959
0.799962
0.799966
0.79997
0.799973
0.799975
0.799976
0.799976
0.799974
0.799968
0.799955
0.628267
0.619364
0.616595
0.619813
0.632176
0.660064
0.714253
0.775872
0.797464
0.799892
0.436079
0.440756
0.446817
0.454141
0.462664
0.472402
0.483495
0.496327
0.511899
0.533942
0.767004
0.798425
0.799956
0.799998
0.799999
0.799999
0.799999
0.799999
0.799999
0.799999
0.799999
0.799999
0.799999
0.799999
0.799999
0.8
0.8
0.8
0.799999
0.799999
0.634557
0.625053
0.622522
0.626337
0.640192
0.67189
0.731607
0.785063
0.798679
0.799948
0.446873
0.451333
0.457101
0.464089
0.472266
0.481679
0.492499
0.505145
0.52068
0.543036
0.766633
0.798331
0.799952
0.799999
0.8
0.8
0.8
0.8
0.8
0.8
0.8
0.8
0.8
0.8
0.8
0.8
0.8
0.8
0.8
0.8
0.641217
0.631196
0.629087
0.63402
0.650469
0.688101
0.75181
0.792069
0.799393
0.799978
0.45679
0.461064
0.466578
0.47327
0.481138
0.490255
0.500822
0.513298
0.528823
0.551577
0.766917
0.79831
0.79995
0.799999
0.8
0.8
0.8
0.8
0.8
0.8
0.8
0.8
0.8
0.8
0.8
0.8
0.8
0.8
0.8
0.8
0.648464
0.638109
0.636764
0.6436
0.664292
0.710172
0.771454
0.796393
0.799751
0.799991
0.465955
0.470068
0.475355
0.48178
0.489365
0.498209
0.508545
0.520877
0.536437
0.559703
0.767645
0.79834
0.79995
0.799999
0.8
0.8
0.8
0.8
0.8
0.8
0.8
0.8
0.8
0.8
0.8
0.8
0.8
0.8
0.8
0.8
0.656756
0.646373
0.646386
0.656358
0.683685
0.737881
0.786244
0.79857
0.799908
0.799997
0.474478
0.478446
0.483526
0.489703
0.497024
0.505612
0.515736
0.527952
0.543597
0.567511
0.768685
0.798405
0.799952
0.799999
0.8
0.8
0.8
0.8
0.8
0.8
0.8
0.8
0.8
0.8
0.8
0.8
0.8
0.8
0.8
0.8
0.667
0.657059
0.659389
0.674386
0.710852
0.765857
0.794555
0.799492
0.799968
0.799999
0.482453
0.486287
0.491172
0.497113
0.50418
0.512525
0.522452
0.534576
0.550356
0.575068
0.769944
0.798494
0.799955
0.799999
0.8
0.8
0.8
0.8
0.8
0.8
0.8
0.8
0.8
0.8
0.8
0.8
0.8
0.8
0.8
0.8
0.680831
0.672018
0.678107
0.700462
0.744471
0.785652
0.798138
0.799833
0.79999
0.8
0.489963
0.493668
0.498364
0.504075
0.510892
0.518998
0.528736
0.540786
0.556749
0.582422
0.771347
0.798597
0.799959
0.799999
0.8
0.8
0.8
0.8
0.8
0.8
0.8
0.8
0.8
0.8
0.8
0.8
0.8
0.8
0.8
0.8
0.70071
0.693998
0.705441
0.735065
0.774442
0.795143
0.799418
0.799948
0.799997
0.8
0.49708
0.500659
0.505166
0.510643
0.517207
0.52507
0.534619
0.546603
0.562791
0.589597
0.772831
0.798705
0.799962
0.799999
0.8
0.8
0.8
0.8
0.8
0.8
0.8
0.8
0.8
0.8
0.8
0.8
0.8
0.8
0.8
0.8
0.728446
0.724984
0.74092
0.768924
0.79116
0.798542
0.799827
0.799985
0.799999
0.8
0.503872
0.507323
0.511635
0.51687
0.523169
0.530776
0.540121
0.552038
0.568476
0.596592
0.774332
0.798812
0.799966
0.799999
0.8
0.8
0.8
0.8
0.8
0.8
0.8
0.8
0.8
0.8
0.8
0.8
0.8
0.8
0.8
0.8
0.759792
0.759607
0.77331
0.789137
0.797403
0.799585
0.79995
0.799995
0.8
0.8
0.510401
0.513717
0.517824
0.522801
0.528814
0.536138
0.545254
0.557081
0.573779
0.603369
0.775787
0.798913
0.79997
0.799999
0.8
0.8
0.8
0.8
0.8
0.8
0.8
0.8
0.8
0.8
0.8
0.8
0.8
0.8
0.8
0.8
0.783276
0.784272
0.791058
0.796844
0.799284
0.799884
0.799986
0.799999
0.8
0.8
0.516728
0.5199
0.523784
0.528481
0.534176
0.541177
0.550017
0.561709
0.578643
0.609838
0.777116
0.799
0.799973
0.799999
0.8
0.8
0.8
0.8
0.8
0.8
0.8
0.8
0.8
0.8
0.8
0.8
0.8
0.8
0.8
0.8
0.794459
0.795134
0.797457
0.799147
0.799806
0.799968
0.799996
0.8
0.8
0.8
0.522915
0.525929
0.529571
0.533956
0.539291
0.545913
0.554405
0.565878
0.582976
0.615834
0.778217
0.799068
0.799975
0.799999
0.8
0.8
0.8
0.8
0.8
0.8
0.8
0.8
0.8
0.8
0.8
0.8
0.8
0.8
0.8
0.8
0.79837
0.798651
0.799323
0.799775
0.799948
0.799991
0.799999
0.8
0.8
0.8
0.529028
0.531868
0.535242
0.539279
0.5442
0.550367
0.558409
0.569531
0.586637
0.621078
0.778934
0.799107
0.799976
0.8
0.8
0.8
0.8
0.8
0.8
0.8
0.8
0.8
0.8
0.8
0.8
0.8
0.8
0.8
0.8
0.8
0.79955
0.799646
0.799826
0.799941
0.799986
0.799997
0.8
0.8
0.8
0.8
0.535141
0.537788
0.540868
0.544517
0.548963
0.554582
0.562033
0.572602
0.589432
0.625103
0.778989
0.799101
0.799976
0.8
0.8
0.8
0.8
0.8
0.8
0.8
0.8
0.8
0.8
0.8
0.8
0.8
0.8
0.8
0.8
0.8
0.799882
0.799911
0.799956
0.799985
0.799996
0.799999
0.8
0.8
0.8
0.8
0.541343
0.543778
0.546538
0.54976
0.553666
0.558633
0.565319
0.575049
0.591125
0.627155
0.777772
0.799011
0.799974
0.8
0.8
0.8
0.8
0.8
0.8
0.8
0.8
0.8
0.8
0.8
0.8
0.8
0.8
0.8
0.8
0.8
0.799971
0.799978
0.799989
0.799996
0.799999
0.8
0.8
0.8
0.8
0.8
0.547746
0.549952
0.552372
0.555133
0.558444
0.562653
0.568384
0.576915
0.591516
0.626111
0.773583
0.798738
0.799968
0.799999
0.8
0.8
0.8
0.8
0.8
0.8
0.8
0.8
0.8
0.8
0.8
0.8
0.8
0.8
0.8
0.8
0.799993
0.799995
0.799997
0.799999
0.8
0.8
0.8
0.8
0.8
0.8
0.554496
0.556462
0.558531
0.560816
0.563495
0.566869
0.571478
0.578439
0.590651
0.620716
0.760362
0.798009
0.799955
0.799999
0.8
0.8
0.8
0.8
0.8
0.8
0.8
0.8
0.8
0.8
0.8
0.8
0.8
0.8
0.8
0.8
0.799999
0.799999
0.799999
0.8
0.8
0.8
0.8
0.8
0.8
0.8
0.561802
0.563525
0.565247
0.567061
0.569111
0.571633
0.575046
0.580195
0.589218
0.610954
0.616424
0.622246
0.628267
0.634557
0.641217
0.648464
0.656756
0.667
0.680831
0.70071
0.728446
0.759792
0.783276
0.794459
0.79837
0.79955
0.799882
0.799971
0.799993
0.799999
0.8
0.8
0.8
0.8
0.8
0.8
0.8
0.8
0.8
0.8
0.56998
0.571468
0.572864
0.574241
0.57571
0.577451
0.579771
0.583256
0.589249
0.602051
0.60843
0.613919
0.619364
0.625053
0.631196
0.638109
0.646373
0.657059
0.672017
0.693998
0.724983
0.759607
0.784272
0.795134
0.798651
0.799646
0.799911
0.799978
0.799995
0.799999
0.8
0.8
0.8
0.8
0.8
0.8
0.8
0.8
0.8
0.8
0.579552
0.580829
0.581937
0.582934
0.583909
0.585
0.586434
0.588613
0.59233
0.599451
0.605439
0.610998
0.616595
0.622522
0.629087
0.636764
0.646386
0.659389
0.678107
0.705441
0.74092
0.77331
0.791058
0.797457
0.799323
0.799826
0.799956
0.799989
0.799997
0.799999
0.8
0.8
0.8
0.8
0.8
0.8
0.8
0.8
0.8
0.8
0.591451
0.592562
0.593441
0.594137
0.594729
0.595332
0.596132
0.597427
0.599721
0.603891
0.608746
0.614026
0.619813
0.626337
0.63402
0.6436
0.656358
0.674386
0.700461
0.735064
0.768924
0.789137
0.796844
0.799147
0.799775
0.799941
0.799985
0.799996
0.799999
0.8
0.8
0.8
0.8
0.8
0.8
0.8
0.8
0.8
0.8
0.8
0.607486
0.608514
0.609254
0.609758
0.610104
0.61041
0.610854
0.611696
0.61332
0.61626
0.620425
0.625703
0.632176
0.640192
0.650469
0.664292
0.683685
0.710852
0.74447
0.774442
0.79116
0.797403
0.799284
0.799806
0.799948
0.799986
0.799996
0.799999
0.8
0.8
0.8
0.8
0.8
0.8
0.8
0.8
0.8
0.8
0.8
0.8
0.631344
0.632448
0.633205
0.633682
0.633979
0.63424
0.634668
0.635544
0.637246
0.640244
0.644852
0.651318
0.660064
0.67189
0.6881
0.710172
0.737881
0.765857
0.785652
0.795143
0.798542
0.799585
0.799884
0.799968
0.799991
0.799997
0.799999
0.8
0.8
0.8
0.8
0.8
0.8
0.8
0.8
0.8
0.8
0.8
0.8
0.8
0.670204
0.671661
0.672695
0.673409
0.673953
0.674532
0.675422
0.676992
0.679717
0.684185
0.691009
0.700819
0.714253
0.731607
0.75181
0.771454
0.786244
0.794555
0.798138
0.799418
0.799827
0.79995
0.799986
0.799996
0.799999
0.8
0.8
0.8
0.8
0.8
0.8
0.8
0.8
0.8
0.8
0.8
0.8
0.8
0.8
0.8
0.730035
0.731779
0.733082
0.73409
0.734992
0.736043
0.73757
0.739973
0.74371
0.749216
0.756709
0.765913
0.775872
0.785063
0.792069
0.796393
0.79857
0.799492
0.799833
0.799948
0.799985
0.799995
0.799999
0.8
0.8
0.8
0.8
0.8
0.8
0.8
0.8
0.8
0.8
0.8
0.8
0.8
0.8
0.8
0.8
0.8
0.782923
0.78372
0.784337
0.784843
0.785329
0.785906
0.786702
0.787841
0.789406
0.791379
0.793584
0.795714
0.797464
0.798679
0.799393
0.799751
0.799908
0.799968
0.79999
0.799997
0.799999
0.8
0.8
0.8
0.8
0.8
0.8
0.8
0.8
0.8
0.8
0.8
0.8
0.8
0.8
0.8
0.8
0.8
0.8
0.8
0.798651
0.798736
0.798804
0.798862
0.79892
0.798989
0.799078
0.799197
0.799343
0.799507
0.799666
0.799798
0.799892
0.799948
0.799978
0.799991
0.799997
0.799999
0.8
0.8
0.8
0.8
0.8
0.8
0.8
0.8
0.8
0.8
0.8
0.8
0.8
0.8
0.8
0.8
0.8
0.8
0.8
0.8
0.8
0.8
)
;

boundaryField
{
    left
    {
        type            fixedValue;
        value           uniform 0;
    }
    right
    {
        type            fixedValue;
        value           uniform 0;
    }
    up
    {
        type            fixedValue;
        value           uniform 0;
    }
    down
    {
        type            fixedValue;
        value           uniform 0;
    }
    front
    {
        type            fixedValue;
        value           uniform 0;
    }
    back
    {
        type            fixedValue;
        value           uniform 0;
    }
}


// ************************************************************************* //
