/*--------------------------------*- C++ -*----------------------------------*\
| =========                 |                                                 |
| \\      /  F ield         | OpenFOAM: The Open Source CFD Toolbox           |
|  \\    /   O peration     | Version:  2.1.0                                 |
|   \\  /    A nd           | Web:      www.OpenFOAM.org                      |
|    \\/     M anipulation  |                                                 |
\*---------------------------------------------------------------------------*/
FoamFile
{
    version     2.0;
    format      ascii;
    class       volScalarField;
    location    "24090";
    object      kr_o;
}
// * * * * * * * * * * * * * * * * * * * * * * * * * * * * * * * * * * * * * //

dimensions      [0 0 0 0 0 0 0];

internalField   nonuniform List<scalar> 
8000
(
0.0172999
0.0213772
0.0269828
0.0337416
0.0413686
0.0496391
0.0583757
0.0674425
0.0767108
0.0860448
0.0953262
0.104463
0.113392
0.122075
0.130495
0.138646
0.146529
0.15417
0.161599
0.168852
0.175968
0.18299
0.189968
0.196959
0.204033
0.211275
0.218798
0.226753
0.23535
0.244898
0.255866
0.269002
0.285596
0.307925
0.339852
0.386369
0.451145
0.519213
0.554451
0.56188
0.0213767
0.0254272
0.0309508
0.0375967
0.0451006
0.0532578
0.0619053
0.0709122
0.0801392
0.0894477
0.0987175
0.107855
0.116795
0.125499
0.133947
0.142127
0.150045
0.157725
0.165196
0.172492
0.179651
0.186713
0.193724
0.200737
0.207817
0.215047
0.222532
0.230422
0.238929
0.248365
0.259213
0.272253
0.288825
0.311299
0.343643
0.390749
0.455539
0.521814
0.555068
0.561933
0.0269825
0.0309507
0.0363316
0.0428074
0.050141
0.0581481
0.0666846
0.0756148
0.0847907
0.0940704
0.10333
0.112474
0.121431
0.130161
0.138638
0.146845
0.154793
0.162507
0.170012
0.17734
0.184523
0.191599
0.198606
0.205592
0.212613
0.219743
0.227081
0.234774
0.243035
0.252187
0.262731
0.275488
0.291857
0.314295
0.346858
0.394315
0.458969
0.523784
0.555535
0.561974
0.0337415
0.0375965
0.0428073
0.0490955
0.0562506
0.0641133
0.0725498
0.0814143
0.0905557
0.0998291
0.109106
0.118281
0.127281
0.136057
0.144574
0.152821
0.160813
0.168572
0.176121
0.183488
0.190701
0.19779
0.204784
0.21172
0.218641
0.225607
0.232705
0.240071
0.24792
0.256588
0.266612
0.278865
0.294821
0.317027
0.349625
0.39726
0.461708
0.525326
0.555904
0.562008
0.0413685
0.0451004
0.0501409
0.0562505
0.0632505
0.0710023
0.0793677
0.0882015
0.0973539
0.106676
0.116029
0.125294
0.134387
0.143245
0.151834
0.160157
0.168227
0.176066
0.183698
0.191144
0.198426
0.205565
0.212578
0.219484
0.226304
0.233074
0.239857
0.246767
0.254013
0.261949
0.271169
0.282637
0.297925
0.319687
0.352149
0.39984
0.464061
0.526657
0.55623
0.562038
0.049639
0.0532576
0.058148
0.0641133
0.0710023
0.0786821
0.0870224
0.0958881
0.105135
0.114609
0.124147
0.133603
0.142868
0.151871
0.160599
0.169062
0.17728
0.185274
0.193069
0.200682
0.208129
0.215417
0.222548
0.229513
0.236302
0.242905
0.249335
0.255661
0.262066
0.268931
0.27694
0.287224
0.301507
0.322574
0.354746
0.402409
0.466408
0.52802
0.556571
0.56207
0.0583756
0.0619051
0.0666844
0.0725497
0.0793676
0.0870223
0.0954041
0.1044
0.113881
0.123685
0.133608
0.143422
0.152982
0.162248
0.171228
0.179948
0.188438
0.196727
0.20484
0.212795
0.220601
0.22825
0.235721
0.242971
0.249931
0.256515
0.26264
0.268277
0.273536
0.278806
0.284929
0.293378
0.30614
0.326176
0.357892
0.405463
0.469223
0.529687
0.556989
0.562109
0.0674424
0.070912
0.0756146
0.0814141
0.0882013
0.095888
0.1044
0.113667
0.123607
0.134071
0.144763
0.155217
0.165302
0.175032
0.184463
0.19365
0.202648
0.211501
0.220242
0.228893
0.237458
0.245917
0.254218
0.262261
0.269898
0.276914
0.283043
0.288016
0.291713
0.29444
0.297296
0.302608
0.312873
0.331298
0.362306
0.409664
0.473073
0.531935
0.557532
0.562158
0.0767106
0.080139
0.0847905
0.0905554
0.0973537
0.105135
0.113881
0.123606
0.134357
0.14613
0.158541
0.170215
0.181241
0.191814
0.202091
0.212193
0.222217
0.232241
0.242325
0.252509
0.262797
0.273166
0.283541
0.293777
0.303603
0.312565
0.31996
0.324852
0.326327
0.324166
0.31992
0.31847
0.323764
0.33926
0.368992
0.415821
0.478547
0.53498
0.558222
0.562216
0.0860446
0.0894474
0.0940701
0.0998287
0.106676
0.114608
0.123685
0.134071
0.14613
0.160655
0.17891
0.193102
0.206046
0.218482
0.230784
0.243213
0.255983
0.269285
0.28331
0.298248
0.314266
0.331435
0.349615
0.36828
0.386365
0.402236
0.41385
0.418849
0.414385
0.397906
0.37114
0.348457
0.341643
0.351459
0.378896
0.424637
0.486065
0.538861
0.559029
0.562279
0.0953259
0.0987172
0.10333
0.109105
0.116029
0.124147
0.133607
0.144763
0.158541
0.17891
0.514764
0.52733
0.524997
0.524841
0.526062
0.528135
0.530759
0.533725
0.536871
0.54006
0.543166
0.546071
0.548669
0.550864
0.552575
0.553726
0.554193
0.553652
0.551077
0.542724
0.381262
0.363682
0.357032
0.365362
0.391489
0.436149
0.495573
0.543344
0.559874
0.562341
0.104463
0.107855
0.112473
0.118281
0.125294
0.133602
0.143421
0.155217
0.170215
0.193101
0.52733
0.560558
0.561262
0.561189
0.561201
0.561279
0.561395
0.561531
0.561672
0.561807
0.56193
0.562036
0.562123
0.56219
0.562238
0.562265
0.56227
0.562238
0.56213
0.56183
0.393171
0.377439
0.372
0.380534
0.406026
0.449927
0.506521
0.547972
0.560657
0.562394
0.113391
0.116795
0.121431
0.127281
0.134386
0.142868
0.152982
0.165302
0.181241
0.206046
0.524997
0.561262
0.562449
0.56247
0.56247
0.562471
0.562474
0.562477
0.562481
0.562484
0.562487
0.56249
0.562492
0.562493
0.562494
0.562495
0.562495
0.562494
0.562492
0.562486
0.40649
0.391685
0.387552
0.396753
0.422082
0.46535
0.518052
0.552238
0.561301
0.562435
0.122075
0.125499
0.130161
0.136057
0.143245
0.151871
0.162248
0.175032
0.191814
0.218481
0.524841
0.561189
0.56247
0.562499
0.562499
0.562499
0.562499
0.5625
0.5625
0.5625
0.5625
0.5625
0.5625
0.5625
0.5625
0.5625
0.5625
0.5625
0.5625
0.5625
0.421
0.406695
0.40377
0.413699
0.439291
0.481664
0.529229
0.555765
0.561774
0.562463
0.130495
0.133947
0.138637
0.144573
0.151834
0.160599
0.171228
0.184462
0.20209
0.230783
0.526062
0.561201
0.56247
0.562499
0.5625
0.5625
0.5625
0.5625
0.5625
0.5625
0.5625
0.5625
0.5625
0.5625
0.5625
0.5625
0.5625
0.5625
0.5625
0.5625
0.436459
0.422534
0.420623
0.431328
0.457223
0.498028
0.539219
0.558391
0.56209
0.56248
0.138645
0.142127
0.146844
0.152821
0.160156
0.169062
0.179948
0.19365
0.212192
0.243212
0.528135
0.561279
0.562471
0.562499
0.5625
0.5625
0.5625
0.5625
0.5625
0.5625
0.5625
0.5625
0.5625
0.5625
0.5625
0.5625
0.5625
0.5625
0.5625
0.5625
0.452562
0.439067
0.438024
0.449407
0.475333
0.513612
0.547415
0.560164
0.562282
0.56249
0.146529
0.150045
0.154793
0.160813
0.168227
0.177279
0.188437
0.202648
0.222216
0.255983
0.530759
0.561395
0.562474
0.562499
0.5625
0.5625
0.5625
0.5625
0.5625
0.5625
0.5625
0.5625
0.5625
0.5625
0.5625
0.5625
0.5625
0.5625
0.5625
0.5625
0.4689
0.455998
0.455686
0.467545
0.493033
0.527686
0.553513
0.561256
0.562391
0.562495
0.154169
0.157724
0.162506
0.168571
0.176066
0.185274
0.196726
0.2115
0.23224
0.269285
0.533725
0.561531
0.562477
0.5625
0.5625
0.5625
0.5625
0.5625
0.5625
0.5625
0.5625
0.5625
0.5625
0.5625
0.5625
0.5625
0.5625
0.5625
0.5625
0.5625
0.484989
0.47292
0.473222
0.485324
0.509787
0.539622
0.557579
0.561876
0.562448
0.562498
0.161599
0.165196
0.170011
0.17612
0.183697
0.193068
0.20484
0.220241
0.242325
0.283309
0.536871
0.561672
0.562481
0.5625
0.5625
0.5625
0.5625
0.5625
0.5625
0.5625
0.5625
0.5625
0.5625
0.5625
0.5625
0.5625
0.5625
0.5625
0.5625
0.5625
0.500374
0.489419
0.490282
0.502405
0.525087
0.548897
0.560007
0.562204
0.562476
0.562499
0.168852
0.172492
0.177339
0.183488
0.191143
0.200682
0.212795
0.228892
0.252508
0.298248
0.54006
0.561807
0.562484
0.5625
0.5625
0.5625
0.5625
0.5625
0.5625
0.5625
0.5625
0.5625
0.5625
0.5625
0.5625
0.5625
0.5625
0.5625
0.5625
0.5625
0.514727
0.505198
0.506634
0.518475
0.538298
0.555267
0.561321
0.562366
0.56249
0.5625
0.175968
0.179651
0.184523
0.190701
0.198426
0.208129
0.2206
0.237457
0.262797
0.314266
0.543166
0.56193
0.562487
0.5625
0.5625
0.5625
0.5625
0.5625
0.5625
0.5625
0.5625
0.5625
0.5625
0.5625
0.5625
0.5625
0.5625
0.5625
0.5625
0.5625
0.527832
0.520057
0.522052
0.53301
0.548643
0.559042
0.561975
0.562442
0.562496
0.5625
0.18299
0.186712
0.191598
0.197789
0.205565
0.215417
0.22825
0.245917
0.273165
0.331435
0.546071
0.562036
0.56249
0.5625
0.5625
0.5625
0.5625
0.5625
0.5625
0.5625
0.5625
0.5625
0.5625
0.5625
0.5625
0.5625
0.5625
0.5625
0.5625
0.5625
0.539383
0.533653
0.535996
0.545088
0.555605
0.560986
0.562278
0.562476
0.562498
0.5625
0.189968
0.193723
0.198606
0.204784
0.212578
0.222547
0.235721
0.254217
0.283541
0.349614
0.548669
0.562123
0.562492
0.5625
0.5625
0.5625
0.5625
0.5625
0.5625
0.5625
0.5625
0.5625
0.5625
0.5625
0.5625
0.5625
0.5625
0.5625
0.5625
0.5625
0.548808
0.545211
0.547422
0.553718
0.559495
0.561883
0.56241
0.56249
0.562499
0.5625
0.196959
0.200736
0.205592
0.21172
0.219483
0.229513
0.24297
0.262261
0.293776
0.36828
0.550864
0.56219
0.562493
0.5625
0.5625
0.5625
0.5625
0.5625
0.5625
0.5625
0.5625
0.5625
0.5625
0.5625
0.5625
0.5625
0.5625
0.5625
0.5625
0.5625
0.555493
0.553697
0.555285
0.558731
0.561321
0.562262
0.562465
0.562496
0.5625
0.5625
0.204032
0.207817
0.212613
0.218641
0.226303
0.236301
0.24993
0.269897
0.303603
0.386365
0.552575
0.562238
0.562494
0.5625
0.5625
0.5625
0.5625
0.5625
0.5625
0.5625
0.5625
0.5625
0.5625
0.5625
0.5625
0.5625
0.5625
0.5625
0.5625
0.5625
0.559421
0.558737
0.559591
0.561086
0.562073
0.562412
0.562487
0.562498
0.5625
0.5625
0.211275
0.215046
0.219742
0.225606
0.233074
0.242904
0.256514
0.276914
0.312565
0.402236
0.553726
0.562265
0.562495
0.5625
0.5625
0.5625
0.5625
0.5625
0.5625
0.5625
0.5625
0.5625
0.5625
0.5625
0.5625
0.5625
0.5625
0.5625
0.5625
0.5625
0.561324
0.561124
0.561482
0.562021
0.562354
0.562469
0.562495
0.562499
0.5625
0.5625
0.218798
0.222531
0.227081
0.232704
0.239856
0.249334
0.26264
0.283043
0.319959
0.41385
0.554193
0.56227
0.562495
0.5625
0.5625
0.5625
0.5625
0.5625
0.5625
0.5625
0.5625
0.5625
0.5625
0.5625
0.5625
0.5625
0.5625
0.5625
0.5625
0.5625
0.562102
0.562057
0.56218
0.562349
0.562452
0.562489
0.562498
0.5625
0.5625
0.5625
0.226752
0.230421
0.234774
0.240071
0.246767
0.25566
0.268277
0.288015
0.324852
0.418849
0.553651
0.562238
0.562494
0.5625
0.5625
0.5625
0.5625
0.5625
0.5625
0.5625
0.5625
0.5625
0.5625
0.5625
0.5625
0.5625
0.5625
0.5625
0.5625
0.5625
0.56238
0.562371
0.562407
0.562455
0.562485
0.562496
0.562499
0.5625
0.5625
0.5625
0.23535
0.238928
0.243035
0.24792
0.254012
0.262066
0.273535
0.291713
0.326326
0.414384
0.551077
0.56213
0.562492
0.5625
0.5625
0.5625
0.5625
0.5625
0.5625
0.5625
0.5625
0.5625
0.5625
0.5625
0.5625
0.5625
0.5625
0.5625
0.5625
0.5625
0.562468
0.562466
0.562475
0.562487
0.562495
0.562499
0.5625
0.5625
0.5625
0.5625
0.244898
0.248365
0.252186
0.256588
0.261949
0.26893
0.278806
0.29444
0.324166
0.397905
0.542724
0.56183
0.562486
0.5625
0.5625
0.5625
0.5625
0.5625
0.5625
0.5625
0.5625
0.5625
0.5625
0.5625
0.5625
0.5625
0.5625
0.5625
0.5625
0.5625
0.562493
0.562492
0.562494
0.562496
0.562498
0.562499
0.5625
0.5625
0.5625
0.5625
0.255865
0.259213
0.262731
0.266611
0.271168
0.27694
0.284928
0.297296
0.319919
0.37114
0.381262
0.393171
0.40649
0.420999
0.436459
0.452562
0.4689
0.484989
0.500373
0.514727
0.527832
0.539383
0.548808
0.555493
0.559421
0.561324
0.562102
0.56238
0.562468
0.562493
0.562498
0.562498
0.562498
0.562499
0.562499
0.5625
0.5625
0.5625
0.5625
0.5625
0.269002
0.272252
0.275487
0.278864
0.282636
0.287224
0.293378
0.302608
0.31847
0.348457
0.363681
0.377439
0.391684
0.406694
0.422533
0.439067
0.455998
0.472919
0.489419
0.505198
0.520056
0.533653
0.545211
0.553697
0.558737
0.561124
0.562057
0.562371
0.562466
0.562492
0.562498
0.562499
0.5625
0.5625
0.5625
0.5625
0.5625
0.5625
0.5625
0.5625
0.285595
0.288824
0.291856
0.29482
0.297925
0.301506
0.306139
0.312873
0.323764
0.341642
0.357032
0.372
0.387552
0.40377
0.420623
0.438024
0.455686
0.473222
0.490282
0.506634
0.522052
0.535996
0.547422
0.555285
0.559591
0.561482
0.56218
0.562407
0.562475
0.562494
0.562498
0.5625
0.5625
0.5625
0.5625
0.5625
0.5625
0.5625
0.5625
0.5625
0.307925
0.311299
0.314294
0.317027
0.319686
0.322574
0.326176
0.331298
0.33926
0.351458
0.365362
0.380534
0.396752
0.413698
0.431328
0.449406
0.467544
0.485324
0.502405
0.518475
0.53301
0.545088
0.553718
0.558731
0.561086
0.562021
0.562349
0.562455
0.562487
0.562496
0.562499
0.5625
0.5625
0.5625
0.5625
0.5625
0.5625
0.5625
0.5625
0.5625
0.339851
0.343643
0.346858
0.349625
0.352149
0.354745
0.357892
0.362305
0.368991
0.378896
0.391489
0.406026
0.422081
0.43929
0.457223
0.475333
0.493033
0.509787
0.525086
0.538298
0.548643
0.555605
0.559494
0.561321
0.562073
0.562354
0.562452
0.562485
0.562495
0.562498
0.562499
0.5625
0.5625
0.5625
0.5625
0.5625
0.5625
0.5625
0.5625
0.5625
0.386368
0.390748
0.394315
0.39726
0.399839
0.402409
0.405463
0.409664
0.415821
0.424637
0.436148
0.449927
0.465349
0.481664
0.498028
0.513612
0.527685
0.539622
0.548897
0.555267
0.559042
0.560986
0.561883
0.562262
0.562412
0.562469
0.562489
0.562496
0.562499
0.562499
0.5625
0.5625
0.5625
0.5625
0.5625
0.5625
0.5625
0.5625
0.5625
0.5625
0.451145
0.455539
0.458969
0.461707
0.46406
0.466407
0.469223
0.473073
0.478547
0.486064
0.495573
0.506521
0.518052
0.529229
0.539219
0.547415
0.553513
0.557579
0.560007
0.561321
0.561975
0.562278
0.56241
0.562465
0.562487
0.562495
0.562498
0.562499
0.5625
0.5625
0.5625
0.5625
0.5625
0.5625
0.5625
0.5625
0.5625
0.5625
0.5625
0.5625
0.519213
0.521814
0.523783
0.525326
0.526657
0.52802
0.529686
0.531935
0.53498
0.538861
0.543344
0.547972
0.552238
0.555765
0.558391
0.560164
0.561256
0.561876
0.562204
0.562366
0.562442
0.562476
0.56249
0.562496
0.562498
0.562499
0.5625
0.5625
0.5625
0.5625
0.5625
0.5625
0.5625
0.5625
0.5625
0.5625
0.5625
0.5625
0.5625
0.5625
0.554451
0.555068
0.555535
0.555904
0.556229
0.556571
0.556989
0.557532
0.558222
0.559029
0.559874
0.560657
0.561301
0.561774
0.56209
0.562282
0.562391
0.562448
0.562476
0.56249
0.562496
0.562498
0.562499
0.5625
0.5625
0.5625
0.5625
0.5625
0.5625
0.5625
0.5625
0.5625
0.5625
0.5625
0.5625
0.5625
0.5625
0.5625
0.5625
0.5625
0.56188
0.561933
0.561974
0.562008
0.562038
0.56207
0.562109
0.562158
0.562216
0.562279
0.562341
0.562394
0.562435
0.562463
0.56248
0.56249
0.562495
0.562498
0.562499
0.5625
0.5625
0.5625
0.5625
0.5625
0.5625
0.5625
0.5625
0.5625
0.5625
0.5625
0.5625
0.5625
0.5625
0.5625
0.5625
0.5625
0.5625
0.5625
0.5625
0.5625
0.00480636
0.00767532
0.0121521
0.0179984
0.024915
0.0326137
0.0408471
0.0494104
0.0581424
0.0669247
0.0756572
0.0842455
0.0926189
0.100734
0.108571
0.116137
0.123445
0.130507
0.137347
0.143992
0.150474
0.156829
0.163093
0.169309
0.175528
0.181808
0.188223
0.194864
0.201849
0.209333
0.217524
0.226695
0.23722
0.249673
0.265386
0.288815
0.331298
0.41179
0.513497
0.557569
0.00767444
0.0108402
0.0155031
0.0214172
0.028324
0.0359747
0.0441485
0.052659
0.0613562
0.0701257
0.0788565
0.0874496
0.0958321
0.103959
0.111813
0.1194
0.126728
0.133809
0.140666
0.147325
0.153815
0.160168
0.166418
0.172604
0.178771
0.184974
0.191282
0.197783
0.204598
0.211885
0.21986
0.228808
0.23911
0.251347
0.266859
0.290226
0.333047
0.414332
0.5153
0.557838
0.0121518
0.0155031
0.0202581
0.0261715
0.0330131
0.0405692
0.0486469
0.0570796
0.0657315
0.0744819
0.0832066
0.0918006
0.100187
0.108322
0.116187
0.123788
0.131125
0.138212
0.145068
0.151718
0.158186
0.1645
0.170688
0.176783
0.182824
0.188859
0.194953
0.201194
0.207705
0.214657
0.222281
0.230883
0.240862
0.252799
0.268035
0.291256
0.334284
0.416192
0.516644
0.558042
0.0179986
0.0214171
0.0261714
0.0320218
0.0387605
0.0462009
0.0541756
0.0625391
0.0711642
0.0799119
0.0886469
0.0972561
0.105659
0.11381
0.121698
0.129314
0.13666
0.143749
0.150599
0.157229
0.16366
0.169912
0.176005
0.181965
0.187819
0.193607
0.199386
0.205244
0.211309
0.217769
0.224886
0.233
0.242536
0.254081
0.268973
0.291978
0.335127
0.417561
0.517686
0.558207
0.0249151
0.0283237
0.0330129
0.0387604
0.0453794
0.0527072
0.0606017
0.0689375
0.0775765
0.0863647
0.0951533
0.103817
0.11227
0.120472
0.128403
0.13605
0.14342
0.150524
0.157378
0.163997
0.170394
0.176582
0.18257
0.18837
0.193997
0.199473
0.204845
0.210192
0.21565
0.221431
0.227842
0.235287
0.244234
0.255282
0.269756
0.292498
0.335734
0.418702
0.518628
0.558362
0.0326137
0.0359743
0.040569
0.0462008
0.0527072
0.0599523
0.0678209
0.0761908
0.0849135
0.093824
0.102752
0.111548
0.12012
0.128428
0.136441
0.144156
0.151584
0.158737
0.165628
0.172267
0.178661
0.184811
0.190713
0.196362
0.201749
0.206875
0.211759
0.216464
0.221124
0.225983
0.231421
0.237948
0.246112
0.256529
0.270506
0.29296
0.336328
0.419966
0.519721
0.558543
0.0408469
0.0441482
0.0486467
0.0541756
0.0606017
0.0678209
0.0757327
0.0842198
0.0931411
0.102322
0.111552
0.120624
0.129434
0.137924
0.146087
0.153934
0.161482
0.168747
0.17574
0.182468
0.188927
0.195108
0.200989
0.206541
0.211725
0.216504
0.220853
0.224789
0.228422
0.232021
0.236079
0.24132
0.248417
0.258014
0.271386
0.293558
0.337197
0.421801
0.521256
0.558788
0.0494102
0.0526588
0.0570795
0.0625391
0.0689375
0.0761908
0.0842198
0.0929404
0.102248
0.111978
0.121848
0.131459
0.140668
0.149467
0.15789
0.165974
0.17375
0.181242
0.188461
0.195408
0.202071
0.208425
0.214428
0.220022
0.225128
0.22965
0.233486
0.23656
0.23889
0.240726
0.242705
0.246015
0.251564
0.260028
0.272628
0.294549
0.33871
0.424751
0.523541
0.559126
0.0581422
0.0613561
0.0657315
0.0711642
0.0775765
0.0849135
0.0931411
0.102248
0.112241
0.123095
0.134462
0.145055
0.154927
0.16424
0.173114
0.181634
0.189858
0.197821
0.205539
0.213007
0.220203
0.22708
0.233568
0.239569
0.244952
0.249544
0.253117
0.255391
0.256109
0.255278
0.253633
0.253485
0.256388
0.26306
0.27456
0.296272
0.341326
0.429447
0.526829
0.559569
0.0669244
0.0701255
0.0744819
0.079912
0.0863647
0.0938239
0.102322
0.111978
0.123095
0.136363
0.152695
0.165104
0.176139
0.186435
0.196277
0.205834
0.21521
0.224478
0.233676
0.242809
0.251846
0.260707
0.269281
0.277439
0.285027
0.291806
0.29726
0.300362
0.299509
0.29295
0.28065
0.269353
0.265232
0.268091
0.27768
0.299153
0.345582
0.436556
0.531226
0.5601
0.075657
0.0788564
0.0832066
0.0886468
0.0951533
0.102752
0.111552
0.121848
0.134462
0.152695
0.499041
0.512533
0.507489
0.505232
0.504781
0.505474
0.506953
0.50899
0.511419
0.514104
0.516928
0.519774
0.522522
0.525027
0.527096
0.528434
0.528513
0.526212
0.518517
0.495365
0.287446
0.277205
0.272396
0.273477
0.281765
0.303409
0.351983
0.446636
0.53657
0.560667
0.0842452
0.0874494
0.0918005
0.097256
0.103817
0.111548
0.120623
0.131459
0.145055
0.165104
0.512533
0.558893
0.56005
0.559752
0.5596
0.559578
0.559649
0.559784
0.55996
0.560159
0.560366
0.560568
0.560755
0.560914
0.561034
0.561098
0.561073
0.560886
0.560336
0.558863
0.294749
0.283783
0.278684
0.278839
0.286717
0.309145
0.360996
0.459957
0.542397
0.561203
0.0926186
0.0958319
0.100187
0.105659
0.11227
0.12012
0.129434
0.140668
0.154927
0.176139
0.507489
0.56005
0.562378
0.562423
0.562416
0.562413
0.562414
0.562418
0.562424
0.562431
0.562438
0.562445
0.562451
0.562457
0.56246
0.562462
0.562462
0.562456
0.562441
0.562408
0.302331
0.290106
0.28462
0.284356
0.292517
0.316512
0.373173
0.4763
0.548052
0.561652
0.100733
0.103959
0.108321
0.11381
0.120471
0.128428
0.137924
0.149467
0.164239
0.186434
0.505232
0.559752
0.562423
0.562497
0.562498
0.562498
0.562498
0.562498
0.562498
0.562498
0.562499
0.562499
0.562499
0.562499
0.562499
0.562499
0.562499
0.562499
0.562499
0.562498
0.310204
0.296582
0.29067
0.290379
0.299287
0.325829
0.389237
0.494703
0.552921
0.561986
0.108571
0.111813
0.116186
0.121698
0.128403
0.136441
0.146086
0.157889
0.173113
0.196277
0.504781
0.5596
0.562416
0.562498
0.5625
0.5625
0.5625
0.5625
0.5625
0.5625
0.5625
0.5625
0.5625
0.5625
0.5625
0.5625
0.5625
0.5625
0.5625
0.5625
0.318398
0.303359
0.297107
0.297064
0.307287
0.337674
0.40998
0.513375
0.556642
0.56221
0.116136
0.1194
0.123788
0.129314
0.13605
0.144156
0.153933
0.165973
0.181634
0.205833
0.505474
0.559578
0.562413
0.562498
0.5625
0.5625
0.5625
0.5625
0.5625
0.5625
0.5625
0.5625
0.5625
0.5625
0.5625
0.5625
0.5625
0.5625
0.5625
0.5625
0.327007
0.310582
0.304117
0.304667
0.316976
0.35298
0.435765
0.530098
0.559181
0.562346
0.123445
0.126728
0.131125
0.136659
0.143419
0.151583
0.161481
0.17375
0.189858
0.21521
0.506953
0.559649
0.562414
0.562498
0.5625
0.5625
0.5625
0.5625
0.5625
0.5625
0.5625
0.5625
0.5625
0.5625
0.5625
0.5625
0.5625
0.5625
0.5625
0.5625
0.336221
0.318474
0.31199
0.31362
0.329101
0.373073
0.465527
0.543133
0.560746
0.562423
0.130507
0.133809
0.138211
0.143748
0.150524
0.158736
0.168746
0.181241
0.197821
0.224478
0.50899
0.559784
0.562418
0.562498
0.5625
0.5625
0.5625
0.5625
0.5625
0.5625
0.5625
0.5625
0.5625
0.5625
0.5625
0.5625
0.5625
0.5625
0.5625
0.5625
0.346401
0.327414
0.321204
0.324616
0.344808
0.399439
0.495912
0.551957
0.561628
0.562464
0.137346
0.140666
0.145068
0.150598
0.157378
0.165627
0.17574
0.18846
0.205538
0.233675
0.511419
0.55996
0.562424
0.562498
0.5625
0.5625
0.5625
0.5625
0.5625
0.5625
0.5625
0.5625
0.5625
0.5625
0.5625
0.5625
0.5625
0.5625
0.5625
0.5625
0.358176
0.338033
0.332525
0.338731
0.365726
0.432703
0.522179
0.55721
0.562089
0.562483
0.143992
0.147325
0.151717
0.157229
0.163996
0.172267
0.182467
0.195407
0.213007
0.242809
0.514104
0.560159
0.562431
0.562498
0.5625
0.5625
0.5625
0.5625
0.5625
0.5625
0.5625
0.5625
0.5625
0.5625
0.5625
0.5625
0.5625
0.5625
0.5625
0.5625
0.372584
0.35135
0.347152
0.357551
0.393803
0.47053
0.540996
0.56002
0.562315
0.562493
0.150474
0.153815
0.158186
0.163659
0.170394
0.17866
0.188927
0.202071
0.220202
0.251845
0.516928
0.560366
0.562438
0.562499
0.5625
0.5625
0.5625
0.5625
0.5625
0.5625
0.5625
0.5625
0.5625
0.5625
0.5625
0.5625
0.5625
0.5625
0.5625
0.5625
0.391169
0.36892
0.366853
0.383192
0.430146
0.506477
0.552234
0.5614
0.56242
0.562497
0.156828
0.160167
0.164499
0.169911
0.176581
0.18481
0.195107
0.208425
0.22708
0.260706
0.519774
0.560568
0.562445
0.562499
0.5625
0.5625
0.5625
0.5625
0.5625
0.5625
0.5625
0.5625
0.5625
0.5625
0.5625
0.5625
0.5625
0.5625
0.5625
0.5625
0.415808
0.392868
0.39392
0.417622
0.47207
0.53355
0.558003
0.562034
0.562467
0.562499
0.163092
0.166417
0.170687
0.176005
0.18257
0.190713
0.200988
0.214428
0.233568
0.269281
0.522522
0.560755
0.562451
0.562499
0.5625
0.5625
0.5625
0.5625
0.5625
0.5625
0.5625
0.5625
0.5625
0.5625
0.5625
0.5625
0.5625
0.5625
0.5625
0.5625
0.447623
0.425256
0.430155
0.459989
0.51112
0.549601
0.560652
0.562309
0.562486
0.562499
0.169309
0.172603
0.176783
0.181964
0.18837
0.196361
0.20654
0.220021
0.239569
0.277438
0.525027
0.560914
0.562457
0.562499
0.5625
0.5625
0.5625
0.5625
0.5625
0.5625
0.5625
0.5625
0.5625
0.5625
0.5625
0.5625
0.5625
0.5625
0.5625
0.5625
0.484413
0.465552
0.473499
0.502769
0.538588
0.557358
0.561774
0.562424
0.562494
0.5625
0.175527
0.17877
0.182823
0.187818
0.193996
0.201749
0.211725
0.225127
0.244952
0.285027
0.527096
0.561034
0.56246
0.562499
0.5625
0.5625
0.5625
0.5625
0.5625
0.5625
0.5625
0.5625
0.5625
0.5625
0.5625
0.5625
0.5625
0.5625
0.5625
0.5625
0.518887
0.506705
0.514544
0.534852
0.553138
0.560593
0.562223
0.56247
0.562498
0.5625
0.181808
0.184973
0.188858
0.193606
0.199473
0.206874
0.216504
0.229649
0.249544
0.291806
0.528433
0.561098
0.562462
0.562499
0.5625
0.5625
0.5625
0.5625
0.5625
0.5625
0.5625
0.5625
0.5625
0.5625
0.5625
0.5625
0.5625
0.5625
0.5625
0.5625
0.543062
0.537544
0.542421
0.552151
0.55924
0.561822
0.562396
0.562488
0.562499
0.5625
0.188222
0.191281
0.194952
0.199386
0.204844
0.211759
0.220852
0.233486
0.253117
0.29726
0.528513
0.561073
0.562462
0.562499
0.5625
0.5625
0.5625
0.5625
0.5625
0.5625
0.5625
0.5625
0.5625
0.5625
0.5625
0.5625
0.5625
0.5625
0.5625
0.5625
0.555453
0.553694
0.555723
0.559155
0.561434
0.562263
0.562461
0.562495
0.5625
0.5625
0.194863
0.197783
0.201193
0.205243
0.210191
0.216464
0.224788
0.236559
0.255391
0.300362
0.526212
0.560886
0.562456
0.562499
0.5625
0.5625
0.5625
0.5625
0.5625
0.5625
0.5625
0.5625
0.5625
0.5625
0.5625
0.5625
0.5625
0.5625
0.5625
0.5625
0.560321
0.559884
0.56051
0.561501
0.562161
0.562417
0.562485
0.562498
0.5625
0.5625
0.201848
0.204597
0.207705
0.211308
0.215649
0.221124
0.228422
0.23889
0.256109
0.299508
0.518517
0.560336
0.562441
0.562499
0.5625
0.5625
0.5625
0.5625
0.5625
0.5625
0.5625
0.5625
0.5625
0.5625
0.5625
0.5625
0.5625
0.5625
0.5625
0.5625
0.561911
0.561812
0.561963
0.562213
0.562393
0.562471
0.562494
0.562499
0.5625
0.5625
0.209333
0.211885
0.214656
0.217769
0.22143
0.225982
0.232021
0.240725
0.255277
0.292949
0.495365
0.558863
0.562408
0.562498
0.5625
0.5625
0.5625
0.5625
0.5625
0.5625
0.5625
0.5625
0.5625
0.5625
0.5625
0.5625
0.5625
0.5625
0.5625
0.5625
0.562366
0.562338
0.562363
0.562419
0.562466
0.562489
0.562498
0.5625
0.5625
0.5625
0.217523
0.219859
0.22228
0.224885
0.227842
0.23142
0.236078
0.242705
0.253633
0.280649
0.287446
0.294748
0.302331
0.310203
0.318398
0.327007
0.336221
0.346401
0.358176
0.372584
0.391169
0.415808
0.447623
0.484413
0.518887
0.543062
0.555453
0.560321
0.561911
0.562366
0.562462
0.562465
0.562467
0.562478
0.562489
0.562496
0.562499
0.5625
0.5625
0.5625
0.226695
0.228807
0.230883
0.232999
0.235286
0.237948
0.241319
0.246015
0.253484
0.269352
0.277204
0.283783
0.290106
0.296582
0.303359
0.310581
0.318474
0.327414
0.338033
0.351349
0.36892
0.392868
0.425256
0.465552
0.506705
0.537544
0.553694
0.559884
0.561812
0.562338
0.562465
0.562488
0.562492
0.562494
0.562497
0.562499
0.5625
0.5625
0.5625
0.5625
0.237219
0.23911
0.240861
0.242535
0.244233
0.246111
0.248416
0.251563
0.256387
0.265232
0.272396
0.278683
0.284619
0.290669
0.297107
0.304117
0.31199
0.321203
0.332525
0.347152
0.366853
0.39392
0.430155
0.473498
0.514544
0.542421
0.555723
0.56051
0.561963
0.562363
0.562467
0.562492
0.562497
0.562498
0.562499
0.562499
0.5625
0.5625
0.5625
0.5625
0.249673
0.251347
0.252798
0.254081
0.255282
0.256529
0.258013
0.260027
0.26306
0.26809
0.273477
0.278839
0.284355
0.290379
0.297064
0.304666
0.313619
0.324616
0.338731
0.35755
0.383192
0.417622
0.459989
0.502769
0.534852
0.552151
0.559155
0.561501
0.562213
0.562419
0.562478
0.562494
0.562498
0.562499
0.5625
0.5625
0.5625
0.5625
0.5625
0.5625
0.265385
0.266858
0.268035
0.268972
0.269756
0.270505
0.271386
0.272627
0.274559
0.27768
0.281765
0.286717
0.292517
0.299286
0.307286
0.316975
0.3291
0.344807
0.365726
0.393803
0.430146
0.472069
0.51112
0.538588
0.553138
0.55924
0.561434
0.562161
0.562393
0.562466
0.562489
0.562497
0.562499
0.5625
0.5625
0.5625
0.5625
0.5625
0.5625
0.5625
0.288814
0.290225
0.291255
0.291978
0.292498
0.29296
0.293557
0.294548
0.296271
0.299152
0.303409
0.309145
0.316512
0.325829
0.337674
0.35298
0.373073
0.399439
0.432703
0.47053
0.506476
0.53355
0.549601
0.557358
0.560593
0.561822
0.562263
0.562417
0.562471
0.562489
0.562496
0.562499
0.562499
0.5625
0.5625
0.5625
0.5625
0.5625
0.5625
0.5625
0.331298
0.333046
0.334284
0.335126
0.335734
0.336328
0.337196
0.338709
0.341325
0.345581
0.351982
0.360995
0.373173
0.389237
0.409979
0.435765
0.465527
0.495911
0.522179
0.540996
0.552234
0.558003
0.560652
0.561774
0.562223
0.562396
0.562461
0.562485
0.562494
0.562498
0.562499
0.5625
0.5625
0.5625
0.5625
0.5625
0.5625
0.5625
0.5625
0.5625
0.411789
0.414332
0.416191
0.41756
0.418702
0.419966
0.4218
0.42475
0.429447
0.436556
0.446635
0.459957
0.476299
0.494703
0.513375
0.530098
0.543133
0.551957
0.55721
0.56002
0.5614
0.562034
0.562309
0.562424
0.56247
0.562488
0.562495
0.562498
0.562499
0.5625
0.5625
0.5625
0.5625
0.5625
0.5625
0.5625
0.5625
0.5625
0.5625
0.5625
0.513497
0.515299
0.516644
0.517686
0.518628
0.519721
0.521256
0.52354
0.526829
0.531226
0.53657
0.542397
0.548052
0.552921
0.556642
0.559181
0.560746
0.561628
0.562089
0.562315
0.56242
0.562467
0.562486
0.562494
0.562498
0.562499
0.5625
0.5625
0.5625
0.5625
0.5625
0.5625
0.5625
0.5625
0.5625
0.5625
0.5625
0.5625
0.5625
0.5625
0.557569
0.557838
0.558042
0.558207
0.558362
0.558543
0.558788
0.559126
0.559569
0.5601
0.560667
0.561203
0.561652
0.561986
0.56221
0.562346
0.562423
0.562464
0.562483
0.562493
0.562497
0.562499
0.562499
0.5625
0.5625
0.5625
0.5625
0.5625
0.5625
0.5625
0.5625
0.5625
0.5625
0.5625
0.5625
0.5625
0.5625
0.5625
0.5625
0.5625
0.000674775
0.00207067
0.00517694
0.00999361
0.0161747
0.0233487
0.0311918
0.03944
0.0478871
0.0563802
0.0648148
0.0731174
0.0812213
0.0890798
0.0966684
0.103981
0.111029
0.117831
0.124404
0.130773
0.136965
0.143013
0.148948
0.154808
0.160636
0.166483
0.172407
0.178485
0.184811
0.191508
0.198743
0.206749
0.215894
0.226852
0.241073
0.261905
0.297012
0.363781
0.474094
0.550429
0.00206961
0.00418418
0.00786663
0.0129956
0.0193095
0.0265179
0.034349
0.0425691
0.0509904
0.0594701
0.0679084
0.0762225
0.08434
0.0922122
0.0998133
0.107138
0.114197
0.121005
0.12758
0.133944
0.140123
0.146146
0.152041
0.157844
0.163592
0.169333
0.175124
0.181037
0.187171
0.193652
0.200653
0.208418
0.217325
0.22806
0.242094
0.262828
0.29804
0.365331
0.475864
0.55087
0.00517638
0.00786672
0.0119653
0.0173134
0.0237012
0.0308971
0.0386764
0.0468385
0.0552146
0.0636731
0.0721118
0.0804324
0.0885567
0.0964331
0.104035
0.111359
0.118413
0.125208
0.13176
0.13809
0.14422
0.150174
0.155978
0.161661
0.167255
0.172802
0.178359
0.183998
0.18982
0.195963
0.202616
0.210039
0.218625
0.229072
0.242866
0.263449
0.298691
0.36636
0.477103
0.551189
0.00999388
0.0129958
0.0173133
0.0227639
0.029159
0.0363051
0.0440146
0.0521147
0.0604556
0.0689139
0.077369
0.0857083
0.0938468
0.101731
0.109334
0.116656
0.123698
0.130469
0.136985
0.143262
0.149321
0.155177
0.160851
0.166364
0.171741
0.177019
0.182246
0.187497
0.192881
0.198553
0.204724
0.211686
0.219854
0.229939
0.243439
0.263827
0.29905
0.367017
0.477999
0.551436
0.0161751
0.0193095
0.023701
0.0291589
0.0355091
0.0425856
0.0502293
0.0582924
0.0666429
0.075147
0.0836592
0.0920514
0.10023
0.108141
0.115763
0.12309
0.130124
0.136874
0.143354
0.149577
0.155557
0.161304
0.166829
0.172142
0.177259
0.182203
0.187013
0.191762
0.196566
0.201602
0.207124
0.213474
0.221103
0.23074
0.24389
0.264052
0.299242
0.367508
0.478798
0.551673
0.023349
0.0265176
0.0308967
0.0363048
0.0425855
0.0495965
0.057206
0.0652931
0.0737306
0.082359
0.0910066
0.0995184
0.10779
0.115771
0.123443
0.130799
0.137846
0.144595
0.151058
0.157245
0.163163
0.168815
0.174199
0.179312
0.184151
0.18872
0.19304
0.197169
0.201225
0.205415
0.210059
0.215588
0.222515
0.231592
0.244331
0.264251
0.299437
0.3681
0.479809
0.551974
0.0311918
0.0343484
0.0386759
0.0440141
0.050229
0.0572059
0.0648465
0.073052
0.081688
0.0905792
0.09951
0.108263
0.11672
0.124841
0.132613
0.140043
0.147147
0.15394
0.160434
0.166634
0.172543
0.178152
0.183446
0.188404
0.192997
0.197195
0.200982
0.204379
0.207487
0.210539
0.213953
0.21834
0.22432
0.232678
0.244924
0.264595
0.299854
0.36913
0.4814
0.552421
0.0394397
0.0425685
0.0468378
0.0521142
0.058292
0.065293
0.0730519
0.08149
0.0905004
0.0999127
0.10943
0.118646
0.12744
0.1358
0.143755
0.151339
0.158582
0.165507
0.172129
0.17845
0.184466
0.190159
0.195499
0.200437
0.204911
0.208839
0.212133
0.214728
0.216646
0.218105
0.219661
0.222325
0.226921
0.234282
0.245901
0.265312
0.300767
0.371001
0.483982
0.55309
0.0478867
0.0509897
0.0552139
0.0604551
0.0666425
0.0737303
0.0816878
0.0905004
0.100163
0.110622
0.121506
0.131597
0.140948
0.149708
0.157994
0.165886
0.173441
0.180693
0.187662
0.194354
0.200757
0.206846
0.212571
0.217859
0.222599
0.226628
0.229724
0.231619
0.232072
0.2311
0.229379
0.228904
0.231097
0.236869
0.247588
0.266688
0.302498
0.374172
0.487956
0.554026
0.0563798
0.0594694
0.0636724
0.0689133
0.0751466
0.0823587
0.090579
0.0999126
0.110622
0.123314
0.138819
0.150513
0.160822
0.170347
0.179357
0.188004
0.196384
0.20456
0.212571
0.220439
0.228163
0.23572
0.243059
0.250083
0.256618
0.262368
0.266835
0.269204
0.268255
0.262598
0.252173
0.242391
0.238646
0.241225
0.250415
0.269038
0.305381
0.379129
0.493633
0.555218
0.0648144
0.0679077
0.0721111
0.0773685
0.0836588
0.0910063
0.0995098
0.10943
0.121505
0.138819
0.49287
0.506253
0.499947
0.496695
0.495424
0.495401
0.496234
0.497679
0.499564
0.501749
0.50411
0.506527
0.508864
0.510956
0.512576
0.513367
0.512685
0.509118
0.498737
0.468266
0.258526
0.249158
0.244809
0.246011
0.254147
0.272459
0.309668
0.386335
0.501117
0.556587
0.073117
0.0762218
0.0804318
0.0857078
0.0920509
0.0995181
0.108262
0.118646
0.131597
0.150513
0.506253
0.55798
0.559353
0.5589
0.558622
0.558507
0.55851
0.5586
0.55875
0.558938
0.559146
0.559356
0.559554
0.559723
0.559842
0.559879
0.559778
0.55941
0.558421
0.555819
0.265302
0.254889
0.250333
0.250952
0.258551
0.27691
0.315511
0.396207
0.510199
0.557996
0.0812208
0.0843393
0.0885561
0.0938463
0.10023
0.107789
0.116719
0.12744
0.140947
0.160821
0.499947
0.559353
0.562329
0.562389
0.562376
0.562368
0.562365
0.562367
0.562372
0.562379
0.562388
0.562396
0.562404
0.56241
0.562415
0.562416
0.562413
0.5624
0.56237
0.562305
0.272146
0.260444
0.255701
0.256073
0.263517
0.282346
0.323059
0.409143
0.520311
0.559296
0.0890793
0.0922115
0.0964325
0.10173
0.10814
0.11577
0.124841
0.1358
0.149708
0.170346
0.496695
0.5589
0.562389
0.562495
0.562497
0.562497
0.562497
0.562497
0.562497
0.562497
0.562497
0.562497
0.562498
0.562498
0.562498
0.562498
0.562498
0.562498
0.562497
0.562496
0.279116
0.266079
0.261138
0.26143
0.269023
0.288786
0.332558
0.4255
0.530591
0.560375
0.0966679
0.0998127
0.104035
0.109333
0.115763
0.123443
0.132613
0.143755
0.157994
0.179357
0.495424
0.558622
0.562376
0.562497
0.5625
0.5625
0.5625
0.5625
0.5625
0.5625
0.5625
0.5625
0.5625
0.5625
0.5625
0.5625
0.5625
0.5625
0.5625
0.5625
0.286243
0.271893
0.266756
0.267091
0.275118
0.296349
0.344456
0.445389
0.540062
0.561186
0.103981
0.107137
0.111358
0.116656
0.12309
0.130799
0.140043
0.151338
0.165886
0.188003
0.495401
0.558507
0.562368
0.562497
0.5625
0.5625
0.5625
0.5625
0.5625
0.5625
0.5625
0.5625
0.5625
0.5625
0.5625
0.5625
0.5625
0.5625
0.5625
0.5625
0.293568
0.277954
0.272641
0.273151
0.281924
0.305294
0.359502
0.468239
0.547912
0.56174
0.111029
0.114197
0.118413
0.123697
0.130123
0.137846
0.147147
0.158582
0.17344
0.196383
0.496234
0.55851
0.562365
0.562497
0.5625
0.5625
0.5625
0.5625
0.5625
0.5625
0.5625
0.5625
0.5625
0.5625
0.5625
0.5625
0.5625
0.5625
0.5625
0.5625
0.301152
0.284334
0.278895
0.279746
0.289658
0.316087
0.3788
0.492346
0.553742
0.562087
0.11783
0.121005
0.125207
0.130468
0.136873
0.144595
0.15394
0.165507
0.180692
0.204559
0.497679
0.5586
0.562367
0.562497
0.5625
0.5625
0.5625
0.5625
0.5625
0.5625
0.5625
0.5625
0.5625
0.5625
0.5625
0.5625
0.5625
0.5625
0.5625
0.5625
0.309094
0.291145
0.285665
0.287096
0.298683
0.329516
0.403615
0.515006
0.557629
0.562288
0.124403
0.127579
0.131759
0.136984
0.143353
0.151058
0.160433
0.172128
0.187662
0.212571
0.499564
0.55875
0.562372
0.562497
0.5625
0.5625
0.5625
0.5625
0.5625
0.5625
0.5625
0.5625
0.5625
0.5625
0.5625
0.5625
0.5625
0.5625
0.5625
0.5625
0.317567
0.298569
0.293189
0.295549
0.309592
0.346851
0.434527
0.533564
0.559974
0.562397
0.130772
0.133943
0.138089
0.143262
0.149577
0.157245
0.166634
0.17845
0.194353
0.220439
0.501749
0.558938
0.562379
0.562497
0.5625
0.5625
0.5625
0.5625
0.5625
0.5625
0.5625
0.5625
0.5625
0.5625
0.5625
0.5625
0.5625
0.5625
0.5625
0.5625
0.326878
0.306925
0.301868
0.305677
0.323359
0.369996
0.469703
0.546664
0.561271
0.562452
0.136965
0.140123
0.144219
0.14932
0.155556
0.163163
0.172542
0.184466
0.200757
0.228162
0.50411
0.559146
0.562388
0.562497
0.5625
0.5625
0.5625
0.5625
0.5625
0.5625
0.5625
0.5625
0.5625
0.5625
0.5625
0.5625
0.5625
0.5625
0.5625
0.5625
0.337599
0.316777
0.312378
0.318425
0.341578
0.401212
0.503828
0.554643
0.561934
0.562479
0.143012
0.146145
0.150174
0.155176
0.161303
0.168814
0.178151
0.190159
0.206845
0.23572
0.506527
0.559356
0.562396
0.562497
0.5625
0.5625
0.5625
0.5625
0.5625
0.5625
0.5625
0.5625
0.5625
0.5625
0.5625
0.5625
0.5625
0.5625
0.5625
0.5625
0.350786
0.32913
0.325883
0.33538
0.366757
0.441261
0.530651
0.558905
0.562252
0.562491
0.148947
0.152041
0.155978
0.16085
0.166828
0.174198
0.183446
0.195498
0.212571
0.243059
0.508864
0.559554
0.562404
0.562498
0.5625
0.5625
0.5625
0.5625
0.5625
0.5625
0.5625
0.5625
0.5625
0.5625
0.5625
0.5625
0.5625
0.5625
0.5625
0.5625
0.368344
0.345773
0.344401
0.359187
0.402099
0.485379
0.547505
0.560954
0.562395
0.562496
0.154808
0.157843
0.16166
0.166363
0.172142
0.179311
0.188404
0.200437
0.217859
0.250082
0.510956
0.559723
0.56241
0.562498
0.5625
0.5625
0.5625
0.5625
0.5625
0.5625
0.5625
0.5625
0.5625
0.5625
0.5625
0.5625
0.5625
0.5625
0.5625
0.5625
0.393388
0.369776
0.371301
0.393697
0.448612
0.522662
0.556173
0.561864
0.562457
0.562498
0.160636
0.163592
0.167254
0.171741
0.177259
0.18415
0.192996
0.20491
0.222598
0.256618
0.512576
0.559842
0.562415
0.562498
0.5625
0.5625
0.5625
0.5625
0.5625
0.5625
0.5625
0.5625
0.5625
0.5625
0.5625
0.5625
0.5625
0.5625
0.5625
0.5625
0.429561
0.405539
0.411003
0.441483
0.498056
0.545531
0.56001
0.562245
0.562482
0.562499
0.166482
0.169332
0.172802
0.177018
0.182202
0.188719
0.197194
0.208838
0.226627
0.262368
0.513367
0.559879
0.562416
0.562498
0.5625
0.5625
0.5625
0.5625
0.5625
0.5625
0.5625
0.5625
0.5625
0.5625
0.5625
0.5625
0.5625
0.5625
0.5625
0.5625
0.476085
0.455132
0.463824
0.494901
0.534462
0.556135
0.561553
0.562398
0.562493
0.5625
0.172406
0.175123
0.178358
0.182245
0.187013
0.193039
0.200981
0.212133
0.229724
0.266834
0.512685
0.559778
0.562413
0.562498
0.5625
0.5625
0.5625
0.5625
0.5625
0.5625
0.5625
0.5625
0.5625
0.5625
0.5625
0.5625
0.5625
0.5625
0.5625
0.5625
0.520207
0.507591
0.515121
0.534603
0.55249
0.56025
0.562142
0.562459
0.562497
0.5625
0.178484
0.181037
0.183997
0.187497
0.191762
0.197168
0.204379
0.214728
0.231618
0.269204
0.509118
0.55941
0.5624
0.562498
0.5625
0.5625
0.5625
0.5625
0.5625
0.5625
0.5625
0.5625
0.5625
0.5625
0.5625
0.5625
0.5625
0.5625
0.5625
0.5625
0.547151
0.542421
0.545873
0.553346
0.559252
0.561716
0.562363
0.562483
0.562499
0.5625
0.18481
0.18717
0.189819
0.192881
0.196565
0.201224
0.207487
0.216645
0.232071
0.268254
0.498737
0.558421
0.56237
0.562497
0.5625
0.5625
0.5625
0.5625
0.5625
0.5625
0.5625
0.5625
0.5625
0.5625
0.5625
0.5625
0.5625
0.5625
0.5625
0.5625
0.558094
0.556809
0.557745
0.559817
0.561477
0.562224
0.562446
0.562492
0.562499
0.5625
0.191508
0.193651
0.195963
0.198552
0.201601
0.205415
0.210539
0.218104
0.2311
0.262598
0.468266
0.555819
0.562305
0.562496
0.5625
0.5625
0.5625
0.5625
0.5625
0.5625
0.5625
0.5625
0.5625
0.5625
0.5625
0.5625
0.5625
0.5625
0.5625
0.5625
0.561475
0.561142
0.561282
0.561749
0.562178
0.562401
0.562478
0.562496
0.5625
0.5625
0.198742
0.200652
0.202615
0.204723
0.207124
0.210058
0.213952
0.219661
0.229378
0.252173
0.258526
0.265302
0.272145
0.279115
0.286243
0.293568
0.301152
0.309094
0.317567
0.326878
0.337599
0.350786
0.368344
0.393388
0.429561
0.476085
0.520207
0.547151
0.558094
0.561475
0.562213
0.562211
0.56221
0.562295
0.562399
0.562464
0.56249
0.562498
0.5625
0.5625
0.206748
0.208417
0.210038
0.211685
0.213473
0.215587
0.218339
0.222325
0.228903
0.24239
0.249157
0.254889
0.260444
0.266078
0.271893
0.277953
0.284334
0.291145
0.298569
0.306925
0.316777
0.32913
0.345772
0.369776
0.405539
0.455132
0.507591
0.542421
0.556809
0.561142
0.562211
0.562403
0.562428
0.562445
0.562468
0.562487
0.562496
0.562499
0.5625
0.5625
0.215893
0.217324
0.218624
0.219853
0.221102
0.222514
0.22432
0.22692
0.231097
0.238646
0.244808
0.250333
0.255701
0.261138
0.266755
0.272641
0.278895
0.285664
0.293189
0.301867
0.312378
0.325883
0.344401
0.3713
0.411003
0.463824
0.51512
0.545873
0.557745
0.561282
0.56221
0.562428
0.562473
0.562483
0.56249
0.562495
0.562498
0.5625
0.5625
0.5625
0.226852
0.22806
0.229071
0.229938
0.230739
0.231592
0.232677
0.234281
0.236869
0.241224
0.24601
0.250952
0.256073
0.261429
0.267091
0.27315
0.279746
0.287095
0.295549
0.305677
0.318425
0.33538
0.359187
0.393697
0.441483
0.494901
0.534603
0.553346
0.559817
0.561749
0.562295
0.562445
0.562483
0.562493
0.562496
0.562498
0.562499
0.5625
0.5625
0.5625
0.241072
0.242093
0.242865
0.243438
0.243889
0.24433
0.244923
0.2459
0.247587
0.250414
0.254147
0.258551
0.263516
0.269022
0.275118
0.281924
0.289658
0.298683
0.309592
0.323358
0.341578
0.366757
0.402099
0.448612
0.498055
0.534462
0.55249
0.559252
0.561477
0.562178
0.562399
0.562468
0.56249
0.562496
0.562498
0.562499
0.5625
0.5625
0.5625
0.5625
0.261905
0.262827
0.263448
0.263826
0.264051
0.26425
0.264594
0.265311
0.266687
0.269037
0.272458
0.276909
0.282345
0.288786
0.296349
0.305294
0.316087
0.329516
0.346851
0.369996
0.401211
0.441261
0.485379
0.522662
0.545531
0.556135
0.56025
0.561716
0.562224
0.562401
0.562464
0.562487
0.562495
0.562498
0.562499
0.5625
0.5625
0.5625
0.5625
0.5625
0.297011
0.29804
0.298691
0.29905
0.299242
0.299436
0.299853
0.300767
0.302498
0.305381
0.309667
0.315511
0.323059
0.332558
0.344456
0.359502
0.378799
0.403614
0.434527
0.469702
0.503827
0.530651
0.547505
0.556173
0.56001
0.561553
0.562142
0.562363
0.562446
0.562478
0.56249
0.562496
0.562498
0.562499
0.5625
0.5625
0.5625
0.5625
0.5625
0.5625
0.36378
0.36533
0.366359
0.367017
0.367508
0.3681
0.36913
0.371
0.374171
0.379128
0.386334
0.396206
0.409142
0.425499
0.445388
0.468238
0.492346
0.515006
0.533564
0.546664
0.554643
0.558905
0.560954
0.561864
0.562245
0.562398
0.562459
0.562483
0.562492
0.562496
0.562498
0.562499
0.5625
0.5625
0.5625
0.5625
0.5625
0.5625
0.5625
0.5625
0.474094
0.475864
0.477103
0.477999
0.478798
0.479808
0.4814
0.483982
0.487956
0.493632
0.501117
0.510198
0.520311
0.530591
0.540062
0.547912
0.553742
0.557629
0.559974
0.561271
0.561934
0.562252
0.562395
0.562457
0.562482
0.562493
0.562497
0.562499
0.562499
0.5625
0.5625
0.5625
0.5625
0.5625
0.5625
0.5625
0.5625
0.5625
0.5625
0.5625
0.550429
0.55087
0.551189
0.551436
0.551673
0.551974
0.552421
0.55309
0.554026
0.555218
0.556587
0.557996
0.559296
0.560375
0.561186
0.56174
0.562087
0.562288
0.562397
0.562452
0.562479
0.562491
0.562496
0.562498
0.562499
0.5625
0.5625
0.5625
0.5625
0.5625
0.5625
0.5625
0.5625
0.5625
0.5625
0.5625
0.5625
0.5625
0.5625
0.5625
7.06126e-06
0.00022305
0.00174031
0.00536334
0.010772
0.017439
0.0249332
0.0329243
0.0411643
0.0494727
0.0577249
0.0658439
0.0737783
0.081484
0.0889345
0.0961207
0.103047
0.109729
0.116186
0.12244
0.128518
0.134449
0.140264
0.145998
0.151692
0.157394
0.163162
0.169067
0.175201
0.181684
0.188683
0.196435
0.205313
0.215968
0.229669
0.249151
0.280734
0.339597
0.446535
0.542786
0.000222434
0.0011168
0.00363471
0.00791611
0.0136414
0.020439
0.0279739
0.0359665
0.0441965
0.0524976
0.0607526
0.0688869
0.0768394
0.0845618
0.0920262
0.0992226
0.106155
0.112839
0.119292
0.125534
0.13159
0.137486
0.143251
0.148918
0.154522
0.160109
0.165734
0.171468
0.177404
0.183668
0.190431
0.197942
0.206586
0.217023
0.23054
0.249902
0.281507
0.340704
0.448059
0.543323
0.00173923
0.00363465
0.0070164
0.0117999
0.0177601
0.0246355
0.032169
0.0401301
0.0483267
0.0566068
0.0648605
0.0730062
0.0809701
0.0886997
0.0961653
0.103357
0.110278
0.116942
0.123364
0.129563
0.13556
0.141379
0.147042
0.152578
0.15802
0.163407
0.168794
0.174251
0.179876
0.185805
0.192225
0.199401
0.207733
0.217893
0.23118
0.250384
0.281958
0.34138
0.449063
0.543694
0.00536314
0.00791654
0.0118002
0.0168758
0.0229633
0.0298615
0.0373658
0.045285
0.0534511
0.0617249
0.0699978
0.0781679
0.0861506
0.0938896
0.101354
0.108535
0.115437
0.122069
0.128446
0.134582
0.140496
0.146206
0.151729
0.157088
0.162306
0.167419
0.172475
0.177548
0.182741
0.188208
0.194158
0.200886
0.208813
0.218629
0.231639
0.250651
0.28216
0.341747
0.449734
0.543968
0.0107727
0.0136422
0.0177605
0.0229635
0.0290885
0.0359679
0.0434338
0.0513255
0.0594949
0.0678123
0.076148
0.0843764
0.0924028
0.100168
0.107643
0.114822
0.121707
0.128308
0.134637
0.140707
0.14653
0.152119
0.157483
0.162633
0.167586
0.172363
0.177005
0.181583
0.186208
0.191056
0.196377
0.202511
0.209919
0.219307
0.231991
0.250784
0.282221
0.341979
0.450315
0.544231
0.0174399
0.0204399
0.024636
0.0298618
0.035968
0.0428124
0.0502569
0.0581676
0.0664165
0.0748624
0.0833389
0.0916906
0.0998094
0.107636
0.115151
0.122349
0.129236
0.135823
0.142122
0.148142
0.15389
0.159371
0.164584
0.169527
0.174198
0.178601
0.182758
0.186727
0.190624
0.19465
0.199119
0.204459
0.21119
0.220045
0.232342
0.2509
0.282289
0.342297
0.451111
0.544591
0.0249341
0.0279746
0.0321694
0.037366
0.0434339
0.0502569
0.057728
0.0657467
0.0741963
0.0829088
0.0916702
0.100261
0.108556
0.116509
0.124111
0.131369
0.138298
0.144913
0.151227
0.157245
0.16297
0.168397
0.173512
0.178293
0.182715
0.18675
0.190383
0.193636
0.196608
0.199527
0.202802
0.207036
0.212852
0.221018
0.232849
0.251158
0.282555
0.342977
0.452486
0.545167
0.032925
0.035967
0.0401305
0.0452852
0.0513255
0.0581676
0.0657466
0.0739991
0.082825
0.0920568
0.101398
0.110437
0.119046
0.127221
0.134987
0.142379
0.149427
0.156154
0.162574
0.168694
0.174509
0.180005
0.185153
0.189909
0.194209
0.197977
0.201125
0.203593
0.205405
0.206777
0.208252
0.210815
0.215292
0.222501
0.233731
0.251765
0.283254
0.344347
0.454848
0.546073
0.0411648
0.0441968
0.0483269
0.0534511
0.0594949
0.0664164
0.0741963
0.082825
0.0922992
0.102562
0.113236
0.123112
0.13225
0.140796
0.148862
0.156528
0.163847
0.170858
0.177581
0.184024
0.190181
0.196028
0.20152
0.206587
0.21112
0.214962
0.217901
0.219682
0.220083
0.219132
0.217481
0.217047
0.21923
0.224927
0.235291
0.252977
0.284654
0.346767
0.458617
0.54739
0.0494731
0.0524978
0.0566069
0.0617249
0.0678122
0.0748623
0.0829087
0.0920567
0.102562
0.115007
0.130176
0.141588
0.15162
0.160857
0.169558
0.17787
0.185884
0.193662
0.201245
0.208654
0.215892
0.222941
0.229754
0.236237
0.242229
0.247458
0.251483
0.25359
0.252716
0.247627
0.23823
0.229406
0.226193
0.228972
0.237897
0.255064
0.287027
0.350607
0.464163
0.549131
0.0577251
0.0607527
0.0648605
0.0699977
0.0761478
0.0833387
0.0916701
0.101398
0.113236
0.130176
0.489034
0.502406
0.495368
0.491529
0.489774
0.489323
0.489762
0.490835
0.492364
0.494205
0.49623
0.498316
0.500322
0.502076
0.503337
0.503723
0.502534
0.4982
0.486251
0.451547
0.244393
0.235703
0.231919
0.233435
0.241332
0.258098
0.290553
0.356195
0.471728
0.551217
0.065844
0.0688869
0.0730061
0.0781677
0.0843762
0.0916904
0.100261
0.110437
0.123112
0.141588
0.502406
0.557356
0.558871
0.558307
0.557935
0.557746
0.557693
0.55774
0.557857
0.558022
0.558214
0.558413
0.558601
0.558758
0.558855
0.558854
0.558676
0.55815
0.556799
0.553257
0.251
0.241071
0.237077
0.238038
0.245366
0.262013
0.295305
0.363809
0.481336
0.55348
0.0737783
0.0768393
0.0809699
0.0861504
0.0924025
0.0998091
0.108556
0.119046
0.132249
0.15162
0.495368
0.558871
0.562292
0.562363
0.562345
0.562332
0.562326
0.562326
0.562329
0.562335
0.562343
0.562352
0.56236
0.562366
0.562371
0.562371
0.562364
0.562344
0.562298
0.562203
0.257563
0.246251
0.242072
0.242777
0.249877
0.26673
0.301317
0.373729
0.492735
0.555705
0.0814839
0.0845615
0.0886994
0.0938893
0.100168
0.107636
0.116508
0.12722
0.140795
0.160857
0.491529
0.558307
0.562363
0.562493
0.562496
0.562495
0.562495
0.562495
0.562495
0.562495
0.562496
0.562496
0.562496
0.562496
0.562497
0.562497
0.562496
0.562496
0.562495
0.562493
0.264158
0.251462
0.247093
0.247693
0.254821
0.27221
0.308665
0.386313
0.505349
0.557692
0.0889343
0.0920259
0.096165
0.101354
0.107642
0.11515
0.12411
0.134987
0.148861
0.169558
0.489774
0.557935
0.562345
0.562496
0.5625
0.5625
0.5625
0.5625
0.5625
0.5625
0.5625
0.5625
0.5625
0.5625
0.5625
0.5625
0.5625
0.5625
0.5625
0.5625
0.270823
0.256791
0.252237
0.252836
0.260203
0.278475
0.317523
0.402006
0.518299
0.55931
0.0961205
0.0992223
0.103356
0.108535
0.114821
0.122348
0.131369
0.142379
0.156527
0.177869
0.489323
0.557746
0.562332
0.562495
0.5625
0.5625
0.5625
0.5625
0.5625
0.5625
0.5625
0.5625
0.5625
0.5625
0.5625
0.5625
0.5625
0.5625
0.5625
0.5625
0.277593
0.262292
0.257571
0.258263
0.266077
0.285626
0.328242
0.421234
0.530519
0.560514
0.103047
0.106155
0.110278
0.115437
0.121707
0.129235
0.138298
0.149427
0.163847
0.185884
0.489762
0.557693
0.562326
0.562495
0.5625
0.5625
0.5625
0.5625
0.5625
0.5625
0.5625
0.5625
0.5625
0.5625
0.5625
0.5625
0.5625
0.5625
0.5625
0.5625
0.284511
0.268017
0.263162
0.264052
0.272548
0.293868
0.341431
0.444052
0.541019
0.561339
0.109728
0.112839
0.116942
0.122069
0.128307
0.135823
0.144913
0.156153
0.170858
0.193662
0.490835
0.55774
0.562326
0.562495
0.5625
0.5625
0.5625
0.5625
0.5625
0.5625
0.5625
0.5625
0.5625
0.5625
0.5625
0.5625
0.5625
0.5625
0.5625
0.5625
0.29164
0.274035
0.269097
0.270323
0.279797
0.303569
0.358048
0.469573
0.549165
0.561862
0.116185
0.119291
0.123363
0.128445
0.134636
0.142121
0.151226
0.162573
0.177581
0.201245
0.492364
0.557857
0.562329
0.562495
0.5625
0.5625
0.5625
0.5625
0.5625
0.5625
0.5625
0.5625
0.5625
0.5625
0.5625
0.5625
0.5625
0.5625
0.5625
0.5625
0.299075
0.280449
0.275509
0.277262
0.28812
0.315342
0.379422
0.495566
0.554848
0.562169
0.12244
0.125533
0.129563
0.134582
0.140706
0.148141
0.157245
0.168693
0.184024
0.208654
0.494205
0.558022
0.562335
0.562495
0.5625
0.5625
0.5625
0.5625
0.5625
0.5625
0.5625
0.5625
0.5625
0.5625
0.5625
0.5625
0.5625
0.5625
0.5625
0.5625
0.306975
0.287432
0.282613
0.28517
0.298001
0.330189
0.40694
0.51895
0.558425
0.562337
0.128518
0.131589
0.13556
0.140496
0.146529
0.15389
0.16297
0.174508
0.19018
0.215892
0.49623
0.558214
0.562343
0.562496
0.5625
0.5625
0.5625
0.5625
0.5625
0.5625
0.5625
0.5625
0.5625
0.5625
0.5625
0.5625
0.5625
0.5625
0.5625
0.5625
0.315625
0.295282
0.290772
0.294539
0.310226
0.349698
0.440884
0.537163
0.560474
0.562424
0.134449
0.137486
0.141378
0.146205
0.152118
0.159371
0.168397
0.180005
0.196027
0.222941
0.498316
0.558413
0.562352
0.562496
0.5625
0.5625
0.5625
0.5625
0.5625
0.5625
0.5625
0.5625
0.5625
0.5625
0.5625
0.5625
0.5625
0.5625
0.5625
0.5625
0.325553
0.304528
0.300598
0.306179
0.326097
0.376179
0.478316
0.549319
0.561552
0.562466
0.140263
0.143251
0.147041
0.151729
0.157482
0.164584
0.173511
0.185153
0.20152
0.229754
0.500322
0.558601
0.56236
0.562496
0.5625
0.5625
0.5625
0.5625
0.5625
0.5625
0.5625
0.5625
0.5625
0.5625
0.5625
0.5625
0.5625
0.5625
0.5625
0.5625
0.337749
0.316116
0.31315
0.321464
0.347773
0.412075
0.512553
0.556284
0.562079
0.562485
0.145998
0.148917
0.152578
0.157087
0.162633
0.169527
0.178293
0.189908
0.206587
0.236237
0.502076
0.558758
0.562366
0.562496
0.5625
0.5625
0.5625
0.5625
0.5625
0.5625
0.5625
0.5625
0.5625
0.5625
0.5625
0.5625
0.5625
0.5625
0.5625
0.5625
0.35406
0.331757
0.330299
0.342768
0.378591
0.456896
0.537329
0.55978
0.562319
0.562494
0.151692
0.154521
0.158019
0.162305
0.167585
0.174197
0.182715
0.194209
0.21112
0.242228
0.503337
0.558855
0.562371
0.562497
0.5625
0.5625
0.5625
0.5625
0.5625
0.5625
0.5625
0.5625
0.5625
0.5625
0.5625
0.5625
0.5625
0.5625
0.5625
0.5625
0.377768
0.354531
0.355345
0.374023
0.422029
0.502144
0.551468
0.561367
0.562424
0.562497
0.157394
0.160108
0.163407
0.167418
0.172362
0.1786
0.18675
0.197976
0.214961
0.247458
0.503723
0.558854
0.562371
0.562497
0.5625
0.5625
0.5625
0.5625
0.5625
0.5625
0.5625
0.5625
0.5625
0.5625
0.5625
0.5625
0.5625
0.5625
0.5625
0.5625
0.413631
0.389485
0.393448
0.419855
0.475242
0.534976
0.558083
0.562038
0.562468
0.562499
0.163161
0.165734
0.168793
0.172474
0.177004
0.182758
0.190383
0.201125
0.2179
0.251482
0.502534
0.558676
0.562364
0.562496
0.5625
0.5625
0.5625
0.5625
0.5625
0.5625
0.5625
0.5625
0.5625
0.5625
0.5625
0.5625
0.5625
0.5625
0.5625
0.5625
0.463501
0.441097
0.447939
0.477359
0.521632
0.551872
0.560798
0.562311
0.562486
0.562499
0.169066
0.171468
0.17425
0.177547
0.181582
0.186727
0.193636
0.203593
0.219681
0.25359
0.4982
0.55815
0.562344
0.562496
0.5625
0.5625
0.5625
0.5625
0.5625
0.5625
0.5625
0.5625
0.5625
0.5625
0.5625
0.5625
0.5625
0.5625
0.5625
0.5625
0.514488
0.500056
0.506063
0.525832
0.547453
0.558698
0.561844
0.56242
0.562494
0.5625
0.1752
0.177404
0.179875
0.182741
0.186207
0.190623
0.196608
0.205404
0.220083
0.252715
0.486251
0.556799
0.562298
0.562495
0.5625
0.5625
0.5625
0.5625
0.5625
0.5625
0.5625
0.5625
0.5625
0.5625
0.5625
0.5625
0.5625
0.5625
0.5625
0.5625
0.546214
0.540611
0.542949
0.550409
0.557586
0.561159
0.56224
0.562465
0.562497
0.5625
0.181684
0.183667
0.185805
0.188207
0.191055
0.194649
0.199527
0.206776
0.219132
0.247626
0.451547
0.553257
0.562203
0.562493
0.5625
0.5625
0.5625
0.5625
0.5625
0.5625
0.5625
0.5625
0.5625
0.5625
0.5625
0.5625
0.5625
0.5625
0.5625
0.5625
0.558457
0.556842
0.557151
0.559011
0.560953
0.562021
0.562394
0.562483
0.562498
0.5625
0.188682
0.19043
0.192225
0.194158
0.196376
0.199118
0.202801
0.208251
0.21748
0.238229
0.244393
0.251
0.257563
0.264157
0.270823
0.277592
0.28451
0.29164
0.299075
0.306975
0.315625
0.325552
0.337749
0.35406
0.377767
0.413631
0.463501
0.514488
0.546214
0.558457
0.561345
0.561275
0.561207
0.561548
0.562016
0.562326
0.562455
0.562492
0.562499
0.5625
0.196434
0.197942
0.199401
0.200886
0.202511
0.204458
0.207036
0.210815
0.217046
0.229405
0.235703
0.241071
0.246251
0.251462
0.256791
0.262292
0.268017
0.274035
0.280449
0.287431
0.295282
0.304528
0.316116
0.331757
0.354531
0.389484
0.441096
0.500056
0.540611
0.556842
0.561275
0.562084
0.562179
0.562244
0.562349
0.562436
0.56248
0.562496
0.562499
0.5625
0.205312
0.206585
0.207732
0.208813
0.209919
0.21119
0.212852
0.215292
0.21923
0.226193
0.231919
0.237076
0.242072
0.247092
0.252236
0.257571
0.263162
0.269097
0.275509
0.282613
0.290772
0.300597
0.31315
0.330299
0.355345
0.393448
0.447939
0.506062
0.542949
0.557151
0.561207
0.562179
0.562379
0.562424
0.562452
0.562476
0.562491
0.562498
0.5625
0.5625
0.215968
0.217022
0.217892
0.218628
0.219307
0.220044
0.221017
0.222501
0.224927
0.228972
0.233434
0.238038
0.242776
0.247693
0.252836
0.258262
0.264052
0.270322
0.277261
0.28517
0.294539
0.306179
0.321464
0.342768
0.374023
0.419855
0.477359
0.525832
0.550409
0.559011
0.561549
0.562244
0.562424
0.562469
0.562483
0.562491
0.562496
0.562499
0.5625
0.5625
0.229669
0.230539
0.23118
0.231638
0.23199
0.232341
0.232848
0.233731
0.23529
0.237896
0.241332
0.245366
0.249877
0.25482
0.260203
0.266077
0.272548
0.279796
0.28812
0.298
0.310225
0.326097
0.347773
0.378591
0.422029
0.475242
0.521632
0.547453
0.557586
0.560953
0.562016
0.562349
0.562452
0.562483
0.562492
0.562496
0.562498
0.562499
0.5625
0.5625
0.24915
0.249902
0.250384
0.25065
0.250784
0.2509
0.251158
0.251765
0.252976
0.255063
0.258097
0.262012
0.266729
0.272209
0.278475
0.285625
0.293868
0.303569
0.315342
0.330188
0.349698
0.376179
0.412075
0.456896
0.502144
0.534976
0.551872
0.558698
0.561159
0.562021
0.562326
0.562436
0.562476
0.562491
0.562496
0.562498
0.562499
0.5625
0.5625
0.5625
0.280733
0.281507
0.281958
0.282159
0.28222
0.282289
0.282554
0.283253
0.284654
0.287027
0.290552
0.295304
0.301317
0.308664
0.317523
0.328242
0.34143
0.358047
0.379421
0.40694
0.440883
0.478316
0.512553
0.537329
0.551468
0.558083
0.560798
0.561844
0.56224
0.562394
0.562455
0.56248
0.562491
0.562496
0.562498
0.562499
0.562499
0.5625
0.5625
0.5625
0.339597
0.340704
0.341379
0.341747
0.341978
0.342296
0.342977
0.344346
0.346767
0.350607
0.356195
0.363808
0.373729
0.386312
0.402006
0.421234
0.444052
0.469573
0.495566
0.51895
0.537163
0.549319
0.556284
0.55978
0.561367
0.562038
0.562311
0.56242
0.562465
0.562483
0.562492
0.562496
0.562498
0.562499
0.562499
0.5625
0.5625
0.5625
0.5625
0.5625
0.446534
0.448059
0.449062
0.449733
0.450314
0.45111
0.452485
0.454848
0.458617
0.464163
0.471728
0.481336
0.492734
0.505349
0.518299
0.530519
0.541019
0.549165
0.554848
0.558425
0.560474
0.561552
0.562079
0.562319
0.562424
0.562468
0.562486
0.562494
0.562497
0.562498
0.562499
0.562499
0.5625
0.5625
0.5625
0.5625
0.5625
0.5625
0.5625
0.5625
0.542786
0.543323
0.543694
0.543967
0.544231
0.544591
0.545167
0.546073
0.54739
0.549131
0.551217
0.55348
0.555705
0.557692
0.55931
0.560514
0.561339
0.561862
0.562169
0.562337
0.562424
0.562466
0.562485
0.562494
0.562497
0.562499
0.562499
0.5625
0.5625
0.5625
0.5625
0.5625
0.5625
0.5625
0.5625
0.5625
0.5625
0.5625
0.5625
0.5625
4.3182e-08
5.8512e-06
0.000482991
0.00293463
0.00760135
0.0138138
0.0210037
0.0287724
0.0368365
0.044995
0.0531093
0.0610915
0.0688938
0.07648
0.0838241
0.0909157
0.0977568
0.104359
0.110741
0.116924
0.122934
0.128797
0.134545
0.140211
0.145836
0.151466
0.157157
0.162981
0.169028
0.175416
0.182308
0.189939
0.198668
0.209102
0.222383
0.240923
0.2703
0.324201
0.426724
0.535691
5.79905e-06
0.000192885
0.0015913
0.00502618
0.0102171
0.0166619
0.0239457
0.0317464
0.0398186
0.0479795
0.0561
0.0640975
0.0719212
0.079527
0.0868869
0.0939893
0.100836
0.107437
0.113811
0.119978
0.12596
0.131784
0.137476
0.143069
0.148599
0.154108
0.159653
0.165302
0.171148
0.177314
0.183971
0.191363
0.199858
0.210075
0.223171
0.241579
0.270936
0.325062
0.428021
0.536272
0.000481699
0.00159059
0.00423691
0.00849888
0.0140943
0.0207038
0.0280334
0.0358295
0.0438827
0.0520287
0.0601468
0.068157
0.0759958
0.083612
0.090975
0.0980723
0.104905
0.111484
0.117824
0.123943
0.129862
0.135602
0.141188
0.146646
0.152008
0.157315
0.162619
0.16799
0.173525
0.179359
0.185675
0.192735
0.200923
0.210869
0.223739
0.241985
0.271281
0.325548
0.428828
0.536655
0.00293243
0.00502519
0.00849858
0.0132511
0.0190856
0.0257815
0.0331189
0.0408936
0.048926
0.0570665
0.0652008
0.0732392
0.081101
0.0887296
0.0960931
0.103179
0.109989
0.116532
0.122822
0.128873
0.134704
0.140331
0.145772
0.151047
0.156183
0.161214
0.166187
0.171176
0.176283
0.181658
0.187512
0.194131
0.201923
0.211532
0.224134
0.242189
0.271402
0.325765
0.429323
0.536924
0.00759928
0.0102162
0.0140939
0.0190855
0.0250279
0.031749
0.0390742
0.0468344
0.0548729
0.0630514
0.0712504
0.0793518
0.0872614
0.0949187
0.102292
0.109372
0.116162
0.12267
0.128907
0.134887
0.140621
0.146121
0.151398
0.156462
0.161329
0.166022
0.170583
0.17508
0.179624
0.18439
0.189624
0.195661
0.202945
0.212141
0.224427
0.242271
0.271396
0.325866
0.42974
0.537186
0.0138121
0.0166611
0.0207034
0.0257813
0.0317489
0.0384633
0.0457823
0.0535657
0.0616772
0.0699828
0.0783268
0.0865559
0.0945611
0.102281
0.109691
0.116786
0.123573
0.130061
0.136262
0.142185
0.147838
0.153224
0.158344
0.163196
0.167778
0.172096
0.176173
0.180066
0.183891
0.187847
0.192244
0.197502
0.204127
0.212806
0.224722
0.242338
0.271399
0.326045
0.430366
0.537571
0.0210024
0.023945
0.028033
0.0331187
0.039074
0.0457823
0.0531324
0.061017
0.0693247
0.0778998
0.0865321
0.0950031
0.103185
0.111026
0.118519
0.125669
0.132491
0.138999
0.145206
0.151119
0.156739
0.162062
0.167075
0.171759
0.176087
0.180034
0.183587
0.18677
0.189682
0.19255
0.195776
0.199953
0.205686
0.213698
0.225166
0.242541
0.271585
0.326546
0.431545
0.538224
0.0287713
0.0317458
0.0358291
0.0408934
0.0468342
0.0535656
0.061017
0.0691295
0.0778149
0.0869101
0.0961212
0.105038
0.113528
0.121583
0.129231
0.136505
0.143434
0.150041
0.15634
0.162339
0.168033
0.173409
0.178439
0.183081
0.187274
0.190944
0.194009
0.196413
0.198183
0.199537
0.201007
0.203558
0.207992
0.215081
0.225971
0.243073
0.272167
0.327652
0.433666
0.53929
0.0368356
0.039818
0.0438823
0.0489257
0.0548727
0.0616771
0.0693246
0.0778149
0.0871477
0.0972676
0.107798
0.117537
0.12654
0.134952
0.142881
0.150407
0.157582
0.164443
0.171011
0.177295
0.183289
0.188972
0.194301
0.199207
0.203588
0.207293
0.210124
0.211841
0.212239
0.211353
0.209817
0.209488
0.211722
0.217363
0.22742
0.244173
0.273387
0.329674
0.437131
0.540878
0.0449943
0.047979
0.0520283
0.0570662
0.0630512
0.0699827
0.0778996
0.08691
0.0972676
0.109544
0.124501
0.135736
0.145594
0.154649
0.163157
0.171258
0.179044
0.186573
0.193884
0.200997
0.207915
0.21462
0.221067
0.227167
0.232772
0.237636
0.241358
0.2433
0.242496
0.237817
0.229147
0.22104
0.218247
0.221158
0.229854
0.246088
0.275483
0.332916
0.442313
0.543027
0.0531087
0.0560995
0.0601464
0.0652005
0.0712501
0.0783266
0.086532
0.096121
0.107798
0.124501
0.485925
0.499316
0.491734
0.487454
0.485333
0.484555
0.484691
0.485478
0.48673
0.4883
0.49006
0.491881
0.493621
0.495103
0.496077
0.496146
0.494574
0.489687
0.476657
0.439196
0.235166
0.227003
0.223645
0.22536
0.23307
0.248879
0.278605
0.337636
0.449497
0.545671
0.061091
0.0640971
0.0681566
0.0732388
0.0793515
0.0865557
0.0950029
0.105038
0.117537
0.135736
0.499316
0.556834
0.55847
0.557814
0.557364
0.557111
0.557008
0.557014
0.5571
0.55724
0.557412
0.557595
0.557768
0.557906
0.557979
0.557937
0.557687
0.557021
0.555358
0.551017
0.24166
0.232113
0.228522
0.229699
0.236846
0.252474
0.282794
0.344029
0.458816
0.548634
0.0688933
0.0719207
0.0759954
0.0811006
0.0872611
0.0945609
0.103185
0.113528
0.12654
0.145593
0.491734
0.55847
0.562261
0.562341
0.562318
0.562301
0.562292
0.562289
0.562291
0.562296
0.562303
0.562311
0.562319
0.562325
0.562328
0.562326
0.562316
0.562289
0.562229
0.562107
0.248041
0.237028
0.23324
0.234161
0.241057
0.256783
0.288046
0.352277
0.470218
0.551665
0.0764795
0.0795266
0.0836116
0.0887293
0.0949184
0.102281
0.111026
0.121583
0.134951
0.154649
0.487454
0.557814
0.562341
0.562492
0.562495
0.562494
0.562494
0.562494
0.562494
0.562494
0.562494
0.562494
0.562495
0.562495
0.562495
0.562495
0.562495
0.562494
0.562493
0.562491
0.254398
0.241948
0.237966
0.238777
0.245652
0.261748
0.29437
0.362624
0.483401
0.554502
0.0838236
0.0868864
0.0909746
0.0960927
0.102292
0.109691
0.118518
0.129231
0.142881
0.163157
0.485333
0.557364
0.562318
0.562495
0.5625
0.5625
0.5625
0.5625
0.5625
0.5625
0.5625
0.5625
0.5625
0.5625
0.5625
0.5625
0.5625
0.5625
0.5625
0.5625
0.260777
0.246954
0.242789
0.243584
0.250622
0.267358
0.301841
0.375439
0.497765
0.556939
0.0909152
0.0939888
0.0980719
0.103178
0.109372
0.116786
0.125668
0.136505
0.150407
0.171258
0.484555
0.557111
0.562301
0.562494
0.5625
0.5625
0.5625
0.5625
0.5625
0.5625
0.5625
0.5625
0.5625
0.5625
0.5625
0.5625
0.5625
0.5625
0.5625
0.5625
0.267211
0.252096
0.247768
0.248627
0.255993
0.273655
0.310642
0.391229
0.512392
0.558862
0.0977563
0.100835
0.104904
0.109988
0.116162
0.123573
0.13249
0.143434
0.157582
0.179044
0.484691
0.557008
0.562292
0.562494
0.5625
0.5625
0.5625
0.5625
0.5625
0.5625
0.5625
0.5625
0.5625
0.5625
0.5625
0.5625
0.5625
0.5625
0.5625
0.5625
0.27374
0.257419
0.252958
0.253963
0.26183
0.280753
0.321125
0.410545
0.526167
0.560262
0.104358
0.107437
0.111483
0.116531
0.122669
0.130061
0.138999
0.150041
0.164442
0.186573
0.485478
0.557014
0.562289
0.562494
0.5625
0.5625
0.5625
0.5625
0.5625
0.5625
0.5625
0.5625
0.5625
0.5625
0.5625
0.5625
0.5625
0.5625
0.5625
0.5625
0.280414
0.262977
0.258424
0.259676
0.268248
0.288869
0.333891
0.433661
0.538032
0.561204
0.11074
0.113811
0.117823
0.122821
0.128907
0.136262
0.145206
0.15634
0.17101
0.193884
0.48673
0.5571
0.562291
0.562494
0.5625
0.5625
0.5625
0.5625
0.5625
0.5625
0.5625
0.5625
0.5625
0.5625
0.5625
0.5625
0.5625
0.5625
0.5625
0.5625
0.287306
0.268848
0.264262
0.265893
0.275436
0.298368
0.349896
0.459982
0.547284
0.561794
0.116924
0.119977
0.123942
0.128873
0.134886
0.142185
0.151118
0.162338
0.177294
0.200996
0.4883
0.55724
0.562296
0.562494
0.5625
0.5625
0.5625
0.5625
0.5625
0.5625
0.5625
0.5625
0.5625
0.5625
0.5625
0.5625
0.5625
0.5625
0.5625
0.5625
0.294528
0.275156
0.270623
0.272814
0.2837
0.309853
0.370505
0.487485
0.553771
0.562136
0.122933
0.12596
0.129861
0.134704
0.14062
0.147837
0.156739
0.168032
0.183289
0.207914
0.49006
0.557412
0.562303
0.562494
0.5625
0.5625
0.5625
0.5625
0.5625
0.5625
0.5625
0.5625
0.5625
0.5625
0.5625
0.5625
0.5625
0.5625
0.5625
0.5625
0.302266
0.282106
0.277752
0.280764
0.29353
0.324307
0.397296
0.512967
0.557865
0.562323
0.128796
0.131783
0.135601
0.14033
0.146121
0.153224
0.162062
0.173409
0.188971
0.21462
0.491881
0.557595
0.562311
0.562494
0.5625
0.5625
0.5625
0.5625
0.5625
0.5625
0.5625
0.5625
0.5625
0.5625
0.5625
0.5625
0.5625
0.5625
0.5625
0.5625
0.310857
0.290052
0.286057
0.290267
0.305729
0.34331
0.431078
0.533381
0.560206
0.562418
0.134544
0.137476
0.141187
0.145771
0.151397
0.158343
0.167075
0.178439
0.1943
0.221066
0.493621
0.557768
0.562319
0.562495
0.5625
0.5625
0.5625
0.5625
0.5625
0.5625
0.5625
0.5625
0.5625
0.5625
0.5625
0.5625
0.5625
0.5625
0.5625
0.5625
0.320926
0.299615
0.296228
0.302191
0.321633
0.36925
0.46968
0.547295
0.561433
0.562463
0.140211
0.143068
0.146645
0.151047
0.156461
0.163195
0.171759
0.18308
0.199207
0.227167
0.495103
0.557906
0.562325
0.562495
0.5625
0.5625
0.5625
0.5625
0.5625
0.5625
0.5625
0.5625
0.5625
0.5625
0.5625
0.5625
0.5625
0.5625
0.5625
0.5625
0.333647
0.311905
0.309467
0.31803
0.343504
0.404928
0.506501
0.555342
0.562026
0.562484
0.145835
0.148598
0.152008
0.156183
0.161328
0.167777
0.176087
0.187274
0.203587
0.232772
0.496077
0.557979
0.562328
0.562495
0.5625
0.5625
0.5625
0.5625
0.5625
0.5625
0.5625
0.5625
0.5625
0.5625
0.5625
0.5625
0.5625
0.5625
0.5625
0.5625
0.351245
0.328962
0.327936
0.340423
0.374948
0.450637
0.53407
0.559373
0.562296
0.562493
0.151465
0.154108
0.157314
0.161213
0.166022
0.172096
0.180034
0.190943
0.207293
0.237635
0.496146
0.557937
0.562326
0.562495
0.5625
0.5625
0.5625
0.5625
0.5625
0.5625
0.5625
0.5625
0.5625
0.5625
0.5625
0.5625
0.5625
0.5625
0.5625
0.5625
0.377743
0.354548
0.355541
0.373823
0.419905
0.498173
0.550039
0.561189
0.562412
0.562497
0.157157
0.159652
0.162618
0.166187
0.170582
0.176173
0.183587
0.194009
0.210124
0.241358
0.494574
0.557687
0.562316
0.562495
0.5625
0.5625
0.5625
0.5625
0.5625
0.5625
0.5625
0.5625
0.5625
0.5625
0.5625
0.5625
0.5625
0.5625
0.5625
0.5625
0.418792
0.394755
0.398272
0.423228
0.475316
0.533241
0.557493
0.561954
0.562461
0.562499
0.162981
0.165302
0.167989
0.171175
0.175079
0.180066
0.18677
0.196412
0.21184
0.2433
0.489687
0.557021
0.562289
0.562494
0.5625
0.5625
0.5625
0.5625
0.5625
0.5625
0.5625
0.5625
0.5625
0.5625
0.5625
0.5625
0.5625
0.5625
0.5625
0.5625
0.474536
0.453229
0.458183
0.483567
0.522729
0.55123
0.56054
0.562267
0.562482
0.562499
0.169027
0.171147
0.173524
0.176282
0.179624
0.18389
0.189682
0.198182
0.212239
0.242496
0.476657
0.555358
0.562229
0.562493
0.5625
0.5625
0.5625
0.5625
0.5625
0.5625
0.5625
0.5625
0.5625
0.5625
0.5625
0.5625
0.5625
0.5625
0.5625
0.5625
0.525617
0.513412
0.516271
0.530676
0.548169
0.558442
0.561722
0.562396
0.562491
0.5625
0.175415
0.177313
0.179358
0.181658
0.184389
0.187846
0.192549
0.199536
0.211353
0.237816
0.439196
0.551017
0.562107
0.562491
0.5625
0.5625
0.5625
0.5625
0.5625
0.5625
0.5625
0.5625
0.5625
0.5625
0.5625
0.5625
0.5625
0.5625
0.5625
0.5625
0.552286
0.547925
0.54813
0.55254
0.557871
0.561048
0.562181
0.562451
0.562495
0.5625
0.182308
0.183971
0.185675
0.187511
0.189623
0.192243
0.195775
0.201006
0.209817
0.229146
0.235165
0.24166
0.24804
0.254398
0.260777
0.267211
0.273739
0.280414
0.287306
0.294528
0.302266
0.310857
0.320926
0.333647
0.351244
0.377743
0.418792
0.474536
0.525617
0.552286
0.559475
0.559196
0.558886
0.55973
0.561052
0.561973
0.562364
0.562476
0.562497
0.5625
0.189939
0.191362
0.192735
0.19413
0.19566
0.197502
0.199952
0.203557
0.209488
0.221039
0.227003
0.232112
0.237027
0.241947
0.246953
0.252096
0.257419
0.262977
0.268848
0.275156
0.282106
0.290052
0.299615
0.311904
0.328961
0.354548
0.394755
0.453229
0.513412
0.547925
0.559196
0.561362
0.561596
0.561755
0.56205
0.562306
0.56244
0.562487
0.562498
0.5625
0.198668
0.199858
0.200923
0.201922
0.202945
0.204127
0.205686
0.207992
0.211721
0.218247
0.223645
0.228522
0.233239
0.237965
0.242789
0.247768
0.252958
0.258424
0.264262
0.270623
0.277752
0.286057
0.296228
0.309467
0.327936
0.355541
0.398272
0.458183
0.516271
0.54813
0.558886
0.561596
0.562158
0.56228
0.562356
0.562427
0.562473
0.562493
0.562499
0.5625
0.209101
0.210075
0.210868
0.211532
0.21214
0.212805
0.213698
0.21508
0.217362
0.221157
0.22536
0.229699
0.234161
0.238776
0.243583
0.248626
0.253963
0.259676
0.265892
0.272814
0.280764
0.290267
0.302191
0.31803
0.340423
0.373823
0.423228
0.483568
0.530676
0.552541
0.55973
0.561755
0.56228
0.562409
0.562448
0.562471
0.562487
0.562496
0.562499
0.5625
0.222383
0.22317
0.223738
0.224133
0.224427
0.224722
0.225166
0.22597
0.22742
0.229853
0.233069
0.236845
0.241057
0.245652
0.250621
0.255993
0.26183
0.268248
0.275436
0.2837
0.29353
0.305728
0.321633
0.343504
0.374948
0.419904
0.475316
0.522729
0.548169
0.557871
0.561052
0.56205
0.562356
0.562448
0.562476
0.562487
0.562494
0.562498
0.562499
0.5625
0.240923
0.241579
0.241984
0.242189
0.242271
0.242338
0.24254
0.243072
0.244172
0.246088
0.248879
0.252474
0.256783
0.261748
0.267357
0.273654
0.280753
0.288869
0.298368
0.309853
0.324307
0.34331
0.36925
0.404927
0.450637
0.498172
0.533241
0.55123
0.558442
0.561048
0.561973
0.562306
0.562427
0.562471
0.562487
0.562494
0.562497
0.562498
0.562499
0.5625
0.2703
0.270935
0.271281
0.271401
0.271396
0.271399
0.271584
0.272166
0.273386
0.275482
0.278604
0.282793
0.288045
0.29437
0.301841
0.310642
0.321124
0.333891
0.349896
0.370504
0.397296
0.431078
0.46968
0.506501
0.53407
0.550039
0.557493
0.56054
0.561722
0.562181
0.562364
0.56244
0.562473
0.562487
0.562494
0.562497
0.562498
0.562499
0.5625
0.5625
0.324201
0.325062
0.325548
0.325765
0.325865
0.326045
0.326546
0.327652
0.329673
0.332916
0.337636
0.344029
0.352276
0.362623
0.375438
0.391229
0.410545
0.433661
0.459981
0.487484
0.512967
0.533381
0.547295
0.555342
0.559373
0.561189
0.561954
0.562267
0.562396
0.562451
0.562476
0.562487
0.562493
0.562496
0.562498
0.562498
0.562499
0.562499
0.5625
0.5625
0.426723
0.428021
0.428827
0.429323
0.429739
0.430365
0.431545
0.433666
0.43713
0.442313
0.449496
0.458816
0.470217
0.483401
0.497765
0.512392
0.526167
0.538032
0.547284
0.553771
0.557865
0.560206
0.561433
0.562026
0.562296
0.562412
0.562461
0.562482
0.562491
0.562495
0.562497
0.562498
0.562499
0.562499
0.562499
0.562499
0.5625
0.5625
0.5625
0.5625
0.535691
0.536272
0.536655
0.536924
0.537186
0.53757
0.538224
0.539289
0.540878
0.543027
0.545671
0.548634
0.551665
0.554502
0.556939
0.558862
0.560262
0.561204
0.561794
0.562136
0.562323
0.562418
0.562463
0.562484
0.562493
0.562497
0.562499
0.562499
0.5625
0.5625
0.5625
0.5625
0.5625
0.5625
0.5625
0.5625
0.5625
0.5625
0.5625
0.5625
)
;

boundaryField
{
    left
    {
        type            fixedValue;
        value           uniform 1;
    }
    right
    {
        type            fixedValue;
        value           uniform 1;
    }
    up
    {
        type            fixedValue;
        value           uniform 1;
    }
    down
    {
        type            fixedValue;
        value           uniform 1;
    }
    front
    {
        type            fixedValue;
        value           uniform 1;
    }
    back
    {
        type            fixedValue;
        value           uniform 1;
    }
}


// ************************************************************************* //
