/*--------------------------------*- C++ -*----------------------------------*\
| =========                 |                                                 |
| \\      /  F ield         | OpenFOAM: The Open Source CFD Toolbox           |
|  \\    /   O peration     | Version:  2.1.0                                 |
|   \\  /    A nd           | Web:      www.OpenFOAM.org                      |
|    \\/     M anipulation  |                                                 |
\*---------------------------------------------------------------------------*/
FoamFile
{
    version     2.0;
    format      ascii;
    class       volScalarField;
    location    "24090";
    object      pw;
}
// * * * * * * * * * * * * * * * * * * * * * * * * * * * * * * * * * * * * * //

dimensions      [1 -1 -2 0 0 0 0];

internalField   nonuniform List<scalar> 
8000
(
13446.8
13433.8
13412
13385.4
13356.7
13327.5
13298.2
13269.1
13240.1
13211
13181.8
13152.1
13121.8
13090.7
13058.7
13025.8
12991.8
12956.7
12920.5
12883.3
12845
12805.9
12765.9
12725.3
12684.2
12643
12602
12561.5
12522.1
12484.2
12448.2
12414.8
12384.2
12356.8
12332.7
12311.8
12294
12279.7
12269.6
12264.5
13433.8
13422.2
13402.3
13377.5
13350.4
13322.4
13294.1
13265.8
13237.4
13208.9
13180.1
13150.7
13120.7
13089.8
13058
13025.2
12991.3
12956.2
12920.1
12882.8
12844.5
12805.3
12765.1
12724.3
12683
12641.5
12600.1
12559.1
12519.2
12480.8
12444.3
12410.5
12379.5
12351.8
12327.5
12306.4
12288.5
12274.1
12264.1
12259
13412
13402.3
13385.2
13363.3
13338.8
13312.9
13286.3
13259.4
13232.2
13204.7
13176.7
13148.1
13118.6
13088.1
13056.7
13024.1
12990.3
12955.4
12919.2
12881.9
12843.5
12804.1
12763.7
12722.5
12680.7
12638.5
12596.3
12554.4
12513.4
12473.9
12436.5
12401.7
12370
12341.7
12317
12295.6
12277.5
12263.1
12253
12247.9
13385.4
13377.5
13363.3
13344.6
13323
13299.7
13275.4
13250.5
13224.9
13198.8
13172
13144.3
13115.6
13085.8
13054.8
13022.5
12989
12954.2
12918.1
12880.7
12842.2
12802.4
12761.6
12719.9
12677.3
12634.1
12590.7
12547.4
12504.8
12463.6
12424.5
12388.3
12355.5
12326.3
12301
12279.3
12261
12246.4
12236.3
12231.1
13356.7
13350.4
13338.8
13323
13304.4
13283.9
13262.1
13239.4
13215.8
13191.4
13166.1
13139.6
13111.9
13082.9
13052.5
13020.6
12987.4
12952.7
12916.7
12879.3
12840.5
12800.4
12759.1
12716.7
12673.1
12628.7
12583.6
12538.3
12493.4
12449.7
12408.2
12369.9
12335.6
12305.4
12279.4
12257.2
12238.8
12224.1
12214
12208.8
13327.5
13322.4
13312.9
13299.7
13283.9
13266.1
13246.9
13226.6
13205.3
13182.9
13159.3
13134.4
13107.8
13079.7
13050
13018.6
12985.7
12951.2
12915.2
12877.7
12838.7
12798.3
12756.4
12713.1
12668.4
12622.5
12575.4
12527.5
12479.4
12432.2
12387.3
12346.2
12309.9
12278.5
12251.8
12229.4
12210.8
12196.1
12186
12180.9
13298.2
13294.1
13286.3
13275.4
13262.1
13246.9
13230.3
13212.6
13193.7
13173.6
13152.1
13128.9
13103.7
13076.5
13047.5
13016.6
12984
12949.7
12913.8
12876.2
12837
12796.2
12753.8
12709.6
12663.7
12616
12566.5
12515.4
12463.2
12411
12361
12316.2
12277.6
12245
12217.9
12195.4
12176.9
12162.4
12152.4
12147.4
13269.1
13265.8
13259.4
13250.5
13239.4
13226.6
13212.6
13197.4
13181.3
13163.9
13144.9
13123.6
13099.8
13073.6
13045.2
13014.8
12982.5
12948.4
12912.5
12874.9
12835.5
12794.4
12751.4
12706.4
12659.3
12609.9
12557.9
12503.1
12445.5
12386.2
12328.1
12278.3
12237.6
12204.4
12177.3
12155.2
12137.1
12123
12113.3
12108.4
13240.1
13237.4
13232.2
13224.9
13215.8
13205.3
13193.7
13181.3
13168.1
13154.1
13138.3
13119.1
13096.6
13071.3
13043.5
13013.5
12981.4
12947.4
12911.6
12873.9
12834.4
12792.9
12749.5
12703.9
12655.8
12604.9
12550.5
12492
12428.2
12358.5
12285.4
12230
12188.3
12155.8
12129.8
12108.6
12091.4
12078
12068.7
12064.1
13211
13208.9
13204.7
13198.8
13191.4
13182.9
13173.6
13163.9
13154.1
13144.2
13133.4
13116.2
13094.7
13070
13042.5
13012.6
12980.7
12946.7
12910.9
12873.2
12833.6
12792
12748.3
12702.2
12653.4
12601.5
12545.6
12484.3
12415
12332.3
12223.4
12166.4
12128
12098.8
12075.3
12056
12040.1
12027.6
12019
12014.7
13181.8
13180.1
13176.7
13172
13166.1
13159.3
13152.1
13144.9
13138.3
13133.4
13128.7
13107.4
13082.9
13055.5
13025.4
12993
12958.4
12921.7
12883
12842.3
12799.5
12754.5
12707.3
12657.5
12604.8
12548.5
12487.3
12418.5
12335.9
12219.6
12106.5
12082.3
12056.9
12034.2
12014.5
11997.7
11983.5
11972.2
11964.4
11960.4
13152.1
13150.7
13148.1
13144.3
13139.6
13134.4
13128.9
13123.6
13119.1
13116.2
13107.4
13073.1
13039.3
13004.3
12967.8
12929.7
12890
12848.6
12805.4
12760.4
12713.5
12664.4
12612.9
12558.6
12500.9
12438.7
12370.3
12292.8
12200.7
12084.7
12009.8
11997.4
11981.2
11964.5
11948.9
11934.7
11922.4
11912.4
11905.4
11901.8
13121.8
13120.7
13118.6
13115.6
13111.9
13107.8
13103.7
13099.8
13096.6
13094.7
13082.9
13039.3
12997.3
12955.2
12912.4
12868.6
12823.7
12777.5
12729.8
12680.5
12629.4
12576.2
12520.6
12462.1
12400.1
12333.4
12260.7
12179.8
12087.7
11981.8
11922.1
11914.8
11904
11891.9
11879.6
11867.9
11857.4
11848.6
11842.4
11839.2
13090.7
13089.8
13088.2
13085.8
13082.9
13079.7
13076.5
13073.6
13071.3
13070
13055.5
13004.3
12955.2
12906.5
12857.7
12808.4
12758.5
12707.5
12655.5
12602
12546.9
12489.9
12430.6
12368.5
12303.1
12233.4
12158.5
12077
11987.8
11890.6
11838.7
11833.9
11826.4
11817.4
11807.7
11798
11789
11781.3
11775.8
11772.9
13058.7
13058
13056.7
13054.8
13052.5
13050
13047.5
13045.2
13043.5
13042.5
13025.4
12967.8
12912.4
12857.7
12803.3
12748.8
12694
12638.6
12582.3
12524.9
12466.1
12405.6
12343
12277.9
12209.9
12138.2
12062.3
11981.5
11895.4
11804.7
11757.4
11754
11748.4
11741.5
11733.7
11725.6
11717.7
11710.9
11706
11703.5
13025.8
13025.2
13024.1
13022.5
13020.6
13018.6
13016.6
13014.9
13013.5
13012.6
12993
12929.7
12868.6
12808.4
12748.8
12689.5
12630.1
12570.4
12510.2
12449.1
12386.8
12323.1
12257.7
12190.1
12120.1
12047.1
11970.7
11890.9
11807.6
11721.3
11677
11674.3
11670
11664.5
11658
11651
11644
11637.8
11633.4
11631.1
12991.8
12991.3
12990.3
12989
12987.4
12985.7
12984
12982.5
12981.4
12980.7
12958.4
12890
12823.7
12758.5
12694
12630.1
12566.5
12502.8
12438.8
12374.3
12308.9
12242.4
12174.5
12104.8
12033.1
11959.1
11882.6
11803.6
11722.3
11639.2
11596.8
11594.6
11591
11586.3
11580.7
11574.4
11567.9
11562.3
11558.1
11556
12956.7
12956.2
12955.4
12954.2
12952.7
12951.2
12949.7
12948.4
12947.4
12946.8
12921.7
12848.6
12777.5
12707.5
12638.6
12570.4
12502.8
12435.4
12368
12300.4
12232.1
12163.1
12092.9
12021.4
11948.3
11873.6
11796.9
11718.6
11638.6
11557.6
11516.3
11514.4
11511.3
11507.1
11501.8
11495.9
11489.8
11484.4
11480.5
11478.5
12920.5
12920.1
12919.2
12918.1
12916.7
12915.2
12913.8
12912.5
12911.6
12910.9
12883
12805.4
12729.8
12655.5
12582.3
12510.2
12438.8
12368
12297.5
12227
12156.1
12084.8
12012.7
11939.6
11865.3
11789.8
11712.9
11634.9
11555.8
11476
11435.4
11433.6
11430.7
11426.6
11421.5
11415.6
11409.6
11404.3
11400.5
11398.6
12883.3
12882.8
12882
12880.7
12879.3
12877.7
12876.2
12874.9
12873.9
12873.2
12842.3
12760.4
12680.5
12602
12524.9
12449.1
12374.3
12300.4
12227
12153.8
12080.7
12007.3
11933.4
11858.8
11783.5
11707.2
11630
11552
11473.3
11394.1
11353.8
11352
11349.1
11344.9
11339.6
11333.5
11327.4
11322.1
11318.4
11316.4
12845.1
12844.5
12843.5
12842.2
12840.5
12838.8
12837
12835.5
12834.4
12833.6
12799.5
12713.5
12629.4
12546.9
12466.1
12386.8
12308.9
12232.1
12156.1
12080.7
12005.5
11930.2
11854.8
11778.9
11702.5
11625.5
11547.9
11469.7
11390.9
11311.8
11271.5
11269.6
11266.4
11261.9
11256.1
11249.6
11243.2
11237.9
11234
11232
12805.9
12805.3
12804.1
12802.4
12800.5
12798.3
12796.2
12794.4
12793
12792
12754.5
12664.4
12576.2
12489.9
12405.6
12323.1
12242.4
12163.1
12084.8
12007.3
11930.2
11853.4
11776.5
11699.5
11622.1
11544.4
11466.2
11387.5
11308.5
11228.9
11188.3
11186.2
11182.6
11177.4
11170.9
11163.9
11157.1
11151.5
11147.5
11145.4
12765.9
12765.2
12763.7
12761.6
12759.2
12756.4
12753.8
12751.4
12749.5
12748.3
12707.3
12612.9
12520.6
12430.6
12343
12257.7
12174.5
12092.9
12012.7
11933.4
11854.8
11776.5
11698.4
11620.4
11542.1
11463.6
11384.8
11305.6
11225.9
11145.5
11104.3
11101.8
11097.5
11091.5
11084.2
11076.4
11069.1
11063
11058.7
11056.4
12725.3
12724.3
12722.5
12719.9
12716.7
12713.1
12709.6
12706.4
12703.9
12702.2
12657.5
12558.6
12462.2
12368.5
12277.9
12190.2
12104.8
12021.4
11939.6
11858.8
11778.9
11699.5
11620.4
11541.3
11462.3
11383.1
11303.6
11223.8
11143.3
11061.8
11019.7
11016.8
11011.6
11004.5
10996.1
10987.3
10979.1
10972.4
10967.5
10965
12684.3
12683
12680.7
12677.3
12673.1
12668.5
12663.7
12659.3
12655.8
12653.5
12604.8
12500.9
12400.1
12303.1
12209.9
12120.1
12033.1
11948.4
11865.3
11783.5
11702.5
11622.1
11542.1
11462.3
11382.5
11302.7
11222.7
11142.2
11060.9
10978.2
10935.2
10931.6
10925.2
10916.7
10906.8
10896.6
10887.2
10879.4
10873.8
10870.9
12643
12641.5
12638.5
12634.1
12628.7
12622.5
12616
12609.9
12604.9
12601.5
12548.5
12438.7
12333.4
12233.4
12138.2
12047.1
11959.1
11873.6
11789.8
11707.2
11625.5
11544.4
11463.6
11383.1
11302.7
11222.3
11141.9
11061.1
10979.3
10895.6
10851.7
10847.1
10839.1
10828.6
10816.6
10804.4
10793.2
10783.9
10777.3
10773.8
12602
12600.1
12596.3
12590.7
12583.6
12575.4
12566.5
12557.9
12550.5
12545.6
12487.3
12370.3
12260.8
12158.5
12062.3
11970.8
11882.6
11797
11712.9
11630.1
11547.9
11466.2
11384.8
11303.6
11222.7
11141.9
11061.3
10980.5
10898.9
10815.1
10770.6
10764.5
10754.2
10740.8
10725.8
10710.7
10697
10685.6
10677.5
10673.3
12561.5
12559.2
12554.4
12547.4
12538.3
12527.5
12515.5
12503.1
12492
12484.4
12418.6
12292.8
12179.8
12077
11981.5
11890.9
11803.7
11718.6
11634.9
11552
11469.7
11387.6
11305.6
11223.8
11142.2
11061.1
10980.5
10900.4
10820.2
10737.9
10693.7
10685.4
10671.4
10653.8
10634.6
10615.5
10598.2
10583.9
10573.8
10568.5
12522.1
12519.2
12513.5
12504.8
12493.4
12479.5
12463.2
12445.6
12428.2
12415.1
12335.9
12200.7
12087.8
11987.8
11895.5
11807.6
11722.3
11638.7
11555.8
11473.3
11391
11308.5
11225.9
11143.3
11060.9
10979.3
10898.9
10820.2
10742.9
10665.5
10623.6
10611.3
10591.8
10568.1
10543
10518.4
10496.3
10478.2
10465.3
10458.6
12484.2
12480.8
12473.9
12463.6
12449.7
12432.2
12411
12386.2
12358.5
12332.3
12219.6
12084.7
11981.8
11890.6
11804.7
11721.4
11639.2
11557.6
11476
11394.1
11311.8
11228.9
11145.5
11061.8
10978.2
10895.6
10815.1
10737.9
10665.6
10598.6
10564.7
10544.5
10516
10483.8
10450.8
10419.1
10390.7
10367.4
10350.9
10342.3
12448.3
12444.4
12436.5
12424.5
12408.2
12387.3
12361
12328.1
12285.4
12223.4
12106.5
12009.8
11922.1
11838.7
11757.4
11677
11596.8
11516.3
11435.4
11353.8
11271.5
11188.3
11104.3
11019.7
10935.2
10851.7
10770.6
10693.7
10623.6
10564.7
10525.2
10485.8
10443.9
10400.6
10357.5
10316.7
10280.3
10250.4
10229.2
10218.2
12414.8
12410.5
12401.7
12388.3
12370
12346.2
12316.2
12278.4
12230.1
12166.5
12082.3
11997.5
11914.8
11833.9
11754
11674.3
11594.6
11514.4
11433.6
11352.1
11269.6
11186.2
11101.8
11016.8
10931.6
10847.1
10764.6
10685.4
10611.4
10544.5
10485.8
10429.6
10373.5
10317.4
10262.4
10210.5
10164.1
10125.9
10098.5
10084.2
12384.3
12379.6
12370
12355.5
12335.6
12309.9
12277.6
12237.6
12188.3
12128.1
12056.9
11981.2
11904.1
11826.4
11748.5
11670.1
11591.1
11511.3
11430.7
11349.1
11266.4
11182.6
11097.6
11011.6
10925.2
10839.1
10754.2
10671.4
10591.8
10516
10443.9
10373.5
10303.3
10233.5
10165.1
10100
10041.3
9992.37
9957
9938.37
12356.9
12351.9
12341.8
12326.4
12305.4
12278.5
12245.1
12204.4
12155.8
12098.8
12034.2
11964.5
11891.9
11817.4
11741.5
11664.5
11586.3
11507.1
11426.7
11345
11261.9
11177.4
11091.5
11004.5
10916.7
10828.6
10740.8
10653.8
10568.1
10483.8
10400.6
10317.4
10233.5
10149.2
10065.7
9985.17
9911.35
9848.89
9803.04
9778.63
12332.7
12327.5
12317
12301
12279.4
12251.8
12217.9
12177.4
12129.8
12075.3
12014.6
11948.9
11879.6
11807.7
11733.7
11658
11580.7
11501.9
11421.5
11339.6
11256.1
11171
11084.2
10996.1
10906.8
10816.6
10725.8
10634.6
10543
10450.8
10357.5
10262.4
10165.1
10065.7
9965.45
9867.09
9774.98
9695.33
9635.71
9603.51
12311.8
12306.4
12295.6
12279.3
12257.3
12229.4
12195.4
12155.2
12108.6
12056
11997.7
11934.8
11868
11798.1
11725.6
11651
11574.4
11495.9
11415.6
11333.5
11249.6
11163.9
11076.4
10987.3
10896.6
10804.4
10710.8
10615.5
10518.5
10419.1
10316.7
10210.5
10100
9985.17
9867.1
9748.56
9634.7
9533.61
9456.01
9413.28
12294
12288.6
12277.6
12261
12238.8
12210.8
12176.9
12137.1
12091.4
12040.1
11983.6
11922.4
11857.4
11789
11717.8
11644
11568
11489.8
11409.6
11327.4
11243.2
11157.2
11069.1
10979.2
10887.2
10793.2
10697
10598.2
10496.3
10390.7
10280.3
10164.1
10041.3
9911.35
9774.98
9634.71
9496.16
9369.32
9268.96
9212.31
12279.7
12274.2
12263.1
12246.4
12224.1
12196.2
12162.4
12123
12078
12027.6
11972.3
11912.4
11848.6
11781.3
11711
11637.9
11562.3
11484.4
11404.3
11322.1
11237.9
11151.5
11063
10972.4
10879.4
10783.9
10685.6
10583.9
10478.2
10367.4
10250.4
10125.9
9992.37
9848.89
9695.34
9533.62
9369.32
9213.98
9086.8
9012.82
12269.7
12264.1
12253
12236.3
12214
12186
12152.5
12113.3
12068.8
12019
11964.4
11905.4
11842.4
11775.8
11706
11633.4
11558.2
11480.5
11400.6
11318.4
11234
11147.5
11058.7
10967.5
10873.8
10777.3
10677.5
10573.8
10465.3
10350.9
10229.2
10098.5
9957
9803.04
9635.71
9456.02
9268.96
9086.8
8932.57
8839.86
12264.6
12259
12247.9
12231.2
12208.9
12180.9
12147.4
12108.5
12064.1
12014.7
11960.5
11901.8
11839.2
11773
11703.5
11631.1
11556
11478.5
11398.6
11316.4
11232
11145.4
11056.4
10965
10870.9
10773.8
10673.3
10568.5
10458.6
10342.3
10218.2
10084.2
9938.37
9778.64
9603.51
9413.28
9212.31
9012.82
8839.86
8733.09
13467.8
13449.8
13422.5
13391.9
13360.7
13329.8
13299.6
13269.9
13240.6
13211.4
13182
13152.2
13121.9
13090.8
13058.8
13025.8
12991.8
12956.7
12920.5
12883.2
12845
12805.8
12765.8
12725.2
12684.1
12642.9
12601.8
12561.3
12521.9
12483.9
12447.9
12414.5
12383.9
12356.4
12332.4
12311.9
12294.7
12280.9
12270.5
12265
13449.8
13434.9
13411
13383.1
13353.9
13324.5
13295.4
13266.6
13237.9
13209.2
13180.3
13150.8
13120.8
13089.9
13058
13025.2
12991.3
12956.2
12920
12882.8
12844.5
12805.2
12765
12724.2
12682.9
12641.3
12599.9
12558.9
12519
12480.5
12444
12410.1
12379.1
12351.4
12327.2
12306.5
12289.3
12275.3
12264.9
12259.5
13422.5
13411
13391.5
13367.6
13341.5
13314.6
13287.4
13260.1
13232.7
13205
13176.9
13148.2
13118.6
13088.2
13056.7
13024.1
12990.3
12955.3
12919.2
12881.9
12843.5
12804
12763.6
12722.4
12680.5
12638.3
12596.1
12554.2
12513.2
12473.6
12436.1
12401.3
12369.6
12341.3
12316.7
12295.7
12278.3
12264.3
12253.8
12248.3
13391.9
13383.1
13367.6
13347.6
13325.1
13301.1
13276.3
13251
13225.3
13199
13172.1
13144.4
13115.6
13085.8
13054.8
13022.5
12988.9
12954.1
12918
12880.6
12842.1
12802.3
12761.5
12719.7
12677.1
12633.9
12590.5
12547.2
12504.5
12463.3
12424.1
12387.9
12355
12325.9
12300.7
12279.4
12261.8
12247.7
12237.1
12231.6
13360.7
13353.9
13341.5
13325.1
13305.9
13284.9
13262.8
13239.8
13216.1
13191.6
13166.2
13139.7
13111.9
13082.9
13052.4
13020.6
12987.3
12952.7
12916.6
12879.2
12840.4
12800.3
12759
12716.5
12672.9
12628.5
12583.4
12538.1
12493.1
12449.4
12407.8
12369.5
12335.1
12304.9
12279.1
12257.4
12239.6
12225.4
12214.8
12209.3
13329.8
13324.5
13314.6
13301.1
13284.9
13266.8
13247.4
13226.9
13205.5
13183.1
13159.4
13134.4
13107.8
13079.7
13049.9
13018.5
12985.6
12951.1
12915.1
12877.6
12838.6
12798.1
12756.2
12712.9
12668.2
12622.2
12575.1
12527.2
12479.1
12431.8
12386.9
12345.7
12309.4
12278
12251.5
12229.5
12211.7
12197.4
12186.8
12181.4
13299.6
13295.4
13287.4
13276.3
13262.8
13247.4
13230.7
13212.8
13193.8
13173.7
13152.2
13128.9
13103.6
13076.5
13047.4
13016.5
12983.9
12949.6
12913.6
12876
12836.8
12796
12753.5
12709.3
12663.4
12615.7
12566.2
12515.1
12462.8
12410.6
12360.5
12315.7
12277
12244.5
12217.6
12195.6
12177.8
12163.7
12153.3
12147.9
13269.9
13266.6
13260.1
13251
13239.8
13227
13212.8
13197.6
13181.4
13164
13144.9
13123.6
13099.7
13073.5
13045.2
13014.7
12982.4
12948.3
12912.3
12874.7
12835.3
12794.1
12751.1
12706.1
12659
12609.5
12557.5
12502.7
12445.1
12385.7
12327.6
12277.8
12237
12203.9
12177
12155.4
12138
12124.3
12114.1
12108.9
13240.6
13237.9
13232.7
13225.3
13216.1
13205.5
13193.8
13181.4
13168.2
13154.1
13138.3
13119.1
13096.6
13071.2
13043.4
13013.3
12981.2
12947.2
12911.3
12873.6
12834.1
12792.6
12749.2
12703.5
12655.4
12604.5
12550.1
12491.6
12427.7
12358
12284.9
12229.5
12187.7
12155.3
12129.5
12108.9
12092.4
12079.3
12069.5
12064.6
13211.4
13209.2
13205
13199
13191.6
13183.1
13173.7
13164
13154.1
13144.2
13133.4
13116.2
13094.7
13069.8
13042.3
13012.5
12980.5
12946.5
12910.6
12872.9
12833.2
12791.6
12747.9
12701.9
12653.2
12601.3
12545.5
12484.2
12414.8
12331.9
12222.9
12165.9
12127.5
12098.3
12075.1
12056.4
12041.2
12028.9
12019.7
12015.1
13182
13180.3
13176.9
13172.1
13166.2
13159.4
13152.2
13144.9
13138.3
13133.4
13129.3
13108.2
13084.1
13056.9
13027.2
12995
12960.8
12924.5
12886.2
12845.9
12803.6
12759.2
12712.6
12663.4
12611.3
12555.5
12495
12427.1
12345.7
12229.6
12106.4
12082
12056.5
12033.8
12014.5
11998.3
11984.8
11973.6
11965.1
11960.9
13152.2
13150.8
13148.2
13144.4
13139.7
13134.4
13128.9
13123.6
13119.1
13116.2
13108.2
13073.6
13039.8
13004.8
12968.4
12930.4
12890.7
12849.4
12806.4
12761.5
12714.7
12665.8
12614.5
12560.4
12502.8
12440.8
12372.6
12295.3
12203.3
12086.6
12009.9
11997.3
11980.9
11964.3
11949
11935.5
11923.9
11913.8
11906
11902.2
13121.9
13120.8
13118.6
13115.6
13111.9
13107.8
13103.6
13099.7
13096.6
13094.7
13084.1
13039.8
12997.6
12955.4
12912.6
12868.9
12824
12777.8
12730.2
12681
12629.9
12576.8
12521.3
12462.9
12400.9
12334.3
12261.7
12180.8
12088.7
11982.3
11922.3
11914.8
11903.9
11891.9
11880
11869
11859
11849.9
11843
11839.6
13090.8
13089.9
13088.2
13085.8
13082.9
13079.7
13076.5
13073.5
13071.2
13069.8
13056.9
13004.8
12955.4
12906.6
12857.8
12808.6
12758.6
12707.7
12655.7
12602.2
12547.1
12490.2
12430.9
12368.9
12303.4
12233.8
12158.9
12077.4
11988.2
11890.9
11839
11834.1
11826.5
11817.6
11808.4
11799.4
11790.8
11782.5
11776.3
11773.3
13058.8
13058.1
13056.7
13054.8
13052.4
13049.9
13047.4
13045.2
13043.4
13042.3
13027.2
12968.4
12912.6
12857.8
12803.4
12748.9
12694.1
12638.7
12582.4
12525
12466.2
12405.7
12343.1
12278.1
12210.1
12138.4
12062.5
11981.7
11895.7
11805
11757.9
11754.3
11748.8
11742
11734.7
11727.2
11719.6
11712
11706.5
11703.8
13025.8
13025.2
13024.1
13022.5
13020.6
13018.6
13016.5
13014.7
13013.3
13012.5
12995.1
12930.4
12868.9
12808.6
12748.9
12689.6
12630.2
12570.5
12510.2
12449.1
12386.9
12323.2
12257.8
12190.2
12120.2
12047.2
11970.9
11891.1
11807.8
11721.7
11677.7
11674.9
11670.6
11665.3
11659.3
11652.9
11645.9
11638.8
11633.9
11631.4
12991.8
12991.3
12990.3
12988.9
12987.3
12985.6
12983.9
12982.4
12981.2
12980.5
12960.8
12890.7
12824
12758.6
12694.1
12630.2
12566.5
12502.8
12438.9
12374.3
12309
12242.4
12174.5
12104.8
12033.2
11959.2
11882.7
11803.8
11722.6
11639.7
11597.7
11595.4
11592
11587.5
11582.4
11576.6
11569.7
11563.1
11558.6
11556.3
12956.7
12956.2
12955.3
12954.1
12952.7
12951.1
12949.6
12948.3
12947.2
12946.5
12924.5
12849.4
12777.8
12707.7
12638.7
12570.5
12502.8
12435.5
12368.1
12300.4
12232.2
12163.1
12092.9
12021.4
11948.4
11873.6
11797
11718.7
11638.9
11558.2
11517.5
11515.6
11512.6
11508.7
11504
11498.3
11491.4
11485.1
11480.9
11478.8
12920.5
12920
12919.2
12918
12916.6
12915.1
12913.6
12912.3
12911.3
12910.6
12886.2
12806.4
12730.2
12655.7
12582.4
12510.2
12438.9
12368.1
12297.5
12227
12156.2
12084.8
12012.7
11939.6
11865.3
11789.8
11713
11635
11556.1
11476.8
11436.9
11435.1
11432.4
11428.7
11424.1
11418.1
11410.9
11405
11401
11398.9
12883.2
12882.8
12881.9
12880.6
12879.2
12877.6
12876.1
12874.7
12873.6
12872.9
12845.9
12761.5
12681
12602.2
12525
12449.1
12374.3
12300.4
12227
12153.8
12080.7
12007.3
11933.4
11858.9
11783.5
11707.3
11630.1
11552.2
11473.7
11395.1
11355.7
11354
11351.3
11347.5
11342.5
11335.8
11328.5
11322.8
11318.8
11316.7
12845
12844.5
12843.5
12842.1
12840.4
12838.6
12836.8
12835.3
12834.1
12833.2
12803.6
12714.7
12629.9
12547.2
12466.2
12386.9
12309
12232.2
12156.2
12080.7
12005.5
11930.2
11854.8
11778.9
11702.6
11625.6
11548
11469.9
11391.5
11313
11273.7
11272
11269.1
11264.9
11259
11251.5
11244.2
11238.4
11234.4
11232.3
12805.8
12805.2
12804
12802.3
12800.3
12798.1
12796
12794.1
12792.6
12791.6
12759.3
12665.8
12576.8
12490.2
12405.7
12323.2
12242.5
12163.1
12084.8
12007.3
11930.2
11853.4
11776.5
11699.5
11622.2
11544.5
11466.3
11387.8
11309.1
11230.3
11190.8
11189
11185.6
11180.6
11173.6
11165.4
11158
11152
11147.8
11145.6
12765.8
12765.1
12763.6
12761.5
12759
12756.2
12753.5
12751.1
12749.2
12747.9
12712.6
12614.5
12521.3
12430.9
12343.1
12257.8
12174.5
12092.9
12012.7
11933.4
11854.8
11776.5
11698.5
11620.4
11542.2
11463.7
11385
11305.9
11226.6
11147
11107
11104.8
11100.7
11094.5
11086.4
11077.7
11069.9
11063.5
11058.9
11056.6
12725.2
12724.2
12722.4
12719.7
12716.5
12712.9
12709.3
12706.1
12703.5
12701.9
12663.4
12560.4
12462.9
12368.9
12278.1
12190.2
12104.9
12021.5
11939.6
11858.9
11778.9
11699.5
11620.4
11541.4
11462.3
11383.2
11303.8
11224.1
11144
11063.3
11022.2
11019.6
11014.5
11006.9
10997.7
10988.3
10979.7
10972.7
10967.7
10965.2
12684.1
12682.9
12680.5
12677.1
12672.9
12668.2
12663.4
12659
12655.4
12653.2
12611.3
12502.8
12400.9
12303.5
12210.1
12120.2
12033.2
11948.4
11865.3
11783.5
11702.6
11622.2
11542.2
11462.3
11382.6
11302.8
11222.9
11142.6
11061.7
10979.6
10937.2
10933.8
10927.4
10918.4
10908
10897.4
10887.7
10879.6
10874
10871
12642.9
12641.4
12638.3
12634
12628.5
12622.2
12615.7
12609.5
12604.5
12601.4
12555.6
12440.8
12334.3
12233.8
12138.4
12047.2
11959.2
11873.6
11789.8
11707.3
11625.6
11544.5
11463.7
11383.2
11302.8
11222.5
11142.2
11061.5
10980
10896.8
10853.2
10848.7
10840.6
10829.8
10817.4
10804.9
10793.5
10784.1
10777.4
10773.9
12601.9
12599.9
12596.1
12590.5
12583.4
12575.1
12566.2
12557.5
12550.2
12545.5
12495
12372.7
12261.7
12158.9
12062.5
11970.9
11882.7
11797
11713
11630.2
11548
11466.4
11385
11303.8
11222.9
11142.2
11061.6
10980.9
10899.5
10815.9
10771.6
10765.6
10755.1
10741.5
10726.3
10711
10697.1
10685.6
10677.5
10673.2
12561.4
12559
12554.2
12547.2
12538.1
12527.2
12515.1
12502.7
12491.6
12484.2
12427.1
12295.4
12180.8
12077.5
11981.7
11891.1
11803.8
11718.7
11635.1
11552.2
11469.9
11387.9
11305.9
11224.1
11142.6
11061.5
10980.9
10900.8
10820.6
10738.5
10694.2
10685.9
10671.9
10654.2
10634.8
10615.6
10598.2
10583.8
10573.6
10568.4
12521.9
12519
12513.2
12504.6
12493.1
12479.1
12462.8
12445.1
12427.8
12414.8
12345.7
12203.3
12088.7
11988.2
11895.7
11807.8
11722.6
11638.9
11556.2
11473.8
11391.5
11309.1
11226.6
11144
11061.7
10980
10899.5
10820.6
10743.3
10665.9
10623.9
10611.6
10591.9
10568.2
10543
10518.4
10496.1
10477.9
10465
10458.3
12483.9
12480.5
12473.6
12463.3
12449.4
12431.9
12410.6
12385.7
12358
12332
12229.7
12086.6
11982.4
11891
11805
11721.8
11639.8
11558.3
11476.8
11395.1
11313
11230.3
11147
11063.3
10979.7
10896.8
10815.9
10738.5
10665.9
10598.7
10564.8
10544.5
10516
10483.7
10450.6
10418.8
10390.2
10366.9
10350.3
10341.7
12448
12444.1
12436.2
12424.2
12407.9
12386.9
12360.6
12327.6
12284.9
12222.9
12106.5
12009.9
11922.3
11839
11757.9
11677.7
11597.7
11517.5
11436.9
11355.7
11273.7
11190.9
11107
11022.2
10937.3
10853.2
10771.6
10694.2
10623.9
10564.8
10525.2
10485.7
10443.7
10400.3
10357.1
10316.1
10279.5
10249.4
10228
10216.9
12414.5
12410.1
12401.3
12387.9
12369.5
12345.8
12315.7
12277.9
12229.5
12166
12082
11997.3
11914.8
11834.1
11754.3
11674.9
11595.4
11515.6
11435.1
11354
11272
11189
11104.8
11019.6
10933.8
10848.7
10765.6
10685.9
10611.6
10544.5
10485.7
10429.4
10373.1
10316.8
10261.6
10209.4
10162.6
10124
10096.3
10081.7
12383.9
12379.2
12369.6
12355
12335.1
12309.4
12277.1
12237
12187.8
12127.6
12056.5
11980.9
11903.9
11826.5
11748.8
11670.7
11592
11512.6
11432.4
11351.3
11269.1
11185.6
11100.8
11014.5
10927.4
10840.6
10755.1
10671.9
10591.9
10516
10443.7
10373.1
10302.8
10232.6
10163.7
10098
10038.5
9988.81
9952.72
9933.66
12356.5
12351.5
12341.3
12325.9
12305
12278
12244.6
12203.9
12155.3
12098.4
12033.8
11964.3
11891.9
11817.6
11742
11665.3
11587.6
11508.7
11428.7
11347.5
11264.9
11180.6
11094.5
11006.9
10918.5
10829.8
10741.5
10654.2
10568.2
10483.7
10400.3
10316.8
10232.6
10147.8
10063.4
9981.73
9906.45
9842.33
9794.97
9769.62
12332.4
12327.2
12316.7
12300.7
12279.1
12251.5
12217.6
12177
12129.5
12075.1
12014.5
11949
11880
11808.4
11734.7
11659.3
11582.4
11504
11424.1
11342.5
11259
11173.6
11086.4
10997.7
10908
10817.5
10726.3
10634.8
10543
10450.6
10357.1
10261.6
10163.7
10063.4
9961.74
9861.32
9766.42
9683.48
9620.66
9586.4
12311.9
12306.5
12295.7
12279.4
12257.4
12229.5
12195.6
12155.4
12108.9
12056.4
11998.3
11935.6
11869
11799.4
11727.2
11652.9
11576.6
11498.3
11418.1
11335.8
11251.5
11165.5
11077.7
10988.3
10897.4
10805
10711.1
10615.6
10518.4
10418.8
10316.1
10209.4
10098
9981.74
9861.32
9739.18
9620.22
9512.7
9428.5
9381.3
12294.8
12289.3
12278.4
12261.8
12239.6
12211.7
12177.8
12138.1
12092.5
12041.2
11984.9
11923.9
11859
11790.8
11719.6
11645.9
11569.8
11491.4
11410.9
11328.5
11244.2
11158
11069.9
10979.8
10887.7
10793.5
10697.1
10598.2
10496.2
10390.3
10279.5
10162.6
10038.5
9906.45
9766.42
9620.22
9472.73
9333.89
9220.35
9154.18
12280.9
12275.4
12264.3
12247.7
12225.4
12197.4
12163.7
12124.3
12079.3
12029
11973.6
11913.8
11849.9
11782.5
11712
11638.8
11563.1
11485.1
11405
11322.8
11238.4
11152
11063.5
10972.7
10879.7
10784.1
10685.6
10583.8
10477.9
10366.9
10249.4
10124
9988.81
9842.34
9683.48
9512.7
9333.89
9157.66
9005.67
8912.31
12270.5
12264.9
12253.8
12237.1
12214.8
12186.9
12153.3
12114.1
12069.5
12019.8
11965.1
11906.1
11843
11776.4
11706.6
11633.9
11558.6
11480.9
11401
11318.8
11234.4
11147.8
11059
10967.7
10874
10777.4
10677.5
10573.7
10465
10350.3
10228
10096.3
9952.72
9794.97
9620.66
9428.51
9220.35
9005.67
8809.55
8680.95
12265
12259.5
12248.4
12231.7
12209.3
12181.4
12147.9
12108.9
12064.6
12015.1
11960.9
11902.3
11839.6
11773.3
11703.9
11631.4
11556.4
11478.8
11398.9
11316.7
11232.3
11145.6
11056.6
10965.2
10871
10773.9
10673.2
10568.4
10458.3
10341.7
10216.9
10081.7
9933.66
9769.62
9586.4
9381.3
9154.18
8912.31
8680.95
8519.56
13519.3
13484.3
13442.9
13403.5
13367.3
13333.6
13301.9
13271.3
13241.5
13211.9
13182.3
13152.5
13122
13090.8
13058.8
13025.8
12991.8
12956.6
12920.4
12883.2
12844.9
12805.7
12765.7
12725.1
12684
12642.7
12601.7
12561.1
12521.6
12483.6
12447.7
12414.2
12383.6
12356.2
12332.3
12312
12295.2
12281.8
12271.5
12265.8
13484.3
13460.2
13427.2
13392.8
13359.6
13327.9
13297.5
13267.8
13238.7
13209.7
13180.6
13151.1
13120.9
13090
13058.1
13025.2
12991.2
12956.2
12920
12882.7
12844.4
12805.1
12764.9
12724.1
12682.8
12641.2
12599.7
12558.7
12518.7
12480.2
12443.7
12409.8
12378.8
12351.2
12327.1
12306.7
12289.8
12276.3
12265.9
12260.2
13442.9
13427.2
13402.7
13374.8
13346
13317.4
13289.1
13261.2
13233.4
13205.5
13177.2
13148.3
13118.7
13088.2
13056.7
13024.1
12990.3
12955.3
12919.1
12881.8
12843.4
12803.9
12763.5
12722.2
12680.4
12638.1
12595.9
12554
12512.9
12473.3
12435.8
12401
12369.3
12341.1
12316.6
12295.9
12278.9
12265.2
12254.8
12249.1
13403.5
13392.8
13374.8
13352.6
13328.3
13303.2
13277.7
13251.9
13225.9
13199.4
13172.4
13144.5
13115.7
13085.8
13054.8
13022.5
12988.9
12954.1
12917.9
12880.6
12842
12802.2
12761.4
12719.6
12676.9
12633.7
12590.3
12546.9
12504.3
12463
12423.8
12387.5
12354.7
12325.6
12300.6
12279.6
12262.3
12248.6
12238.2
12232.4
13367.3
13359.6
13346
13328.3
13308.1
13286.5
13263.8
13240.5
13216.6
13191.9
13166.4
13139.8
13112
13082.9
13052.4
13020.6
12987.3
12952.6
12916.5
12879.1
12840.3
12800.2
12758.8
12716.3
12672.7
12628.2
12583.1
12537.8
12492.8
12449.1
12407.5
12369.2
12334.8
12304.7
12279
12257.6
12240.2
12226.3
12215.9
12210.1
13333.6
13327.9
13317.4
13303.2
13286.5
13267.9
13248.2
13227.5
13205.9
13183.3
13159.6
13134.5
13107.9
13079.7
13049.9
13018.5
12985.5
12951
12915
12877.4
12838.4
12798
12756
12712.7
12668
12622
12574.8
12526.9
12478.8
12431.5
12386.5
12345.4
12309
12277.7
12251.4
12229.7
12212.2
12198.4
12187.9
12182.1
13301.9
13297.5
13289.1
13277.7
13263.8
13248.2
13231.2
13213.2
13194.1
13173.9
13152.3
13128.9
13103.6
13076.4
13047.4
13016.5
12983.8
12949.5
12913.5
12875.9
12836.6
12795.8
12753.3
12709.1
12663.1
12615.4
12565.9
12514.7
12462.5
12410.2
12360.2
12315.3
12276.7
12244.3
12217.5
12195.8
12178.4
12164.7
12154.3
12148.6
13271.3
13267.8
13261.2
13251.9
13240.5
13227.5
13213.2
13197.8
13181.5
13164.1
13145
13123.6
13099.7
13073.5
13045.1
13014.6
12982.3
12948.1
12912.2
12874.5
12835.1
12793.9
12750.8
12705.8
12658.7
12609.2
12557.2
12502.3
12444.7
12385.3
12327.2
12277.4
12236.7
12203.6
12177
12155.6
12138.6
12125.3
12115.2
12109.7
13241.5
13238.7
13233.4
13225.9
13216.6
13205.9
13194.1
13181.5
13168.3
13154.1
13138.3
13119
13096.5
13071.1
13043.3
13013.2
12981.1
12947
12911.1
12873.4
12833.8
12792.4
12748.9
12703.2
12655.1
12604.2
12549.9
12491.3
12427.4
12357.6
12284.5
12229.1
12187.4
12155.1
12129.5
12109.2
12093.1
12080.4
12070.6
12065.3
13211.9
13209.7
13205.5
13199.4
13191.9
13183.3
13173.9
13164.1
13154.1
13144.2
13133.4
13116.1
13094.6
13069.7
13042.2
13012.3
12980.3
12946.3
12910.4
12872.6
12833
12791.4
12747.6
12701.6
12653
12601.1
12545.3
12484
12414.5
12331.6
12222.5
12165.6
12127.3
12098.2
12075.1
12056.7
12041.9
12030.1
12020.8
12015.8
13182.4
13180.6
13177.2
13172.4
13166.4
13159.6
13152.3
13145
13138.3
13133.4
13129.7
13108.8
13084.9
13057.9
13028.3
12996.3
12962.3
12926.2
12888.2
12848.2
12806.2
12762.1
12715.8
12667
12615.2
12559.9
12499.8
12432.5
12351.8
12235.4
12106.3
12081.8
12056.3
12033.7
12014.6
11998.7
11985.6
11974.8
11966.2
11961.6
13152.5
13151.1
13148.3
13144.5
13139.8
13134.5
13128.9
13123.6
13119
13116.1
13108.8
13074.1
13040.2
13005.3
12969
12931.1
12891.5
12850.3
12807.4
12762.7
12716
12667.3
12616.1
12562.2
12504.8
12442.9
12375
12297.9
12205.9
12088.4
12009.9
11997.2
11980.8
11964.3
11949.2
11936
11924.7
11915.1
11907.1
11902.9
13122
13120.9
13118.8
13115.7
13112
13107.9
13103.6
13099.7
13096.5
13094.6
13084.9
13040.2
12997.9
12955.7
12913
12869.2
12824.4
12778.3
12730.7
12681.5
12630.6
12577.5
12522.1
12463.8
12401.9
12335.4
12262.9
12182
12089.8
11982.9
11922.4
11914.8
11904
11892
11880.3
11869.6
11860
11851.3
11844
11840.2
13090.8
13090
13088.2
13085.8
13082.9
13079.7
13076.4
13073.5
13071.1
13069.8
13057.9
13005.3
12955.7
12906.9
12858
12808.8
12758.8
12708
12655.9
12602.5
12547.5
12490.6
12431.3
12369.3
12304
12234.4
12159.5
12078.1
11988.8
11891.3
11839.2
11834.2
11826.7
11817.9
11808.8
11800.1
11791.9
11784
11777.3
11774
13058.8
13058.1
13056.7
13054.8
13052.4
13049.9
13047.4
13045.1
13043.3
13042.2
13028.3
12969
12913
12858
12803.5
12749.1
12694.2
12638.8
12582.6
12525.2
12466.4
12405.9
12343.4
12278.4
12210.3
12138.7
12062.8
11982
11896
11805.3
11758.2
11754.6
11749.1
11742.4
11735.3
11728.1
11720.9
11713.6
11707.4
11704.4
13025.8
13025.2
13024.1
13022.5
13020.6
13018.5
13016.5
13014.6
13013.2
13012.3
12996.4
12931.1
12869.3
12808.8
12749.1
12689.7
12630.3
12570.6
12510.3
12449.2
12387
12323.3
12257.9
12190.4
12120.3
12047.4
11971.1
11891.3
11808.1
11722.1
11678.1
11675.3
11671.1
11665.8
11660
11653.9
11647.5
11640.4
11634.7
11632
12991.8
12991.3
12990.3
12988.9
12987.3
12985.5
12983.8
12982.3
12981.1
12980.3
12962.3
12891.5
12824.4
12758.8
12694.3
12630.3
12566.6
12502.9
12438.9
12374.4
12309
12242.5
12174.6
12104.9
12033.3
11959.3
11882.9
11804
11722.9
11640.2
11598.3
11596
11592.6
11588.2
11583.3
11577.8
11571.7
11564.7
11559.4
11556.9
12956.6
12956.2
12955.3
12954.1
12952.6
12951
12949.5
12948.1
12947
12946.3
12926.2
12850.3
12778.3
12708
12638.8
12570.6
12502.9
12435.5
12368.1
12300.4
12232.2
12163.1
12093
12021.5
11948.5
11873.7
11797.2
11718.9
11639.3
11558.8
11518.3
11516.3
11513.3
11509.5
11505.1
11499.9
11493.6
11486.6
11481.7
11479.3
12920.4
12920
12919.1
12917.9
12916.5
12915
12913.5
12912.2
12911.1
12910.4
12888.2
12807.4
12730.7
12655.9
12582.6
12510.3
12438.9
12368.1
12297.6
12227
12156.2
12084.8
12012.7
11939.6
11865.4
11789.9
11713.2
11635.3
11556.5
11477.5
11437.8
11436
11433.3
11429.8
11425.4
11420.1
11413.4
11406.3
11401.7
11399.4
12883.2
12882.7
12881.8
12880.6
12879.1
12877.5
12875.9
12874.5
12873.4
12872.6
12848.2
12762.7
12681.6
12602.5
12525.2
12449.2
12374.4
12300.4
12227
12153.9
12080.7
12007.3
11933.4
11858.9
11783.6
11707.4
11630.3
11552.5
11474.2
11396
11356.8
11355.1
11352.4
11348.8
11344.2
11338.4
11331
11323.9
11319.4
11317.2
12844.9
12844.4
12843.4
12842
12840.3
12838.4
12836.7
12835.1
12833.8
12833
12806.2
12716
12630.6
12547.5
12466.4
12387
12309
12232.2
12156.2
12080.7
12005.5
11930.3
11854.8
11779
11702.6
11625.7
11548.2
11470.2
11392.1
11314.1
11275.1
11273.3
11270.5
11266.6
11261.5
11254.8
11246.4
11239.5
11235
11232.7
12805.7
12805.1
12803.9
12802.2
12800.2
12798
12795.8
12793.9
12792.4
12791.4
12762.1
12667.3
12577.6
12490.6
12405.9
12323.3
12242.5
12163.1
12084.8
12007.3
11930.3
11853.4
11776.6
11699.6
11622.3
11544.6
11466.6
11388.2
11309.8
11231.7
11192.7
11190.8
11187.6
11183.1
11176.9
11168.9
11159.8
11152.9
11148.3
11146
12765.7
12765
12763.5
12761.4
12758.8
12756.1
12753.3
12750.8
12748.9
12747.7
12715.8
12616.1
12522.1
12431.3
12343.4
12257.9
12174.6
12093
12012.7
11933.4
11854.8
11776.6
11698.5
11620.4
11542.3
11463.9
11385.2
11306.4
11227.5
11148.8
11109.5
11107.4
11103.6
11098
11090.5
11080.8
11071.3
11064.2
11059.4
11056.9
12725.1
12724.1
12722.2
12719.6
12716.3
12712.7
12709.1
12705.8
12703.3
12701.6
12667
12562.2
12463.8
12369.4
12278.4
12190.4
12104.9
12021.5
11939.6
11858.9
11779
11699.6
11620.4
11541.5
11462.5
11383.4
11304.1
11224.7
11145.1
11065.5
11025.7
11023.2
11018.4
11011.3
11001.8
10990.7
10980.9
10973.3
10968.1
10965.4
12684
12682.8
12680.4
12677
12672.7
12668
12663.2
12658.7
12655.2
12653
12615.3
12504.8
12401.9
12304
12210.4
12120.3
12033.3
11948.5
11865.4
11783.6
11702.6
11622.3
11542.3
11462.5
11382.8
11303
11223.2
11143.2
11062.9
10982.1
10941.4
10938.2
10932.1
10922.9
10911.2
10899
10888.5
10880.1
10874.2
10871.2
12642.8
12641.2
12638.2
12633.8
12628.2
12622
12615.4
12609.2
12604.2
12601.2
12559.9
12443
12335.4
12234.4
12138.7
12047.4
11959.3
11873.7
11789.9
11707.4
11625.7
11544.6
11463.9
11383.4
11303
11222.8
11142.6
11062.1
10981.2
10899.2
10857
10852.9
10844.8
10833.1
10819.4
10806
10794
10784.3
10777.5
10774
12601.7
12599.7
12595.9
12590.3
12583.1
12574.8
12565.9
12557.2
12549.9
12545.3
12499.8
12375
12262.9
12159.5
12062.9
11971.1
11882.9
11797.2
11713.2
11630.3
11548.2
11466.6
11385.2
11304.1
11223.2
11142.6
11062.1
10981.6
10900.5
10817.7
10774.1
10768.3
10757.7
10743.3
10727.3
10711.6
10697.4
10685.7
10677.5
10673.2
12561.2
12558.8
12554
12546.9
12537.8
12526.9
12514.8
12502.4
12491.3
12484
12432.5
12297.9
12182
12078.1
11982.1
11891.3
11804
11718.9
11635.3
11552.5
11470.3
11388.3
11306.4
11224.7
11143.2
11062.1
10981.6
10901.5
10821.4
10739.6
10695.5
10687.2
10673
10654.9
10635.2
10615.8
10598.2
10583.7
10573.5
10568.1
12521.7
12518.8
12513
12504.3
12492.8
12478.8
12462.5
12444.8
12427.4
12414.6
12351.9
12205.9
12089.8
11988.8
11896.1
11808.1
11722.9
11639.3
11556.6
11474.3
11392.1
11309.8
11227.5
11145.1
11062.9
10981.2
10900.5
10821.4
10744
10666.5
10624.4
10612
10592.3
10568.4
10543
10518.2
10495.9
10477.5
10464.5
10457.8
12483.7
12480.2
12473.4
12463
12449.1
12431.5
12410.2
12385.3
12357.6
12331.6
12235.4
12088.4
11983
11891.3
11805.4
11722.1
11640.2
11558.8
11477.5
11396
11314.1
11231.7
11148.8
11065.5
10982.1
10899.2
10817.7
10739.6
10666.5
10599
10564.9
10544.6
10515.9
10483.5
10450.2
10418.2
10389.6
10366
10349.3
10340.6
12447.7
12443.8
12435.9
12423.8
12407.5
12386.5
12360.2
12327.2
12284.5
12222.5
12106.3
12009.9
11922.4
11839.2
11758.2
11678.2
11598.3
11518.3
11437.8
11356.8
11275.1
11192.7
11109.5
11025.7
10941.4
10857
10774.1
10695.5
10624.4
10564.9
10525.2
10485.5
10443.4
10399.8
10356.3
10315.1
10278.1
10247.8
10226.1
10214.8
12414.2
12409.8
12401
12387.6
12369.2
12345.4
12315.3
12277.5
12229.1
12165.6
12081.8
11997.2
11914.9
11834.2
11754.6
11675.4
11596
11516.3
11436
11355.1
11273.3
11190.8
11107.4
11023.2
10938.2
10852.9
10768.3
10687.2
10612.1
10544.6
10485.5
10429
10372.5
10315.9
10260.3
10207.6
10160.1
10120.8
10092.5
10077.7
12383.6
12378.9
12369.3
12354.7
12334.8
12309
12276.7
12236.7
12187.4
12127.3
12056.3
11980.9
11904
11826.7
11749.1
11671.1
11592.6
11513.4
11433.3
11352.4
11270.5
11187.6
11103.6
11018.4
10932.1
10844.8
10757.7
10673
10592.3
10515.9
10443.4
10372.5
10301.8
10231.1
10161.4
10094.8
10034
9982.94
9945.63
9925.83
12356.2
12351.2
12341.1
12325.7
12304.7
12277.8
12244.3
12203.7
12155.1
12098.2
12033.8
11964.4
11892
11817.9
11742.4
11665.9
11588.3
11509.6
11429.8
11348.8
11266.6
11183.1
11098
11011.4
10922.9
10833.1
10743.3
10654.9
10568.4
10483.5
10399.8
10315.9
10231.1
10145.4
10059.6
9976.08
9898.34
9831.42
9781.43
9754.43
12332.4
12327.1
12316.6
12300.6
12279
12251.4
12217.5
12177
12129.5
12075.2
12014.6
11949.2
11880.3
11808.8
11735.3
11660.1
11583.3
11505.1
11425.4
11344.3
11261.5
11177
11090.5
11001.9
10911.2
10819.5
10727.4
10635.2
10543
10450.2
10356.3
10260.3
10161.5
10059.6
9955.64
9851.74
9752.09
9663.4
9594.91
9556.9
12312
12306.7
12295.9
12279.6
12257.6
12229.7
12195.8
12155.6
12109.2
12056.7
11998.7
11936
11869.6
11800.1
11728.1
11653.9
11577.8
11499.9
11420.1
11338.5
11254.8
11168.9
11080.8
10990.7
10899
10806
10711.6
10615.8
10518.2
10418.3
10315.1
10207.6
10094.8
9976.08
9851.74
9723.45
9595.56
9476.48
9380
9324.15
12295.3
12289.8
12278.9
12262.4
12240.2
12212.2
12178.4
12138.7
12093.1
12041.9
11985.6
11924.8
11860
11791.9
11721
11647.5
11571.7
11493.7
11413.4
11331
11246.4
11159.8
11071.3
10980.9
10888.5
10794.1
10697.4
10598.2
10495.9
10389.6
10278.1
10160.1
10034
9898.34
9752.09
9595.56
9431.99
9270.6
9130.88
9044.61
12281.8
12276.3
12265.3
12248.6
12226.4
12198.4
12164.7
12125.4
12080.4
12030.1
11974.8
11915.1
11851.3
11784.1
11713.7
11640.5
11564.7
11486.6
11406.3
11323.9
11239.5
11152.9
11064.2
10973.3
10880.1
10784.4
10685.7
10583.7
10477.5
10366
10247.8
10120.8
9982.94
9831.42
9663.41
9476.49
9270.6
9052.86
8847.37
8707.92
12271.5
12266
12254.9
12238.2
12215.9
12187.9
12154.4
12115.2
12070.6
12020.9
11966.2
11907.1
11844
11777.3
11707.5
11634.7
11559.4
11481.7
11401.7
11319.4
11235
11148.3
11059.4
10968.1
10874.2
10777.5
10677.5
10573.5
10464.5
10349.3
10226.1
10092.6
9945.64
9781.43
9594.91
9380
9130.88
8847.37
8551.47
8323.49
12265.8
12260.2
12249.1
12232.4
12210.1
12182.2
12148.7
12109.7
12065.3
12015.9
11961.6
11902.9
11840.3
11774
11704.5
11632
11556.9
11479.3
11399.4
11317.2
11232.7
11146
11057
10965.4
10871.2
10774
10673.2
10568.1
10457.8
10340.6
10214.8
10077.7
9925.84
9754.44
9556.9
9324.16
9044.61
8707.92
8323.49
7983.23
13638.5
13545.1
13471.5
13417.5
13374.5
13337.6
13304.2
13272.7
13242.3
13212.5
13182.7
13152.7
13122.2
13090.9
13058.9
13025.8
12991.8
12956.6
12920.4
12883.1
12844.9
12805.7
12765.7
12725
12683.9
12642.6
12601.5
12561
12521.5
12483.5
12447.5
12414
12383.4
12356.1
12332.3
12312.1
12295.5
12282.3
12272.3
12266.4
13545.1
13498.1
13448
13404.1
13365.8
13331.5
13299.5
13269.1
13239.5
13210.2
13180.9
13151.3
13121
13090
13058.1
13025.2
12991.2
12956.2
12920
12882.7
12844.3
12805
12764.9
12724
12682.7
12641.1
12599.6
12558.6
12518.6
12480.1
12443.6
12409.6
12378.7
12351.1
12327.1
12306.8
12290.1
12276.8
12266.7
12260.9
13471.5
13448
13415.9
13382.7
13350.7
13320.2
13290.9
13262.3
13234.1
13205.9
13177.5
13148.5
13118.9
13088.3
13056.7
13024.1
12990.3
12955.3
12919.1
12881.8
12843.3
12803.8
12763.4
12722.1
12680.3
12638
12595.7
12553.8
12512.8
12473.2
12435.6
12400.8
12369.1
12340.9
12316.5
12296
12279.2
12265.8
12255.7
12249.7
13417.5
13404.1
13382.7
13357.8
13331.7
13305.3
13279.1
13252.8
13226.4
13199.8
13172.6
13144.7
13115.8
13085.9
13054.8
13022.5
12988.9
12954
12917.9
12880.5
12841.9
12802.1
12761.3
12719.4
12676.8
12633.6
12590.1
12546.8
12504.1
12462.8
12423.6
12387.3
12354.5
12325.5
12300.6
12279.7
12262.6
12249.2
12239
12233
13374.5
13365.8
13350.7
13331.7
13310.4
13288
13264.8
13241.2
13217
13192.2
13166.6
13139.9
13112.1
13082.9
13052.4
13020.6
12987.2
12952.5
12916.4
12879
12840.2
12800.1
12758.7
12716.2
12672.6
12628.1
12583
12537.6
12492.6
12448.8
12407.3
12368.9
12334.6
12304.5
12278.9
12257.7
12240.5
12226.9
12216.7
12210.7
13337.6
13331.5
13320.2
13305.3
13288
13269
13248.9
13228
13206.2
13183.5
13159.7
13134.6
13107.9
13079.7
13049.9
13018.5
12985.5
12950.9
12914.9
12877.4
12838.3
12797.8
12755.9
12712.6
12667.8
12621.8
12574.6
12526.7
12478.6
12431.3
12386.3
12345.1
12308.8
12277.6
12251.4
12229.8
12212.5
12199
12188.8
12182.8
13304.2
13299.5
13290.9
13279.1
13264.8
13248.9
13231.7
13213.5
13194.3
13174.1
13152.4
13129
13103.7
13076.4
13047.3
13016.4
12983.7
12949.4
12913.4
12875.8
12836.5
12795.7
12753.1
12708.9
12663
12615.2
12565.7
12514.5
12462.3
12410
12359.9
12315.1
12276.5
12244.2
12217.5
12195.9
12178.7
12165.3
12155.2
12149.3
13272.7
13269.1
13262.3
13252.8
13241.2
13228
13213.5
13198.1
13181.7
13164.2
13145.1
13123.6
13099.7
13073.5
13045
13014.6
12982.2
12948
12912
12874.4
12834.9
12793.7
12750.7
12705.6
12658.5
12609
12557
12502.1
12444.5
12385.1
12327
12277.2
12236.5
12203.5
12177
12155.7
12139
12126
12116.1
12110.3
13242.3
13239.5
13234.1
13226.4
13217
13206.2
13194.3
13181.7
13168.4
13154.2
13138.3
13119
13096.5
13071.1
13043.2
13013.1
12981
12946.9
12911
12873.2
12833.7
12792.2
12748.7
12703.1
12655
12604
12549.7
12491.1
12427.2
12357.3
12284.2
12228.9
12187.2
12155
12129.5
12109.3
12093.5
12081
12071.5
12066
13212.5
13210.2
13205.9
13199.8
13192.2
13183.5
13174.1
13164.2
13154.2
13144.2
13133.4
13116.1
13094.6
13069.7
13042.1
13012.2
12980.2
12946.2
12910.3
12872.5
12832.8
12791.2
12747.5
12701.5
12652.8
12601
12545.1
12483.8
12414.3
12331.3
12222.3
12165.4
12127.1
12098.1
12075.2
12056.9
12042.3
12030.8
12021.7
12016.5
13182.7
13180.9
13177.5
13172.6
13166.6
13159.7
13152.4
13145.1
13138.3
13133.4
13129.9
13109.2
13085.3
13058.4
13028.9
12997.1
12963.1
12927.2
12889.3
12849.4
12807.6
12763.7
12717.6
12668.9
12617.4
12562.3
12502.5
12435.5
12355.2
12238.3
12106.2
12081.6
12056.2
12033.7
12014.7
11998.9
11986.1
11975.6
11967.1
11962.3
13152.7
13151.3
13148.5
13144.7
13139.9
13134.6
13129
13123.6
13119
13116.1
13109.2
13074.4
13040.6
13005.7
12969.4
12931.6
12892.1
12850.9
12808.1
12763.5
12716.9
12668.3
12617.2
12563.4
12506.2
12444.5
12376.6
12299.7
12207.7
12089.6
12009.9
11997.2
11980.8
11964.4
11949.4
11936.3
11925.2
11915.9
11908
11903.6
13122.2
13121
13118.9
13115.8
13112.1
13107.9
13103.7
13099.7
13096.5
13094.6
13085.3
13040.6
12998.2
12956
12913.2
12869.6
12824.7
12778.7
12731.1
12682
12631.1
12578.1
12522.8
12464.5
12402.7
12336.3
12263.8
12183
12090.6
11983.4
11922.4
11914.9
11904
11892.1
11880.5
11869.9
11860.5
11852.2
11844.9
11840.9
13090.9
13090
13088.3
13085.9
13082.9
13079.7
13076.4
13073.5
13071.1
13069.7
13058.4
13005.7
12956
12907.1
12858.2
12809
12759
12708.2
12656.2
12602.8
12547.8
12490.9
12431.7
12369.8
12304.4
12234.9
12160
12078.6
11989.2
11891.6
11839.3
11834.3
11826.8
11818
11809.1
11800.5
11792.5
11785
11778.2
11774.6
13058.9
13058.1
13056.8
13054.8
13052.5
13049.9
13047.3
13045
13043.2
13042.1
13028.9
12969.4
12913.2
12858.2
12803.7
12749.2
12694.4
12639
12582.7
12525.3
12466.6
12406.1
12343.6
12278.6
12210.6
12139
12063.1
11982.4
11896.3
11805.6
11758.4
11754.8
11749.3
11742.7
11735.6
11728.6
11721.7
11714.8
11708.3
11705
13025.8
13025.2
13024.1
13022.5
13020.6
13018.5
13016.4
13014.6
13013.1
13012.2
12997.1
12931.6
12869.6
12809
12749.2
12689.8
12630.4
12570.7
12510.4
12449.3
12387.1
12323.4
12258
12190.5
12120.5
12047.5
11971.3
11891.5
11808.3
11722.4
11678.4
11675.6
11671.4
11666.2
11660.4
11654.5
11648.3
11641.7
11635.6
11632.6
12991.8
12991.3
12990.3
12988.9
12987.3
12985.5
12983.7
12982.2
12981
12980.2
12963.1
12892.1
12824.7
12759.1
12694.4
12630.4
12566.6
12503
12439
12374.4
12309.1
12242.6
12174.7
12105
12033.4
11959.4
11883
11804.2
11723.1
11640.5
11598.6
11596.3
11592.9
11588.6
11583.8
11578.5
11572.7
11566.1
11560.2
11557.5
12956.6
12956.2
12955.3
12954
12952.6
12951
12949.4
12948
12946.9
12946.2
12927.2
12851
12778.7
12708.2
12639
12570.7
12503
12435.5
12368.1
12300.5
12232.2
12163.2
12093
12021.6
11948.5
11873.8
11797.3
11719.1
11639.5
11559.2
11518.7
11516.7
11513.8
11510
11505.6
11500.7
11494.9
11488.1
11482.5
11479.9
12920.4
12920
12919.1
12917.9
12916.5
12914.9
12913.4
12912.1
12911
12910.3
12889.3
12808.1
12731.1
12656.2
12582.7
12510.4
12439
12368.1
12297.6
12227
12156.2
12084.9
12012.8
11939.7
11865.4
11790
11713.3
11635.5
11556.9
11478
11438.3
11436.5
11433.8
11430.3
11426.1
11421.1
11415.1
11407.8
11402.4
11399.9
12883.2
12882.7
12881.8
12880.5
12879
12877.4
12875.8
12874.4
12873.2
12872.5
12849.4
12763.5
12682
12602.8
12525.3
12449.3
12374.5
12300.5
12227
12153.9
12080.7
12007.3
11933.5
11858.9
11783.6
11707.5
11630.4
11552.7
11474.6
11396.5
11357.4
11355.7
11353
11349.5
11345.2
11339.8
11333.1
11325.3
11320.1
11317.7
12844.9
12844.3
12843.3
12841.9
12840.2
12838.3
12836.5
12834.9
12833.7
12832.8
12807.6
12716.9
12631.1
12547.8
12466.6
12387.1
12309.1
12232.2
12156.2
12080.7
12005.5
11930.3
11854.8
11779
11702.7
11625.8
11548.4
11470.5
11392.5
11314.8
11275.9
11274.1
11271.3
11267.5
11262.7
11256.6
11248.8
11240.7
11235.6
11233.2
12805.7
12805
12803.8
12802.1
12800.1
12797.9
12795.7
12793.7
12792.2
12791.2
12763.7
12668.3
12578.1
12490.9
12406.1
12323.4
12242.6
12163.2
12084.9
12007.3
11930.3
11853.4
11776.6
11699.6
11622.3
11544.7
11466.8
11388.6
11310.4
11232.6
11193.7
11191.8
11188.7
11184.3
11178.7
11171.4
11162.2
11154
11148.9
11146.4
12765.7
12764.9
12763.4
12761.3
12758.7
12755.9
12753.2
12750.7
12748.7
12747.5
12717.6
12617.3
12522.8
12431.7
12343.6
12258
12174.7
12093
12012.8
11933.5
11854.8
11776.6
11698.6
11620.5
11542.3
11464
11385.5
11306.8
11228.2
11150
11110.9
11108.8
11105.1
11099.9
11092.9
11083.9
11073.3
11065.1
11059.9
11057.3
12725
12724
12722.1
12719.5
12716.2
12712.6
12708.9
12705.7
12703.1
12701.5
12669
12563.4
12464.5
12369.8
12278.6
12190.5
12105
12021.6
11939.7
11858.9
11779
11699.6
11620.5
11541.5
11462.6
11383.6
11304.4
11225.2
11146
11067.1
11027.7
11025.2
11020.6
11014
11005.1
10994
10982.4
10974
10968.5
10965.7
12683.9
12682.7
12680.3
12676.8
12672.6
12667.8
12663
12658.5
12655
12652.8
12617.4
12506.2
12402.7
12304.5
12210.6
12120.5
12033.4
11948.5
11865.5
11783.6
11702.7
11622.3
11542.4
11462.6
11382.9
11303.3
11223.6
11143.8
11064
10984.2
10944.2
10941.1
10935.2
10926.5
10915.1
10901.6
10889.6
10880.6
10874.5
10871.4
12642.7
12641.1
12638
12633.6
12628.1
12621.8
12615.2
12609.1
12604.1
12601
12562.3
12444.5
12336.3
12234.9
12139
12047.5
11959.4
11873.8
11790
11707.5
11625.8
11544.7
11464
11383.6
11303.3
11223.1
11143
11062.8
10982.3
10901.5
10860.6
10856.6
10848.7
10837.3
10822.9
10807.6
10794.7
10784.7
10777.7
10774.1
12601.6
12599.6
12595.8
12590.1
12583
12574.6
12565.7
12557
12549.7
12545.1
12502.5
12376.7
12263.8
12160.1
12063.2
11971.3
11883
11797.3
11713.3
11630.5
11548.4
11466.8
11385.5
11304.4
11223.6
11143
11062.6
10982.2
10901.6
10819.9
10777.7
10772.2
10761.6
10746.7
10729.3
10712.4
10697.7
10685.8
10677.5
10673.2
12561
12558.6
12553.8
12546.8
12537.6
12526.7
12514.6
12502.2
12491.1
12483.8
12435.6
12299.7
12183
12078.6
11982.4
11891.5
11804.2
11719.1
11635.5
11552.8
11470.5
11388.6
11306.9
11225.2
11143.8
11062.8
10982.2
10902.2
10822.4
10741.1
10697.7
10689.7
10675.3
10656.5
10635.9
10616
10598.2
10583.6
10573.3
10567.9
12521.5
12518.6
12512.8
12504.1
12492.6
12478.6
12462.3
12444.5
12427.2
12414.4
12355.2
12207.7
12090.6
11989.2
11896.4
11808.3
11723.1
11639.6
11556.9
11474.6
11392.5
11310.4
11228.2
11146
11064
10982.4
10901.6
10822.4
10744.8
10667.3
10625.2
10612.9
10593
10568.7
10542.9
10518
10495.5
10477.1
10464
10457.2
12483.5
12480.1
12473.2
12462.8
12448.9
12431.3
12410
12385.1
12357.4
12331.4
12238.3
12089.7
11983.4
11891.6
11805.6
11722.4
11640.5
11559.2
11478
11396.5
11314.8
11232.6
11150
11067.1
10984.2
10901.5
10819.9
10741.1
10667.3
10599.4
10565.1
10544.7
10515.8
10483.3
10449.8
10417.7
10388.9
10365.2
10348.3
10339.6
12447.5
12443.6
12435.7
12423.6
12407.3
12386.3
12359.9
12327
12284.3
12222.3
12106.2
12009.9
11922.4
11839.4
11758.4
11678.4
11598.7
11518.7
11438.4
11357.4
11275.9
11193.7
11111
11027.8
10944.2
10860.6
10777.7
10697.7
10625.2
10565.1
10525.2
10485.4
10443.1
10399.2
10355.6
10314
10276.8
10246.1
10224.2
10212.7
12414
12409.6
12400.8
12387.4
12369
12345.2
12315.1
12277.2
12228.9
12165.4
12081.7
11997.2
11914.9
11834.3
11754.8
11675.6
11596.4
11516.7
11436.5
11355.7
11274.1
11191.8
11108.8
11025.2
10941.1
10856.6
10772.2
10689.7
10612.9
10544.7
10485.4
10428.7
10371.9
10315
10259
10205.7
10157.6
10117.6
10088.8
10073.6
12383.4
12378.7
12369.1
12354.5
12334.6
12308.8
12276.5
12236.5
12187.2
12127.1
12056.2
11980.8
11904
11826.8
11749.3
11671.4
11592.9
11513.8
11433.8
11353
11271.3
11188.7
11105.1
11020.6
10935.2
10848.7
10761.6
10675.3
10593
10515.9
10443.1
10371.9
10300.9
10229.6
10159.2
10091.5
10029.4
9976.92
9938.33
9917.75
12356.1
12351.1
12341
12325.5
12304.6
12277.6
12244.2
12203.5
12155
12098.1
12033.7
11964.4
11892.1
11818.1
11742.7
11666.2
11588.6
11510
11430.4
11349.5
11267.6
11184.4
11099.9
11014
10926.5
10837.3
10746.7
10656.5
10568.7
10483.3
10399.2
10315
10229.6
10143
10055.8
9970.3
9889.98
9820.06
9767.21
9738.39
12332.3
12327.1
12316.6
12300.6
12279
12251.4
12217.5
12177
12129.5
12075.2
12014.7
11949.4
11880.5
11809.1
11735.6
11660.5
11583.8
11505.7
11426.1
11345.2
11262.7
11178.7
11092.9
11005.2
10915.1
10822.9
10729.3
10635.9
10542.9
10449.8
10355.6
10259
10159.2
10055.8
9949.4
9841.83
9737.08
9642.05
9567.06
9524.61
12312.1
12306.8
12296
12279.7
12257.7
12229.8
12195.9
12155.8
12109.4
12056.9
11999
11936.3
11869.9
11800.5
11728.6
11654.5
11578.5
11500.7
11421.2
11339.8
11256.7
11171.4
11084
10994
10901.6
10807.6
10712.4
10616
10518
10417.7
10314
10205.7
10091.5
9970.3
9841.83
9706.94
9569.13
9436.64
9325.08
9257.95
12295.6
12290.1
12279.2
12262.7
12240.5
12212.5
12178.7
12139
12093.5
12042.3
11986.1
11925.3
11860.6
11792.5
11721.7
11648.3
11572.7
11495
11415.1
11333.1
11248.8
11162.2
11073.3
10982.4
10889.6
10794.7
10697.7
10598.2
10495.6
10388.9
10276.8
10157.6
10029.4
9889.98
9737.08
9569.13
9386.89
9197.51
9022.35
8905.92
12282.4
12276.9
12265.8
12249.2
12227
12199
12165.4
12126
12081.1
12030.8
11975.6
11915.9
11852.2
11785.1
11714.8
11641.8
11566.2
11488.1
11407.8
11325.3
11240.7
11154
11065.1
10974
10880.6
10784.7
10685.8
10583.6
10477.1
10365.2
10246.1
10117.7
9976.92
9820.06
9642.05
9436.64
9197.51
8923.55
8635.41
8411.84
12272.3
12266.8
12255.7
12239
12216.7
12188.8
12155.2
12116.1
12071.5
12021.8
11967.1
11908
11844.9
11778.2
11708.4
11635.6
11560.3
11482.5
11402.4
11320.1
11235.6
11148.9
11059.9
10968.5
10874.5
10777.7
10677.5
10573.3
10464
10348.3
10224.2
10088.8
9938.33
9767.22
9567.06
9325.08
9022.35
8635.41
8157.57
7693.86
12266.4
12260.9
12249.8
12233.1
12210.8
12182.9
12149.4
12110.4
12066
12016.6
11962.3
11903.6
11840.9
11774.6
11705.1
11632.6
11557.5
11479.9
11399.9
11317.7
11233.2
11146.4
11057.3
10965.7
10871.4
10774.1
10673.2
10567.9
10457.2
10339.6
10212.7
10073.6
9917.75
9738.39
9524.61
9257.96
8905.92
8411.84
7693.86
6766.39
13944.3
13632.1
13499.9
13428.5
13379.6
13340.3
13305.6
13273.5
13242.8
13212.8
13182.9
13152.8
13122.2
13091
13058.9
13025.9
12991.8
12956.6
12920.4
12883.1
12844.9
12805.6
12765.6
12725
12683.9
12642.6
12601.5
12560.9
12521.4
12483.4
12447.4
12413.9
12383.3
12356.1
12332.3
12312.2
12295.7
12282.6
12272.7
12266.8
13632.1
13539
13465.8
13412.4
13370.1
13333.8
13300.9
13269.9
13240
13210.5
13181.1
13151.4
13121.1
13090.1
13058.2
13025.2
12991.3
12956.2
12920
12882.7
12844.3
12805
12764.8
12724
12682.6
12641
12599.5
12558.5
12518.5
12480
12443.5
12409.5
12378.6
12351
12327.1
12306.8
12290.2
12277.1
12267.2
12261.3
13499.9
13465.8
13425.8
13388.2
13353.9
13322.1
13292
13263
13234.5
13206.2
13177.6
13148.6
13118.9
13088.4
13056.8
13024.1
12990.3
12955.3
12919.1
12881.7
12843.3
12803.8
12763.3
12722.1
12680.2
12638
12595.7
12553.7
12512.7
12473.1
12435.6
12400.7
12369
12340.9
12316.5
12296
12279.3
12266.1
12256.1
12250.2
13428.5
13412.4
13388.2
13361.3
13333.9
13306.7
13279.9
13253.3
13226.8
13200
13172.7
13144.8
13115.9
13085.9
13054.8
13022.5
12988.9
12954
12917.9
12880.5
12841.8
12802.1
12761.2
12719.4
12676.8
12633.5
12590
12546.7
12504
12462.7
12423.5
12387.2
12354.4
12325.5
12300.6
12279.7
12262.8
12249.5
12239.4
12233.5
13379.6
13370.1
13353.9
13333.9
13311.9
13289
13265.5
13241.6
13217.3
13192.4
13166.7
13140
13112.1
13083
13052.5
13020.5
12987.2
12952.5
12916.4
12878.9
12840.1
12800
12758.6
12716.1
12672.5
12628
12582.9
12537.5
12492.5
12448.7
12407.2
12368.8
12334.5
12304.5
12278.9
12257.7
12240.6
12227.2
12217.1
12211.2
13340.3
13333.8
13322.1
13306.7
13289
13269.7
13249.4
13228.3
13206.4
13183.6
13159.8
13134.6
13108
13079.7
13049.9
13018.5
12985.5
12950.9
12914.9
12877.3
12838.3
12797.8
12755.8
12712.5
12667.7
12621.7
12574.5
12526.6
12478.5
12431.2
12386.2
12345
12308.7
12277.5
12251.3
12229.8
12212.7
12199.3
12189.2
12183.3
13305.6
13300.9
13292
13279.9
13265.5
13249.4
13232.1
13213.7
13194.5
13174.2
13152.4
13129
13103.7
13076.4
13047.3
13016.4
12983.7
12949.3
12913.3
12875.7
12836.5
12795.6
12753.1
12708.8
12662.9
12615.1
12565.6
12514.4
12462.1
12409.9
12359.8
12314.9
12276.4
12244.1
12217.5
12195.9
12178.8
12165.6
12155.7
12149.8
13273.5
13269.9
13263
13253.3
13241.6
13228.3
13213.8
13198.2
13181.8
13164.3
13145.1
13123.6
13099.7
13073.4
13045
13014.5
12982.1
12947.9
12912
12874.3
12834.8
12793.6
12750.6
12705.6
12658.4
12608.9
12556.9
12502
12444.4
12384.9
12326.9
12277.1
12236.4
12203.5
12176.9
12155.8
12139.1
12126.3
12116.5
12110.8
13242.8
13240
13234.5
13226.8
13217.3
13206.4
13194.5
13181.8
13168.5
13154.3
13138.4
13119.1
13096.5
13071.1
13043.2
13013.1
12980.9
12946.8
12910.9
12873.2
12833.6
12792.1
12748.6
12703
12654.9
12603.9
12549.6
12491
12427.1
12357.2
12284.1
12228.8
12187.1
12154.9
12129.5
12109.4
12093.6
12081.3
12072
12066.4
13212.8
13210.5
13206.2
13200
13192.4
13183.6
13174.2
13164.3
13154.3
13144.2
13133.4
13116.1
13094.6
13069.7
13042.1
13012.2
12980.1
12946.1
12910.2
12872.4
12832.7
12791.1
12747.4
12701.4
12652.7
12600.9
12545
12483.7
12414.2
12331.2
12222.2
12165.3
12127
12098.1
12075.2
12057
12042.5
12031.1
12022.2
12016.9
13182.9
13181.1
13177.6
13172.7
13166.7
13159.8
13152.5
13145.1
13138.4
13133.4
13130
13109.4
13085.6
13058.8
13029.3
12997.5
12963.6
12927.7
12889.9
12850.1
12808.4
12764.6
12718.5
12670
12618.6
12563.7
12504
12437.2
12357
12240
12106.1
12081.6
12056.2
12033.7
12014.7
11999
11986.2
11975.9
11967.6
11962.7
13152.8
13151.4
13148.6
13144.8
13140
13134.6
13129
13123.6
13119.1
13116.1
13109.4
13074.6
13040.8
13006
12969.7
12931.9
12892.4
12851.3
12808.5
12763.9
12717.4
12668.8
12617.9
12564.1
12506.9
12445.3
12377.5
12300.6
12208.7
12090.4
12009.9
11997.1
11980.8
11964.4
11949.4
11936.4
11925.5
11916.3
11908.6
11904
13122.2
13121.1
13118.9
13115.9
13112.1
13108
13103.7
13099.7
13096.5
13094.6
13085.6
13040.8
12998.4
12956.2
12913.4
12869.7
12824.9
12778.9
12731.4
12682.3
12631.4
12578.5
12523.1
12464.9
12403.1
12336.8
12264.3
12183.5
12091.1
11983.7
11922.4
11914.9
11904
11892.2
11880.6
11870.1
11860.8
11852.6
11845.5
11841.3
13091
13090.1
13088.4
13085.9
13083
13079.7
13076.4
13073.5
13071.1
13069.7
13058.8
13006
12956.2
12907.2
12858.3
12809.1
12759.2
12708.3
12656.3
12603
12548
12491.1
12431.9
12370
12304.7
12235.2
12160.3
12078.9
11989.5
11891.7
11839.4
11834.4
11826.8
11818.1
11809.2
11800.7
11792.8
11785.5
11778.8
11775
13058.9
13058.2
13056.8
13054.8
13052.5
13049.9
13047.3
13045
13043.2
13042.1
13029.3
12969.7
12913.4
12858.3
12803.8
12749.3
12694.5
12639
12582.8
12525.4
12466.7
12406.2
12343.7
12278.7
12210.8
12139.2
12063.3
11982.5
11896.5
11805.7
11758.5
11754.8
11749.4
11742.8
11735.7
11728.8
11722
11715.3
11708.9
11705.4
13025.9
13025.3
13024.1
13022.5
13020.6
13018.5
13016.4
13014.5
13013.1
13012.2
12997.5
12931.9
12869.7
12809.1
12749.3
12689.8
12630.4
12570.7
12510.5
12449.4
12387.1
12323.5
12258.1
12190.6
12120.6
12047.6
11971.4
11891.6
11808.4
11722.5
11678.5
11675.7
11671.5
11666.3
11660.6
11654.7
11648.7
11642.4
11636.2
11633
12991.8
12991.3
12990.3
12988.9
12987.2
12985.5
12983.7
12982.2
12980.9
12980.1
12963.6
12892.4
12824.9
12759.2
12694.5
12630.4
12566.7
12503
12439
12374.5
12309.1
12242.6
12174.7
12105.1
12033.4
11959.5
11883.1
11804.3
11723.2
11640.7
11598.8
11596.5
11593.1
11588.8
11584
11578.8
11573.2
11566.9
11560.8
11557.8
12956.6
12956.2
12955.3
12954
12952.5
12950.9
12949.4
12948
12946.9
12946.1
12927.7
12851.3
12778.9
12708.3
12639.1
12570.7
12503
12435.6
12368.2
12300.5
12232.2
12163.2
12093.1
12021.6
11948.6
11873.8
11797.4
11719.2
11639.7
11559.4
11518.9
11516.9
11514
11510.2
11505.9
11501
11495.5
11489
11483
11480.2
12920.4
12920
12919.1
12917.9
12916.4
12914.9
12913.3
12912
12910.9
12910.2
12889.9
12808.5
12731.4
12656.3
12582.8
12510.5
12439
12368.2
12297.6
12227
12156.2
12084.9
12012.8
11939.7
11865.5
11790
11713.4
11635.6
11557
11478.2
11438.6
11436.7
11434.1
11430.6
11426.4
11421.6
11415.8
11408.8
11402.9
11400.2
12883.1
12882.7
12881.8
12880.5
12879
12877.3
12875.7
12874.3
12873.2
12872.4
12850.1
12763.9
12682.3
12603
12525.4
12449.4
12374.5
12300.5
12227
12153.9
12080.7
12007.3
11933.5
11859
11783.7
11707.5
11630.5
11552.9
11474.8
11396.8
11357.7
11355.9
11353.3
11349.8
11345.5
11340.4
11334.1
11326.3
11320.6
11318
12844.9
12844.3
12843.3
12841.9
12840.1
12838.3
12836.5
12834.9
12833.6
12832.7
12808.4
12717.4
12631.4
12548
12466.7
12387.2
12309.1
12232.3
12156.2
12080.7
12005.5
11930.3
11854.9
11779
11702.7
11625.9
11548.5
11470.7
11392.8
11315.1
11276.2
11274.4
11271.7
11267.9
11263.2
11257.4
11250.1
11241.6
11236
11233.4
12805.7
12805
12803.8
12802.1
12800
12797.8
12795.6
12793.6
12792.1
12791.1
12764.6
12668.8
12578.5
12491.1
12406.2
12323.5
12242.6
12163.2
12084.9
12007.3
11930.3
11853.5
11776.6
11699.6
11622.4
11544.8
11466.9
11388.8
11310.7
11233
11194.1
11192.2
11189.1
11184.9
11179.4
11172.5
11163.8
11154.7
11149.3
11146.6
12765.6
12764.9
12763.4
12761.2
12758.7
12755.9
12753.1
12750.6
12748.6
12747.4
12718.6
12617.9
12523.1
12431.9
12343.7
12258.1
12174.7
12093.1
12012.8
11933.5
11854.9
11776.6
11698.6
11620.5
11542.4
11464.1
11385.6
11307.1
11228.6
11150.6
11111.6
11109.4
11105.7
11100.6
11093.9
11085.5
11075
11065.7
11060.2
11057.5
12725
12724
12722.1
12719.4
12716.1
12712.5
12708.9
12705.6
12703
12701.4
12670.1
12564.1
12464.9
12370
12278.7
12190.6
12105.1
12021.6
11939.7
11859
11779
11699.6
11620.5
11541.6
11462.6
11383.7
11304.6
11225.5
11146.5
11067.9
11028.6
11026
11021.5
11015.1
11006.6
10996
10983.8
10974.5
10968.7
10965.9
12683.9
12682.6
12680.2
12676.8
12672.5
12667.8
12662.9
12658.4
12654.9
12652.7
12618.6
12506.9
12403.2
12304.7
12210.8
12120.6
12033.4
11948.6
11865.5
11783.7
11702.7
11622.4
11542.4
11462.6
11383
11303.4
11223.8
11144.2
11064.6
10985.2
10945.5
10942.3
10936.5
10928.1
10917.2
10903.9
10890.5
10881
10874.7
10871.5
12642.6
12641
12638
12633.6
12628
12621.7
12615.1
12609
12604
12600.9
12563.7
12445.3
12336.8
12235.2
12139.2
12047.6
11959.5
11873.9
11790
11707.5
11625.9
11544.8
11464.1
11383.7
11303.4
11223.3
11143.2
11063.2
10983.1
10902.8
10862.4
10858.4
10850.7
10839.6
10825.4
10809.3
10795.2
10784.9
10777.8
10774.1
12601.5
12599.5
12595.7
12590.1
12582.9
12574.6
12565.6
12556.9
12549.6
12545
12504
12377.6
12264.3
12160.4
12063.3
11971.4
11883.1
11797.4
11713.4
11630.5
11548.5
11466.9
11385.6
11304.6
11223.8
11143.2
11062.9
10982.7
10902.3
10821.4
10780
10774.6
10764.1
10749.4
10731.5
10713.2
10697.9
10685.9
10677.5
10673.1
12561
12558.6
12553.8
12546.7
12537.5
12526.6
12514.5
12502
12491
12483.7
12437.2
12300.7
12183.5
12078.9
11982.6
11891.6
11804.3
11719.2
11635.6
11552.9
11470.7
11388.8
11307.1
11225.5
11144.2
11063.2
10982.7
10902.7
10823
10742.3
10699.8
10692
10677.6
10658.4
10636.8
10616.1
10598.1
10583.5
10573.2
10567.8
12521.4
12518.5
12512.7
12504
12492.6
12478.5
12462.2
12444.4
12427.1
12414.2
12357.1
12208.7
12091.1
11989.5
11896.5
11808.5
11723.2
11639.7
11557
11474.8
11392.8
11310.7
11228.6
11146.6
11064.6
10983.1
10902.3
10823
10745.3
10667.9
10626.1
10614
10593.9
10569.2
10543
10517.8
10495.3
10476.9
10463.7
10456.9
12483.4
12480
12473.1
12462.7
12448.8
12431.2
12409.9
12385
12357.2
12331.2
12240
12090.4
11983.7
11891.7
11805.7
11722.5
11640.7
11559.4
11478.2
11396.8
11315.1
11233
11150.6
11067.9
10985.2
10902.8
10821.4
10742.3
10667.9
10599.7
10565.3
10544.8
10515.9
10483.1
10449.5
10417.3
10388.4
10364.6
10347.7
10338.9
12447.4
12443.5
12435.6
12423.5
12407.2
12386.2
12359.8
12326.9
12284.1
12222.2
12106.2
12009.9
11922.5
11839.4
11758.5
11678.5
11598.8
11518.9
11438.6
11357.7
11276.2
11194.2
11111.6
11028.6
10945.5
10862.4
10780
10699.8
10626.1
10565.3
10525.2
10485.2
10442.8
10398.8
10355
10313.3
10275.9
10245
10222.9
10211.4
12413.9
12409.6
12400.7
12387.3
12368.9
12345.1
12315
12277.1
12228.8
12165.3
12081.6
11997.2
11914.9
11834.4
11754.9
11675.7
11596.5
11516.9
11436.8
11356
11274.5
11192.2
11109.4
11026.1
10942.3
10858.4
10774.6
10692
10614
10544.8
10485.2
10428.4
10371.5
10314.4
10258.1
10204.5
10156
10115.6
10086.4
10071
12383.4
12378.6
12369
12354.4
12334.5
12308.8
12276.4
12236.4
12187.2
12127.1
12056.2
11980.8
11904.1
11826.9
11749.4
11671.5
11593.1
11514
11434.1
11353.3
11271.7
11189.2
11105.8
11021.5
10936.5
10850.7
10764.1
10677.7
10593.9
10515.9
10442.8
10371.5
10300.3
10228.7
10157.8
10089.4
10026.5
9973.11
9933.69
9912.59
12356.1
12351.1
12340.9
12325.5
12304.5
12277.6
12244.1
12203.5
12154.9
12098.1
12033.7
11964.4
11892.2
11818.1
11742.8
11666.3
11588.8
11510.2
11430.6
11349.8
11267.9
11184.9
11100.6
11015.1
10928.1
10839.6
10749.4
10658.4
10569.2
10483.1
10398.8
10314.4
10228.7
10141.4
10053.4
9966.66
9884.67
9812.78
9758.02
9727.94
12332.3
12327.1
12316.6
12300.6
12278.9
12251.4
12217.5
12177
12129.5
12075.2
12014.8
11949.5
11880.6
11809.2
11735.8
11660.6
11584
11505.9
11426.4
11345.6
11263.2
11179.4
11094
11006.7
10917.2
10825.4
10731.5
10636.8
10543
10449.5
10355
10258.1
10157.8
10053.4
9945.46
9835.52
9727.4
9628.06
9548.48
9502.76
12312.2
12306.8
12296
12279.7
12257.7
12229.9
12196
12155.8
12109.4
12057
11999.1
11936.5
11870.1
11800.7
11728.8
11654.7
11578.8
11501
11421.6
11340.4
11257.4
11172.5
11085.5
10996
10903.9
10809.3
10713.2
10616.1
10517.8
10417.3
10313.3
10204.5
10089.4
9966.66
9835.52
9696.27
9551.69
9409.58
9286.49
9210.01
12295.7
12290.2
12279.3
12262.8
12240.6
12212.7
12178.9
12139.2
12093.6
12042.5
11986.3
11925.5
11860.8
11792.8
11722
11648.7
11573.2
11495.5
11415.8
11334.1
11250.1
11163.8
11075
10983.8
10890.5
10795.2
10697.9
10598.2
10495.3
10388.4
10275.9
10156
10026.5
9884.67
9727.41
9551.69
9356.06
9145.01
8939.29
8792.83
12282.6
12277.1
12266.1
12249.5
12227.2
12199.3
12165.6
12126.3
12081.4
12031.1
11975.9
11916.3
11852.7
11785.5
11715.4
11642.4
11567
11489.1
11408.8
11326.3
11241.6
11154.8
11065.8
10974.5
10881
10784.9
10685.9
10583.5
10476.9
10364.6
10245.1
10115.7
9973.12
9812.79
9628.06
9409.58
9145.01
8822.62
8449.77
8116.11
12272.8
12267.2
12256.1
12239.5
12217.2
12189.3
12155.7
12116.6
12072
12022.3
11967.7
11908.6
11845.5
11778.8
11709
11636.2
11560.8
11483
11402.9
11320.6
11236
11149.3
11060.2
10968.7
10874.7
10777.8
10677.5
10573.2
10463.7
10347.7
10222.9
10086.4
9933.7
9758.02
9548.48
9286.49
8939.29
8449.77
7735.42
6810
12266.9
12261.3
12250.2
12233.5
12211.2
12183.3
12149.8
12110.8
12066.4
12017
11962.7
11904
11841.3
11775
11705.5
11633
11557.9
11480.2
11400.2
11318
11233.5
11146.7
11057.5
10965.9
10871.5
10774.1
10673.1
10567.8
10456.9
10338.9
10211.4
10071
9912.6
9727.94
9502.76
9210.01
8792.83
8116.11
6810
3694.6
)
;

boundaryField
{
    left
    {
        type            zeroGradient;
    }
    right
    {
        type            zeroGradient;
    }
    up
    {
        type            zeroGradient;
    }
    down
    {
        type            zeroGradient;
    }
    front
    {
        type            zeroGradient;
    }
    back
    {
        type            zeroGradient;
    }
}


// ************************************************************************* //
