/*--------------------------------*- C++ -*----------------------------------*\
| =========                 |                                                 |
| \\      /  F ield         | OpenFOAM: The Open Source CFD Toolbox           |
|  \\    /   O peration     | Version:  2.1.0                                 |
|   \\  /    A nd           | Web:      www.OpenFOAM.org                      |
|    \\/     M anipulation  |                                                 |
\*---------------------------------------------------------------------------*/
FoamFile
{
    version     2.0;
    format      ascii;
    class       volScalarField;
    location    "24090";
    object      so;
}
// * * * * * * * * * * * * * * * * * * * * * * * * * * * * * * * * * * * * * //

dimensions      [0 0 0 0 0 0 0];

internalField   nonuniform List<scalar> 
8000
(
0.293111
0.307079
0.324036
0.34193
0.359674
0.37674
0.392907
0.408114
0.422382
0.435733
0.448196
0.459809
0.470624
0.480706
0.490122
0.498935
0.507205
0.515003
0.522399
0.529454
0.536229
0.542782
0.549171
0.555457
0.561706
0.567997
0.574421
0.581099
0.588192
0.595926
0.604636
0.614839
0.627395
0.643752
0.666176
0.697087
0.737222
0.776412
0.795685
0.799669
0.307077
0.319551
0.334828
0.351176
0.367618
0.383641
0.398996
0.413589
0.427392
0.440389
0.452577
0.463975
0.474624
0.484576
0.493889
0.502616
0.510819
0.518564
0.525917
0.532938
0.539682
0.546205
0.552561
0.558808
0.565007
0.571231
0.57757
0.584142
0.591108
0.598699
0.607259
0.617327
0.629797
0.646173
0.66877
0.699901
0.739838
0.777856
0.796017
0.799697
0.324035
0.334828
0.348209
0.362788
0.377716
0.392506
0.406895
0.420752
0.433991
0.446552
0.458401
0.469534
0.479973
0.489755
0.498926
0.507531
0.515631
0.52329
0.530568
0.537519
0.544196
0.550647
0.556922
0.56307
0.569147
0.57522
0.581373
0.587721
0.594428
0.601734
0.609999
0.619789
0.632041
0.648312
0.670958
0.702181
0.741871
0.778948
0.796268
0.799719
0.34193
0.351176
0.362788
0.375676
0.389125
0.402692
0.416115
0.429223
0.441882
0.453994
0.465493
0.476351
0.486567
0.496166
0.505176
0.513642
0.521625
0.529184
0.536373
0.543242
0.549835
0.556196
0.562364
0.56838
0.574288
0.580144
0.586023
0.592034
0.598344
0.605204
0.613
0.622345
0.634224
0.650255
0.672834
0.704055
0.743488
0.779801
0.796466
0.799737
0.359674
0.367618
0.377716
0.389125
0.401258
0.413729
0.426276
0.438696
0.450826
0.462536
0.473729
0.484346
0.494365
0.503789
0.512641
0.520977
0.528852
0.536322
0.543435
0.550236
0.556762
0.563046
0.569117
0.575001
0.580725
0.586326
0.59186
0.597423
0.603177
0.609391
0.616499
0.625182
0.636499
0.652138
0.674539
0.705692
0.744875
0.780537
0.796641
0.799753
0.37674
0.383641
0.392506
0.402692
0.413729
0.425279
0.437082
0.448928
0.460641
0.472062
0.483055
0.493515
0.503394
0.512679
0.521414
0.529656
0.537463
0.544886
0.551973
0.55876
0.565277
0.571547
0.577583
0.58339
0.588969
0.594323
0.599471
0.604475
0.609482
0.614784
0.62089
0.628608
0.63911
0.654174
0.676286
0.707317
0.746254
0.781289
0.796825
0.79977
0.392907
0.398996
0.406895
0.416115
0.426276
0.437081
0.448298
0.459731
0.471203
0.482533
0.49352
0.503973
0.513805
0.523037
0.531732
0.539959
0.54778
0.555249
0.562413
0.569304
0.575944
0.582343
0.588495
0.594376
0.599945
0.605146
0.609928
0.614282
0.618305
0.6223
0.626897
0.633163
0.642465
0.656701
0.678396
0.709242
0.747903
0.782207
0.797049
0.799791
0.408114
0.413589
0.420751
0.429223
0.438696
0.448928
0.459731
0.470951
0.482444
0.494023
0.505372
0.516057
0.52602
0.535346
0.54414
0.552495
0.560491
0.568191
0.575641
0.582876
0.589912
0.596743
0.603338
0.609634
0.615526
0.62087
0.625486
0.629196
0.631935
0.633944
0.636039
0.63991
0.647298
0.660272
0.681339
0.711879
0.750151
0.783444
0.797341
0.799817
0.422381
0.427392
0.433991
0.441882
0.450825
0.46064
0.471203
0.482444
0.494333
0.506792
0.519376
0.530763
0.541162
0.550842
0.560001
0.568786
0.577305
0.585641
0.593856
0.601989
0.61005
0.618023
0.625859
0.633456
0.640631
0.647078
0.652331
0.655774
0.656807
0.655293
0.652303
0.651278
0.655011
0.66577
0.685765
0.715718
0.753332
0.785115
0.79771
0.799848
0.435733
0.440388
0.446552
0.453993
0.462535
0.472062
0.482533
0.494023
0.506792
0.521469
0.53899
0.552002
0.563466
0.574153
0.58444
0.594571
0.604728
0.615056
0.625686
0.636736
0.648292
0.660368
0.672827
0.685296
0.697084
0.707208
0.714492
0.717596
0.714825
0.704465
0.687178
0.672044
0.667403
0.674073
0.692249
0.721167
0.757671
0.787237
0.798143
0.799882
0.448196
0.452576
0.458401
0.465493
0.473729
0.483054
0.49352
0.505372
0.519376
0.53899
0.773932
0.780908
0.77962
0.779533
0.780208
0.781353
0.782797
0.784426
0.78615
0.787891
0.789582
0.791159
0.792566
0.793752
0.794675
0.795295
0.795546
0.795255
0.793867
0.789342
0.693786
0.682253
0.67782
0.683367
0.700375
0.728199
0.76311
0.789679
0.798596
0.799915
0.459809
0.463975
0.469534
0.476351
0.484345
0.493515
0.503973
0.516057
0.530763
0.552002
0.780908
0.798962
0.799338
0.799299
0.799306
0.799347
0.79941
0.799482
0.799557
0.79963
0.799695
0.799752
0.799798
0.799834
0.79986
0.799875
0.799877
0.79986
0.799802
0.799642
0.70145
0.691301
0.687743
0.693314
0.709596
0.736495
0.769309
0.792189
0.799015
0.799944
0.470624
0.474624
0.479972
0.486567
0.494364
0.503394
0.513805
0.52602
0.541162
0.563466
0.77962
0.799338
0.799973
0.799984
0.799984
0.799985
0.799986
0.799988
0.79999
0.799992
0.799993
0.799995
0.799996
0.799996
0.799997
0.799997
0.799997
0.799997
0.799996
0.799993
0.709888
0.7005
0.697848
0.703733
0.719593
0.745632
0.775766
0.794493
0.799359
0.799965
0.480706
0.484576
0.489754
0.496166
0.503788
0.512679
0.523037
0.535346
0.550841
0.574153
0.779533
0.799299
0.799984
0.799999
0.8
0.8
0.8
0.8
0.8
0.8
0.8
0.8
0.8
0.8
0.8
0.8
0.8
0.8
0.8
0.8
0.718926
0.710016
0.708176
0.714398
0.730102
0.755135
0.781956
0.796392
0.799612
0.79998
0.490122
0.493889
0.498926
0.505175
0.512641
0.521414
0.531732
0.54414
0.560001
0.58444
0.780208
0.799306
0.799984
0.8
0.8
0.8
0.8
0.8
0.8
0.8
0.8
0.8
0.8
0.8
0.8
0.8
0.8
0.8
0.8
0.8
0.728387
0.719872
0.718693
0.725266
0.740837
0.764506
0.787432
0.797801
0.799781
0.799989
0.498934
0.502616
0.50753
0.513641
0.520976
0.529656
0.539958
0.552495
0.568786
0.594571
0.781353
0.799347
0.799985
0.8
0.8
0.8
0.8
0.8
0.8
0.8
0.8
0.8
0.8
0.8
0.8
0.8
0.8
0.8
0.8
0.8
0.738067
0.729967
0.729335
0.736184
0.751467
0.773288
0.791887
0.798751
0.799884
0.799995
0.507204
0.510818
0.515631
0.521625
0.528852
0.537462
0.547779
0.560491
0.577305
0.604728
0.782797
0.79941
0.799986
0.8
0.8
0.8
0.8
0.8
0.8
0.8
0.8
0.8
0.8
0.8
0.8
0.8
0.8
0.8
0.8
0.8
0.747714
0.74011
0.739925
0.74692
0.761662
0.781104
0.79518
0.799335
0.799942
0.799997
0.515003
0.518564
0.52329
0.529184
0.536321
0.544886
0.555249
0.56819
0.585641
0.615056
0.784426
0.799482
0.799988
0.8
0.8
0.8
0.8
0.8
0.8
0.8
0.8
0.8
0.8
0.8
0.8
0.8
0.8
0.8
0.8
0.8
0.757052
0.750062
0.750238
0.757245
0.771145
0.787652
0.797366
0.799667
0.799972
0.799999
0.522399
0.525917
0.530568
0.536373
0.543435
0.551972
0.562412
0.575641
0.593856
0.625686
0.78615
0.799557
0.79999
0.8
0.8
0.8
0.8
0.8
0.8
0.8
0.8
0.8
0.8
0.8
0.8
0.8
0.8
0.8
0.8
0.8
0.765837
0.759596
0.76009
0.766987
0.779669
0.79269
0.798667
0.799842
0.799987
0.799999
0.529454
0.532937
0.537519
0.543241
0.550235
0.558759
0.569303
0.582876
0.601989
0.636735
0.787891
0.79963
0.799992
0.8
0.8
0.8
0.8
0.8
0.8
0.8
0.8
0.8
0.8
0.8
0.8
0.8
0.8
0.8
0.8
0.8
0.773911
0.768564
0.769373
0.776001
0.786929
0.796124
0.79937
0.799928
0.799994
0.8
0.536229
0.539681
0.544195
0.549835
0.556762
0.565277
0.575944
0.589911
0.61005
0.648292
0.789582
0.799695
0.799993
0.8
0.8
0.8
0.8
0.8
0.8
0.8
0.8
0.8
0.8
0.8
0.8
0.8
0.8
0.8
0.8
0.8
0.781185
0.776881
0.777988
0.784034
0.792552
0.79815
0.79972
0.799969
0.799998
0.8
0.542782
0.546205
0.550647
0.556196
0.563046
0.571547
0.582343
0.596742
0.618023
0.660367
0.791159
0.799752
0.799995
0.8
0.8
0.8
0.8
0.8
0.8
0.8
0.8
0.8
0.8
0.8
0.8
0.8
0.8
0.8
0.8
0.8
0.787522
0.784387
0.785671
0.790626
0.796306
0.799191
0.799881
0.799987
0.799999
0.8
0.549171
0.552561
0.556921
0.562364
0.569117
0.577583
0.588495
0.603338
0.625859
0.672827
0.792566
0.799798
0.799996
0.8
0.8
0.8
0.8
0.8
0.8
0.8
0.8
0.8
0.8
0.8
0.8
0.8
0.8
0.8
0.8
0.8
0.792641
0.790692
0.791891
0.795291
0.798393
0.79967
0.799952
0.799995
0.8
0.8
0.555457
0.558807
0.563069
0.568379
0.575001
0.58339
0.594376
0.609633
0.633456
0.685295
0.793752
0.799834
0.799996
0.8
0.8
0.8
0.8
0.8
0.8
0.8
0.8
0.8
0.8
0.8
0.8
0.8
0.8
0.8
0.8
0.8
0.796246
0.79528
0.796134
0.797983
0.79937
0.799873
0.799981
0.799998
0.8
0.8
0.561706
0.565006
0.569147
0.574288
0.580725
0.588969
0.599944
0.615526
0.640631
0.697084
0.794675
0.79986
0.799997
0.8
0.8
0.8
0.8
0.8
0.8
0.8
0.8
0.8
0.8
0.8
0.8
0.8
0.8
0.8
0.8
0.8
0.798353
0.797987
0.798444
0.799244
0.799772
0.799953
0.799993
0.799999
0.8
0.8
0.567996
0.57123
0.575219
0.580144
0.586326
0.594323
0.605145
0.62087
0.647078
0.707208
0.795295
0.799875
0.799997
0.8
0.8
0.8
0.8
0.8
0.8
0.8
0.8
0.8
0.8
0.8
0.8
0.8
0.8
0.8
0.8
0.8
0.799371
0.799264
0.799456
0.799744
0.799922
0.799983
0.799997
0.8
0.8
0.8
0.574421
0.577569
0.581372
0.586022
0.59186
0.59947
0.609928
0.625486
0.652331
0.714492
0.795546
0.799877
0.799997
0.8
0.8
0.8
0.8
0.8
0.8
0.8
0.8
0.8
0.8
0.8
0.8
0.8
0.8
0.8
0.8
0.8
0.799788
0.799763
0.799829
0.799919
0.799974
0.799994
0.799999
0.8
0.8
0.8
0.581099
0.584141
0.58772
0.592034
0.597423
0.604474
0.614282
0.629196
0.655774
0.717596
0.795255
0.79986
0.799997
0.8
0.8
0.8
0.8
0.8
0.8
0.8
0.8
0.8
0.8
0.8
0.8
0.8
0.8
0.8
0.8
0.8
0.799936
0.799931
0.799951
0.799976
0.799992
0.799998
0.8
0.8
0.8
0.8
0.588192
0.591107
0.594428
0.598344
0.603176
0.609482
0.618305
0.631935
0.656806
0.714825
0.793867
0.799802
0.799996
0.8
0.8
0.8
0.8
0.8
0.8
0.8
0.8
0.8
0.8
0.8
0.8
0.8
0.8
0.8
0.8
0.8
0.799983
0.799982
0.799987
0.799993
0.799997
0.799999
0.8
0.8
0.8
0.8
0.595926
0.598699
0.601734
0.605203
0.609391
0.614784
0.6223
0.633944
0.655293
0.704465
0.789342
0.799642
0.799993
0.8
0.8
0.8
0.8
0.8
0.8
0.8
0.8
0.8
0.8
0.8
0.8
0.8
0.8
0.8
0.8
0.8
0.799996
0.799996
0.799997
0.799998
0.799999
0.8
0.8
0.8
0.8
0.8
0.604635
0.607259
0.609998
0.613
0.616499
0.62089
0.626896
0.636039
0.652303
0.687178
0.693785
0.70145
0.709888
0.718925
0.728387
0.738067
0.747714
0.757052
0.765837
0.773911
0.781185
0.787522
0.792641
0.796246
0.798353
0.799371
0.799788
0.799936
0.799983
0.799996
0.799999
0.799999
0.799999
0.799999
0.8
0.8
0.8
0.8
0.8
0.8
0.614839
0.617327
0.619789
0.622344
0.625181
0.628607
0.633163
0.63991
0.651277
0.672043
0.682253
0.6913
0.7005
0.710016
0.719872
0.729966
0.74011
0.750062
0.759596
0.768564
0.776881
0.784387
0.790692
0.79528
0.797987
0.799264
0.799763
0.799931
0.799982
0.799996
0.799999
0.8
0.8
0.8
0.8
0.8
0.8
0.8
0.8
0.8
0.627394
0.629797
0.632041
0.634224
0.636499
0.63911
0.642465
0.647298
0.65501
0.667403
0.67782
0.687743
0.697848
0.708176
0.718693
0.729335
0.739925
0.750238
0.76009
0.769373
0.777988
0.785671
0.791891
0.796134
0.798444
0.799456
0.799829
0.799951
0.799987
0.799997
0.799999
0.8
0.8
0.8
0.8
0.8
0.8
0.8
0.8
0.8
0.643752
0.646173
0.648312
0.650255
0.652138
0.654174
0.656701
0.660272
0.66577
0.674073
0.683367
0.693313
0.703733
0.714397
0.725266
0.736184
0.74692
0.757245
0.766987
0.776001
0.784034
0.790626
0.795291
0.797983
0.799244
0.799744
0.799919
0.799976
0.799993
0.799998
0.799999
0.8
0.8
0.8
0.8
0.8
0.8
0.8
0.8
0.8
0.666176
0.66877
0.670958
0.672834
0.674539
0.676286
0.678395
0.681339
0.685764
0.692249
0.700374
0.709596
0.719593
0.730102
0.740837
0.751467
0.761662
0.771145
0.779669
0.786929
0.792552
0.796306
0.798392
0.79937
0.799772
0.799922
0.799974
0.799992
0.799997
0.799999
0.8
0.8
0.8
0.8
0.8
0.8
0.8
0.8
0.8
0.8
0.697086
0.6999
0.70218
0.704055
0.705692
0.707317
0.709242
0.711878
0.715718
0.721167
0.728199
0.736495
0.745632
0.755135
0.764506
0.773288
0.781104
0.787652
0.792689
0.796124
0.79815
0.799191
0.79967
0.799873
0.799953
0.799983
0.799994
0.799998
0.799999
0.8
0.8
0.8
0.8
0.8
0.8
0.8
0.8
0.8
0.8
0.8
0.737222
0.739837
0.741871
0.743488
0.744874
0.746253
0.747903
0.750151
0.753332
0.75767
0.76311
0.769309
0.775766
0.781955
0.787432
0.791887
0.79518
0.797366
0.798667
0.79937
0.79972
0.799881
0.799952
0.799981
0.799993
0.799997
0.799999
0.8
0.8
0.8
0.8
0.8
0.8
0.8
0.8
0.8
0.8
0.8
0.8
0.8
0.776412
0.777856
0.778948
0.779801
0.780537
0.781289
0.782207
0.783444
0.785114
0.787237
0.789679
0.792189
0.794493
0.796392
0.797801
0.798751
0.799335
0.799667
0.799842
0.799928
0.799969
0.799987
0.799995
0.799998
0.799999
0.8
0.8
0.8
0.8
0.8
0.8
0.8
0.8
0.8
0.8
0.8
0.8
0.8
0.8
0.8
0.795685
0.796017
0.796268
0.796466
0.796641
0.796825
0.797049
0.797341
0.79771
0.798143
0.798596
0.799015
0.799359
0.799612
0.799781
0.799884
0.799942
0.799972
0.799987
0.799994
0.799998
0.799999
0.8
0.8
0.8
0.8
0.8
0.8
0.8
0.8
0.8
0.8
0.8
0.8
0.8
0.8
0.8
0.8
0.8
0.8
0.799669
0.799697
0.799719
0.799737
0.799753
0.79977
0.799791
0.799817
0.799848
0.799882
0.799915
0.799944
0.799965
0.79998
0.799989
0.799995
0.799997
0.799999
0.799999
0.8
0.8
0.8
0.8
0.8
0.8
0.8
0.8
0.8
0.8
0.8
0.8
0.8
0.8
0.8
0.8
0.8
0.8
0.8
0.8
0.8
0.235074
0.2514
0.272736
0.295622
0.31804
0.339104
0.358529
0.376294
0.392496
0.407282
0.420815
0.433229
0.444636
0.455141
0.464846
0.473856
0.482262
0.490135
0.497549
0.504569
0.511257
0.517671
0.523865
0.529894
0.535814
0.541688
0.547584
0.553584
0.559788
0.566321
0.57334
0.581051
0.589718
0.59974
0.612054
0.629789
0.660272
0.713207
0.773224
0.79736
0.251395
0.266902
0.286399
0.307209
0.327783
0.34736
0.365632
0.38252
0.398064
0.412363
0.425533
0.437668
0.448855
0.459184
0.468747
0.477643
0.485951
0.493739
0.501077
0.508027
0.514646
0.520988
0.527104
0.533044
0.53886
0.54461
0.550361
0.556191
0.562201
0.568522
0.575319
0.582806
0.591255
0.601069
0.613191
0.630836
0.661485
0.714792
0.774231
0.797504
0.272734
0.286398
0.303402
0.321717
0.340112
0.357914
0.374793
0.390611
0.40535
0.419052
0.431768
0.443548
0.454449
0.464543
0.473914
0.48265
0.490813
0.498472
0.50569
0.512523
0.519023
0.525239
0.531216
0.536996
0.542628
0.548163
0.553664
0.559211
0.564909
0.570898
0.577359
0.584522
0.592674
0.602218
0.614096
0.631597
0.662342
0.715948
0.774981
0.797614
0.295622
0.307208
0.321716
0.337597
0.353853
0.369881
0.385344
0.400066
0.41398
0.427064
0.439302
0.4507
0.461287
0.47112
0.480277
0.488821
0.496813
0.504315
0.511384
0.51807
0.52442
0.530472
0.536264
0.541833
0.547216
0.552456
0.557613
0.562766
0.568026
0.573549
0.579542
0.586265
0.594026
0.603231
0.614816
0.632131
0.662924
0.716798
0.775562
0.797703
0.31804
0.327782
0.340111
0.353852
0.368195
0.382611
0.396774
0.410494
0.423659
0.436176
0.447971
0.459007
0.469292
0.478874
0.487813
0.496159
0.503971
0.511308
0.518219
0.524749
0.530934
0.536807
0.542394
0.547718
0.552807
0.55769
0.562417
0.567063
0.571745
0.576644
0.582005
0.58814
0.595392
0.604177
0.615418
0.632515
0.663343
0.717505
0.776086
0.797786
0.339104
0.34736
0.357914
0.369881
0.382611
0.395655
0.40872
0.42161
0.434162
0.446228
0.457679
0.46843
0.478471
0.487842
0.496578
0.50474
0.512387
0.519571
0.526337
0.532723
0.538757
0.54446
0.549846
0.554924
0.5597
0.564188
0.568413
0.57244
0.576386
0.580458
0.584966
0.590311
0.596899
0.605157
0.615992
0.632855
0.663753
0.718287
0.776694
0.797883
0.358528
0.365631
0.374792
0.385344
0.396774
0.40872
0.420928
0.433193
0.445327
0.457141
0.468435
0.479049
0.488953
0.498166
0.506747
0.514766
0.522283
0.529353
0.536014
0.542299
0.548225
0.553803
0.55903
0.563897
0.568384
0.572474
0.576157
0.579461
0.582486
0.585461
0.588787
0.593044
0.59874
0.606321
0.616665
0.633295
0.664351
0.71942
0.777547
0.798014
0.376293
0.38252
0.390611
0.400066
0.410494
0.42161
0.433193
0.445062
0.457047
0.468944
0.480448
0.491179
0.501079
0.510228
0.518729
0.526673
0.534133
0.541162
0.547801
0.554071
0.559984
0.565534
0.570703
0.575456
0.579744
0.583503
0.586665
0.58918
0.591077
0.592564
0.594163
0.596821
0.601241
0.607895
0.617613
0.634024
0.665392
0.721237
0.778813
0.798195
0.392496
0.398064
0.405349
0.41398
0.423659
0.434162
0.445327
0.457047
0.469258
0.481865
0.494446
0.505676
0.515766
0.524986
0.533528
0.541526
0.549071
0.556224
0.563023
0.569485
0.575609
0.581371
0.586732
0.591627
0.595969
0.599638
0.60247
0.604263
0.604827
0.604173
0.602877
0.60276
0.605046
0.610254
0.619084
0.635289
0.667186
0.724117
0.780632
0.798433
0.407282
0.412363
0.419051
0.427064
0.436176
0.446228
0.45714
0.468944
0.481865
0.496494
0.513514
0.525828
0.536391
0.54595
0.554849
0.563281
0.571371
0.579201
0.58682
0.594247
0.601464
0.608424
0.615053
0.621267
0.626971
0.632004
0.636013
0.638277
0.637655
0.632847
0.62369
0.615108
0.611936
0.614139
0.62145
0.637396
0.670091
0.728446
0.783054
0.798717
0.420815
0.425533
0.431768
0.439302
0.447971
0.457678
0.468435
0.480448
0.494446
0.513514
0.765081
0.772685
0.769854
0.768582
0.768328
0.768719
0.769552
0.770698
0.77206
0.773563
0.775139
0.776724
0.778249
0.779636
0.780779
0.781517
0.781561
0.780291
0.776025
0.762992
0.628773
0.62109
0.617437
0.618261
0.624528
0.640491
0.674427
0.734525
0.785985
0.79902
0.433228
0.437668
0.443548
0.450699
0.459007
0.46843
0.479049
0.491179
0.505676
0.525828
0.772685
0.79807
0.79869
0.79853
0.798449
0.798437
0.798475
0.798547
0.798642
0.798748
0.798859
0.798967
0.799067
0.799152
0.799217
0.799251
0.799237
0.799137
0.798843
0.798054
0.634171
0.62604
0.622208
0.622326
0.62823
0.644629
0.680467
0.742455
0.789164
0.799307
0.444635
0.448855
0.454449
0.461286
0.469292
0.478471
0.488953
0.501079
0.515766
0.53639
0.769854
0.79869
0.799935
0.799959
0.799955
0.799954
0.799954
0.799956
0.799959
0.799963
0.799967
0.799971
0.799974
0.799977
0.799979
0.79998
0.79998
0.799977
0.799969
0.799951
0.639709
0.630747
0.626666
0.626468
0.632528
0.649889
0.688513
0.752028
0.792232
0.799547
0.45514
0.459184
0.464543
0.471119
0.478874
0.487841
0.498165
0.510227
0.524985
0.54595
0.768583
0.79853
0.799959
0.799998
0.799999
0.799999
0.799999
0.799999
0.799999
0.799999
0.799999
0.799999
0.799999
0.799999
0.8
0.8
0.8
0.8
0.799999
0.799999
0.645388
0.635517
0.631164
0.630949
0.637494
0.656459
0.698931
0.762615
0.794862
0.799725
0.464845
0.468747
0.473913
0.480276
0.487813
0.496578
0.506747
0.518728
0.533528
0.554848
0.768328
0.798449
0.799955
0.799999
0.8
0.8
0.8
0.8
0.8
0.8
0.8
0.8
0.8
0.8
0.8
0.8
0.8
0.8
0.8
0.8
0.651227
0.640455
0.635901
0.635869
0.643292
0.66468
0.712076
0.773156
0.796863
0.799845
0.473855
0.477643
0.482649
0.488821
0.496158
0.50474
0.514765
0.526673
0.541526
0.56328
0.768719
0.798437
0.799954
0.799999
0.8
0.8
0.8
0.8
0.8
0.8
0.8
0.8
0.8
0.8
0.8
0.8
0.8
0.8
0.8
0.8
0.657282
0.645659
0.641004
0.641401
0.650218
0.675099
0.727966
0.782434
0.798225
0.799918
0.482261
0.48595
0.490813
0.496813
0.503971
0.512386
0.522283
0.534132
0.549071
0.571371
0.769552
0.798475
0.799954
0.799999
0.8
0.8
0.8
0.8
0.8
0.8
0.8
0.8
0.8
0.8
0.8
0.8
0.8
0.8
0.8
0.8
0.663679
0.651281
0.646668
0.647831
0.658744
0.688447
0.745737
0.789564
0.799062
0.799959
0.490135
0.493739
0.498472
0.504315
0.511307
0.51957
0.529352
0.541162
0.556224
0.579201
0.770698
0.798547
0.799956
0.799999
0.8
0.8
0.8
0.8
0.8
0.8
0.8
0.8
0.8
0.8
0.8
0.8
0.8
0.8
0.8
0.8
0.670648
0.657567
0.653209
0.655609
0.669564
0.705438
0.763303
0.794342
0.799534
0.799981
0.497548
0.501077
0.505689
0.511383
0.518219
0.526337
0.536014
0.5478
0.563023
0.58682
0.77206
0.798642
0.799959
0.799999
0.8
0.8
0.8
0.8
0.8
0.8
0.8
0.8
0.8
0.8
0.8
0.8
0.8
0.8
0.8
0.8
0.678586
0.664927
0.661124
0.665407
0.683608
0.726104
0.778059
0.797168
0.79978
0.799991
0.504569
0.508026
0.512522
0.51807
0.524748
0.532723
0.542298
0.554071
0.569485
0.594246
0.773563
0.798748
0.799963
0.799999
0.8
0.8
0.8
0.8
0.8
0.8
0.8
0.8
0.8
0.8
0.8
0.8
0.8
0.8
0.8
0.8
0.688126
0.674
0.671158
0.678167
0.701854
0.748668
0.788401
0.798674
0.799901
0.799996
0.511257
0.514645
0.519023
0.524419
0.530934
0.538757
0.548225
0.559984
0.575608
0.601464
0.775139
0.798859
0.799967
0.799999
0.8
0.8
0.8
0.8
0.8
0.8
0.8
0.8
0.8
0.8
0.8
0.8
0.8
0.8
0.8
0.8
0.70017
0.685718
0.684353
0.695036
0.724544
0.769284
0.794491
0.799412
0.799957
0.799998
0.51767
0.520987
0.525239
0.530471
0.536807
0.54446
0.553803
0.565534
0.581371
0.608424
0.776724
0.798967
0.799971
0.799999
0.8
0.8
0.8
0.8
0.8
0.8
0.8
0.8
0.8
0.8
0.8
0.8
0.8
0.8
0.8
0.8
0.71571
0.701257
0.701929
0.716836
0.749566
0.78433
0.797593
0.799751
0.799982
0.799999
0.523864
0.527103
0.531215
0.536264
0.542393
0.549846
0.55903
0.570702
0.586732
0.615053
0.778249
0.799067
0.799974
0.799999
0.8
0.8
0.8
0.8
0.8
0.8
0.8
0.8
0.8
0.8
0.8
0.8
0.8
0.8
0.8
0.8
0.735116
0.721548
0.72455
0.742474
0.771893
0.79307
0.799012
0.799898
0.799993
0.8
0.529893
0.533043
0.536996
0.541833
0.547718
0.554923
0.563896
0.575455
0.591627
0.621267
0.779636
0.799152
0.799977
0.799999
0.8
0.8
0.8
0.8
0.8
0.8
0.8
0.8
0.8
0.8
0.8
0.8
0.8
0.8
0.8
0.8
0.75672
0.745751
0.750399
0.767192
0.787088
0.797247
0.799612
0.799959
0.799997
0.8
0.535814
0.53886
0.542628
0.547215
0.552806
0.5597
0.568384
0.579744
0.595969
0.62697
0.780779
0.799217
0.799979
0.8
0.8
0.8
0.8
0.8
0.8
0.8
0.8
0.8
0.8
0.8
0.8
0.8
0.8
0.8
0.8
0.8
0.77623
0.769413
0.773809
0.785044
0.794978
0.798981
0.799852
0.799984
0.799999
0.8
0.541687
0.54461
0.548163
0.552456
0.55769
0.564187
0.572473
0.583503
0.599637
0.632004
0.781517
0.799251
0.79998
0.8
0.8
0.8
0.8
0.8
0.8
0.8
0.8
0.8
0.8
0.8
0.8
0.8
0.8
0.8
0.8
0.8
0.789525
0.786517
0.789176
0.794447
0.798256
0.799638
0.799944
0.799994
0.8
0.8
0.547584
0.55036
0.553664
0.557613
0.562417
0.568413
0.576157
0.586665
0.602469
0.636013
0.781561
0.799237
0.79998
0.8
0.8
0.8
0.8
0.8
0.8
0.8
0.8
0.8
0.8
0.8
0.8
0.8
0.8
0.8
0.8
0.8
0.796224
0.795278
0.796369
0.79821
0.79943
0.799873
0.799979
0.799997
0.8
0.8
0.553584
0.55619
0.559211
0.562765
0.567062
0.572439
0.57946
0.589179
0.604262
0.638277
0.780291
0.799137
0.799977
0.8
0.8
0.8
0.8
0.8
0.8
0.8
0.8
0.8
0.8
0.8
0.8
0.8
0.8
0.8
0.8
0.8
0.798835
0.798601
0.798936
0.799466
0.799819
0.799956
0.799992
0.799999
0.8
0.8
0.559788
0.562201
0.564909
0.568025
0.571745
0.576385
0.582486
0.591076
0.604827
0.637655
0.776025
0.798843
0.799969
0.799999
0.8
0.8
0.8
0.8
0.8
0.8
0.8
0.8
0.8
0.8
0.8
0.8
0.8
0.8
0.8
0.8
0.799686
0.799632
0.799713
0.799847
0.799943
0.799984
0.799997
0.8
0.8
0.8
0.56632
0.568521
0.570897
0.573548
0.576643
0.580457
0.58546
0.592564
0.604173
0.632847
0.762992
0.798054
0.799951
0.799999
0.8
0.8
0.8
0.8
0.8
0.8
0.8
0.8
0.8
0.8
0.8
0.8
0.8
0.8
0.8
0.8
0.799928
0.799914
0.799927
0.799957
0.799982
0.799994
0.799999
0.8
0.8
0.8
0.57334
0.575319
0.577358
0.579542
0.582005
0.584965
0.588787
0.594162
0.602877
0.623689
0.628773
0.634171
0.639709
0.645388
0.651227
0.657282
0.663679
0.670648
0.678585
0.688126
0.70017
0.71571
0.735116
0.75672
0.77623
0.789525
0.796224
0.798835
0.799686
0.799928
0.79998
0.799981
0.799982
0.799988
0.799994
0.799998
0.799999
0.8
0.8
0.8
0.581051
0.582805
0.584522
0.586265
0.58814
0.59031
0.593044
0.596821
0.60276
0.615108
0.62109
0.62604
0.630747
0.635516
0.640454
0.645659
0.65128
0.657567
0.664927
0.673999
0.685717
0.701257
0.721548
0.745751
0.769412
0.786517
0.795278
0.798601
0.799632
0.799914
0.799981
0.799994
0.799996
0.799997
0.799998
0.799999
0.8
0.8
0.8
0.8
0.589718
0.591255
0.592674
0.594025
0.595392
0.596898
0.598739
0.60124
0.605046
0.611935
0.617436
0.622208
0.626666
0.631164
0.635901
0.641003
0.646667
0.653209
0.661123
0.671158
0.684353
0.701928
0.724549
0.750399
0.773809
0.789176
0.796369
0.798936
0.799713
0.799927
0.799982
0.799996
0.799998
0.799999
0.799999
0.8
0.8
0.8
0.8
0.8
0.59974
0.601069
0.602218
0.60323
0.604176
0.605157
0.606321
0.607894
0.610253
0.614138
0.61826
0.622325
0.626468
0.630949
0.635869
0.641401
0.647831
0.655608
0.665407
0.678167
0.695035
0.716835
0.742474
0.767192
0.785044
0.794447
0.79821
0.799466
0.799847
0.799957
0.799988
0.799997
0.799999
0.8
0.8
0.8
0.8
0.8
0.8
0.8
0.612054
0.61319
0.614096
0.614816
0.615417
0.615991
0.616665
0.617613
0.619084
0.62145
0.624527
0.62823
0.632528
0.637493
0.643292
0.650218
0.658743
0.669564
0.683608
0.701854
0.724544
0.749566
0.771893
0.787088
0.794978
0.798256
0.79943
0.799819
0.799943
0.799982
0.799994
0.799998
0.799999
0.8
0.8
0.8
0.8
0.8
0.8
0.8
0.629789
0.630835
0.631597
0.63213
0.632514
0.632855
0.633295
0.634024
0.635289
0.637395
0.640491
0.644629
0.649889
0.656458
0.66468
0.675099
0.688447
0.705438
0.726104
0.748668
0.769284
0.78433
0.79307
0.797247
0.798981
0.799638
0.799873
0.799956
0.799984
0.799994
0.799998
0.799999
0.8
0.8
0.8
0.8
0.8
0.8
0.8
0.8
0.660272
0.661485
0.662341
0.662923
0.663343
0.663753
0.664351
0.665392
0.667186
0.670091
0.674426
0.680467
0.688512
0.698931
0.712075
0.727966
0.745737
0.763303
0.778059
0.788401
0.794491
0.797593
0.799012
0.799612
0.799852
0.799944
0.799979
0.799992
0.799997
0.799999
0.799999
0.8
0.8
0.8
0.8
0.8
0.8
0.8
0.8
0.8
0.713207
0.714792
0.715948
0.716798
0.717505
0.718287
0.71942
0.721237
0.724116
0.728446
0.734525
0.742455
0.752028
0.762615
0.773155
0.782434
0.789564
0.794342
0.797168
0.798674
0.799412
0.799751
0.799898
0.799959
0.799984
0.799994
0.799997
0.799999
0.8
0.8
0.8
0.8
0.8
0.8
0.8
0.8
0.8
0.8
0.8
0.8
0.773224
0.774231
0.774981
0.775562
0.776086
0.776694
0.777547
0.778813
0.780632
0.783054
0.785985
0.789164
0.792232
0.794861
0.796863
0.798225
0.799062
0.799534
0.79978
0.799901
0.799957
0.799982
0.799993
0.799997
0.799999
0.8
0.8
0.8
0.8
0.8
0.8
0.8
0.8
0.8
0.8
0.8
0.8
0.8
0.8
0.8
0.79736
0.797504
0.797614
0.797702
0.797786
0.797883
0.798014
0.798195
0.798433
0.798717
0.79902
0.799307
0.799547
0.799725
0.799845
0.799918
0.799959
0.799981
0.799991
0.799996
0.799998
0.799999
0.8
0.8
0.8
0.8
0.8
0.8
0.8
0.8
0.8
0.8
0.8
0.8
0.8
0.8
0.8
0.8
0.8
0.8
0.205731
0.216633
0.237333
0.262967
0.288952
0.313304
0.335456
0.355392
0.373284
0.389359
0.40385
0.416983
0.428947
0.43989
0.44994
0.459211
0.46781
0.475829
0.483344
0.490427
0.497141
0.503545
0.509696
0.515646
0.521451
0.527166
0.532856
0.538592
0.54446
0.550565
0.557043
0.564078
0.571954
0.581182
0.592845
0.609357
0.635831
0.682319
0.750746
0.793517
0.216625
0.231166
0.252403
0.276332
0.300196
0.322712
0.343428
0.362277
0.379354
0.39482
0.40886
0.421657
0.433361
0.444096
0.453974
0.4631
0.471577
0.479486
0.4869
0.493885
0.500503
0.506808
0.512851
0.518683
0.524354
0.529917
0.535432
0.540973
0.546624
0.552497
0.558733
0.565528
0.573171
0.582186
0.59367
0.610074
0.636584
0.683346
0.751776
0.793755
0.23733
0.252404
0.271923
0.29316
0.314386
0.334687
0.353661
0.371177
0.387249
0.401962
0.415443
0.427815
0.43918
0.449636
0.459278
0.468204
0.476504
0.484249
0.491508
0.498343
0.504807
0.510951
0.51682
0.522459
0.527914
0.533233
0.538475
0.543712
0.549036
0.554568
0.560463
0.56693
0.574274
0.583025
0.594292
0.610555
0.637059
0.684027
0.752495
0.793928
0.262969
0.276333
0.29316
0.31149
0.330063
0.348146
0.36535
0.381495
0.396523
0.410457
0.423354
0.435267
0.446258
0.456398
0.46577
0.474462
0.482547
0.490093
0.497161
0.503807
0.510078
0.516017
0.521662
0.527051
0.532222
0.537218
0.542094
0.546922
0.551804
0.556874
0.562311
0.56835
0.575314
0.583742
0.594753
0.610848
0.637321
0.684462
0.753015
0.794061
0.288954
0.300196
0.314385
0.330063
0.346246
0.362312
0.377887
0.39276
0.406828
0.420051
0.432406
0.443882
0.454503
0.464323
0.473418
0.48186
0.489714
0.497043
0.503902
0.51034
0.516398
0.522108
0.527502
0.532604
0.537444
0.542053
0.54648
0.550795
0.555106
0.559571
0.564405
0.569886
0.576368
0.584404
0.595116
0.611023
0.637461
0.684786
0.753478
0.794188
0.313305
0.322711
0.334686
0.348145
0.362312
0.376657
0.390837
0.404634
0.417915
0.430569
0.442487
0.453599
0.463896
0.473427
0.482259
0.490456
0.498082
0.505198
0.511852
0.518087
0.523934
0.529418
0.534558
0.539365
0.543853
0.548037
0.551947
0.555643
0.559238
0.562915
0.566948
0.571693
0.577556
0.585107
0.595471
0.611176
0.637603
0.685177
0.754063
0.794351
0.335456
0.343427
0.35366
0.365349
0.377887
0.390836
0.403902
0.416883
0.429614
0.441914
0.453588
0.464471
0.474536
0.483837
0.492439
0.500418
0.507843
0.514772
0.521251
0.527314
0.532985
0.538281
0.543203
0.547749
0.551908
0.555666
0.559024
0.56201
0.56472
0.567362
0.570296
0.574033
0.579069
0.586001
0.595947
0.611442
0.637907
0.685856
0.754983
0.794592
0.355391
0.362275
0.371176
0.381494
0.39276
0.404634
0.416883
0.429331
0.441808
0.4541
0.465886
0.476773
0.486745
0.49589
0.504321
0.512138
0.519417
0.52622
0.532591
0.53856
0.544144
0.549344
0.554153
0.558543
0.562475
0.565893
0.568735
0.570959
0.572594
0.573834
0.575151
0.577396
0.581239
0.587317
0.59673
0.611997
0.638573
0.687087
0.756472
0.794952
0.373284
0.379352
0.387247
0.396522
0.406827
0.417915
0.429614
0.441808
0.454418
0.467321
0.480057
0.49133
0.501374
0.510474
0.518832
0.526588
0.533839
0.540652
0.547072
0.553127
0.558826
0.564162
0.569111
0.573625
0.577626
0.580995
0.583565
0.585129
0.585502
0.584702
0.583279
0.582885
0.584699
0.589432
0.598079
0.613059
0.63983
0.689166
0.758757
0.795456
0.389358
0.394819
0.401961
0.410456
0.420051
0.430568
0.441914
0.4541
0.467321
0.482113
0.499119
0.511297
0.521633
0.530889
0.539407
0.547384
0.554943
0.562168
0.569111
0.575808
0.582271
0.588494
0.594448
0.600066
0.605227
0.609717
0.613172
0.614994
0.614265
0.609895
0.601724
0.593909
0.590878
0.592968
0.60033
0.614866
0.641918
0.6924
0.762005
0.796098
0.403849
0.408858
0.415442
0.423353
0.432405
0.442487
0.453588
0.465886
0.480057
0.499119
0.761569
0.769158
0.765595
0.763748
0.763026
0.763012
0.763486
0.764308
0.765378
0.766615
0.76795
0.769312
0.770627
0.771801
0.772708
0.773151
0.77277
0.77077
0.764909
0.747343
0.606722
0.59933
0.595854
0.596818
0.603283
0.617484
0.645004
0.697065
0.766258
0.796833
0.416982
0.421656
0.427814
0.435267
0.443881
0.453598
0.464471
0.476773
0.491329
0.511297
0.769158
0.797581
0.798317
0.798074
0.797925
0.797863
0.797865
0.797913
0.797993
0.798094
0.798206
0.798319
0.798425
0.798515
0.798578
0.798598
0.798544
0.798347
0.797817
0.796421
0.611989
0.603868
0.600265
0.600756
0.606742
0.620867
0.649178
0.703385
0.771376
0.797589
0.428946
0.43336
0.439179
0.446257
0.454502
0.463895
0.474536
0.486744
0.501374
0.521633
0.765595
0.798317
0.799909
0.799941
0.799934
0.799929
0.799928
0.799929
0.799932
0.799936
0.79994
0.799944
0.799949
0.799952
0.799955
0.799955
0.799954
0.799947
0.79993
0.799896
0.617246
0.608219
0.604507
0.604799
0.610608
0.624963
0.654515
0.711552
0.777022
0.798286
0.43989
0.444095
0.449635
0.456397
0.464322
0.473426
0.483836
0.49589
0.510474
0.530889
0.763748
0.798074
0.799941
0.799997
0.799998
0.799998
0.799998
0.799998
0.799998
0.799998
0.799998
0.799999
0.799999
0.799999
0.799999
0.799999
0.799999
0.799999
0.799998
0.799998
0.622534
0.612589
0.60876
0.608987
0.614855
0.629768
0.661147
0.721697
0.782705
0.798864
0.44994
0.453973
0.459277
0.465769
0.473417
0.482259
0.492439
0.504321
0.518832
0.539407
0.763026
0.797925
0.799934
0.799998
0.8
0.8
0.8
0.8
0.8
0.8
0.8
0.8
0.8
0.8
0.8
0.8
0.8
0.8
0.8
0.8
0.627877
0.617052
0.613111
0.61337
0.619509
0.635346
0.669324
0.733776
0.787892
0.799298
0.45921
0.4631
0.468203
0.474461
0.481859
0.490455
0.500418
0.512137
0.526588
0.547384
0.763012
0.797863
0.799929
0.799998
0.8
0.8
0.8
0.8
0.8
0.8
0.8
0.8
0.8
0.8
0.8
0.8
0.8
0.8
0.8
0.8
0.633303
0.621657
0.617624
0.618012
0.624647
0.641855
0.679472
0.747327
0.792156
0.799594
0.467809
0.471576
0.476503
0.482546
0.489713
0.498082
0.507843
0.519417
0.533839
0.554943
0.763486
0.797865
0.799928
0.799998
0.8
0.8
0.8
0.8
0.8
0.8
0.8
0.8
0.8
0.8
0.8
0.8
0.8
0.8
0.8
0.8
0.638852
0.626453
0.622368
0.623009
0.630415
0.649588
0.692186
0.76127
0.795304
0.799779
0.475828
0.479485
0.484248
0.490092
0.497042
0.505197
0.514772
0.52622
0.540652
0.562167
0.764308
0.797913
0.799929
0.799998
0.8
0.8
0.8
0.8
0.8
0.8
0.8
0.8
0.8
0.8
0.8
0.8
0.8
0.8
0.8
0.8
0.644592
0.631515
0.627446
0.628512
0.637053
0.659033
0.708078
0.774067
0.797392
0.799887
0.483343
0.486899
0.491508
0.49716
0.503902
0.511852
0.52125
0.532591
0.547072
0.569111
0.765378
0.797993
0.799932
0.799998
0.8
0.8
0.8
0.8
0.8
0.8
0.8
0.8
0.8
0.8
0.8
0.8
0.8
0.8
0.8
0.8
0.650638
0.63697
0.633024
0.634759
0.64495
0.670954
0.727214
0.784338
0.79865
0.799945
0.490426
0.493885
0.498342
0.503806
0.51034
0.518086
0.527313
0.53856
0.553127
0.575808
0.766615
0.798094
0.799936
0.799998
0.8
0.8
0.8
0.8
0.8
0.8
0.8
0.8
0.8
0.8
0.8
0.8
0.8
0.8
0.8
0.8
0.657192
0.643032
0.639372
0.642132
0.654726
0.686426
0.748184
0.79148
0.799343
0.799975
0.49714
0.500502
0.504806
0.510077
0.516397
0.523933
0.532985
0.544143
0.558825
0.582271
0.76795
0.798206
0.79994
0.799998
0.8
0.8
0.8
0.8
0.8
0.8
0.8
0.8
0.8
0.8
0.8
0.8
0.8
0.8
0.8
0.8
0.664628
0.650078
0.646945
0.651246
0.667359
0.70656
0.76779
0.795788
0.799698
0.799989
0.503545
0.506807
0.51095
0.516016
0.522108
0.529417
0.53828
0.549344
0.564162
0.588494
0.769312
0.798319
0.799944
0.799999
0.8
0.8
0.8
0.8
0.8
0.8
0.8
0.8
0.8
0.8
0.8
0.8
0.8
0.8
0.8
0.8
0.673619
0.658764
0.656497
0.663099
0.68429
0.731292
0.782738
0.798077
0.799867
0.799995
0.509695
0.512851
0.51682
0.521661
0.527501
0.534557
0.543203
0.554152
0.569111
0.594447
0.770627
0.798425
0.799949
0.799999
0.8
0.8
0.8
0.8
0.8
0.8
0.8
0.8
0.8
0.8
0.8
0.8
0.8
0.8
0.8
0.8
0.685338
0.670221
0.669287
0.679261
0.707121
0.757276
0.791936
0.799174
0.799944
0.799998
0.515646
0.518682
0.522459
0.527051
0.532604
0.539365
0.547749
0.558543
0.573625
0.600065
0.771801
0.798515
0.799952
0.799999
0.8
0.8
0.8
0.8
0.8
0.8
0.8
0.8
0.8
0.8
0.8
0.8
0.8
0.8
0.8
0.8
0.701589
0.686281
0.687284
0.701786
0.735709
0.778327
0.796611
0.79966
0.799977
0.799999
0.52145
0.524353
0.527913
0.532221
0.537443
0.543852
0.551907
0.562474
0.577625
0.605226
0.772708
0.798578
0.799955
0.799999
0.8
0.8
0.8
0.8
0.8
0.8
0.8
0.8
0.8
0.8
0.8
0.8
0.8
0.8
0.8
0.8
0.724186
0.70929
0.712716
0.731426
0.764522
0.790866
0.798668
0.799864
0.79999
0.8
0.527166
0.529916
0.533232
0.537217
0.542053
0.548036
0.555666
0.565892
0.580994
0.609716
0.773151
0.798598
0.799955
0.799999
0.8
0.8
0.8
0.8
0.8
0.8
0.8
0.8
0.8
0.8
0.8
0.8
0.8
0.8
0.8
0.8
0.751904
0.739596
0.744735
0.762728
0.784831
0.796591
0.799494
0.799946
0.799996
0.8
0.532856
0.535432
0.538474
0.542093
0.546479
0.551946
0.559023
0.568734
0.583565
0.613172
0.77277
0.798544
0.799954
0.799999
0.8
0.8
0.8
0.8
0.8
0.8
0.8
0.8
0.8
0.8
0.8
0.8
0.8
0.8
0.8
0.8
0.776964
0.769911
0.774131
0.784908
0.794629
0.798797
0.799809
0.799978
0.799998
0.8
0.538592
0.540972
0.543711
0.546922
0.550794
0.555643
0.562009
0.570958
0.585129
0.614994
0.77077
0.798347
0.799947
0.799999
0.8
0.8
0.8
0.8
0.8
0.8
0.8
0.8
0.8
0.8
0.8
0.8
0.8
0.8
0.8
0.8
0.791744
0.789177
0.791052
0.79509
0.798263
0.799581
0.799927
0.799991
0.799999
0.8
0.54446
0.546623
0.549036
0.551803
0.555105
0.559238
0.56472
0.572593
0.585502
0.614265
0.764909
0.797817
0.79993
0.799998
0.8
0.8
0.8
0.8
0.8
0.8
0.8
0.8
0.8
0.8
0.8
0.8
0.8
0.8
0.8
0.8
0.797642
0.796952
0.797455
0.798565
0.799453
0.799853
0.799971
0.799996
0.8
0.8
0.550565
0.552496
0.554567
0.556873
0.55957
0.562915
0.567362
0.573833
0.584701
0.609895
0.747343
0.796421
0.799896
0.799998
0.8
0.8
0.8
0.8
0.8
0.8
0.8
0.8
0.8
0.8
0.8
0.8
0.8
0.8
0.8
0.8
0.799452
0.799274
0.799349
0.799599
0.799828
0.799947
0.799988
0.799998
0.8
0.8
0.557042
0.558733
0.560463
0.562311
0.564404
0.566947
0.570295
0.575151
0.583278
0.601723
0.606722
0.611989
0.617245
0.622534
0.627877
0.633303
0.638852
0.644592
0.650638
0.657192
0.664628
0.673619
0.685338
0.701589
0.724186
0.751904
0.776964
0.791744
0.797642
0.799452
0.799846
0.799846
0.799845
0.799891
0.799946
0.799981
0.799995
0.799999
0.8
0.8
0.564077
0.565527
0.56693
0.56835
0.569885
0.571692
0.574032
0.577396
0.582885
0.593909
0.59933
0.603867
0.608219
0.612589
0.617052
0.621656
0.626452
0.631515
0.63697
0.643032
0.650078
0.658764
0.670221
0.686281
0.70929
0.739596
0.769911
0.789177
0.796952
0.799274
0.799846
0.799948
0.799961
0.79997
0.799983
0.799993
0.799998
0.8
0.8
0.8
0.571953
0.573171
0.574274
0.575313
0.576367
0.577555
0.579069
0.581239
0.584699
0.590878
0.595854
0.600264
0.604506
0.60876
0.613111
0.617623
0.622367
0.627446
0.633024
0.639372
0.646944
0.656496
0.669287
0.687284
0.712716
0.744735
0.774131
0.791052
0.797455
0.799349
0.799845
0.799961
0.799986
0.799991
0.799995
0.799997
0.799999
0.8
0.8
0.8
0.581182
0.582186
0.583025
0.583742
0.584403
0.585107
0.586
0.587317
0.589432
0.592967
0.596818
0.600756
0.604799
0.608987
0.613369
0.618012
0.623009
0.628512
0.634759
0.642131
0.651246
0.663099
0.679261
0.701786
0.731426
0.762727
0.784908
0.79509
0.798565
0.799599
0.799891
0.79997
0.799991
0.799996
0.799998
0.799999
0.8
0.8
0.8
0.8
0.592844
0.593669
0.594291
0.594753
0.595115
0.59547
0.595946
0.596729
0.598078
0.600329
0.603282
0.606741
0.610607
0.614854
0.619508
0.624647
0.630415
0.637053
0.644949
0.654726
0.667359
0.68429
0.707121
0.735708
0.764522
0.784831
0.794629
0.798263
0.799453
0.799828
0.799946
0.799983
0.799995
0.799998
0.799999
0.8
0.8
0.8
0.8
0.8
0.609357
0.610073
0.610555
0.610848
0.611022
0.611176
0.611442
0.611997
0.613058
0.614866
0.617484
0.620867
0.624963
0.629768
0.635345
0.641854
0.649587
0.659033
0.670954
0.686426
0.70656
0.731292
0.757276
0.778327
0.790866
0.796591
0.798797
0.799581
0.799853
0.799947
0.799981
0.799993
0.799997
0.799999
0.8
0.8
0.8
0.8
0.8
0.8
0.635831
0.636583
0.637059
0.637321
0.637461
0.637603
0.637907
0.638572
0.63983
0.641917
0.645004
0.649178
0.654515
0.661146
0.669324
0.679471
0.692186
0.708078
0.727214
0.748184
0.76779
0.782738
0.791936
0.796611
0.798668
0.799494
0.799809
0.799927
0.799971
0.799988
0.799995
0.799998
0.799999
0.8
0.8
0.8
0.8
0.8
0.8
0.8
0.682318
0.683346
0.684027
0.684461
0.684786
0.685177
0.685856
0.687087
0.689166
0.6924
0.697064
0.703385
0.711552
0.721697
0.733776
0.747327
0.76127
0.774067
0.784338
0.79148
0.795788
0.798077
0.799174
0.79966
0.799864
0.799946
0.799978
0.799991
0.799996
0.799998
0.799999
0.8
0.8
0.8
0.8
0.8
0.8
0.8
0.8
0.8
0.750746
0.751775
0.752495
0.753014
0.753477
0.754062
0.754982
0.756472
0.758757
0.762004
0.766258
0.771376
0.777022
0.782705
0.787892
0.792156
0.795304
0.797392
0.79865
0.799343
0.799698
0.799867
0.799944
0.799977
0.79999
0.799996
0.799998
0.799999
0.8
0.8
0.8
0.8
0.8
0.8
0.8
0.8
0.8
0.8
0.8
0.8
0.793517
0.793755
0.793928
0.794061
0.794188
0.794351
0.794592
0.794952
0.795456
0.796098
0.796833
0.797589
0.798286
0.798864
0.799298
0.799594
0.799779
0.799887
0.799945
0.799975
0.799989
0.799995
0.799998
0.799999
0.8
0.8
0.8
0.8
0.8
0.8
0.8
0.8
0.8
0.8
0.8
0.8
0.8
0.8
0.8
0.8
0.200062
0.201931
0.214159
0.238451
0.26659
0.293615
0.318094
0.339888
0.359226
0.376416
0.391758
0.405533
0.417988
0.429323
0.439693
0.44923
0.458048
0.466246
0.473912
0.481122
0.487941
0.494432
0.500652
0.506655
0.512497
0.518235
0.523932
0.52966
0.535505
0.541573
0.548003
0.554989
0.562826
0.572017
0.583519
0.599325
0.623753
0.666002
0.734464
0.789375
0.201926
0.209314
0.227584
0.252661
0.27901
0.304004
0.326815
0.347341
0.365733
0.382217
0.397033
0.410414
0.422572
0.433671
0.443848
0.453222
0.461897
0.469969
0.477518
0.484615
0.491322
0.497698
0.503795
0.509665
0.515358
0.52093
0.526441
0.531961
0.53758
0.543408
0.549591
0.556332
0.563936
0.572915
0.584239
0.599922
0.624334
0.666761
0.735378
0.789667
0.21415
0.227584
0.24787
0.271199
0.294771
0.317208
0.337974
0.356939
0.374159
0.389766
0.403925
0.416813
0.428587
0.439374
0.449288
0.458434
0.466908
0.474795
0.48217
0.489096
0.495632
0.501829
0.507735
0.513396
0.518858
0.524173
0.529398
0.534607
0.539892
0.545374
0.551213
0.557627
0.564933
0.573654
0.584768
0.600305
0.624673
0.667223
0.735978
0.789869
0.23845
0.252663
0.271201
0.291561
0.312111
0.331951
0.35064
0.368
0.384001
0.398691
0.412163
0.424527
0.43588
0.446314
0.455924
0.464802
0.473036
0.4807
0.48786
0.494576
0.500898
0.50687
0.512535
0.517929
0.523093
0.528072
0.532921
0.537714
0.542552
0.54757
0.552952
0.55894
0.565871
0.574277
0.585146
0.600517
0.624824
0.667475
0.736379
0.790017
0.266593
0.279014
0.294773
0.312112
0.329872
0.347344
0.364123
0.379995
0.394863
0.408706
0.421546
0.433412
0.444349
0.454424
0.463717
0.472313
0.480287
0.487708
0.494635
0.50112
0.507206
0.51293
0.518323
0.523415
0.528233
0.532814
0.537205
0.541479
0.545743
0.550156
0.554937
0.560371
0.566827
0.574852
0.585435
0.600623
0.62487
0.667633
0.736727
0.790161
0.293619
0.304007
0.317209
0.331952
0.347344
0.362799
0.377941
0.392541
0.406462
0.419624
0.431955
0.443401
0.453969
0.463709
0.4727
0.481018
0.488735
0.495914
0.50261
0.508868
0.514722
0.5202
0.525322
0.530103
0.534557
0.538701
0.542568
0.546218
0.549765
0.553393
0.557376
0.56208
0.567924
0.575475
0.585725
0.600715
0.624921
0.66785
0.737202
0.790356
0.318097
0.326817
0.337975
0.35064
0.364123
0.377941
0.391764
0.405374
0.41862
0.431348
0.443374
0.454542
0.464828
0.47429
0.483013
0.49108
0.498565
0.505529
0.512024
0.518086
0.523745
0.529016
0.533906
0.538413
0.542528
0.546239
0.549547
0.552483
0.555144
0.557738
0.560627
0.564328
0.569353
0.576296
0.586141
0.600919
0.62512
0.668315
0.738022
0.790669
0.33989
0.347342
0.35694
0.368
0.379995
0.392541
0.405374
0.418322
0.431229
0.443889
0.455979
0.467099
0.477235
0.4865
0.495014
0.502881
0.510187
0.516996
0.523356
0.529302
0.534851
0.540012
0.544775
0.549117
0.552998
0.556362
0.559151
0.561321
0.562906
0.564102
0.565384
0.567601
0.571441
0.577544
0.586866
0.6014
0.625644
0.66925
0.739427
0.79116
0.359227
0.365733
0.374159
0.384001
0.394863
0.406462
0.41862
0.431229
0.444211
0.457442
0.47044
0.481884
0.492043
0.501214
0.509607
0.51737
0.524603
0.531378
0.537746
0.543736
0.549364
0.554626
0.559499
0.563937
0.567863
0.571159
0.57366
0.575168
0.575508
0.574704
0.573304
0.572935
0.574787
0.579577
0.588143
0.602359
0.626692
0.670897
0.741662
0.791874
0.376416
0.382217
0.389766
0.39869
0.408706
0.419624
0.431347
0.443889
0.457441
0.472531
0.489771
0.502049
0.512424
0.521668
0.530133
0.538016
0.545446
0.552507
0.559256
0.565732
0.571952
0.577914
0.583589
0.588916
0.593778
0.597975
0.601177
0.602844
0.602153
0.59811
0.59054
0.583301
0.580633
0.582942
0.590269
0.604005
0.628461
0.673498
0.744935
0.792816
0.391759
0.397033
0.403925
0.412163
0.421546
0.431954
0.443374
0.455979
0.47044
0.489771
0.759375
0.766987
0.762994
0.760803
0.759799
0.75954
0.759792
0.760407
0.76128
0.762331
0.763484
0.76467
0.765808
0.766801
0.767513
0.767731
0.76706
0.764604
0.757778
0.737462
0.595521
0.588481
0.585376
0.586623
0.593055
0.606387
0.631078
0.677259
0.749367
0.793943
0.405533
0.410414
0.416813
0.424527
0.433412
0.443401
0.454542
0.467099
0.481884
0.502049
0.766987
0.797246
0.798059
0.797756
0.797557
0.797456
0.797427
0.797452
0.797515
0.797604
0.797706
0.797813
0.797914
0.797998
0.79805
0.798049
0.797954
0.797672
0.796947
0.795042
0.600794
0.592844
0.589601
0.590384
0.596302
0.60944
0.63458
0.682337
0.754946
0.795162
0.417988
0.422572
0.428587
0.435879
0.444349
0.453968
0.464827
0.477235
0.492043
0.512424
0.762994
0.798059
0.799889
0.799927
0.799917
0.79991
0.799907
0.799907
0.799909
0.799912
0.799916
0.799921
0.799925
0.799929
0.799931
0.799931
0.799927
0.799917
0.799892
0.799842
0.605968
0.59701
0.593652
0.59422
0.599903
0.613091
0.638973
0.688877
0.761492
0.796359
0.429322
0.433671
0.439374
0.446314
0.454424
0.463709
0.47429
0.4865
0.501213
0.521668
0.760803
0.797756
0.799927
0.799997
0.799998
0.799998
0.799997
0.799997
0.799997
0.799998
0.799998
0.799998
0.799998
0.799998
0.799998
0.799998
0.799998
0.799998
0.799997
0.799997
0.611105
0.60116
0.597683
0.598163
0.603814
0.617294
0.644284
0.697051
0.768649
0.797426
0.439693
0.443848
0.449288
0.455924
0.463716
0.472699
0.483013
0.495013
0.509607
0.530133
0.759799
0.797557
0.799917
0.799998
0.8
0.8
0.8
0.8
0.8
0.8
0.8
0.8
0.8
0.8
0.8
0.8
0.8
0.8
0.8
0.8
0.616234
0.605363
0.601774
0.602248
0.608032
0.622051
0.650607
0.707063
0.775903
0.798293
0.44923
0.453221
0.458433
0.464802
0.472312
0.481017
0.49108
0.502881
0.517369
0.538016
0.75954
0.797456
0.79991
0.799998
0.8
0.8
0.8
0.8
0.8
0.8
0.8
0.8
0.8
0.8
0.8
0.8
0.8
0.8
0.8
0.8
0.621384
0.609658
0.605974
0.606516
0.612588
0.627417
0.658145
0.719071
0.782666
0.798938
0.458047
0.461896
0.466907
0.473036
0.480287
0.488734
0.498564
0.510187
0.524602
0.545446
0.759792
0.797427
0.799907
0.799997
0.8
0.8
0.8
0.8
0.8
0.8
0.8
0.8
0.8
0.8
0.8
0.8
0.8
0.8
0.8
0.8
0.626585
0.614083
0.610333
0.611023
0.617552
0.633524
0.667258
0.732973
0.788414
0.79938
0.466246
0.469968
0.474795
0.480699
0.487707
0.495914
0.505529
0.516995
0.531378
0.552506
0.760407
0.797452
0.799907
0.799997
0.8
0.8
0.8
0.8
0.8
0.8
0.8
0.8
0.8
0.8
0.8
0.8
0.8
0.8
0.8
0.8
0.631881
0.618685
0.614912
0.615851
0.623047
0.640607
0.6785
0.748108
0.792834
0.799659
0.473912
0.477517
0.482169
0.48786
0.494634
0.50261
0.512023
0.523356
0.537745
0.559256
0.76128
0.797515
0.799909
0.799997
0.8
0.8
0.8
0.8
0.8
0.8
0.8
0.8
0.8
0.8
0.8
0.8
0.8
0.8
0.8
0.8
0.637339
0.623538
0.619805
0.621133
0.629274
0.649058
0.692591
0.763106
0.795899
0.799823
0.481121
0.484614
0.489095
0.494575
0.501119
0.508867
0.518086
0.529301
0.543736
0.565732
0.762331
0.797604
0.799912
0.799998
0.8
0.8
0.8
0.8
0.8
0.8
0.8
0.8
0.8
0.8
0.8
0.8
0.8
0.8
0.8
0.8
0.643068
0.628762
0.625164
0.627077
0.636555
0.659501
0.710171
0.776265
0.797819
0.799913
0.487941
0.491322
0.495631
0.500897
0.507205
0.514721
0.523744
0.534851
0.549363
0.571952
0.763484
0.797706
0.799916
0.799998
0.8
0.8
0.8
0.8
0.8
0.8
0.8
0.8
0.8
0.8
0.8
0.8
0.8
0.8
0.8
0.8
0.649259
0.634563
0.631239
0.634017
0.645404
0.672883
0.731064
0.786309
0.798917
0.799959
0.494432
0.497697
0.501828
0.50687
0.512929
0.520199
0.529016
0.540012
0.554625
0.577913
0.76467
0.797813
0.799921
0.799998
0.8
0.8
0.8
0.8
0.8
0.8
0.8
0.8
0.8
0.8
0.8
0.8
0.8
0.8
0.8
0.8
0.656265
0.641301
0.638449
0.642494
0.656646
0.690479
0.753198
0.792917
0.799494
0.799982
0.500651
0.503794
0.507734
0.512534
0.518323
0.525321
0.533906
0.544775
0.559498
0.583589
0.765808
0.797914
0.799925
0.799998
0.8
0.8
0.8
0.8
0.8
0.8
0.8
0.8
0.8
0.8
0.8
0.8
0.8
0.8
0.8
0.8
0.664731
0.649608
0.647496
0.653392
0.67158
0.713385
0.772696
0.79667
0.799775
0.799992
0.506655
0.509664
0.513395
0.517928
0.523414
0.530102
0.538413
0.549116
0.563937
0.588916
0.766801
0.797998
0.799929
0.799998
0.8
0.8
0.8
0.8
0.8
0.8
0.8
0.8
0.8
0.8
0.8
0.8
0.8
0.8
0.8
0.8
0.675826
0.660591
0.659578
0.668173
0.692051
0.740643
0.7864
0.798545
0.799904
0.799997
0.512496
0.515358
0.518858
0.523093
0.528233
0.534556
0.542527
0.552997
0.567863
0.593778
0.767513
0.79805
0.799931
0.799998
0.8
0.8
0.8
0.8
0.8
0.8
0.8
0.8
0.8
0.8
0.8
0.8
0.8
0.8
0.8
0.8
0.691514
0.676142
0.676689
0.689069
0.719561
0.766839
0.794078
0.799394
0.799959
0.799999
0.518234
0.520929
0.524172
0.528072
0.532813
0.5387
0.546239
0.556362
0.571158
0.597975
0.767731
0.798049
0.799931
0.799998
0.8
0.8
0.8
0.8
0.8
0.8
0.8
0.8
0.8
0.8
0.8
0.8
0.8
0.8
0.8
0.8
0.714355
0.69909
0.701627
0.718218
0.751414
0.785112
0.797636
0.799753
0.799983
0.799999
0.523932
0.52644
0.529397
0.532921
0.537204
0.542567
0.549547
0.55915
0.57366
0.601176
0.76706
0.797954
0.799927
0.799998
0.8
0.8
0.8
0.8
0.8
0.8
0.8
0.8
0.8
0.8
0.8
0.8
0.8
0.8
0.8
0.8
0.744545
0.731193
0.735306
0.752643
0.777756
0.794296
0.79909
0.799899
0.799993
0.8
0.52966
0.531961
0.534606
0.537714
0.541478
0.546218
0.552483
0.561321
0.575168
0.602843
0.764604
0.797672
0.799917
0.799998
0.8
0.8
0.8
0.8
0.8
0.8
0.8
0.8
0.8
0.8
0.8
0.8
0.8
0.8
0.8
0.8
0.773778
0.765657
0.769051
0.780081
0.791908
0.797966
0.799649
0.799957
0.799997
0.8
0.535505
0.537579
0.539891
0.542551
0.545742
0.549764
0.555143
0.562906
0.575507
0.602152
0.757778
0.796947
0.799892
0.799997
0.8
0.8
0.8
0.8
0.8
0.8
0.8
0.8
0.8
0.8
0.8
0.8
0.8
0.8
0.8
0.8
0.791237
0.788191
0.789464
0.793507
0.79737
0.799283
0.799861
0.799981
0.799998
0.8
0.541572
0.543407
0.545373
0.54757
0.550156
0.553392
0.557738
0.564102
0.574703
0.59811
0.737462
0.795042
0.799842
0.799997
0.8
0.8
0.8
0.8
0.8
0.8
0.8
0.8
0.8
0.8
0.8
0.8
0.8
0.8
0.8
0.8
0.797837
0.79697
0.797136
0.798134
0.799173
0.799744
0.799943
0.799991
0.799999
0.8
0.548002
0.54959
0.551212
0.552951
0.554937
0.557376
0.560626
0.565383
0.573304
0.59054
0.59552
0.600794
0.605968
0.611104
0.616234
0.621383
0.626584
0.631881
0.637339
0.643068
0.649259
0.656265
0.664731
0.675826
0.691514
0.714355
0.744545
0.773778
0.791237
0.797837
0.799383
0.799345
0.799309
0.799492
0.799742
0.799907
0.799976
0.799996
0.799999
0.8
0.554988
0.556331
0.557626
0.558939
0.560371
0.562079
0.564327
0.5676
0.572935
0.583301
0.58848
0.592843
0.59701
0.60116
0.605362
0.609657
0.614082
0.618685
0.623538
0.628762
0.634563
0.641301
0.649608
0.660591
0.676142
0.69909
0.731193
0.765657
0.788191
0.79697
0.799345
0.799778
0.799829
0.799863
0.799919
0.799966
0.799989
0.799998
0.8
0.8
0.562826
0.563935
0.564933
0.56587
0.566827
0.567923
0.569352
0.57144
0.574786
0.580633
0.585376
0.589601
0.593652
0.597683
0.601773
0.605974
0.610333
0.614912
0.619805
0.625164
0.631239
0.638449
0.647496
0.659578
0.676689
0.701627
0.735306
0.769051
0.789464
0.797136
0.799309
0.799829
0.799936
0.799959
0.799974
0.799987
0.799995
0.799999
0.8
0.8
0.572016
0.572914
0.573653
0.574277
0.574851
0.575475
0.576296
0.577544
0.579576
0.582942
0.586622
0.590384
0.59422
0.598163
0.602247
0.606516
0.611022
0.615851
0.621133
0.627077
0.634017
0.642494
0.653392
0.668172
0.689069
0.718218
0.752643
0.780081
0.793507
0.798134
0.799492
0.799863
0.799959
0.799983
0.799991
0.799995
0.799998
0.799999
0.8
0.8
0.583519
0.584238
0.584767
0.585145
0.585435
0.585724
0.586141
0.586865
0.588143
0.590269
0.593054
0.596301
0.599902
0.603813
0.608032
0.612588
0.617552
0.623047
0.629274
0.636554
0.645404
0.656646
0.67158
0.692051
0.719561
0.751414
0.777756
0.791908
0.79737
0.799173
0.799742
0.799919
0.799974
0.799991
0.799996
0.799998
0.799999
0.8
0.8
0.8
0.599324
0.599922
0.600305
0.600516
0.600622
0.600715
0.600919
0.6014
0.602358
0.604005
0.606386
0.60944
0.613091
0.617294
0.62205
0.627417
0.633524
0.640607
0.649058
0.659501
0.672883
0.690478
0.713385
0.740643
0.766839
0.785112
0.794296
0.797966
0.799283
0.799744
0.799907
0.799966
0.799987
0.799995
0.799998
0.799999
0.799999
0.8
0.8
0.8
0.623752
0.624334
0.624672
0.624823
0.624869
0.624921
0.62512
0.625644
0.626691
0.628461
0.631077
0.634579
0.638972
0.644283
0.650606
0.658145
0.667258
0.678499
0.692591
0.71017
0.731064
0.753198
0.772696
0.7864
0.794078
0.797636
0.79909
0.799649
0.799861
0.799943
0.799976
0.799989
0.799995
0.799998
0.799999
0.799999
0.8
0.8
0.8
0.8
0.666001
0.66676
0.667223
0.667474
0.667633
0.66785
0.668315
0.66925
0.670897
0.673498
0.677259
0.682337
0.688877
0.69705
0.707062
0.71907
0.732973
0.748108
0.763106
0.776265
0.786309
0.792917
0.79667
0.798545
0.799394
0.799753
0.799899
0.799957
0.799981
0.799991
0.799996
0.799998
0.799999
0.799999
0.8
0.8
0.8
0.8
0.8
0.8
0.734464
0.735378
0.735978
0.736379
0.736726
0.737201
0.738021
0.739427
0.741662
0.744935
0.749367
0.754946
0.761492
0.768649
0.775903
0.782666
0.788414
0.792834
0.795899
0.797819
0.798917
0.799494
0.799775
0.799904
0.799959
0.799983
0.799993
0.799997
0.799998
0.799999
0.799999
0.8
0.8
0.8
0.8
0.8
0.8
0.8
0.8
0.8
0.789375
0.789667
0.789869
0.790017
0.79016
0.790356
0.790669
0.79116
0.791874
0.792816
0.793943
0.795162
0.796359
0.797426
0.798293
0.798938
0.79938
0.799659
0.799823
0.799913
0.799959
0.799982
0.799992
0.799997
0.799999
0.799999
0.8
0.8
0.8
0.8
0.8
0.8
0.8
0.8
0.8
0.8
0.8
0.8
0.8
0.8
0.2
0.200051
0.204135
0.222829
0.251009
0.279715
0.305864
0.329012
0.349401
0.367399
0.383364
0.397613
0.410425
0.422039
0.432638
0.442365
0.451344
0.45968
0.467464
0.474775
0.481682
0.48825
0.494535
0.500596
0.506487
0.512267
0.517999
0.523756
0.529623
0.535708
0.542151
0.549145
0.556977
0.56612
0.577445
0.592724
0.615834
0.655317
0.722449
0.785504
0.200051
0.201672
0.213022
0.23642
0.26402
0.290771
0.31513
0.336891
0.356243
0.373469
0.388854
0.402666
0.41515
0.426507
0.436895
0.446445
0.455269
0.463466
0.471121
0.478308
0.485093
0.491534
0.497687
0.503604
0.509337
0.514942
0.520479
0.526021
0.531655
0.537495
0.543687
0.550434
0.558031
0.566962
0.578106
0.593254
0.616321
0.655921
0.723244
0.785822
0.204124
0.213017
0.231503
0.255653
0.280852
0.304879
0.32698
0.347014
0.365073
0.381332
0.395991
0.409256
0.42132
0.432339
0.442445
0.45175
0.460356
0.468353
0.47582
0.482824
0.489425
0.495676
0.501627
0.507325
0.512818
0.518156
0.5234
0.528623
0.533919
0.539409
0.545255
0.551672
0.558973
0.567647
0.578582
0.593582
0.616585
0.656262
0.723738
0.786031
0.222814
0.236414
0.255652
0.277399
0.299427
0.320587
0.340377
0.358631
0.375343
0.390588
0.404483
0.417168
0.428775
0.439415
0.449194
0.458212
0.466559
0.474317
0.481555
0.488334
0.494708
0.500722
0.50642
0.511841
0.517025
0.52202
0.52688
0.531682
0.536526
0.541549
0.546935
0.552927
0.559854
0.568218
0.578913
0.593747
0.616677
0.656414
0.724041
0.786178
0.250998
0.264016
0.28085
0.299427
0.318375
0.336897
0.354565
0.371169
0.386625
0.400925
0.414114
0.426253
0.43741
0.447664
0.457103
0.465816
0.473885
0.481383
0.488371
0.494905
0.501029
0.506782
0.512197
0.517304
0.522133
0.52672
0.531115
0.535391
0.539657
0.544073
0.548858
0.554298
0.560753
0.568741
0.579159
0.593812
0.616673
0.656484
0.724296
0.786322
0.279708
0.290768
0.304878
0.320586
0.336897
0.353174
0.369025
0.384214
0.39861
0.412139
0.42476
0.436439
0.447196
0.457089
0.4662
0.474614
0.482406
0.489645
0.496386
0.502677
0.508555
0.514049
0.51918
0.523965
0.528419
0.53256
0.536423
0.540069
0.543613
0.547241
0.551229
0.55594
0.561789
0.569313
0.579405
0.593867
0.616675
0.65661
0.724678
0.786532
0.30586
0.315128
0.326979
0.340377
0.354565
0.369024
0.383407
0.397485
0.411105
0.424134
0.436407
0.447774
0.45822
0.467806
0.476625
0.484766
0.492306
0.499311
0.505833
0.511914
0.517581
0.522854
0.52774
0.532239
0.536342
0.540039
0.543334
0.546258
0.548911
0.551505
0.554401
0.558115
0.563152
0.570078
0.579776
0.59403
0.616817
0.65696
0.725398
0.786889
0.329009
0.336889
0.347013
0.358631
0.371169
0.384214
0.397485
0.410798
0.42401
0.436927
0.449231
0.460521
0.470786
0.480146
0.48873
0.496647
0.503987
0.510815
0.517183
0.523125
0.528665
0.533809
0.53855
0.542866
0.546718
0.550055
0.552818
0.554969
0.556546
0.557746
0.559046
0.56129
0.565159
0.57126
0.580448
0.594459
0.617261
0.657733
0.72669
0.787471
0.349399
0.356241
0.365072
0.375343
0.386624
0.398609
0.411105
0.42401
0.437254
0.450714
0.463906
0.475488
0.485741
0.494975
0.503408
0.511188
0.518422
0.525184
0.531524
0.537477
0.543058
0.548266
0.553079
0.557455
0.561316
0.564552
0.567004
0.568483
0.568826
0.568064
0.566739
0.566454
0.568381
0.573204
0.581654
0.595343
0.618192
0.659143
0.728794
0.788337
0.367398
0.373467
0.381331
0.390587
0.400925
0.412139
0.424134
0.436927
0.450714
0.466023
0.483454
0.495821
0.506236
0.515486
0.523927
0.531761
0.539115
0.546077
0.552705
0.559037
0.565091
0.570867
0.576337
0.581444
0.586078
0.590057
0.593075
0.594641
0.593994
0.590204
0.583087
0.576315
0.573954
0.576414
0.583672
0.59688
0.619785
0.661395
0.731926
0.789506
0.383363
0.388853
0.395991
0.404482
0.414113
0.424759
0.436406
0.449231
0.463906
0.483454
0.75759
0.765237
0.76092
0.758469
0.75725
0.756802
0.75688
0.757333
0.758053
0.758954
0.759963
0.761004
0.761998
0.762843
0.763397
0.763437
0.762541
0.759749
0.752236
0.730045
0.588041
0.581308
0.578504
0.579938
0.586323
0.599108
0.622148
0.664654
0.736238
0.790942
0.397612
0.402665
0.409255
0.417168
0.426252
0.436439
0.447774
0.46052
0.475488
0.49582
0.765237
0.796966
0.797844
0.797492
0.79725
0.797115
0.797059
0.797063
0.797109
0.797184
0.797276
0.797374
0.797467
0.797541
0.79758
0.797557
0.797424
0.797066
0.796173
0.793835
0.593319
0.585536
0.582569
0.583544
0.589413
0.601962
0.625299
0.669033
0.74178
0.792547
0.410424
0.415149
0.421319
0.428774
0.437409
0.447196
0.45822
0.470785
0.485741
0.506236
0.76092
0.797844
0.799872
0.799915
0.799903
0.799894
0.799889
0.799887
0.799888
0.799891
0.799895
0.799899
0.799903
0.799906
0.799908
0.799907
0.799902
0.799888
0.799855
0.79979
0.59844
0.589561
0.586462
0.587219
0.592832
0.605356
0.629218
0.674625
0.748485
0.794184
0.422039
0.426506
0.432339
0.439414
0.447664
0.457089
0.467806
0.480145
0.494975
0.515486
0.758469
0.797492
0.799915
0.799996
0.799997
0.799997
0.799997
0.799997
0.799997
0.799997
0.799997
0.799997
0.799997
0.799997
0.799997
0.799997
0.799997
0.799997
0.799996
0.799995
0.603481
0.593551
0.590325
0.590984
0.59653
0.609235
0.633893
0.68155
0.756137
0.795713
0.432637
0.436895
0.442444
0.449194
0.457103
0.4662
0.476625
0.48873
0.503407
0.523927
0.75725
0.79725
0.799903
0.799997
0.8
0.8
0.8
0.8
0.8
0.8
0.8
0.8
0.8
0.8
0.8
0.8
0.8
0.8
0.8
0.8
0.608479
0.597572
0.59423
0.59487
0.600494
0.613575
0.639353
0.689995
0.764357
0.797022
0.442365
0.446445
0.451749
0.458212
0.465816
0.474614
0.484766
0.496647
0.511188
0.531761
0.756802
0.797115
0.799894
0.799997
0.8
0.8
0.8
0.8
0.8
0.8
0.8
0.8
0.8
0.8
0.8
0.8
0.8
0.8
0.8
0.8
0.613462
0.601662
0.598223
0.598907
0.604736
0.618396
0.645703
0.700208
0.772605
0.798054
0.451344
0.455269
0.460355
0.466559
0.473885
0.482406
0.492305
0.503986
0.518422
0.539115
0.75688
0.797059
0.799889
0.799997
0.8
0.8
0.8
0.8
0.8
0.8
0.8
0.8
0.8
0.8
0.8
0.8
0.8
0.8
0.8
0.8
0.61846
0.605855
0.602344
0.603138
0.609298
0.623767
0.653153
0.71243
0.780266
0.798803
0.459679
0.463465
0.468353
0.474316
0.481382
0.489644
0.49931
0.510814
0.525183
0.546077
0.757333
0.797063
0.799887
0.799997
0.8
0.8
0.8
0.8
0.8
0.8
0.8
0.8
0.8
0.8
0.8
0.8
0.8
0.8
0.8
0.8
0.623512
0.610189
0.606642
0.607621
0.61426
0.62983
0.66207
0.726687
0.786784
0.799308
0.467463
0.47112
0.47582
0.481554
0.488371
0.496386
0.505833
0.517182
0.531524
0.552705
0.758053
0.797109
0.799888
0.799997
0.8
0.8
0.8
0.8
0.8
0.8
0.8
0.8
0.8
0.8
0.8
0.8
0.8
0.8
0.8
0.8
0.628669
0.614721
0.611186
0.612446
0.61975
0.636823
0.673017
0.742469
0.791816
0.799623
0.474774
0.478307
0.482823
0.488334
0.494905
0.502677
0.511913
0.523125
0.537477
0.559037
0.758954
0.797184
0.799891
0.799997
0.8
0.8
0.8
0.8
0.8
0.8
0.8
0.8
0.8
0.8
0.8
0.8
0.8
0.8
0.8
0.8
0.634009
0.619537
0.616082
0.617755
0.625978
0.645137
0.686761
0.758486
0.795319
0.799806
0.481681
0.485092
0.489424
0.494707
0.501029
0.508555
0.517581
0.528665
0.543058
0.565091
0.759963
0.797276
0.799895
0.799997
0.8
0.8
0.8
0.8
0.8
0.8
0.8
0.8
0.8
0.8
0.8
0.8
0.8
0.8
0.8
0.8
0.639662
0.624784
0.621505
0.623776
0.633275
0.655392
0.704078
0.772927
0.797519
0.799905
0.488249
0.491534
0.495676
0.500722
0.506782
0.514049
0.522854
0.533808
0.548265
0.570866
0.761004
0.797374
0.799899
0.799997
0.8
0.8
0.8
0.8
0.8
0.8
0.8
0.8
0.8
0.8
0.8
0.8
0.8
0.8
0.8
0.8
0.645857
0.630707
0.627739
0.630866
0.642169
0.668543
0.725113
0.784238
0.798774
0.799956
0.494535
0.497687
0.501627
0.50642
0.512197
0.51918
0.52774
0.538549
0.553079
0.576337
0.761998
0.797467
0.799903
0.799997
0.8
0.8
0.8
0.8
0.8
0.8
0.8
0.8
0.8
0.8
0.8
0.8
0.8
0.8
0.8
0.8
0.653013
0.637733
0.635257
0.639607
0.653511
0.685935
0.748171
0.791822
0.79943
0.79998
0.500595
0.503604
0.507325
0.51184
0.517304
0.523965
0.532238
0.542865
0.557454
0.581444
0.762843
0.797541
0.799906
0.799997
0.8
0.8
0.8
0.8
0.8
0.8
0.8
0.8
0.8
0.8
0.8
0.8
0.8
0.8
0.8
0.8
0.661901
0.646606
0.64486
0.650966
0.668675
0.708905
0.769298
0.796165
0.799747
0.799991
0.506487
0.509337
0.512817
0.517025
0.522132
0.528419
0.536341
0.546718
0.561316
0.586078
0.763397
0.79758
0.799908
0.799997
0.8
0.8
0.8
0.8
0.8
0.8
0.8
0.8
0.8
0.8
0.8
0.8
0.8
0.8
0.8
0.8
0.673929
0.658647
0.657932
0.666568
0.689675
0.736919
0.784616
0.798328
0.799891
0.799996
0.512266
0.514941
0.518155
0.522019
0.52672
0.53256
0.540039
0.550055
0.564551
0.590056
0.763437
0.797557
0.799907
0.799997
0.8
0.8
0.8
0.8
0.8
0.8
0.8
0.8
0.8
0.8
0.8
0.8
0.8
0.8
0.8
0.8
0.691498
0.676153
0.676821
0.688938
0.718249
0.764588
0.793306
0.799299
0.799953
0.799998
0.517998
0.520478
0.5234
0.52688
0.531115
0.536422
0.543333
0.552817
0.567004
0.593075
0.762541
0.797424
0.799902
0.799997
0.8
0.8
0.8
0.8
0.8
0.8
0.8
0.8
0.8
0.8
0.8
0.8
0.8
0.8
0.8
0.8
0.71756
0.702461
0.704698
0.7203
0.751457
0.784161
0.79732
0.799708
0.799979
0.799999
0.523755
0.52602
0.528623
0.531681
0.53539
0.540069
0.546257
0.554969
0.568483
0.594641
0.759749
0.797066
0.799888
0.799997
0.8
0.8
0.8
0.8
0.8
0.8
0.8
0.8
0.8
0.8
0.8
0.8
0.8
0.8
0.8
0.8
0.751003
0.738464
0.741406
0.756233
0.778364
0.79395
0.798952
0.799876
0.79999
0.8
0.529622
0.531655
0.533918
0.536525
0.539657
0.543613
0.548911
0.556545
0.568826
0.593994
0.752236
0.796173
0.799855
0.799996
0.8
0.8
0.8
0.8
0.8
0.8
0.8
0.8
0.8
0.8
0.8
0.8
0.8
0.8
0.8
0.8
0.779962
0.773176
0.774773
0.782752
0.792295
0.797828
0.799584
0.799945
0.799995
0.8
0.535708
0.537495
0.539409
0.541548
0.544073
0.547241
0.551505
0.557746
0.568063
0.590204
0.730045
0.793835
0.79979
0.799995
0.8
0.8
0.8
0.8
0.8
0.8
0.8
0.8
0.8
0.8
0.8
0.8
0.8
0.8
0.8
0.8
0.794519
0.792163
0.792275
0.794656
0.797522
0.799224
0.799829
0.799974
0.799997
0.8
0.542151
0.543687
0.545254
0.546935
0.548858
0.551229
0.5544
0.559046
0.566738
0.583087
0.588041
0.593319
0.59844
0.60348
0.608479
0.613462
0.61846
0.623512
0.628669
0.634009
0.639661
0.645857
0.653013
0.661901
0.673929
0.691498
0.717561
0.751003
0.779962
0.794519
0.798382
0.798233
0.798066
0.798519
0.799226
0.799719
0.799927
0.799987
0.799999
0.8
0.549144
0.550433
0.551672
0.552926
0.554297
0.55594
0.558114
0.56129
0.566454
0.576314
0.581307
0.585536
0.589561
0.593551
0.597572
0.601662
0.605855
0.610189
0.614721
0.619537
0.624784
0.630707
0.637733
0.646606
0.658647
0.676153
0.702461
0.738464
0.773176
0.792163
0.798233
0.799392
0.799517
0.799602
0.799759
0.799896
0.799968
0.799993
0.799999
0.8
0.556976
0.558031
0.558972
0.559853
0.560752
0.561789
0.563151
0.565158
0.568381
0.573954
0.578504
0.582569
0.586462
0.590325
0.59423
0.598222
0.602344
0.606642
0.611185
0.616081
0.621504
0.627739
0.635257
0.64486
0.657932
0.676821
0.704698
0.741406
0.774773
0.792275
0.798066
0.799517
0.799817
0.799882
0.799923
0.799961
0.799985
0.799996
0.799999
0.8
0.56612
0.566961
0.567646
0.568218
0.568741
0.569312
0.570077
0.57126
0.573203
0.576414
0.579938
0.583544
0.587218
0.590984
0.594869
0.598907
0.603138
0.60762
0.612445
0.617755
0.623776
0.630866
0.639607
0.650966
0.666568
0.688938
0.7203
0.756233
0.782752
0.794656
0.798519
0.799602
0.799882
0.799951
0.799972
0.799985
0.799993
0.799998
0.8
0.8
0.577445
0.578106
0.578582
0.578913
0.579158
0.579405
0.579776
0.580447
0.581654
0.583672
0.586322
0.589413
0.592832
0.59653
0.600493
0.604736
0.609298
0.614259
0.61975
0.625978
0.633275
0.642168
0.653511
0.668675
0.689674
0.718249
0.751457
0.778364
0.792296
0.797522
0.799226
0.799759
0.799923
0.799972
0.799987
0.799993
0.799997
0.799999
0.8
0.8
0.592724
0.593254
0.593581
0.593746
0.593812
0.593866
0.594029
0.594458
0.595343
0.59688
0.599108
0.601961
0.605356
0.609235
0.613575
0.618395
0.623767
0.62983
0.636823
0.645137
0.655391
0.668542
0.685935
0.708905
0.736919
0.764588
0.784161
0.79395
0.797828
0.799224
0.799719
0.799896
0.799961
0.799985
0.799993
0.799997
0.799998
0.799999
0.8
0.8
0.615834
0.61632
0.616585
0.616677
0.616672
0.616675
0.616817
0.617261
0.618191
0.619785
0.622148
0.625299
0.629218
0.633893
0.639353
0.645703
0.653153
0.66207
0.673017
0.68676
0.704078
0.725113
0.74817
0.769298
0.784616
0.793306
0.79732
0.798952
0.799584
0.799829
0.799927
0.799968
0.799985
0.799993
0.799997
0.799998
0.799999
0.799999
0.8
0.8
0.655317
0.655921
0.656261
0.656414
0.656484
0.656609
0.65696
0.657733
0.659142
0.661394
0.664654
0.669033
0.674625
0.68155
0.689995
0.700208
0.712429
0.726687
0.742469
0.758486
0.772927
0.784238
0.791822
0.796164
0.798328
0.799299
0.799708
0.799876
0.799945
0.799974
0.799987
0.799993
0.799996
0.799998
0.799999
0.799999
0.799999
0.8
0.8
0.8
0.722449
0.723244
0.723737
0.724041
0.724295
0.724678
0.725398
0.72669
0.728794
0.731926
0.736237
0.74178
0.748485
0.756137
0.764357
0.772605
0.780266
0.786784
0.791816
0.795319
0.797519
0.798774
0.79943
0.799747
0.799891
0.799953
0.799979
0.79999
0.799995
0.799997
0.799999
0.799999
0.799999
0.8
0.8
0.8
0.8
0.8
0.8
0.8
0.785504
0.785822
0.786031
0.786178
0.786322
0.786532
0.786889
0.787471
0.788337
0.789506
0.790942
0.792547
0.794184
0.795713
0.797022
0.798054
0.798803
0.799308
0.799623
0.799806
0.799905
0.799956
0.79998
0.799991
0.799996
0.799998
0.799999
0.8
0.8
0.8
0.8
0.8
0.8
0.8
0.8
0.8
0.8
0.8
0.8
0.8
)
;

boundaryField
{
    left
    {
        type            fixedValue;
        value           uniform 0;
    }
    right
    {
        type            fixedValue;
        value           uniform 0;
    }
    up
    {
        type            fixedValue;
        value           uniform 0;
    }
    down
    {
        type            fixedValue;
        value           uniform 0;
    }
    front
    {
        type            fixedValue;
        value           uniform 0;
    }
    back
    {
        type            fixedValue;
        value           uniform 0;
    }
}


// ************************************************************************* //
