/*--------------------------------*- C++ -*----------------------------------*\
| =========                 |                                                 |
| \\      /  F ield         | OpenFOAM: The Open Source CFD Toolbox           |
|  \\    /   O peration     | Version:  2.1.0                                 |
|   \\  /    A nd           | Web:      www.OpenFOAM.org                      |
|    \\/     M anipulation  |                                                 |
\*---------------------------------------------------------------------------*/
FoamFile
{
    version     2.0;
    format      ascii;
    class       volScalarField;
    location    "24090";
    object      sw;
}
// * * * * * * * * * * * * * * * * * * * * * * * * * * * * * * * * * * * * * //

dimensions      [0 0 0 0 0 0 0];

internalField   nonuniform List<scalar> 
8000
(
0.706889
0.692921
0.675964
0.65807
0.640326
0.62326
0.607093
0.591886
0.577618
0.564267
0.551804
0.540191
0.529376
0.519294
0.509878
0.501065
0.492795
0.484997
0.477601
0.470546
0.463771
0.457218
0.450829
0.444543
0.438294
0.432003
0.425579
0.418901
0.411808
0.404074
0.395364
0.385161
0.372605
0.356248
0.333824
0.302913
0.262778
0.223588
0.204315
0.200331
0.692923
0.680449
0.665172
0.648824
0.632382
0.616359
0.601004
0.586411
0.572608
0.559611
0.547423
0.536025
0.525376
0.515424
0.506111
0.497384
0.489181
0.481436
0.474083
0.467062
0.460318
0.453795
0.447439
0.441192
0.434993
0.428769
0.42243
0.415858
0.408892
0.401301
0.392741
0.382673
0.370203
0.353827
0.33123
0.300099
0.260162
0.222144
0.203983
0.200303
0.675965
0.665172
0.651791
0.637212
0.622284
0.607494
0.593105
0.579248
0.566009
0.553448
0.541599
0.530466
0.520027
0.510245
0.501074
0.492469
0.484369
0.47671
0.469432
0.462481
0.455804
0.449353
0.443078
0.43693
0.430853
0.42478
0.418627
0.412279
0.405572
0.398266
0.390001
0.380211
0.367959
0.351688
0.329042
0.297819
0.258129
0.221052
0.203732
0.200281
0.65807
0.648824
0.637212
0.624324
0.610875
0.597308
0.583885
0.570777
0.558118
0.546006
0.534507
0.523649
0.513433
0.503834
0.494824
0.486358
0.478375
0.470816
0.463627
0.456758
0.450165
0.443804
0.437636
0.43162
0.425712
0.419856
0.413977
0.407966
0.401656
0.394796
0.387
0.377655
0.365776
0.349745
0.327166
0.295945
0.256512
0.220199
0.203534
0.200263
0.640326
0.632382
0.622284
0.610875
0.598742
0.586271
0.573724
0.561304
0.549174
0.537464
0.526271
0.515654
0.505635
0.496211
0.487359
0.479023
0.471148
0.463678
0.456565
0.449764
0.443238
0.436954
0.430883
0.424999
0.419275
0.413674
0.40814
0.402577
0.396823
0.390609
0.383501
0.374818
0.363501
0.347862
0.325461
0.294308
0.255125
0.219463
0.203359
0.200247
0.62326
0.616359
0.607494
0.597308
0.586271
0.574721
0.562918
0.551072
0.539359
0.527938
0.516945
0.506485
0.496606
0.487321
0.478586
0.470344
0.462537
0.455114
0.448027
0.44124
0.434723
0.428453
0.422417
0.41661
0.411031
0.405677
0.400529
0.395525
0.390518
0.385216
0.37911
0.371392
0.36089
0.345826
0.323714
0.292683
0.253746
0.218711
0.203175
0.20023
0.607093
0.601004
0.593105
0.583885
0.573724
0.562919
0.551702
0.540269
0.528797
0.517467
0.50648
0.496027
0.486195
0.476963
0.468268
0.460041
0.45222
0.444751
0.437587
0.430696
0.424056
0.417657
0.411505
0.405624
0.400055
0.394854
0.390072
0.385718
0.381695
0.3777
0.373103
0.366837
0.357535
0.343299
0.321604
0.290758
0.252097
0.217793
0.202951
0.200209
0.591886
0.586411
0.579249
0.570777
0.561304
0.551072
0.540269
0.529049
0.517556
0.505977
0.494628
0.483943
0.47398
0.464654
0.45586
0.447505
0.439509
0.431809
0.424359
0.417124
0.410088
0.403257
0.396662
0.390366
0.384474
0.37913
0.374514
0.370804
0.368065
0.366056
0.363961
0.36009
0.352702
0.339728
0.318661
0.288121
0.249849
0.216556
0.202659
0.200183
0.577619
0.572608
0.566009
0.558118
0.549175
0.53936
0.528797
0.517556
0.505667
0.493208
0.480624
0.469237
0.458838
0.449158
0.439999
0.431214
0.422695
0.414359
0.406144
0.398011
0.38995
0.381977
0.374141
0.366544
0.359369
0.352922
0.347669
0.344226
0.343193
0.344707
0.347697
0.348722
0.344989
0.33423
0.314235
0.284282
0.246668
0.214885
0.20229
0.200152
0.564267
0.559612
0.553448
0.546007
0.537465
0.527938
0.517467
0.505977
0.493208
0.478531
0.46101
0.447998
0.436534
0.425847
0.41556
0.405429
0.395272
0.384944
0.374314
0.363264
0.351708
0.339632
0.327173
0.314704
0.302916
0.292792
0.285508
0.282404
0.285175
0.295535
0.312822
0.327956
0.332597
0.325927
0.307751
0.278833
0.242329
0.212763
0.201857
0.200118
0.551804
0.547424
0.541599
0.534507
0.526271
0.516946
0.50648
0.494628
0.480624
0.46101
0.226068
0.219092
0.22038
0.220467
0.219792
0.218647
0.217203
0.215574
0.21385
0.212109
0.210418
0.208841
0.207434
0.206248
0.205325
0.204705
0.204454
0.204745
0.206133
0.210658
0.306214
0.317747
0.32218
0.316633
0.299625
0.271801
0.23689
0.210321
0.201404
0.200085
0.540191
0.536025
0.530466
0.523649
0.515655
0.506485
0.496027
0.483943
0.469237
0.447998
0.219092
0.201038
0.200662
0.200701
0.200694
0.200653
0.20059
0.200518
0.200443
0.20037
0.200305
0.200248
0.200202
0.200166
0.20014
0.200125
0.200123
0.20014
0.200198
0.200358
0.29855
0.308699
0.312257
0.306686
0.290404
0.263505
0.230691
0.207811
0.200985
0.200056
0.529376
0.525376
0.520028
0.513433
0.505636
0.496606
0.486195
0.47398
0.458838
0.436534
0.22038
0.200662
0.200027
0.200016
0.200016
0.200015
0.200014
0.200012
0.20001
0.200008
0.200007
0.200005
0.200004
0.200004
0.200003
0.200003
0.200003
0.200003
0.200004
0.200007
0.290112
0.2995
0.302152
0.296267
0.280407
0.254368
0.224234
0.205507
0.200641
0.200035
0.519294
0.515424
0.510246
0.503834
0.496212
0.487321
0.476963
0.464654
0.449159
0.425847
0.220467
0.200701
0.200016
0.200001
0.2
0.2
0.2
0.2
0.2
0.2
0.2
0.2
0.2
0.2
0.2
0.2
0.2
0.2
0.2
0.2
0.281074
0.289984
0.291824
0.285602
0.269898
0.244865
0.218044
0.203608
0.200388
0.20002
0.509878
0.506111
0.501074
0.494825
0.487359
0.478586
0.468268
0.45586
0.439999
0.41556
0.219792
0.200694
0.200016
0.2
0.2
0.2
0.2
0.2
0.2
0.2
0.2
0.2
0.2
0.2
0.2
0.2
0.2
0.2
0.2
0.2
0.271613
0.280128
0.281307
0.274734
0.259163
0.235494
0.212568
0.202199
0.200219
0.200011
0.501066
0.497384
0.49247
0.486359
0.479024
0.470344
0.460042
0.447505
0.431214
0.405429
0.218647
0.200653
0.200015
0.2
0.2
0.2
0.2
0.2
0.2
0.2
0.2
0.2
0.2
0.2
0.2
0.2
0.2
0.2
0.2
0.2
0.261933
0.270033
0.270665
0.263816
0.248533
0.226712
0.208113
0.201249
0.200116
0.200005
0.492796
0.489182
0.484369
0.478375
0.471148
0.462538
0.452221
0.439509
0.422695
0.395272
0.217203
0.20059
0.200014
0.2
0.2
0.2
0.2
0.2
0.2
0.2
0.2
0.2
0.2
0.2
0.2
0.2
0.2
0.2
0.2
0.2
0.252286
0.25989
0.260075
0.25308
0.238338
0.218896
0.20482
0.200665
0.200058
0.200003
0.484997
0.481436
0.47671
0.470816
0.463679
0.455114
0.444751
0.43181
0.414359
0.384944
0.215574
0.200518
0.200012
0.2
0.2
0.2
0.2
0.2
0.2
0.2
0.2
0.2
0.2
0.2
0.2
0.2
0.2
0.2
0.2
0.2
0.242948
0.249938
0.249762
0.242755
0.228855
0.212348
0.202634
0.200333
0.200028
0.200001
0.477601
0.474083
0.469432
0.463627
0.456565
0.448028
0.437588
0.424359
0.406144
0.374314
0.21385
0.200443
0.20001
0.2
0.2
0.2
0.2
0.2
0.2
0.2
0.2
0.2
0.2
0.2
0.2
0.2
0.2
0.2
0.2
0.2
0.234163
0.240404
0.23991
0.233013
0.220331
0.20731
0.201333
0.200158
0.200013
0.200001
0.470546
0.467063
0.462481
0.456759
0.449765
0.441241
0.430697
0.417124
0.398011
0.363265
0.212109
0.20037
0.200008
0.2
0.2
0.2
0.2
0.2
0.2
0.2
0.2
0.2
0.2
0.2
0.2
0.2
0.2
0.2
0.2
0.2
0.226089
0.231436
0.230627
0.223999
0.213071
0.203876
0.20063
0.200072
0.200006
0.2
0.463771
0.460319
0.455805
0.450165
0.443238
0.434723
0.424056
0.410089
0.38995
0.351708
0.210418
0.200305
0.200007
0.2
0.2
0.2
0.2
0.2
0.2
0.2
0.2
0.2
0.2
0.2
0.2
0.2
0.2
0.2
0.2
0.2
0.218815
0.223119
0.222012
0.215966
0.207448
0.20185
0.20028
0.200031
0.200002
0.2
0.457218
0.453795
0.449353
0.443804
0.436954
0.428453
0.417657
0.403258
0.381977
0.339633
0.208841
0.200248
0.200005
0.2
0.2
0.2
0.2
0.2
0.2
0.2
0.2
0.2
0.2
0.2
0.2
0.2
0.2
0.2
0.2
0.2
0.212478
0.215613
0.214329
0.209374
0.203694
0.200809
0.200119
0.200013
0.200001
0.2
0.450829
0.447439
0.443079
0.437636
0.430883
0.422417
0.411505
0.396662
0.374141
0.327173
0.207434
0.200202
0.200004
0.2
0.2
0.2
0.2
0.2
0.2
0.2
0.2
0.2
0.2
0.2
0.2
0.2
0.2
0.2
0.2
0.2
0.207359
0.209308
0.208109
0.204709
0.201607
0.20033
0.200048
0.200005
0.2
0.2
0.444543
0.441193
0.436931
0.431621
0.424999
0.41661
0.405624
0.390367
0.366544
0.314705
0.206248
0.200166
0.200004
0.2
0.2
0.2
0.2
0.2
0.2
0.2
0.2
0.2
0.2
0.2
0.2
0.2
0.2
0.2
0.2
0.2
0.203754
0.20472
0.203866
0.202017
0.20063
0.200127
0.200019
0.200002
0.2
0.2
0.438294
0.434994
0.430853
0.425712
0.419275
0.411031
0.400056
0.384474
0.359369
0.302916
0.205325
0.20014
0.200003
0.2
0.2
0.2
0.2
0.2
0.2
0.2
0.2
0.2
0.2
0.2
0.2
0.2
0.2
0.2
0.2
0.2
0.201647
0.202013
0.201556
0.200756
0.200228
0.200047
0.200007
0.200001
0.2
0.2
0.432004
0.42877
0.424781
0.419856
0.413674
0.405677
0.394855
0.37913
0.352922
0.292792
0.204705
0.200125
0.200003
0.2
0.2
0.2
0.2
0.2
0.2
0.2
0.2
0.2
0.2
0.2
0.2
0.2
0.2
0.2
0.2
0.2
0.200629
0.200736
0.200544
0.200256
0.200078
0.200017
0.200003
0.2
0.2
0.2
0.425579
0.422431
0.418628
0.413978
0.40814
0.40053
0.390072
0.374514
0.347669
0.285508
0.204454
0.200123
0.200003
0.2
0.2
0.2
0.2
0.2
0.2
0.2
0.2
0.2
0.2
0.2
0.2
0.2
0.2
0.2
0.2
0.2
0.200212
0.200237
0.200171
0.200081
0.200026
0.200006
0.200001
0.2
0.2
0.2
0.418901
0.415859
0.41228
0.407966
0.402577
0.395526
0.385718
0.370804
0.344226
0.282404
0.204745
0.20014
0.200003
0.2
0.2
0.2
0.2
0.2
0.2
0.2
0.2
0.2
0.2
0.2
0.2
0.2
0.2
0.2
0.2
0.2
0.200064
0.200069
0.200049
0.200024
0.200008
0.200002
0.2
0.2
0.2
0.2
0.411808
0.408893
0.405572
0.401656
0.396824
0.390518
0.381695
0.368065
0.343194
0.285175
0.206133
0.200198
0.200004
0.2
0.2
0.2
0.2
0.2
0.2
0.2
0.2
0.2
0.2
0.2
0.2
0.2
0.2
0.2
0.2
0.2
0.200017
0.200018
0.200013
0.200007
0.200003
0.200001
0.2
0.2
0.2
0.2
0.404074
0.401301
0.398266
0.394797
0.390609
0.385216
0.3777
0.366056
0.344707
0.295535
0.210658
0.200358
0.200007
0.2
0.2
0.2
0.2
0.2
0.2
0.2
0.2
0.2
0.2
0.2
0.2
0.2
0.2
0.2
0.2
0.2
0.200004
0.200004
0.200003
0.200002
0.200001
0.2
0.2
0.2
0.2
0.2
0.395365
0.392741
0.390002
0.387
0.383501
0.37911
0.373104
0.363961
0.347697
0.312822
0.306215
0.29855
0.290112
0.281075
0.271613
0.261933
0.252286
0.242948
0.234163
0.226089
0.218815
0.212478
0.207359
0.203754
0.201647
0.200629
0.200212
0.200064
0.200017
0.200004
0.200001
0.200001
0.200001
0.200001
0.2
0.2
0.2
0.2
0.2
0.2
0.385161
0.382673
0.380211
0.377656
0.374819
0.371393
0.366837
0.36009
0.348723
0.327957
0.317747
0.3087
0.2995
0.289984
0.280128
0.270034
0.25989
0.249938
0.240404
0.231436
0.223119
0.215613
0.209308
0.20472
0.202013
0.200736
0.200237
0.200069
0.200018
0.200004
0.200001
0.2
0.2
0.2
0.2
0.2
0.2
0.2
0.2
0.2
0.372606
0.370203
0.367959
0.365776
0.363501
0.36089
0.357535
0.352702
0.34499
0.332597
0.32218
0.312257
0.302152
0.291824
0.281307
0.270665
0.260075
0.249762
0.23991
0.230627
0.222012
0.214329
0.208109
0.203866
0.201556
0.200544
0.200171
0.200049
0.200013
0.200003
0.200001
0.2
0.2
0.2
0.2
0.2
0.2
0.2
0.2
0.2
0.356248
0.353827
0.351688
0.349745
0.347862
0.345826
0.343299
0.339728
0.33423
0.325927
0.316633
0.306687
0.296267
0.285603
0.274734
0.263816
0.25308
0.242755
0.233013
0.223999
0.215966
0.209374
0.204709
0.202017
0.200756
0.200256
0.200081
0.200024
0.200007
0.200002
0.200001
0.2
0.2
0.2
0.2
0.2
0.2
0.2
0.2
0.2
0.333824
0.33123
0.329042
0.327166
0.325461
0.323714
0.321605
0.318661
0.314236
0.307751
0.299626
0.290404
0.280407
0.269898
0.259163
0.248533
0.238338
0.228855
0.220331
0.213071
0.207448
0.203694
0.201608
0.20063
0.200228
0.200078
0.200026
0.200008
0.200003
0.200001
0.2
0.2
0.2
0.2
0.2
0.2
0.2
0.2
0.2
0.2
0.302914
0.3001
0.29782
0.295945
0.294308
0.292683
0.290758
0.288122
0.284282
0.278833
0.271801
0.263505
0.254368
0.244865
0.235494
0.226712
0.218896
0.212348
0.207311
0.203876
0.20185
0.200809
0.20033
0.200127
0.200047
0.200017
0.200006
0.200002
0.200001
0.2
0.2
0.2
0.2
0.2
0.2
0.2
0.2
0.2
0.2
0.2
0.262778
0.260163
0.258129
0.256512
0.255126
0.253747
0.252097
0.249849
0.246668
0.24233
0.23689
0.230691
0.224234
0.218045
0.212568
0.208113
0.20482
0.202634
0.201333
0.20063
0.20028
0.200119
0.200048
0.200019
0.200007
0.200003
0.200001
0.2
0.2
0.2
0.2
0.2
0.2
0.2
0.2
0.2
0.2
0.2
0.2
0.2
0.223588
0.222144
0.221052
0.220199
0.219463
0.218711
0.217793
0.216556
0.214886
0.212763
0.210321
0.207811
0.205507
0.203608
0.202199
0.201249
0.200665
0.200333
0.200158
0.200072
0.200031
0.200013
0.200005
0.200002
0.200001
0.2
0.2
0.2
0.2
0.2
0.2
0.2
0.2
0.2
0.2
0.2
0.2
0.2
0.2
0.2
0.204315
0.203983
0.203732
0.203534
0.203359
0.203175
0.202951
0.202659
0.20229
0.201857
0.201404
0.200985
0.200641
0.200388
0.200219
0.200116
0.200058
0.200028
0.200013
0.200006
0.200002
0.200001
0.2
0.2
0.2
0.2
0.2
0.2
0.2
0.2
0.2
0.2
0.2
0.2
0.2
0.2
0.2
0.2
0.2
0.2
0.200331
0.200303
0.200281
0.200263
0.200247
0.20023
0.200209
0.200183
0.200152
0.200118
0.200085
0.200056
0.200035
0.20002
0.200011
0.200005
0.200003
0.200001
0.200001
0.2
0.2
0.2
0.2
0.2
0.2
0.2
0.2
0.2
0.2
0.2
0.2
0.2
0.2
0.2
0.2
0.2
0.2
0.2
0.2
0.2
0.764926
0.7486
0.727264
0.704378
0.68196
0.660896
0.641471
0.623706
0.607504
0.592718
0.579185
0.566771
0.555364
0.544859
0.535154
0.526144
0.517738
0.509865
0.502451
0.495431
0.488743
0.482329
0.476135
0.470106
0.464186
0.458312
0.452416
0.446416
0.440212
0.433679
0.42666
0.418949
0.410282
0.40026
0.387946
0.370211
0.339728
0.286793
0.226776
0.20264
0.748605
0.733098
0.713601
0.692791
0.672217
0.65264
0.634368
0.61748
0.601936
0.587637
0.574467
0.562332
0.551145
0.540816
0.531253
0.522357
0.514049
0.506261
0.498923
0.491973
0.485354
0.479012
0.472896
0.466956
0.46114
0.45539
0.449639
0.443809
0.437799
0.431478
0.424681
0.417194
0.408745
0.398931
0.386809
0.369164
0.338515
0.285208
0.225769
0.202496
0.727266
0.713602
0.696598
0.678283
0.659888
0.642086
0.625207
0.609389
0.59465
0.580948
0.568232
0.556452
0.545551
0.535457
0.526086
0.51735
0.509187
0.501528
0.49431
0.487477
0.480977
0.474761
0.468784
0.463004
0.457372
0.451837
0.446336
0.440789
0.435091
0.429102
0.422641
0.415478
0.407326
0.397782
0.385904
0.368403
0.337658
0.284052
0.225019
0.202386
0.704378
0.692792
0.678284
0.662403
0.646147
0.630119
0.614656
0.599934
0.58602
0.572936
0.560698
0.5493
0.538713
0.52888
0.519723
0.511179
0.503187
0.495685
0.488616
0.48193
0.47558
0.469528
0.463736
0.458167
0.452784
0.447544
0.442387
0.437234
0.431974
0.426451
0.420458
0.413735
0.405974
0.396769
0.385184
0.367869
0.337076
0.283202
0.224438
0.202297
0.68196
0.672218
0.659889
0.646148
0.631805
0.617389
0.603226
0.589506
0.576341
0.563824
0.552029
0.540993
0.530708
0.521126
0.512187
0.503841
0.496029
0.488692
0.481781
0.475251
0.469066
0.463193
0.457606
0.452282
0.447193
0.44231
0.437583
0.432937
0.428255
0.423356
0.417995
0.41186
0.404608
0.395823
0.384582
0.367485
0.336657
0.282495
0.223914
0.202214
0.660896
0.65264
0.642086
0.630119
0.617389
0.604345
0.59128
0.57839
0.565838
0.553772
0.542321
0.53157
0.521529
0.512158
0.503422
0.49526
0.487613
0.480429
0.473663
0.467277
0.461243
0.45554
0.450154
0.445076
0.4403
0.435812
0.431587
0.42756
0.423614
0.419542
0.415034
0.409689
0.403101
0.394843
0.384008
0.367145
0.336247
0.281713
0.223306
0.202117
0.641472
0.634369
0.625208
0.614656
0.603226
0.59128
0.579072
0.566807
0.554673
0.542859
0.531565
0.520951
0.511047
0.501834
0.493253
0.485234
0.477717
0.470647
0.463986
0.457701
0.451775
0.446197
0.44097
0.436103
0.431616
0.427526
0.423843
0.420539
0.417514
0.414539
0.411213
0.406956
0.40126
0.393679
0.383335
0.366705
0.335649
0.28058
0.222453
0.201986
0.623707
0.61748
0.609389
0.599934
0.589506
0.57839
0.566807
0.554938
0.542953
0.531056
0.519552
0.508821
0.498921
0.489772
0.481271
0.473327
0.465867
0.458838
0.452199
0.445929
0.440016
0.434466
0.429297
0.424544
0.420256
0.416497
0.413335
0.41082
0.408923
0.407436
0.405837
0.403179
0.398759
0.392105
0.382387
0.365976
0.334608
0.278763
0.221187
0.201805
0.607504
0.601936
0.594651
0.58602
0.576341
0.565838
0.554673
0.542953
0.530742
0.518135
0.505554
0.494324
0.484234
0.475014
0.466472
0.458474
0.450929
0.443776
0.436977
0.430515
0.424391
0.418629
0.413268
0.408373
0.404031
0.400362
0.39753
0.395737
0.395173
0.395827
0.397123
0.39724
0.394954
0.389746
0.380916
0.364711
0.332814
0.275883
0.219368
0.201567
0.592718
0.587637
0.580949
0.572936
0.563824
0.553772
0.54286
0.531056
0.518135
0.503506
0.486486
0.474172
0.463609
0.45405
0.445151
0.436719
0.428629
0.420799
0.41318
0.405753
0.398536
0.391576
0.384947
0.378733
0.373029
0.367996
0.363987
0.361723
0.362345
0.367153
0.37631
0.384892
0.388064
0.385861
0.37855
0.362604
0.329909
0.271554
0.216946
0.201283
0.579185
0.574467
0.568232
0.560698
0.552029
0.542322
0.531565
0.519552
0.505554
0.486486
0.234919
0.227315
0.230146
0.231418
0.231672
0.231281
0.230448
0.229302
0.22794
0.226437
0.224861
0.223276
0.221751
0.220364
0.219221
0.218483
0.218439
0.219709
0.223975
0.237008
0.371227
0.37891
0.382563
0.381739
0.375472
0.359509
0.325573
0.265475
0.214015
0.20098
0.566772
0.562332
0.556452
0.549301
0.540993
0.53157
0.520951
0.508821
0.494324
0.474172
0.227315
0.20193
0.20131
0.20147
0.201551
0.201563
0.201525
0.201453
0.201358
0.201252
0.201141
0.201033
0.200933
0.200848
0.200783
0.200749
0.200763
0.200863
0.201157
0.201946
0.365829
0.37396
0.377792
0.377674
0.37177
0.355371
0.319533
0.257545
0.210836
0.200693
0.555365
0.551145
0.545551
0.538714
0.530708
0.521529
0.511047
0.498921
0.484234
0.46361
0.230146
0.20131
0.200065
0.200041
0.200045
0.200046
0.200046
0.200044
0.200041
0.200037
0.200033
0.200029
0.200026
0.200023
0.200021
0.20002
0.20002
0.200023
0.200031
0.200049
0.360291
0.369253
0.373334
0.373532
0.367472
0.350111
0.311487
0.247972
0.207768
0.200453
0.54486
0.540816
0.535457
0.528881
0.521126
0.512159
0.501835
0.489773
0.475015
0.45405
0.231417
0.20147
0.200041
0.200002
0.200001
0.200001
0.200001
0.200001
0.200001
0.200001
0.200001
0.200001
0.200001
0.200001
0.2
0.2
0.2
0.2
0.200001
0.200001
0.354612
0.364483
0.368836
0.369051
0.362506
0.343541
0.301069
0.237385
0.205138
0.200275
0.535155
0.531253
0.526087
0.519724
0.512187
0.503422
0.493253
0.481272
0.466472
0.445152
0.231672
0.201551
0.200045
0.200001
0.2
0.2
0.2
0.2
0.2
0.2
0.2
0.2
0.2
0.2
0.2
0.2
0.2
0.2
0.2
0.2
0.348773
0.359545
0.364099
0.364131
0.356708
0.33532
0.287924
0.226844
0.203137
0.200155
0.526145
0.522357
0.517351
0.511179
0.503842
0.49526
0.485235
0.473327
0.458474
0.43672
0.231281
0.201563
0.200046
0.200001
0.2
0.2
0.2
0.2
0.2
0.2
0.2
0.2
0.2
0.2
0.2
0.2
0.2
0.2
0.2
0.2
0.342718
0.354341
0.358996
0.358599
0.349782
0.324901
0.272034
0.217566
0.201775
0.200082
0.517739
0.51405
0.509187
0.503187
0.496029
0.487614
0.477717
0.465868
0.450929
0.428629
0.230448
0.201525
0.200046
0.200001
0.2
0.2
0.2
0.2
0.2
0.2
0.2
0.2
0.2
0.2
0.2
0.2
0.2
0.2
0.2
0.2
0.336321
0.348719
0.353332
0.352169
0.341256
0.311553
0.254263
0.210436
0.200938
0.200041
0.509865
0.506261
0.501528
0.495685
0.488693
0.48043
0.470648
0.458838
0.443776
0.420799
0.229302
0.201453
0.200044
0.200001
0.2
0.2
0.2
0.2
0.2
0.2
0.2
0.2
0.2
0.2
0.2
0.2
0.2
0.2
0.2
0.2
0.329352
0.342433
0.346791
0.344391
0.330436
0.294562
0.236697
0.205658
0.200466
0.200019
0.502452
0.498923
0.494311
0.488617
0.481781
0.473663
0.463986
0.4522
0.436977
0.41318
0.22794
0.201358
0.200041
0.200001
0.2
0.2
0.2
0.2
0.2
0.2
0.2
0.2
0.2
0.2
0.2
0.2
0.2
0.2
0.2
0.2
0.321414
0.335073
0.338876
0.334593
0.316392
0.273896
0.221941
0.202832
0.20022
0.200009
0.495431
0.491974
0.487478
0.48193
0.475252
0.467277
0.457702
0.445929
0.430515
0.405754
0.226437
0.201252
0.200037
0.200001
0.2
0.2
0.2
0.2
0.2
0.2
0.2
0.2
0.2
0.2
0.2
0.2
0.2
0.2
0.2
0.2
0.311874
0.326
0.328842
0.321833
0.298146
0.251332
0.211599
0.201326
0.200099
0.200004
0.488743
0.485355
0.480977
0.475581
0.469066
0.461243
0.451775
0.440016
0.424392
0.398536
0.224861
0.201141
0.200033
0.200001
0.2
0.2
0.2
0.2
0.2
0.2
0.2
0.2
0.2
0.2
0.2
0.2
0.2
0.2
0.2
0.2
0.29983
0.314282
0.315647
0.304964
0.275456
0.230716
0.205509
0.200588
0.200043
0.200002
0.48233
0.479013
0.474761
0.469529
0.463193
0.45554
0.446197
0.434466
0.418629
0.391576
0.223276
0.201033
0.200029
0.200001
0.2
0.2
0.2
0.2
0.2
0.2
0.2
0.2
0.2
0.2
0.2
0.2
0.2
0.2
0.2
0.2
0.28429
0.298743
0.298071
0.283164
0.250434
0.21567
0.202407
0.200249
0.200018
0.200001
0.476136
0.472897
0.468785
0.463736
0.457607
0.450154
0.44097
0.429298
0.413268
0.384947
0.221751
0.200933
0.200026
0.200001
0.2
0.2
0.2
0.2
0.2
0.2
0.2
0.2
0.2
0.2
0.2
0.2
0.2
0.2
0.2
0.2
0.264884
0.278452
0.27545
0.257526
0.228107
0.20693
0.200988
0.200102
0.200007
0.2
0.470107
0.466957
0.463004
0.458167
0.452282
0.445077
0.436104
0.424545
0.408373
0.378733
0.220364
0.200848
0.200023
0.200001
0.2
0.2
0.2
0.2
0.2
0.2
0.2
0.2
0.2
0.2
0.2
0.2
0.2
0.2
0.2
0.2
0.24328
0.254249
0.249601
0.232808
0.212912
0.202753
0.200388
0.200041
0.200003
0.2
0.464186
0.46114
0.457372
0.452785
0.447194
0.4403
0.431616
0.420256
0.404031
0.37303
0.219221
0.200783
0.200021
0.2
0.2
0.2
0.2
0.2
0.2
0.2
0.2
0.2
0.2
0.2
0.2
0.2
0.2
0.2
0.2
0.2
0.22377
0.230587
0.226191
0.214956
0.205022
0.201019
0.200148
0.200016
0.200001
0.2
0.458313
0.45539
0.451837
0.447544
0.44231
0.435813
0.427527
0.416497
0.400363
0.367996
0.218483
0.200749
0.20002
0.2
0.2
0.2
0.2
0.2
0.2
0.2
0.2
0.2
0.2
0.2
0.2
0.2
0.2
0.2
0.2
0.2
0.210475
0.213483
0.210824
0.205553
0.201744
0.200362
0.200056
0.200006
0.2
0.2
0.452416
0.44964
0.446336
0.442387
0.437583
0.431587
0.423843
0.413335
0.397531
0.363987
0.218439
0.200763
0.20002
0.2
0.2
0.2
0.2
0.2
0.2
0.2
0.2
0.2
0.2
0.2
0.2
0.2
0.2
0.2
0.2
0.2
0.203776
0.204722
0.203631
0.20179
0.20057
0.200127
0.200021
0.200003
0.2
0.2
0.446416
0.44381
0.440789
0.437235
0.432938
0.427561
0.42054
0.410821
0.395738
0.361723
0.219709
0.200863
0.200023
0.2
0.2
0.2
0.2
0.2
0.2
0.2
0.2
0.2
0.2
0.2
0.2
0.2
0.2
0.2
0.2
0.2
0.201165
0.201399
0.201064
0.200534
0.200181
0.200044
0.200008
0.200001
0.2
0.2
0.440212
0.437799
0.435091
0.431975
0.428255
0.423615
0.417514
0.408924
0.395173
0.362345
0.223975
0.201157
0.200031
0.200001
0.2
0.2
0.2
0.2
0.2
0.2
0.2
0.2
0.2
0.2
0.2
0.2
0.2
0.2
0.2
0.2
0.200314
0.200368
0.200287
0.200153
0.200057
0.200016
0.200003
0.2
0.2
0.2
0.43368
0.431479
0.429103
0.426452
0.423357
0.419543
0.41454
0.407436
0.395827
0.367153
0.237008
0.201946
0.200049
0.200001
0.2
0.2
0.2
0.2
0.2
0.2
0.2
0.2
0.2
0.2
0.2
0.2
0.2
0.2
0.2
0.2
0.200072
0.200086
0.200073
0.200043
0.200018
0.200006
0.200001
0.2
0.2
0.2
0.42666
0.424681
0.422642
0.420458
0.417995
0.415035
0.411213
0.405838
0.397123
0.376311
0.371227
0.365829
0.360291
0.354612
0.348773
0.342718
0.336321
0.329352
0.321415
0.311874
0.29983
0.28429
0.264884
0.24328
0.22377
0.210475
0.203776
0.201165
0.200314
0.200072
0.20002
0.200019
0.200018
0.200012
0.200006
0.200002
0.200001
0.2
0.2
0.2
0.418949
0.417195
0.415478
0.413735
0.41186
0.40969
0.406956
0.403179
0.39724
0.384892
0.37891
0.37396
0.369253
0.364484
0.359546
0.354341
0.34872
0.342433
0.335073
0.326001
0.314283
0.298743
0.278452
0.254249
0.230588
0.213483
0.204722
0.201399
0.200368
0.200086
0.200019
0.200006
0.200004
0.200003
0.200002
0.200001
0.2
0.2
0.2
0.2
0.410282
0.408745
0.407326
0.405975
0.404608
0.403102
0.401261
0.39876
0.394954
0.388065
0.382564
0.377792
0.373334
0.368836
0.364099
0.358997
0.353333
0.346791
0.338877
0.328842
0.315647
0.298072
0.275451
0.249601
0.226191
0.210824
0.203631
0.201064
0.200287
0.200073
0.200018
0.200004
0.200002
0.200001
0.200001
0.2
0.2
0.2
0.2
0.2
0.40026
0.398931
0.397782
0.39677
0.395824
0.394843
0.393679
0.392106
0.389747
0.385862
0.38174
0.377675
0.373532
0.369051
0.364131
0.358599
0.352169
0.344392
0.334593
0.321833
0.304965
0.283165
0.257526
0.232808
0.214956
0.205553
0.20179
0.200534
0.200153
0.200043
0.200012
0.200003
0.200001
0.2
0.2
0.2
0.2
0.2
0.2
0.2
0.387946
0.38681
0.385904
0.385184
0.384583
0.384009
0.383335
0.382387
0.380916
0.37855
0.375473
0.37177
0.367472
0.362507
0.356708
0.349782
0.341257
0.330436
0.316392
0.298146
0.275456
0.250434
0.228107
0.212912
0.205022
0.201744
0.20057
0.200181
0.200057
0.200018
0.200006
0.200002
0.200001
0.2
0.2
0.2
0.2
0.2
0.2
0.2
0.370211
0.369165
0.368403
0.36787
0.367486
0.367145
0.366705
0.365976
0.364711
0.362605
0.359509
0.355371
0.350111
0.343542
0.33532
0.324901
0.311553
0.294562
0.273896
0.251332
0.230716
0.21567
0.20693
0.202753
0.201019
0.200362
0.200127
0.200044
0.200016
0.200006
0.200002
0.200001
0.2
0.2
0.2
0.2
0.2
0.2
0.2
0.2
0.339728
0.338515
0.337659
0.337077
0.336657
0.336247
0.335649
0.334608
0.332814
0.329909
0.325574
0.319533
0.311488
0.301069
0.287925
0.272034
0.254263
0.236697
0.221941
0.211599
0.205509
0.202407
0.200988
0.200388
0.200148
0.200056
0.200021
0.200008
0.200003
0.200001
0.200001
0.2
0.2
0.2
0.2
0.2
0.2
0.2
0.2
0.2
0.286793
0.285208
0.284052
0.283202
0.282495
0.281713
0.28058
0.278763
0.275884
0.271554
0.265475
0.257545
0.247972
0.237385
0.226845
0.217566
0.210436
0.205658
0.202832
0.201326
0.200588
0.200249
0.200102
0.200041
0.200016
0.200006
0.200003
0.200001
0.2
0.2
0.2
0.2
0.2
0.2
0.2
0.2
0.2
0.2
0.2
0.2
0.226776
0.225769
0.225019
0.224438
0.223914
0.223306
0.222453
0.221187
0.219368
0.216946
0.214015
0.210836
0.207768
0.205139
0.203137
0.201775
0.200938
0.200466
0.20022
0.200099
0.200043
0.200018
0.200007
0.200003
0.200001
0.2
0.2
0.2
0.2
0.2
0.2
0.2
0.2
0.2
0.2
0.2
0.2
0.2
0.2
0.2
0.20264
0.202496
0.202386
0.202298
0.202214
0.202117
0.201986
0.201805
0.201567
0.201283
0.20098
0.200693
0.200453
0.200275
0.200155
0.200082
0.200041
0.200019
0.200009
0.200004
0.200002
0.200001
0.2
0.2
0.2
0.2
0.2
0.2
0.2
0.2
0.2
0.2
0.2
0.2
0.2
0.2
0.2
0.2
0.2
0.2
0.794269
0.783367
0.762667
0.737033
0.711048
0.686696
0.664544
0.644608
0.626716
0.610641
0.59615
0.583017
0.571053
0.56011
0.55006
0.540789
0.53219
0.524171
0.516656
0.509573
0.502859
0.496455
0.490304
0.484354
0.478549
0.472834
0.467144
0.461408
0.45554
0.449435
0.442957
0.435922
0.428046
0.418818
0.407155
0.390643
0.364169
0.317681
0.249254
0.206483
0.783375
0.768834
0.747597
0.723668
0.699804
0.677288
0.656572
0.637723
0.620646
0.60518
0.59114
0.578343
0.566639
0.555904
0.546026
0.5369
0.528423
0.520514
0.5131
0.506115
0.499497
0.493192
0.487149
0.481317
0.475646
0.470083
0.464568
0.459027
0.453376
0.447503
0.441267
0.434472
0.426829
0.417814
0.40633
0.389926
0.363416
0.316654
0.248224
0.206245
0.76267
0.747596
0.728077
0.70684
0.685614
0.665313
0.646339
0.628823
0.612751
0.598038
0.584557
0.572185
0.56082
0.550364
0.540722
0.531796
0.523496
0.515751
0.508492
0.501657
0.495193
0.489049
0.48318
0.477541
0.472086
0.466767
0.461525
0.456288
0.450964
0.445432
0.439537
0.43307
0.425726
0.416975
0.405708
0.389445
0.362941
0.315973
0.247505
0.206072
0.737031
0.723667
0.70684
0.68851
0.669937
0.651854
0.63465
0.618505
0.603477
0.589543
0.576646
0.564733
0.553742
0.543602
0.53423
0.525538
0.517453
0.509907
0.502839
0.496193
0.489922
0.483983
0.478338
0.472949
0.467778
0.462782
0.457906
0.453078
0.448196
0.443126
0.437689
0.43165
0.424686
0.416258
0.405247
0.389152
0.362679
0.315538
0.246985
0.205939
0.711046
0.699804
0.685615
0.669937
0.653754
0.637688
0.622113
0.60724
0.593172
0.579949
0.567594
0.556118
0.545497
0.535677
0.526582
0.51814
0.510286
0.502957
0.496098
0.48966
0.483602
0.477892
0.472498
0.467396
0.462556
0.457947
0.45352
0.449205
0.444894
0.440429
0.435595
0.430114
0.423632
0.415596
0.404884
0.388977
0.362539
0.315214
0.246522
0.205812
0.686695
0.677289
0.665314
0.651855
0.637688
0.623343
0.609163
0.595366
0.582085
0.569431
0.557513
0.546401
0.536104
0.526573
0.517741
0.509544
0.501918
0.494802
0.488148
0.481913
0.476066
0.470582
0.465442
0.460635
0.456147
0.451963
0.448053
0.444357
0.440762
0.437085
0.433052
0.428307
0.422444
0.414893
0.404529
0.388824
0.362397
0.314823
0.245937
0.205649
0.664544
0.656573
0.64634
0.634651
0.622113
0.609164
0.596098
0.583117
0.570386
0.558086
0.546412
0.535529
0.525464
0.516163
0.507561
0.499582
0.492157
0.485228
0.478749
0.472686
0.467015
0.461719
0.456797
0.452251
0.448092
0.444334
0.440976
0.43799
0.43528
0.432638
0.429704
0.425967
0.420931
0.413999
0.404053
0.388558
0.362093
0.314144
0.245017
0.205408
0.644609
0.637725
0.628824
0.618506
0.60724
0.595366
0.583117
0.570669
0.558192
0.5459
0.534114
0.523227
0.513255
0.50411
0.495679
0.487862
0.480583
0.47378
0.467409
0.46144
0.455856
0.450656
0.445847
0.441457
0.437525
0.434107
0.431265
0.429041
0.427406
0.426166
0.424849
0.422604
0.418761
0.412683
0.40327
0.388003
0.361427
0.312913
0.243528
0.205048
0.626716
0.620648
0.612753
0.603478
0.593173
0.582085
0.570386
0.558192
0.545582
0.532679
0.519943
0.50867
0.498626
0.489526
0.481168
0.473412
0.466161
0.459348
0.452928
0.446873
0.441174
0.435838
0.430889
0.426375
0.422374
0.419005
0.416435
0.414871
0.414498
0.415298
0.416721
0.417115
0.415301
0.410568
0.401921
0.386941
0.36017
0.310834
0.241243
0.204544
0.610642
0.605181
0.598039
0.589544
0.579949
0.569432
0.558086
0.5459
0.532679
0.517887
0.500881
0.488703
0.478367
0.469111
0.460593
0.452616
0.445057
0.437832
0.430889
0.424192
0.417729
0.411506
0.405552
0.399934
0.394773
0.390283
0.386828
0.385006
0.385735
0.390105
0.398276
0.406091
0.409122
0.407032
0.39967
0.385134
0.358082
0.3076
0.237995
0.203902
0.596151
0.591142
0.584558
0.576647
0.567595
0.557513
0.546412
0.534114
0.519943
0.500881
0.238431
0.230842
0.234405
0.236252
0.236974
0.236988
0.236514
0.235692
0.234622
0.233385
0.23205
0.230688
0.229373
0.228199
0.227292
0.226849
0.22723
0.22923
0.235091
0.252657
0.393278
0.40067
0.404146
0.403182
0.396717
0.382516
0.354996
0.302935
0.233742
0.203167
0.583018
0.578344
0.572186
0.564733
0.556119
0.546402
0.535529
0.523227
0.508671
0.488703
0.230842
0.202419
0.201683
0.201926
0.202075
0.202137
0.202135
0.202087
0.202007
0.201906
0.201794
0.201681
0.201575
0.201485
0.201422
0.201402
0.201456
0.201653
0.202183
0.203579
0.388011
0.396132
0.399735
0.399244
0.393258
0.379133
0.350822
0.296615
0.228624
0.202411
0.571054
0.56664
0.560821
0.553743
0.545498
0.536105
0.525464
0.513256
0.498626
0.478367
0.234405
0.201683
0.200091
0.200059
0.200066
0.200071
0.200072
0.200071
0.200068
0.200064
0.20006
0.200056
0.200051
0.200048
0.200045
0.200045
0.200046
0.200053
0.20007
0.200104
0.382754
0.391781
0.395493
0.395201
0.389392
0.375037
0.345485
0.288448
0.222978
0.201714
0.56011
0.555905
0.550365
0.543603
0.535678
0.526574
0.516164
0.50411
0.489526
0.469111
0.236252
0.201926
0.200059
0.200003
0.200002
0.200002
0.200002
0.200002
0.200002
0.200002
0.200002
0.200001
0.200001
0.200001
0.200001
0.200001
0.200001
0.200001
0.200002
0.200002
0.377466
0.387411
0.39124
0.391013
0.385145
0.370232
0.338853
0.278303
0.217295
0.201136
0.55006
0.546027
0.540723
0.534231
0.526583
0.517741
0.507561
0.495679
0.481168
0.460593
0.236974
0.202075
0.200066
0.200002
0.2
0.2
0.2
0.2
0.2
0.2
0.2
0.2
0.2
0.2
0.2
0.2
0.2
0.2
0.2
0.2
0.372123
0.382948
0.386889
0.38663
0.380491
0.364654
0.330676
0.266224
0.212108
0.200702
0.54079
0.5369
0.531797
0.525539
0.518141
0.509545
0.499582
0.487863
0.473412
0.452616
0.236988
0.202137
0.200071
0.200002
0.2
0.2
0.2
0.2
0.2
0.2
0.2
0.2
0.2
0.2
0.2
0.2
0.2
0.2
0.2
0.2
0.366697
0.378343
0.382376
0.381988
0.375353
0.358145
0.320528
0.252673
0.207844
0.200406
0.532191
0.528424
0.523497
0.517454
0.510287
0.501918
0.492157
0.480583
0.466161
0.445057
0.236514
0.202135
0.200072
0.200002
0.2
0.2
0.2
0.2
0.2
0.2
0.2
0.2
0.2
0.2
0.2
0.2
0.2
0.2
0.2
0.2
0.361148
0.373547
0.377632
0.376991
0.369585
0.350412
0.307814
0.23873
0.204696
0.200221
0.524172
0.520515
0.515752
0.509908
0.502958
0.494803
0.485228
0.47378
0.459348
0.437833
0.235692
0.202087
0.200071
0.200002
0.2
0.2
0.2
0.2
0.2
0.2
0.2
0.2
0.2
0.2
0.2
0.2
0.2
0.2
0.2
0.2
0.355408
0.368485
0.372554
0.371488
0.362947
0.340967
0.291922
0.225933
0.202608
0.200113
0.516657
0.513101
0.508492
0.50284
0.496098
0.488148
0.47875
0.467409
0.452928
0.430889
0.234622
0.202007
0.200068
0.200002
0.2
0.2
0.2
0.2
0.2
0.2
0.2
0.2
0.2
0.2
0.2
0.2
0.2
0.2
0.2
0.2
0.349362
0.36303
0.366976
0.365241
0.35505
0.329046
0.272786
0.215662
0.20135
0.200055
0.509574
0.506115
0.501658
0.496194
0.48966
0.481914
0.472687
0.46144
0.446873
0.424192
0.233385
0.201906
0.200064
0.200002
0.2
0.2
0.2
0.2
0.2
0.2
0.2
0.2
0.2
0.2
0.2
0.2
0.2
0.2
0.2
0.2
0.342808
0.356968
0.360628
0.357868
0.345274
0.313574
0.251816
0.20852
0.200657
0.200025
0.50286
0.499498
0.495194
0.489923
0.483603
0.476067
0.467015
0.455857
0.441175
0.417729
0.23205
0.201794
0.20006
0.200002
0.2
0.2
0.2
0.2
0.2
0.2
0.2
0.2
0.2
0.2
0.2
0.2
0.2
0.2
0.2
0.2
0.335372
0.349922
0.353055
0.348754
0.332641
0.29344
0.23221
0.204212
0.200302
0.200011
0.496455
0.493193
0.48905
0.483984
0.477892
0.470583
0.46172
0.450656
0.435838
0.411506
0.230688
0.201681
0.200056
0.200001
0.2
0.2
0.2
0.2
0.2
0.2
0.2
0.2
0.2
0.2
0.2
0.2
0.2
0.2
0.2
0.2
0.326381
0.341236
0.343503
0.336901
0.31571
0.268708
0.217262
0.201923
0.200133
0.200005
0.490305
0.487149
0.48318
0.478339
0.472499
0.465443
0.456797
0.445848
0.430889
0.405553
0.229373
0.201575
0.200051
0.200001
0.2
0.2
0.2
0.2
0.2
0.2
0.2
0.2
0.2
0.2
0.2
0.2
0.2
0.2
0.2
0.2
0.314662
0.329779
0.330713
0.320739
0.292879
0.242724
0.208064
0.200826
0.200056
0.200002
0.484354
0.481318
0.477541
0.472949
0.467396
0.460635
0.452251
0.441457
0.426375
0.399935
0.228199
0.201485
0.200048
0.200001
0.2
0.2
0.2
0.2
0.2
0.2
0.2
0.2
0.2
0.2
0.2
0.2
0.2
0.2
0.2
0.2
0.298411
0.313719
0.312716
0.298214
0.264291
0.221673
0.203389
0.20034
0.200023
0.200001
0.47855
0.475647
0.472087
0.467779
0.462557
0.456148
0.448093
0.437526
0.422375
0.394774
0.227292
0.201422
0.200045
0.200001
0.2
0.2
0.2
0.2
0.2
0.2
0.2
0.2
0.2
0.2
0.2
0.2
0.2
0.2
0.2
0.2
0.275814
0.29071
0.287284
0.268574
0.235478
0.209134
0.201332
0.200136
0.20001
0.2
0.472834
0.470084
0.466768
0.462783
0.457947
0.451964
0.444334
0.434108
0.419006
0.390284
0.226849
0.201402
0.200045
0.200001
0.2
0.2
0.2
0.2
0.2
0.2
0.2
0.2
0.2
0.2
0.2
0.2
0.2
0.2
0.2
0.2
0.248096
0.260404
0.255265
0.237272
0.215169
0.203409
0.200506
0.200054
0.200004
0.2
0.467144
0.464568
0.461526
0.457907
0.453521
0.448054
0.440977
0.431266
0.416435
0.386828
0.22723
0.201456
0.200046
0.200001
0.2
0.2
0.2
0.2
0.2
0.2
0.2
0.2
0.2
0.2
0.2
0.2
0.2
0.2
0.2
0.2
0.223036
0.230089
0.225869
0.215092
0.205371
0.201203
0.200191
0.200022
0.200002
0.2
0.461408
0.459028
0.456289
0.453078
0.449206
0.444357
0.437991
0.429042
0.414871
0.385006
0.22923
0.201653
0.200053
0.200001
0.2
0.2
0.2
0.2
0.2
0.2
0.2
0.2
0.2
0.2
0.2
0.2
0.2
0.2
0.2
0.2
0.208256
0.210823
0.208948
0.20491
0.201737
0.200419
0.200073
0.200009
0.200001
0.2
0.45554
0.453377
0.450964
0.448197
0.444895
0.440762
0.43528
0.427407
0.414498
0.385735
0.235091
0.202183
0.20007
0.200002
0.2
0.2
0.2
0.2
0.2
0.2
0.2
0.2
0.2
0.2
0.2
0.2
0.2
0.2
0.2
0.2
0.202358
0.203048
0.202545
0.201435
0.200547
0.200147
0.200029
0.200004
0.2
0.2
0.449435
0.447504
0.445433
0.443127
0.44043
0.437085
0.432638
0.426167
0.415299
0.390105
0.252657
0.203579
0.200104
0.200002
0.2
0.2
0.2
0.2
0.2
0.2
0.2
0.2
0.2
0.2
0.2
0.2
0.2
0.2
0.2
0.2
0.200548
0.200726
0.200651
0.200401
0.200172
0.200053
0.200012
0.200002
0.2
0.2
0.442958
0.441267
0.439537
0.437689
0.435596
0.433053
0.429705
0.424849
0.416722
0.398277
0.393278
0.388011
0.382755
0.377466
0.372123
0.366697
0.361148
0.355408
0.349362
0.342808
0.335372
0.326381
0.314662
0.298411
0.275814
0.248096
0.223036
0.208256
0.202358
0.200548
0.200154
0.200154
0.200155
0.200109
0.200054
0.200019
0.200005
0.200001
0.2
0.2
0.435923
0.434473
0.43307
0.43165
0.430115
0.428308
0.425968
0.422604
0.417115
0.406091
0.40067
0.396133
0.391781
0.387411
0.382948
0.378344
0.373548
0.368485
0.36303
0.356968
0.349922
0.341236
0.329779
0.313719
0.29071
0.260404
0.230089
0.210823
0.203048
0.200726
0.200154
0.200052
0.200039
0.20003
0.200017
0.200007
0.200002
0.2
0.2
0.2
0.428047
0.426829
0.425726
0.424687
0.423633
0.422445
0.420931
0.418761
0.415301
0.409122
0.404146
0.399736
0.395494
0.39124
0.386889
0.382377
0.377633
0.372554
0.366976
0.360628
0.353056
0.343504
0.330713
0.312716
0.287284
0.255265
0.225869
0.208948
0.202545
0.200651
0.200155
0.200039
0.200014
0.200009
0.200005
0.200003
0.200001
0.2
0.2
0.2
0.418818
0.417814
0.416975
0.416258
0.415597
0.414893
0.414
0.412683
0.410568
0.407033
0.403182
0.399244
0.395201
0.391013
0.386631
0.381988
0.376991
0.371488
0.365241
0.357869
0.348754
0.336901
0.320739
0.298214
0.268574
0.237273
0.215092
0.20491
0.201435
0.200401
0.200109
0.20003
0.200009
0.200004
0.200002
0.200001
0.2
0.2
0.2
0.2
0.407156
0.406331
0.405709
0.405247
0.404885
0.40453
0.404054
0.403271
0.401922
0.399671
0.396718
0.393259
0.389393
0.385146
0.380492
0.375353
0.369585
0.362947
0.355051
0.345274
0.332641
0.31571
0.292879
0.264292
0.235478
0.215169
0.205371
0.201737
0.200547
0.200172
0.200054
0.200017
0.200005
0.200002
0.200001
0.2
0.2
0.2
0.2
0.2
0.390643
0.389927
0.389445
0.389152
0.388978
0.388824
0.388558
0.388003
0.386942
0.385134
0.382516
0.379133
0.375037
0.370232
0.364655
0.358146
0.350413
0.340967
0.329046
0.313574
0.29344
0.268708
0.242724
0.221673
0.209134
0.203409
0.201203
0.200419
0.200147
0.200053
0.200019
0.200007
0.200003
0.200001
0.2
0.2
0.2
0.2
0.2
0.2
0.364169
0.363417
0.362941
0.362679
0.362539
0.362397
0.362093
0.361428
0.36017
0.358083
0.354996
0.350822
0.345485
0.338854
0.330676
0.320529
0.307814
0.291922
0.272786
0.251816
0.23221
0.217262
0.208064
0.203389
0.201332
0.200506
0.200191
0.200073
0.200029
0.200012
0.200005
0.200002
0.200001
0.2
0.2
0.2
0.2
0.2
0.2
0.2
0.317682
0.316654
0.315973
0.315539
0.315214
0.314823
0.314144
0.312913
0.310834
0.3076
0.302936
0.296615
0.288448
0.278303
0.266224
0.252673
0.23873
0.225933
0.215662
0.20852
0.204212
0.201923
0.200826
0.20034
0.200136
0.200054
0.200022
0.200009
0.200004
0.200002
0.200001
0.2
0.2
0.2
0.2
0.2
0.2
0.2
0.2
0.2
0.249254
0.248225
0.247505
0.246986
0.246523
0.245938
0.245018
0.243528
0.241243
0.237996
0.233742
0.228624
0.222978
0.217295
0.212108
0.207844
0.204696
0.202608
0.20135
0.200657
0.200302
0.200133
0.200056
0.200023
0.20001
0.200004
0.200002
0.200001
0.2
0.2
0.2
0.2
0.2
0.2
0.2
0.2
0.2
0.2
0.2
0.2
0.206483
0.206245
0.206072
0.205939
0.205812
0.205649
0.205408
0.205048
0.204544
0.203902
0.203167
0.202411
0.201714
0.201136
0.200702
0.200406
0.200221
0.200113
0.200055
0.200025
0.200011
0.200005
0.200002
0.200001
0.2
0.2
0.2
0.2
0.2
0.2
0.2
0.2
0.2
0.2
0.2
0.2
0.2
0.2
0.2
0.2
0.799938
0.798069
0.785841
0.761549
0.73341
0.706385
0.681906
0.660112
0.640774
0.623584
0.608242
0.594467
0.582012
0.570677
0.560307
0.55077
0.541952
0.533754
0.526088
0.518878
0.512059
0.505568
0.499348
0.493345
0.487503
0.481765
0.476068
0.47034
0.464495
0.458427
0.451997
0.445011
0.437174
0.427983
0.416481
0.400675
0.376247
0.333998
0.265536
0.210625
0.798074
0.790686
0.772416
0.747339
0.72099
0.695996
0.673185
0.652659
0.634267
0.617783
0.602967
0.589586
0.577428
0.566329
0.556152
0.546778
0.538103
0.530031
0.522482
0.515385
0.508678
0.502302
0.496205
0.490335
0.484642
0.47907
0.473559
0.468039
0.46242
0.456592
0.450409
0.443668
0.436064
0.427085
0.415761
0.400078
0.375666
0.333239
0.264622
0.210333
0.78585
0.772416
0.75213
0.728801
0.705229
0.682792
0.662026
0.643061
0.625841
0.610234
0.596075
0.583187
0.571413
0.560626
0.550712
0.541566
0.533092
0.525205
0.51783
0.510904
0.504368
0.498171
0.492265
0.486604
0.481142
0.475827
0.470602
0.465393
0.460108
0.454626
0.448787
0.442373
0.435067
0.426346
0.415232
0.399695
0.375327
0.332777
0.264022
0.210131
0.76155
0.747337
0.728799
0.708439
0.687889
0.668049
0.64936
0.632
0.615999
0.601309
0.587837
0.575473
0.56412
0.553686
0.544076
0.535198
0.526964
0.5193
0.51214
0.505424
0.499102
0.49313
0.487465
0.482071
0.476907
0.471928
0.467079
0.462286
0.457448
0.45243
0.447048
0.44106
0.434129
0.425723
0.414854
0.399483
0.375176
0.332525
0.263621
0.209983
0.733407
0.720986
0.705227
0.687888
0.670128
0.652656
0.635877
0.620005
0.605137
0.591294
0.578454
0.566588
0.555651
0.545576
0.536283
0.527687
0.519713
0.512292
0.505365
0.49888
0.492794
0.48707
0.481677
0.476585
0.471767
0.467186
0.462795
0.458521
0.454257
0.449844
0.445063
0.439629
0.433173
0.425148
0.414565
0.399377
0.37513
0.332367
0.263273
0.209839
0.706381
0.695993
0.682791
0.668048
0.652656
0.637201
0.622059
0.607459
0.593538
0.580376
0.568045
0.556599
0.546031
0.536291
0.5273
0.518982
0.511265
0.504086
0.49739
0.491132
0.485278
0.4798
0.474678
0.469897
0.465443
0.461299
0.457432
0.453782
0.450235
0.446607
0.442624
0.43792
0.432076
0.424525
0.414275
0.399285
0.375079
0.33215
0.262798
0.209644
0.681903
0.673183
0.662025
0.64936
0.635877
0.622059
0.608236
0.594626
0.58138
0.568652
0.556626
0.545458
0.535172
0.52571
0.516987
0.50892
0.501435
0.494471
0.487976
0.481914
0.476255
0.470984
0.466094
0.461587
0.457472
0.453761
0.450453
0.447517
0.444856
0.442262
0.439373
0.435672
0.430647
0.423704
0.413859
0.399081
0.37488
0.331685
0.261978
0.209331
0.66011
0.652658
0.64306
0.632
0.620005
0.607459
0.594626
0.581678
0.568771
0.556111
0.544021
0.532901
0.522765
0.5135
0.504986
0.497119
0.489813
0.483004
0.476644
0.470698
0.465149
0.459988
0.455225
0.450883
0.447002
0.443638
0.440849
0.438679
0.437094
0.435898
0.434616
0.432399
0.428559
0.422456
0.413134
0.3986
0.374356
0.33075
0.260573
0.20884
0.640773
0.634267
0.625841
0.615999
0.605137
0.593538
0.58138
0.568771
0.555789
0.542558
0.52956
0.518116
0.507957
0.498786
0.490393
0.48263
0.475397
0.468622
0.462254
0.456264
0.450636
0.445374
0.440501
0.436063
0.432137
0.428841
0.42634
0.424832
0.424492
0.425296
0.426696
0.427065
0.425213
0.420423
0.411857
0.397641
0.373308
0.329103
0.258338
0.208126
0.623584
0.617783
0.610234
0.60131
0.591294
0.580376
0.568653
0.556111
0.542559
0.527469
0.510229
0.497951
0.487576
0.478332
0.469867
0.461984
0.454554
0.447493
0.440744
0.434268
0.428048
0.422086
0.416411
0.411084
0.406222
0.402025
0.398823
0.397156
0.397847
0.40189
0.40946
0.416699
0.419367
0.417058
0.409731
0.395995
0.371539
0.326502
0.255065
0.207184
0.608241
0.602967
0.596075
0.587837
0.578454
0.568046
0.556626
0.544021
0.52956
0.510229
0.240625
0.233013
0.237006
0.239197
0.240201
0.24046
0.240208
0.239593
0.23872
0.237669
0.236516
0.23533
0.234192
0.233199
0.232487
0.232269
0.23294
0.235396
0.242222
0.262538
0.404479
0.411519
0.414624
0.413377
0.406945
0.393613
0.368922
0.322741
0.250633
0.206057
0.594467
0.589586
0.583187
0.575473
0.566588
0.556599
0.545458
0.532901
0.518116
0.497951
0.233013
0.202754
0.201941
0.202244
0.202443
0.202544
0.202573
0.202548
0.202485
0.202396
0.202294
0.202187
0.202086
0.202002
0.20195
0.201951
0.202046
0.202328
0.203053
0.204958
0.399206
0.407156
0.410399
0.409616
0.403698
0.39056
0.36542
0.317663
0.245054
0.204838
0.582012
0.577428
0.571413
0.564121
0.555651
0.546032
0.535173
0.522765
0.507957
0.487576
0.237006
0.201941
0.200111
0.200073
0.200083
0.20009
0.200093
0.200093
0.200091
0.200088
0.200084
0.200079
0.200075
0.200071
0.200069
0.200069
0.200073
0.200083
0.200108
0.200158
0.394032
0.40299
0.406348
0.40578
0.400097
0.386909
0.361027
0.311123
0.238508
0.203641
0.570678
0.566329
0.560626
0.553686
0.545576
0.536291
0.52571
0.5135
0.498787
0.478332
0.239197
0.202244
0.200073
0.200003
0.200002
0.200002
0.200003
0.200003
0.200003
0.200002
0.200002
0.200002
0.200002
0.200002
0.200002
0.200002
0.200002
0.200002
0.200003
0.200003
0.388895
0.39884
0.402317
0.401837
0.396186
0.382706
0.355716
0.302949
0.231351
0.202574
0.560307
0.556152
0.550712
0.544076
0.536284
0.527301
0.516987
0.504987
0.490393
0.469867
0.240201
0.202443
0.200083
0.200002
0.2
0.2
0.2
0.2
0.2
0.2
0.2
0.2
0.2
0.2
0.2
0.2
0.2
0.2
0.2
0.2
0.383766
0.394637
0.398226
0.397752
0.391968
0.377949
0.349393
0.292937
0.224097
0.201707
0.55077
0.546779
0.541567
0.535198
0.527688
0.518983
0.50892
0.497119
0.482631
0.461984
0.24046
0.202544
0.20009
0.200002
0.2
0.2
0.2
0.2
0.2
0.2
0.2
0.2
0.2
0.2
0.2
0.2
0.2
0.2
0.2
0.2
0.378616
0.390342
0.394026
0.393484
0.387412
0.372583
0.341855
0.280929
0.217334
0.201062
0.541953
0.538104
0.533093
0.526964
0.519713
0.511266
0.501436
0.489813
0.475398
0.454554
0.240208
0.202573
0.200093
0.200003
0.2
0.2
0.2
0.2
0.2
0.2
0.2
0.2
0.2
0.2
0.2
0.2
0.2
0.2
0.2
0.2
0.373415
0.385917
0.389667
0.388977
0.382448
0.366476
0.332742
0.267027
0.211586
0.20062
0.533754
0.530032
0.525205
0.519301
0.512293
0.504086
0.494471
0.483005
0.468622
0.447494
0.239593
0.202548
0.200093
0.200003
0.2
0.2
0.2
0.2
0.2
0.2
0.2
0.2
0.2
0.2
0.2
0.2
0.2
0.2
0.2
0.2
0.368119
0.381315
0.385088
0.384149
0.376953
0.359393
0.3215
0.251892
0.207166
0.200341
0.526088
0.522483
0.517831
0.51214
0.505366
0.49739
0.487977
0.476644
0.462255
0.440744
0.23872
0.202485
0.200091
0.200003
0.2
0.2
0.2
0.2
0.2
0.2
0.2
0.2
0.2
0.2
0.2
0.2
0.2
0.2
0.2
0.2
0.362661
0.376462
0.380195
0.378867
0.370726
0.350942
0.307409
0.236894
0.204101
0.200177
0.518879
0.515386
0.510905
0.505425
0.498881
0.491133
0.481914
0.470699
0.456264
0.434268
0.237669
0.202396
0.200088
0.200002
0.2
0.2
0.2
0.2
0.2
0.2
0.2
0.2
0.2
0.2
0.2
0.2
0.2
0.2
0.2
0.2
0.356932
0.371238
0.374836
0.372923
0.363445
0.340499
0.289829
0.223735
0.202181
0.200087
0.512059
0.508678
0.504369
0.499103
0.492795
0.485279
0.476256
0.465149
0.450637
0.428048
0.236516
0.202294
0.200084
0.200002
0.2
0.2
0.2
0.2
0.2
0.2
0.2
0.2
0.2
0.2
0.2
0.2
0.2
0.2
0.2
0.2
0.350741
0.365437
0.368761
0.365983
0.354596
0.327117
0.268936
0.213691
0.201083
0.200041
0.505568
0.502303
0.498172
0.49313
0.487071
0.479801
0.470984
0.459988
0.445375
0.422087
0.23533
0.202187
0.200079
0.200002
0.2
0.2
0.2
0.2
0.2
0.2
0.2
0.2
0.2
0.2
0.2
0.2
0.2
0.2
0.2
0.2
0.343735
0.358699
0.361551
0.357506
0.343354
0.309521
0.246802
0.207083
0.200506
0.200018
0.499349
0.496206
0.492266
0.487466
0.481677
0.474679
0.466094
0.455225
0.440502
0.416411
0.234192
0.202086
0.200075
0.200002
0.2
0.2
0.2
0.2
0.2
0.2
0.2
0.2
0.2
0.2
0.2
0.2
0.2
0.2
0.2
0.2
0.335269
0.350392
0.352504
0.346608
0.32842
0.286615
0.227304
0.20333
0.200225
0.200008
0.493345
0.490336
0.486605
0.482072
0.476586
0.469898
0.461587
0.450884
0.436063
0.411084
0.233199
0.202002
0.200071
0.200002
0.2
0.2
0.2
0.2
0.2
0.2
0.2
0.2
0.2
0.2
0.2
0.2
0.2
0.2
0.2
0.2
0.324174
0.339409
0.340422
0.331827
0.307949
0.259357
0.2136
0.201455
0.200096
0.200003
0.487504
0.484642
0.481142
0.476907
0.471767
0.465444
0.457473
0.447003
0.432137
0.406222
0.232487
0.20195
0.200069
0.200002
0.2
0.2
0.2
0.2
0.2
0.2
0.2
0.2
0.2
0.2
0.2
0.2
0.2
0.2
0.2
0.2
0.308486
0.323858
0.323311
0.310931
0.280439
0.233161
0.205922
0.200606
0.200041
0.200001
0.481766
0.479071
0.475828
0.471928
0.467187
0.4613
0.453761
0.443638
0.428842
0.402025
0.232269
0.201951
0.200069
0.200002
0.2
0.2
0.2
0.2
0.2
0.2
0.2
0.2
0.2
0.2
0.2
0.2
0.2
0.2
0.2
0.2
0.285645
0.30091
0.298373
0.281782
0.248586
0.214888
0.202364
0.200247
0.200017
0.200001
0.476068
0.47356
0.470603
0.467079
0.462796
0.457433
0.450453
0.44085
0.42634
0.398824
0.23294
0.202046
0.200073
0.200002
0.2
0.2
0.2
0.2
0.2
0.2
0.2
0.2
0.2
0.2
0.2
0.2
0.2
0.2
0.2
0.2
0.255455
0.268807
0.264694
0.247357
0.222244
0.205704
0.20091
0.200101
0.200007
0.2
0.47034
0.468039
0.465394
0.462286
0.458522
0.453782
0.447517
0.438679
0.424832
0.397157
0.235396
0.202328
0.200083
0.200002
0.2
0.2
0.2
0.2
0.2
0.2
0.2
0.2
0.2
0.2
0.2
0.2
0.2
0.2
0.2
0.2
0.226222
0.234343
0.230949
0.219919
0.208092
0.202034
0.200351
0.200043
0.200003
0.2
0.464495
0.462421
0.460109
0.457449
0.454258
0.450236
0.444857
0.437094
0.424493
0.397848
0.242222
0.203053
0.200108
0.200003
0.2
0.2
0.2
0.2
0.2
0.2
0.2
0.2
0.2
0.2
0.2
0.2
0.2
0.2
0.2
0.2
0.208763
0.211809
0.210536
0.206493
0.20263
0.200717
0.200139
0.200019
0.200002
0.2
0.458428
0.456593
0.454627
0.45243
0.449844
0.446608
0.442262
0.435898
0.425297
0.40189
0.262538
0.204958
0.200158
0.200003
0.2
0.2
0.2
0.2
0.2
0.2
0.2
0.2
0.2
0.2
0.2
0.2
0.2
0.2
0.2
0.2
0.202163
0.20303
0.202864
0.201866
0.200827
0.200256
0.200057
0.200009
0.200001
0.2
0.451998
0.45041
0.448788
0.447049
0.445063
0.442624
0.439374
0.434617
0.426696
0.40946
0.40448
0.399206
0.394032
0.388896
0.383766
0.378617
0.373416
0.368119
0.362661
0.356932
0.350741
0.343735
0.335269
0.324174
0.308486
0.285645
0.255455
0.226222
0.208763
0.202163
0.200617
0.200655
0.200691
0.200508
0.200258
0.200093
0.200024
0.200004
0.200001
0.2
0.445012
0.443669
0.442374
0.441061
0.439629
0.437921
0.435673
0.4324
0.427065
0.416699
0.41152
0.407157
0.40299
0.39884
0.394638
0.390343
0.385918
0.381315
0.376462
0.371238
0.365437
0.358699
0.350392
0.339409
0.323858
0.30091
0.268807
0.234343
0.211809
0.20303
0.200655
0.200222
0.200171
0.200137
0.200081
0.200034
0.200011
0.200002
0.2
0.2
0.437174
0.436065
0.435067
0.43413
0.433173
0.432077
0.430648
0.42856
0.425214
0.419367
0.414624
0.410399
0.406348
0.402317
0.398227
0.394026
0.389667
0.385088
0.380195
0.374836
0.368761
0.361551
0.352504
0.340422
0.323311
0.298373
0.264694
0.230949
0.210536
0.202864
0.200691
0.200171
0.200064
0.200041
0.200026
0.200013
0.200005
0.200001
0.2
0.2
0.427984
0.427086
0.426347
0.425723
0.425149
0.424525
0.423704
0.422456
0.420424
0.417058
0.413378
0.409616
0.40578
0.401837
0.397753
0.393484
0.388978
0.384149
0.378867
0.372923
0.365983
0.357506
0.346608
0.331828
0.310931
0.281782
0.247357
0.219919
0.206493
0.201866
0.200508
0.200137
0.200041
0.200017
0.200009
0.200005
0.200002
0.200001
0.2
0.2
0.416481
0.415762
0.415233
0.414855
0.414565
0.414276
0.413859
0.413135
0.411857
0.409731
0.406946
0.403699
0.400098
0.396187
0.391968
0.387412
0.382448
0.376953
0.370726
0.363446
0.354596
0.343354
0.32842
0.307949
0.280439
0.248586
0.222244
0.208092
0.20263
0.200827
0.200258
0.200081
0.200026
0.200009
0.200004
0.200002
0.200001
0.2
0.2
0.2
0.400676
0.400078
0.399695
0.399484
0.399378
0.399285
0.399081
0.3986
0.397642
0.395995
0.393614
0.39056
0.386909
0.382706
0.37795
0.372583
0.366476
0.359393
0.350942
0.340499
0.327117
0.309522
0.286615
0.259357
0.233161
0.214888
0.205704
0.202034
0.200717
0.200256
0.200093
0.200034
0.200013
0.200005
0.200002
0.200001
0.200001
0.2
0.2
0.2
0.376248
0.375666
0.375328
0.375177
0.375131
0.375079
0.37488
0.374356
0.373309
0.371539
0.368923
0.365421
0.361028
0.355717
0.349394
0.341855
0.332742
0.321501
0.307409
0.28983
0.268936
0.246802
0.227304
0.2136
0.205922
0.202364
0.20091
0.200351
0.200139
0.200057
0.200024
0.200011
0.200005
0.200002
0.200001
0.200001
0.2
0.2
0.2
0.2
0.333999
0.33324
0.332777
0.332526
0.332367
0.33215
0.331685
0.33075
0.329103
0.326502
0.322741
0.317663
0.311123
0.30295
0.292938
0.28093
0.267027
0.251892
0.236894
0.223735
0.213691
0.207083
0.20333
0.201455
0.200606
0.200247
0.200101
0.200043
0.200019
0.200009
0.200004
0.200002
0.200001
0.200001
0.2
0.2
0.2
0.2
0.2
0.2
0.265536
0.264622
0.264022
0.263621
0.263274
0.262799
0.261979
0.260573
0.258338
0.255065
0.250633
0.245054
0.238508
0.231351
0.224097
0.217334
0.211586
0.207166
0.204101
0.202181
0.201083
0.200506
0.200225
0.200096
0.200041
0.200017
0.200007
0.200003
0.200002
0.200001
0.200001
0.2
0.2
0.2
0.2
0.2
0.2
0.2
0.2
0.2
0.210625
0.210333
0.210131
0.209983
0.20984
0.209644
0.209331
0.20884
0.208126
0.207184
0.206057
0.204838
0.203641
0.202574
0.201707
0.201062
0.20062
0.200341
0.200177
0.200087
0.200041
0.200018
0.200008
0.200003
0.200001
0.200001
0.2
0.2
0.2
0.2
0.2
0.2
0.2
0.2
0.2
0.2
0.2
0.2
0.2
0.2
0.8
0.799949
0.795865
0.777171
0.748991
0.720285
0.694136
0.670988
0.650599
0.632601
0.616636
0.602387
0.589575
0.577961
0.567362
0.557635
0.548656
0.54032
0.532536
0.525225
0.518318
0.51175
0.505465
0.499404
0.493513
0.487733
0.482001
0.476244
0.470377
0.464292
0.457849
0.450855
0.443023
0.43388
0.422555
0.407276
0.384166
0.344683
0.277551
0.214496
0.799949
0.798328
0.786978
0.76358
0.73598
0.709229
0.68487
0.663109
0.643757
0.626531
0.611146
0.597334
0.58485
0.573493
0.563105
0.553555
0.544731
0.536534
0.528879
0.521692
0.514907
0.508466
0.502313
0.496396
0.490663
0.485058
0.479521
0.473979
0.468345
0.462505
0.456313
0.449566
0.441969
0.433038
0.421894
0.406746
0.383679
0.344079
0.276756
0.214178
0.795876
0.786983
0.768497
0.744347
0.719148
0.695121
0.67302
0.652986
0.634927
0.618668
0.604009
0.590744
0.57868
0.567661
0.557555
0.54825
0.539644
0.531647
0.52418
0.517176
0.510575
0.504324
0.498373
0.492675
0.487182
0.481844
0.4766
0.471377
0.466081
0.460591
0.454745
0.448328
0.441027
0.432353
0.421418
0.406418
0.383415
0.343738
0.276262
0.213969
0.777186
0.763586
0.744348
0.722601
0.700573
0.679413
0.659623
0.641369
0.624657
0.609412
0.595517
0.582832
0.571225
0.560585
0.550806
0.541788
0.533441
0.525683
0.518445
0.511666
0.505292
0.499278
0.49358
0.488159
0.482975
0.47798
0.47312
0.468318
0.463474
0.458451
0.453065
0.447073
0.440146
0.431782
0.421087
0.406253
0.383323
0.343586
0.275959
0.213822
0.749002
0.735984
0.71915
0.700573
0.681625
0.663103
0.645435
0.628831
0.613375
0.599075
0.585886
0.573747
0.56259
0.552336
0.542897
0.534184
0.526115
0.518617
0.511629
0.505095
0.498971
0.493218
0.487803
0.482696
0.477867
0.47328
0.468885
0.464609
0.460343
0.455927
0.451142
0.445702
0.439247
0.431259
0.420841
0.406188
0.383327
0.343516
0.275704
0.213678
0.720292
0.709232
0.695122
0.679414
0.663103
0.646826
0.630975
0.615786
0.60139
0.587861
0.57524
0.563561
0.552804
0.542911
0.5338
0.525386
0.517594
0.510355
0.503614
0.497323
0.491445
0.485951
0.48082
0.476035
0.471581
0.46744
0.463577
0.459931
0.456387
0.452759
0.448771
0.44406
0.438211
0.430687
0.420595
0.406133
0.383325
0.34339
0.275322
0.213468
0.69414
0.684872
0.673021
0.659623
0.645435
0.630976
0.616593
0.602515
0.588895
0.575866
0.563593
0.552226
0.54178
0.532194
0.523375
0.515234
0.507694
0.500689
0.494167
0.488086
0.482419
0.477146
0.47226
0.467761
0.463658
0.459961
0.456666
0.453742
0.451089
0.448495
0.445599
0.441885
0.436848
0.429922
0.420224
0.40597
0.383183
0.34304
0.274602
0.213111
0.670991
0.663111
0.652987
0.641369
0.628831
0.615786
0.602515
0.589202
0.57599
0.563073
0.550769
0.539479
0.529214
0.519854
0.51127
0.503353
0.496013
0.489185
0.482817
0.476875
0.471335
0.466191
0.46145
0.457134
0.453282
0.449945
0.447182
0.445031
0.443454
0.442254
0.440954
0.43871
0.434841
0.42874
0.419552
0.405541
0.382739
0.342267
0.27331
0.212529
0.650601
0.643759
0.634928
0.624657
0.613376
0.601391
0.588895
0.57599
0.562746
0.549286
0.536094
0.524512
0.514259
0.505025
0.496592
0.488812
0.481578
0.474816
0.468476
0.462523
0.456942
0.451734
0.446921
0.442545
0.438684
0.435448
0.432996
0.431517
0.431174
0.431936
0.433261
0.433546
0.431619
0.426796
0.418346
0.404657
0.381808
0.340857
0.271206
0.211663
0.632602
0.626533
0.618669
0.609413
0.599075
0.587861
0.575866
0.563073
0.549286
0.533977
0.516546
0.504179
0.493764
0.484514
0.476073
0.468239
0.460885
0.453923
0.447295
0.440963
0.434909
0.429133
0.423663
0.418556
0.413922
0.409943
0.406925
0.405359
0.406006
0.409796
0.416913
0.423685
0.426046
0.423586
0.416328
0.40312
0.380215
0.338605
0.268074
0.210494
0.616637
0.611147
0.604009
0.595518
0.585887
0.575241
0.563594
0.550769
0.536094
0.516546
0.24241
0.234763
0.23908
0.241531
0.24275
0.243198
0.24312
0.242667
0.241947
0.241046
0.240037
0.238996
0.238002
0.237157
0.236603
0.236563
0.237459
0.240251
0.247764
0.269955
0.411959
0.418692
0.421496
0.420062
0.413677
0.400892
0.377852
0.335346
0.263762
0.209058
0.602388
0.597335
0.590745
0.582832
0.573748
0.563561
0.552226
0.53948
0.524512
0.50418
0.234763
0.203034
0.202156
0.202508
0.20275
0.202885
0.202941
0.202937
0.202891
0.202816
0.202724
0.202626
0.202533
0.202459
0.20242
0.202443
0.202576
0.202934
0.203827
0.206165
0.406681
0.414464
0.417431
0.416456
0.410587
0.398038
0.374701
0.330967
0.25822
0.207453
0.589576
0.584851
0.578681
0.571226
0.562591
0.552804
0.54178
0.529215
0.514259
0.493764
0.23908
0.202156
0.200128
0.200085
0.200097
0.200106
0.200111
0.200113
0.200112
0.200109
0.200105
0.200101
0.200097
0.200094
0.200092
0.200093
0.200098
0.200112
0.200145
0.20021
0.40156
0.410439
0.413538
0.412781
0.407168
0.394644
0.370782
0.325375
0.251515
0.205816
0.577961
0.573494
0.567661
0.560586
0.552336
0.542911
0.532194
0.519855
0.505025
0.484514
0.241531
0.202508
0.200085
0.200004
0.200003
0.200003
0.200003
0.200003
0.200003
0.200003
0.200003
0.200003
0.200003
0.200003
0.200003
0.200003
0.200003
0.200003
0.200004
0.200005
0.396519
0.406449
0.409675
0.409016
0.40347
0.390765
0.366107
0.31845
0.243863
0.204287
0.567363
0.563105
0.557556
0.550806
0.542897
0.5338
0.523375
0.51127
0.496593
0.476073
0.24275
0.20275
0.200097
0.200003
0.2
0.2
0.2
0.2
0.2
0.2
0.2
0.2
0.2
0.2
0.2
0.2
0.2
0.2
0.2
0.2
0.391521
0.402428
0.40577
0.40513
0.399506
0.386425
0.360647
0.310005
0.235643
0.202978
0.557635
0.553555
0.548251
0.541788
0.534184
0.525386
0.515234
0.503353
0.488812
0.468239
0.243198
0.202885
0.200106
0.200003
0.2
0.2
0.2
0.2
0.2
0.2
0.2
0.2
0.2
0.2
0.2
0.2
0.2
0.2
0.2
0.2
0.386538
0.398338
0.401777
0.401093
0.395264
0.381604
0.354297
0.299792
0.227395
0.201946
0.548656
0.544731
0.539645
0.533441
0.526115
0.517594
0.507695
0.496014
0.481578
0.460885
0.24312
0.202941
0.200111
0.200003
0.2
0.2
0.2
0.2
0.2
0.2
0.2
0.2
0.2
0.2
0.2
0.2
0.2
0.2
0.2
0.2
0.38154
0.394145
0.397656
0.396862
0.390702
0.376233
0.346847
0.28757
0.219734
0.201197
0.540321
0.536535
0.531647
0.525684
0.518618
0.510356
0.50069
0.489186
0.474817
0.453923
0.242667
0.202937
0.200113
0.200003
0.2
0.2
0.2
0.2
0.2
0.2
0.2
0.2
0.2
0.2
0.2
0.2
0.2
0.2
0.2
0.2
0.376488
0.389811
0.393358
0.392379
0.38574
0.37017
0.33793
0.273313
0.213216
0.200692
0.532537
0.52888
0.52418
0.518446
0.511629
0.503614
0.494167
0.482818
0.468476
0.447295
0.241947
0.202891
0.200112
0.200003
0.2
0.2
0.2
0.2
0.2
0.2
0.2
0.2
0.2
0.2
0.2
0.2
0.2
0.2
0.2
0.2
0.371331
0.385279
0.388814
0.387554
0.38025
0.363177
0.326983
0.257531
0.208184
0.200377
0.525226
0.521693
0.517177
0.511666
0.505095
0.497323
0.488087
0.476875
0.462523
0.440963
0.241046
0.202816
0.200109
0.200003
0.2
0.2
0.2
0.2
0.2
0.2
0.2
0.2
0.2
0.2
0.2
0.2
0.2
0.2
0.2
0.2
0.365991
0.380463
0.383918
0.382245
0.374022
0.354863
0.313239
0.241514
0.204681
0.200194
0.518319
0.514908
0.510576
0.505293
0.498971
0.491445
0.482419
0.471335
0.456942
0.434909
0.240037
0.202724
0.200105
0.200003
0.2
0.2
0.2
0.2
0.2
0.2
0.2
0.2
0.2
0.2
0.2
0.2
0.2
0.2
0.2
0.2
0.360338
0.375216
0.378495
0.376224
0.366725
0.344608
0.295922
0.227073
0.202481
0.200095
0.511751
0.508466
0.504324
0.499278
0.493218
0.485951
0.477146
0.466192
0.451735
0.429134
0.238996
0.202626
0.200101
0.200003
0.2
0.2
0.2
0.2
0.2
0.2
0.2
0.2
0.2
0.2
0.2
0.2
0.2
0.2
0.2
0.2
0.354143
0.369293
0.372261
0.369134
0.357831
0.331457
0.274887
0.215762
0.201226
0.200044
0.505465
0.502313
0.498373
0.49358
0.487803
0.48082
0.47226
0.461451
0.446921
0.423663
0.238002
0.202533
0.200097
0.200003
0.2
0.2
0.2
0.2
0.2
0.2
0.2
0.2
0.2
0.2
0.2
0.2
0.2
0.2
0.2
0.2
0.346987
0.362267
0.364743
0.360393
0.346489
0.314065
0.251829
0.208178
0.20057
0.20002
0.499405
0.496396
0.492675
0.48816
0.482696
0.476035
0.467762
0.457135
0.442546
0.418556
0.237157
0.202459
0.200094
0.200003
0.2
0.2
0.2
0.2
0.2
0.2
0.2
0.2
0.2
0.2
0.2
0.2
0.2
0.2
0.2
0.2
0.338099
0.353394
0.35514
0.349034
0.331325
0.291095
0.230702
0.203835
0.200253
0.200009
0.493513
0.490663
0.487183
0.482975
0.477868
0.471581
0.463659
0.453282
0.438684
0.413922
0.236603
0.20242
0.200092
0.200003
0.2
0.2
0.2
0.2
0.2
0.2
0.2
0.2
0.2
0.2
0.2
0.2
0.2
0.2
0.2
0.2
0.326071
0.341353
0.342068
0.333432
0.310325
0.263081
0.215384
0.201672
0.200109
0.200004
0.487734
0.485059
0.481845
0.477981
0.47328
0.46744
0.459961
0.449945
0.435449
0.409944
0.236563
0.202443
0.200093
0.200003
0.2
0.2
0.2
0.2
0.2
0.2
0.2
0.2
0.2
0.2
0.2
0.2
0.2
0.2
0.2
0.2
0.308502
0.323847
0.323179
0.311062
0.281751
0.235412
0.206694
0.200701
0.200047
0.200002
0.482002
0.479522
0.4766
0.47312
0.468885
0.463578
0.456667
0.447183
0.432996
0.406925
0.237459
0.202576
0.200098
0.200003
0.2
0.2
0.2
0.2
0.2
0.2
0.2
0.2
0.2
0.2
0.2
0.2
0.2
0.2
0.2
0.2
0.28244
0.297539
0.295302
0.2797
0.248543
0.215839
0.20268
0.200292
0.200021
0.200001
0.476245
0.47398
0.471377
0.468319
0.46461
0.459931
0.453743
0.445031
0.431517
0.405359
0.240251
0.202934
0.200112
0.200003
0.2
0.2
0.2
0.2
0.2
0.2
0.2
0.2
0.2
0.2
0.2
0.2
0.2
0.2
0.2
0.2
0.248997
0.261536
0.258594
0.243767
0.221636
0.20605
0.201048
0.200124
0.20001
0.2
0.470378
0.468345
0.466082
0.463475
0.460343
0.456387
0.451089
0.443455
0.431174
0.406006
0.247764
0.203827
0.200145
0.200004
0.2
0.2
0.2
0.2
0.2
0.2
0.2
0.2
0.2
0.2
0.2
0.2
0.2
0.2
0.2
0.2
0.220038
0.226824
0.225227
0.217248
0.207705
0.202172
0.200416
0.200055
0.200005
0.2
0.464292
0.462505
0.460591
0.458452
0.455927
0.452759
0.448495
0.442254
0.431937
0.409796
0.269955
0.206165
0.20021
0.200005
0.2
0.2
0.2
0.2
0.2
0.2
0.2
0.2
0.2
0.2
0.2
0.2
0.2
0.2
0.2
0.2
0.205481
0.207837
0.207725
0.205344
0.202478
0.200776
0.200171
0.200026
0.200003
0.2
0.457849
0.456313
0.454746
0.453065
0.451142
0.448771
0.4456
0.440954
0.433262
0.416913
0.411959
0.406681
0.40156
0.39652
0.391521
0.386538
0.38154
0.376488
0.371331
0.365991
0.360339
0.354143
0.346987
0.338099
0.326071
0.308502
0.282439
0.248997
0.220038
0.205481
0.201618
0.201767
0.201934
0.201481
0.200774
0.200281
0.200073
0.200013
0.200001
0.2
0.450856
0.449567
0.448328
0.447074
0.445703
0.44406
0.441886
0.43871
0.433546
0.423686
0.418693
0.414464
0.410439
0.406449
0.402428
0.398338
0.394145
0.389811
0.385279
0.380463
0.375216
0.369293
0.362267
0.353394
0.341353
0.323847
0.297539
0.261536
0.226824
0.207837
0.201767
0.200608
0.200483
0.200398
0.200241
0.200104
0.200032
0.200007
0.200001
0.2
0.443024
0.441969
0.441028
0.440147
0.439248
0.438211
0.436849
0.434842
0.431619
0.426046
0.421496
0.417431
0.413538
0.409675
0.40577
0.401778
0.397656
0.393358
0.388815
0.383919
0.378496
0.372261
0.364743
0.35514
0.342068
0.323179
0.295302
0.258594
0.225227
0.207725
0.201934
0.200483
0.200183
0.200118
0.200077
0.200039
0.200015
0.200004
0.200001
0.2
0.43388
0.433039
0.432354
0.431782
0.431259
0.430688
0.429923
0.42874
0.426797
0.423586
0.420062
0.416456
0.412782
0.409016
0.405131
0.401093
0.396862
0.39238
0.387555
0.382245
0.376224
0.369134
0.360393
0.349034
0.333432
0.311062
0.2797
0.243767
0.217248
0.205344
0.201481
0.200398
0.200118
0.200049
0.200028
0.200015
0.200007
0.200002
0.2
0.2
0.422555
0.421894
0.421418
0.421087
0.420842
0.420595
0.420224
0.419553
0.418346
0.416328
0.413678
0.410587
0.407168
0.40347
0.399507
0.395264
0.390702
0.385741
0.38025
0.374022
0.366725
0.357832
0.346489
0.331325
0.310326
0.281751
0.248543
0.221636
0.207704
0.202478
0.200774
0.200241
0.200077
0.200028
0.200013
0.200007
0.200003
0.200001
0.2
0.2
0.407276
0.406746
0.406419
0.406254
0.406188
0.406134
0.405971
0.405542
0.404657
0.40312
0.400892
0.398039
0.394644
0.390765
0.386425
0.381605
0.376233
0.37017
0.363177
0.354863
0.344609
0.331458
0.314065
0.291095
0.263081
0.235412
0.215839
0.20605
0.202172
0.200776
0.200281
0.200104
0.200039
0.200015
0.200007
0.200003
0.200002
0.200001
0.2
0.2
0.384166
0.38368
0.383415
0.383323
0.383328
0.383325
0.383183
0.382739
0.381809
0.380215
0.377852
0.374701
0.370782
0.366107
0.360647
0.354297
0.346847
0.33793
0.326983
0.31324
0.295922
0.274887
0.25183
0.230702
0.215384
0.206694
0.20268
0.201048
0.200416
0.200171
0.200073
0.200032
0.200015
0.200007
0.200003
0.200002
0.200001
0.200001
0.2
0.2
0.344683
0.344079
0.343739
0.343586
0.343516
0.343391
0.34304
0.342267
0.340858
0.338606
0.335346
0.330967
0.325375
0.31845
0.310005
0.299792
0.287571
0.273313
0.257531
0.241514
0.227073
0.215762
0.208178
0.203836
0.201672
0.200701
0.200292
0.200124
0.200055
0.200026
0.200013
0.200007
0.200004
0.200002
0.200001
0.200001
0.200001
0.2
0.2
0.2
0.277551
0.276756
0.276263
0.275959
0.275705
0.275322
0.274602
0.27331
0.271206
0.268074
0.263763
0.25822
0.251515
0.243863
0.235643
0.227395
0.219734
0.213216
0.208184
0.204681
0.202481
0.201226
0.20057
0.200253
0.200109
0.200047
0.200021
0.20001
0.200005
0.200003
0.200001
0.200001
0.200001
0.2
0.2
0.2
0.2
0.2
0.2
0.2
0.214496
0.214178
0.213969
0.213822
0.213678
0.213468
0.213111
0.212529
0.211663
0.210494
0.209058
0.207453
0.205816
0.204287
0.202978
0.201946
0.201197
0.200692
0.200377
0.200194
0.200095
0.200044
0.20002
0.200009
0.200004
0.200002
0.200001
0.2
0.2
0.2
0.2
0.2
0.2
0.2
0.2
0.2
0.2
0.2
0.2
0.2
)
;

boundaryField
{
    left
    {
        type            fixedValue;
        value           uniform 0;
    }
    right
    {
        type            fixedValue;
        value           uniform 0;
    }
    up
    {
        type            fixedValue;
        value           uniform 0;
    }
    down
    {
        type            fixedValue;
        value           uniform 0;
    }
    front
    {
        type            fixedValue;
        value           uniform 0;
    }
    back
    {
        type            fixedValue;
        value           uniform 0;
    }
}


// ************************************************************************* //
