/*--------------------------------*- C++ -*----------------------------------*\
| =========                 |                                                 |
| \\      /  F ield         | OpenFOAM: The Open Source CFD Toolbox           |
|  \\    /   O peration     | Version:  2.1.0                                 |
|   \\  /    A nd           | Web:      www.OpenFOAM.org                      |
|    \\/     M anipulation  |                                                 |
\*---------------------------------------------------------------------------*/
FoamFile
{
    version     2.0;
    format      ascii;
    class       volScalarField;
    location    "28105";
    object      so;
}
// * * * * * * * * * * * * * * * * * * * * * * * * * * * * * * * * * * * * * //

dimensions      [0 0 0 0 0 0 0];

internalField   nonuniform List<scalar> 
15000
(
0.2
0.200002
0.200074
0.20119
0.205918
0.215389
0.228038
0.241898
0.255801
0.269224
0.281973
0.293997
0.305305
0.315927
0.325903
0.335272
0.344076
0.352354
0.360142
0.367478
0.374395
0.380927
0.387103
0.392954
0.398508
0.403792
0.408834
0.413657
0.41828
0.42272
0.426994
0.431115
0.435097
0.438951
0.442689
0.446319
0.449853
0.453297
0.456659
0.459948
0.46317
0.466331
0.469436
0.47249
0.475498
0.478464
0.48139
0.48428
0.487136
0.489958
0.492749
0.495508
0.498237
0.500934
0.503599
0.506232
0.508831
0.511396
0.513926
0.51642
0.518878
0.521299
0.523684
0.526032
0.528344
0.530622
0.532866
0.535078
0.537259
0.539412
0.541538
0.543639
0.545717
0.547773
0.54981
0.55183
0.553835
0.555827
0.557807
0.559777
0.561739
0.563696
0.565648
0.567598
0.569548
0.571497
0.573449
0.575404
0.577363
0.579328
0.5813
0.583281
0.585272
0.587275
0.589291
0.591321
0.593366
0.59543
0.597514
0.599619
0.601747
0.603902
0.606087
0.608306
0.610564
0.612867
0.615221
0.617637
0.620123
0.622694
0.625363
0.628152
0.631082
0.63418
0.637477
0.641004
0.644796
0.648894
0.653355
0.658273
0.663812
0.670241
0.677987
0.687676
0.700144
0.716228
0.735858
0.756649
0.77434
0.786257
0.793001
0.796476
0.798211
0.799082
0.799523
0.799751
0.79987
0.799932
0.799965
0.799982
0.799991
0.799996
0.799998
0.799999
0.8
0.8
0.8
0.8
0.8
0.8
0.200002
0.200009
0.200345
0.20263
0.209075
0.219637
0.232535
0.24619
0.259733
0.272781
0.285188
0.296916
0.307971
0.318381
0.328178
0.337396
0.346072
0.35424
0.361936
0.369192
0.376041
0.382512
0.388635
0.394439
0.399951
0.405198
0.410208
0.415
0.419596
0.42401
0.42826
0.432357
0.436316
0.440147
0.443862
0.447471
0.450982
0.454404
0.457745
0.461013
0.464213
0.467353
0.470437
0.47347
0.476459
0.479406
0.482314
0.485187
0.488026
0.490833
0.49361
0.496358
0.499075
0.501763
0.50442
0.507046
0.50964
0.512201
0.514728
0.51722
0.519677
0.522097
0.524482
0.526831
0.529144
0.531424
0.53367
0.535885
0.53807
0.540226
0.542355
0.544459
0.54654
0.5486
0.550641
0.552666
0.554675
0.556672
0.558657
0.560633
0.562602
0.564567
0.566529
0.56849
0.570451
0.572414
0.57438
0.576353
0.578332
0.58032
0.582318
0.584328
0.586353
0.588394
0.590453
0.592533
0.594636
0.596764
0.598921
0.60111
0.603335
0.605602
0.607917
0.610288
0.612724
0.615238
0.617846
0.620565
0.623421
0.626445
0.629678
0.633171
0.636985
0.641192
0.645865
0.651074
0.656879
0.663336
0.670535
0.678666
0.68811
0.699518
0.71377
0.731431
0.751335
0.769847
0.783385
0.79142
0.795616
0.797707
0.798768
0.799322
0.79962
0.799781
0.799872
0.799925
0.799956
0.799975
0.799986
0.799992
0.799996
0.799998
0.799999
0.799999
0.8
0.8
0.8
0.8
0.8
0.8
0.200071
0.200338
0.201766
0.20623
0.214642
0.226015
0.238828
0.252009
0.264987
0.2775
0.289438
0.300767
0.311488
0.321617
0.331178
0.340197
0.348704
0.356729
0.364301
0.37145
0.378205
0.384592
0.390641
0.396379
0.401832
0.407027
0.411988
0.416737
0.42129
0.425664
0.429874
0.433933
0.437854
0.441649
0.445327
0.4489
0.452376
0.455763
0.459069
0.462303
0.465469
0.468575
0.471627
0.474629
0.477588
0.480506
0.483388
0.486235
0.489051
0.491838
0.494596
0.497327
0.500031
0.502707
0.505354
0.507972
0.510559
0.513115
0.515639
0.518129
0.520584
0.523004
0.525388
0.527737
0.530052
0.532332
0.534579
0.536794
0.538979
0.541136
0.543266
0.545371
0.547452
0.549514
0.551557
0.553583
0.555595
0.557594
0.559583
0.561563
0.563537
0.565507
0.567476
0.569445
0.571415
0.57339
0.57537
0.577358
0.579356
0.581365
0.583388
0.585427
0.587486
0.589565
0.591668
0.593799
0.59596
0.598155
0.600389
0.602667
0.604996
0.607384
0.609842
0.612382
0.615022
0.617782
0.620691
0.623785
0.627116
0.630748
0.63477
0.639295
0.644457
0.650407
0.65729
0.665218
0.674259
0.684461
0.695939
0.709011
0.724226
0.741779
0.760198
0.776195
0.787288
0.793662
0.796916
0.798482
0.799218
0.799567
0.79975
0.799852
0.799911
0.799944
0.799964
0.799977
0.799985
0.799991
0.799995
0.799997
0.799998
0.799999
0.799999
0.8
0.8
0.8
0.8
0.8
0.8
0.8
0.201136
0.202547
0.206141
0.212925
0.222629
0.234163
0.246506
0.258999
0.271277
0.283156
0.294546
0.305412
0.315743
0.325544
0.334828
0.343613
0.351921
0.359774
0.367198
0.374218
0.380858
0.387144
0.393102
0.398758
0.404138
0.409267
0.414166
0.418856
0.423352
0.427672
0.431829
0.435836
0.439706
0.443451
0.447081
0.450605
0.454032
0.457372
0.460631
0.463817
0.466937
0.469998
0.473007
0.475968
0.478887
0.481767
0.484613
0.487428
0.490214
0.492974
0.495709
0.498419
0.501105
0.503766
0.506401
0.50901
0.51159
0.514141
0.51666
0.519147
0.521601
0.52402
0.526404
0.528753
0.531067
0.533347
0.535593
0.537808
0.539992
0.542148
0.544277
0.54638
0.548461
0.550522
0.552564
0.55459
0.556601
0.558601
0.56059
0.562572
0.564548
0.566522
0.568496
0.57047
0.572449
0.574433
0.576425
0.578428
0.580443
0.582474
0.584522
0.58659
0.588682
0.590801
0.592949
0.595132
0.597354
0.59962
0.601937
0.604312
0.606755
0.609278
0.611896
0.614632
0.617511
0.62057
0.623856
0.627438
0.631409
0.635895
0.641066
0.64714
0.654369
0.663013
0.673286
0.685295
0.699003
0.714258
0.730844
0.748271
0.765114
0.77906
0.788649
0.794271
0.797232
0.798695
0.79939
0.799711
0.799855
0.799914
0.799947
0.799967
0.799979
0.799986
0.79999
0.799993
0.799995
0.799997
0.799998
0.799999
0.799999
0.799999
0.8
0.8
0.8
0.8
0.8
0.8
0.8
0.8
0.205633
0.208746
0.214316
0.222408
0.232408
0.243528
0.255137
0.266823
0.278338
0.289539
0.300346
0.310715
0.320627
0.330072
0.339055
0.347583
0.35567
0.363334
0.370592
0.377466
0.383976
0.390147
0.396002
0.401565
0.40686
0.41191
0.416735
0.421354
0.425781
0.430033
0.434124
0.438067
0.441874
0.445557
0.449124
0.452587
0.455954
0.459233
0.462432
0.465559
0.468621
0.471626
0.47458
0.477488
0.480357
0.48319
0.485991
0.488765
0.491514
0.494241
0.496947
0.499633
0.502298
0.504942
0.507563
0.51016
0.512732
0.515277
0.517792
0.520277
0.52273
0.525148
0.527532
0.529881
0.532195
0.534474
0.536719
0.538932
0.541114
0.543267
0.545393
0.547493
0.549571
0.551629
0.553668
0.555691
0.5577
0.559697
0.561685
0.563666
0.565643
0.567618
0.569594
0.571572
0.573556
0.575548
0.577551
0.579568
0.5816
0.583652
0.585725
0.587823
0.589949
0.592108
0.594304
0.596543
0.598831
0.601173
0.60358
0.606062
0.608631
0.611307
0.614113
0.61708
0.62025
0.623682
0.627457
0.631692
0.636549
0.642257
0.649115
0.657494
0.667797
0.680375
0.695393
0.712661
0.731469
0.750412
0.767387
0.780482
0.789208
0.794368
0.79718
0.798634
0.799359
0.799709
0.799873
0.799946
0.799976
0.799984
0.799989
0.799993
0.799995
0.799997
0.799998
0.799998
0.799998
0.799999
0.799999
0.799999
0.8
0.8
0.8
0.8
0.8
0.8
0.8
0.8
0.8
0.8
0.214649
0.218883
0.22531
0.233599
0.243203
0.253589
0.264349
0.275197
0.285945
0.296468
0.30669
0.316558
0.326041
0.335121
0.343791
0.35205
0.359907
0.367369
0.374451
0.381169
0.387542
0.393589
0.399332
0.404793
0.409995
0.414957
0.419697
0.424232
0.428579
0.432752
0.436765
0.440631
0.444363
0.447971
0.451465
0.454854
0.458148
0.461354
0.464481
0.467536
0.470528
0.473464
0.476351
0.479195
0.482002
0.484777
0.487525
0.49025
0.492955
0.495642
0.498314
0.50097
0.50361
0.506234
0.508839
0.511424
0.513987
0.516526
0.519038
0.521522
0.523974
0.526393
0.528777
0.531127
0.53344
0.535719
0.537962
0.540173
0.542351
0.5445
0.546621
0.548717
0.550789
0.552842
0.554876
0.556894
0.558899
0.560892
0.562875
0.564853
0.566827
0.568801
0.570777
0.572757
0.574745
0.576743
0.578756
0.580785
0.582835
0.584907
0.587006
0.589132
0.591294
0.593496
0.595743
0.598042
0.6004
0.602827
0.605333
0.607934
0.610649
0.613502
0.616529
0.619777
0.623309
0.627219
0.631641
0.636767
0.642872
0.650334
0.65964
0.671344
0.685954
0.703694
0.724123
0.745638
0.765298
0.780142
0.789409
0.794489
0.79717
0.798568
0.799291
0.799659
0.799843
0.799932
0.799973
0.799991
0.799995
0.799999
0.8
0.8
0.8
0.8
0.8
0.799999
0.799999
0.8
0.8
0.8
0.8
0.8
0.8
0.8
0.8
0.8
0.8
0.8
0.8
0.8
0.226694
0.231232
0.237633
0.2455
0.2544
0.263953
0.27386
0.283901
0.293917
0.303795
0.313454
0.322835
0.331899
0.340618
0.348976
0.356967
0.36459
0.371849
0.378752
0.385312
0.391543
0.397463
0.40309
0.408445
0.413547
0.418412
0.423058
0.427501
0.431756
0.435838
0.439762
0.44354
0.447185
0.450706
0.454115
0.457419
0.460627
0.463748
0.466789
0.469761
0.472669
0.475523
0.47833
0.481098
0.483831
0.486538
0.489221
0.491887
0.49454
0.49718
0.499811
0.502432
0.505044
0.507645
0.510232
0.512805
0.515359
0.517892
0.520402
0.522885
0.525338
0.527759
0.530146
0.532497
0.534812
0.53709
0.539332
0.541538
0.543712
0.545855
0.54797
0.550059
0.552125
0.55417
0.556198
0.558209
0.560207
0.562193
0.56417
0.566142
0.568111
0.570081
0.572054
0.574034
0.576023
0.578027
0.580047
0.582089
0.584155
0.586247
0.588371
0.59053
0.592729
0.594976
0.597277
0.599641
0.602076
0.604596
0.607214
0.60995
0.612832
0.615896
0.619189
0.622782
0.626775
0.631312
0.636604
0.642965
0.650833
0.660795
0.673556
0.68979
0.709784
0.732758
0.755997
0.775199
0.787653
0.794232
0.797296
0.79865
0.799307
0.799646
0.799823
0.799914
0.799961
0.799984
0.799994
0.799998
0.8
0.8
0.8
0.8
0.8
0.8
0.8
0.8
0.8
0.8
0.8
0.8
0.8
0.8
0.8
0.8
0.8
0.8
0.8
0.8
0.8
0.8
0.239865
0.244254
0.250239
0.257471
0.265606
0.27435
0.283466
0.292769
0.302116
0.311399
0.320535
0.32946
0.338127
0.346501
0.354561
0.362293
0.369689
0.376749
0.383478
0.389882
0.395975
0.40177
0.407283
0.412531
0.417529
0.422292
0.426836
0.431176
0.435329
0.43931
0.443133
0.446812
0.450358
0.453782
0.457094
0.460301
0.463412
0.466435
0.469378
0.472251
0.475062
0.47782
0.480533
0.48321
0.485857
0.488482
0.49109
0.493686
0.496275
0.49886
0.501443
0.504025
0.506603
0.509178
0.511746
0.514304
0.51685
0.51938
0.52189
0.524374
0.526831
0.529257
0.531649
0.534004
0.53632
0.538598
0.540838
0.543041
0.545209
0.547346
0.549453
0.551534
0.553591
0.555628
0.557646
0.559648
0.561636
0.563613
0.565582
0.567545
0.569507
0.57147
0.573437
0.575413
0.577403
0.579409
0.581436
0.583488
0.585568
0.587681
0.589832
0.592025
0.594263
0.596558
0.598919
0.601354
0.603876
0.606499
0.609244
0.612137
0.615216
0.61853
0.622151
0.62618
0.630769
0.63614
0.642627
0.650711
0.661062
0.674515
0.691919
0.713654
0.738599
0.762884
0.78123
0.791746
0.796638
0.798657
0.79944
0.799713
0.799846
0.799919
0.799958
0.799979
0.79999
0.799996
0.799999
0.8
0.8
0.8
0.8
0.8
0.8
0.8
0.8
0.8
0.8
0.8
0.8
0.8
0.8
0.8
0.8
0.8
0.8
0.8
0.8
0.8
0.8
0.8
0.253014
0.257093
0.262572
0.269162
0.276588
0.28461
0.293028
0.30168
0.310436
0.319188
0.327853
0.336364
0.344667
0.352723
0.360506
0.367996
0.37518
0.382055
0.38862
0.39488
0.400844
0.406523
0.411929
0.417073
0.421967
0.426625
0.43106
0.435289
0.439329
0.443196
0.446907
0.450475
0.453912
0.457228
0.460432
0.463531
0.466533
0.469445
0.472276
0.475035
0.477732
0.480378
0.482981
0.485551
0.488097
0.490625
0.493143
0.495656
0.498171
0.50069
0.503217
0.505751
0.508291
0.510837
0.513383
0.515929
0.518468
0.520995
0.523507
0.525997
0.528461
0.530896
0.533296
0.535657
0.537979
0.540259
0.542497
0.544697
0.546859
0.548987
0.551085
0.553156
0.555203
0.557229
0.559237
0.561228
0.563205
0.565171
0.567129
0.569081
0.571031
0.572983
0.574941
0.576911
0.578897
0.580903
0.582935
0.584996
0.587091
0.589224
0.591403
0.593631
0.595914
0.598262
0.600687
0.6032
0.605817
0.608557
0.611448
0.614526
0.617841
0.621462
0.625493
0.630085
0.635464
0.64197
0.650111
0.66061
0.674417
0.692554
0.71555
0.742031
0.767085
0.784721
0.793911
0.797784
0.799235
0.799745
0.799918
0.799951
0.799972
0.799984
0.799991
0.799996
0.799998
0.799999
0.8
0.8
0.8
0.8
0.8
0.8
0.8
0.8
0.8
0.8
0.8
0.8
0.8
0.8
0.8
0.8
0.8
0.8
0.8
0.8
0.8
0.8
0.8
0.8
0.265618
0.26937
0.274376
0.2804
0.287217
0.294625
0.302452
0.310551
0.318799
0.327093
0.335348
0.343494
0.351475
0.35925
0.366785
0.374057
0.381052
0.387762
0.394182
0.400317
0.40617
0.411749
0.41706
0.422108
0.426903
0.431454
0.435776
0.439886
0.443801
0.447543
0.451128
0.454573
0.45789
0.461088
0.464174
0.467154
0.470034
0.472821
0.475523
0.478152
0.480718
0.483232
0.485707
0.488151
0.490575
0.492989
0.495399
0.497814
0.500239
0.50268
0.50514
0.507619
0.510115
0.512627
0.515152
0.517683
0.520217
0.522745
0.525263
0.527763
0.530241
0.532689
0.535103
0.537476
0.539807
0.542092
0.544331
0.546527
0.548683
0.550802
0.552889
0.554948
0.556983
0.558998
0.560993
0.562972
0.564937
0.56689
0.568833
0.57077
0.572705
0.574642
0.576588
0.578548
0.580527
0.582531
0.584564
0.586632
0.58874
0.590895
0.593103
0.595369
0.597703
0.600106
0.602601
0.605201
0.607926
0.610802
0.613864
0.617162
0.620763
0.62477
0.629328
0.634663
0.641112
0.649189
0.659648
0.673522
0.692007
0.715837
0.743546
0.769359
0.786653
0.795056
0.798341
0.79948
0.799847
0.799959
0.799991
0.799999
0.8
0.8
0.8
0.8
0.8
0.8
0.8
0.8
0.8
0.8
0.8
0.8
0.8
0.8
0.8
0.8
0.8
0.8
0.8
0.8
0.8
0.8
0.8
0.8
0.8
0.8
0.8
0.8
0.8
0.8
0.277479
0.280939
0.285545
0.291103
0.297424
0.304334
0.311679
0.319325
0.327155
0.335068
0.342979
0.350817
0.358526
0.366059
0.373382
0.38047
0.387306
0.393879
0.400184
0.406222
0.411992
0.417495
0.42273
0.427697
0.432402
0.436852
0.441058
0.445039
0.448817
0.452418
0.455863
0.459171
0.462356
0.465425
0.468384
0.471234
0.473979
0.476625
0.479181
0.481659
0.484072
0.486432
0.488754
0.491049
0.493329
0.495605
0.497886
0.500181
0.502499
0.504846
0.507225
0.509638
0.512083
0.514558
0.517059
0.519577
0.522107
0.52464
0.527169
0.529687
0.532185
0.534655
0.537091
0.539484
0.54184
0.544151
0.546407
0.548605
0.550756
0.552866
0.554941
0.556988
0.55901
0.561011
0.562992
0.564957
0.566906
0.568841
0.570764
0.572679
0.574591
0.576507
0.578432
0.580373
0.582337
0.58433
0.586359
0.58843
0.59055
0.592724
0.594961
0.597266
0.59965
0.602119
0.604692
0.607391
0.61024
0.613274
0.616542
0.620108
0.62407
0.628573
0.63383
0.640172
0.648105
0.658392
0.672123
0.690644
0.714943
0.743637
0.7703
0.787636
0.795658
0.798625
0.799595
0.799889
0.799972
0.799994
0.799999
0.8
0.8
0.8
0.8
0.8
0.8
0.8
0.8
0.8
0.8
0.8
0.8
0.8
0.8
0.8
0.8
0.8
0.8
0.8
0.8
0.8
0.8
0.8
0.8
0.8
0.8
0.8
0.8
0.8
0.8
0.8
0.288541
0.291759
0.296048
0.301243
0.307179
0.313703
0.320676
0.327969
0.335472
0.343086
0.350724
0.358317
0.365807
0.373147
0.380301
0.387244
0.393958
0.400433
0.406663
0.412644
0.418369
0.42383
0.429021
0.433936
0.438572
0.44293
0.447021
0.450865
0.454489
0.457927
0.461211
0.464365
0.467404
0.470334
0.473156
0.475866
0.478464
0.480953
0.483341
0.485643
0.487873
0.49005
0.492189
0.494305
0.496411
0.49852
0.500643
0.502792
0.504977
0.507209
0.50949
0.511824
0.514209
0.516641
0.519114
0.52162
0.524149
0.526693
0.529241
0.531785
0.534314
0.536818
0.539288
0.541738
0.544144
0.546491
0.548772
0.550984
0.553126
0.555221
0.55728
0.559311
0.561318
0.563306
0.565275
0.567227
0.56916
0.571077
0.572979
0.57487
0.576755
0.578641
0.580537
0.582451
0.584391
0.586367
0.588384
0.590453
0.592579
0.59477
0.597032
0.599377
0.601815
0.604359
0.607015
0.609823
0.612818
0.616042
0.619561
0.623467
0.627897
0.633057
0.639265
0.647013
0.657058
0.670518
0.68886
0.713344
0.742818
0.770398
0.788055
0.795962
0.798773
0.799654
0.799909
0.799978
0.799995
0.799999
0.8
0.8
0.8
0.8
0.8
0.8
0.8
0.8
0.8
0.8
0.8
0.8
0.8
0.8
0.8
0.8
0.8
0.8
0.8
0.8
0.8
0.8
0.8
0.8
0.8
0.8
0.8
0.8
0.8
0.8
0.8
0.8
0.298803
0.301834
0.305887
0.310815
0.316474
0.322723
0.32943
0.336474
0.343744
0.351142
0.358584
0.365998
0.373328
0.380527
0.387561
0.394407
0.401049
0.407478
0.413686
0.419662
0.425392
0.430864
0.436062
0.440971
0.445577
0.449872
0.453857
0.457552
0.460997
0.46424
0.46733
0.470304
0.473179
0.475959
0.478637
0.481199
0.483637
0.485949
0.488143
0.490235
0.492245
0.494197
0.496112
0.498008
0.4999
0.501802
0.503728
0.505694
0.507714
0.5098
0.51196
0.514196
0.516508
0.51889
0.521332
0.523825
0.526358
0.528919
0.531497
0.534079
0.536654
0.53921
0.541765
0.544293
0.546771
0.54918
0.551504
0.553733
0.555866
0.557945
0.559984
0.561996
0.563989
0.565964
0.567924
0.569865
0.571785
0.573684
0.575563
0.577426
0.579277
0.581127
0.582984
0.58486
0.586766
0.588715
0.590714
0.592774
0.594902
0.597105
0.599394
0.601778
0.604272
0.606892
0.609654
0.612593
0.615759
0.619215
0.623051
0.627397
0.632454
0.638523
0.646079
0.655863
0.669006
0.68707
0.711576
0.741666
0.770128
0.788205
0.796118
0.798853
0.799686
0.79992
0.799981
0.799996
0.799999
0.8
0.8
0.8
0.8
0.8
0.8
0.8
0.8
0.8
0.8
0.8
0.8
0.8
0.8
0.8
0.8
0.8
0.8
0.8
0.8
0.8
0.8
0.8
0.8
0.8
0.8
0.8
0.8
0.8
0.8
0.8
0.8
0.8
0.30829
0.311184
0.315076
0.319832
0.325318
0.3314
0.337951
0.344849
0.351984
0.359255
0.366579
0.373885
0.381118
0.388235
0.395207
0.402015
0.408647
0.415095
0.421346
0.427385
0.433197
0.43876
0.44405
0.449046
0.45387
0.45834
0.462259
0.4658
0.469021
0.472002
0.474828
0.47756
0.480228
0.48283
0.485346
0.487741
0.48999
0.49208
0.494019
0.495826
0.497534
0.499179
0.50079
0.502389
0.503994
0.505618
0.50728
0.508999
0.510796
0.512688
0.514687
0.516796
0.519013
0.521331
0.523736
0.526217
0.528758
0.531345
0.533964
0.536602
0.539244
0.541893
0.544565
0.547217
0.549826
0.552358
0.554776
0.55705
0.559183
0.56124
0.563253
0.565243
0.56722
0.569188
0.571145
0.573082
0.574994
0.576878
0.578731
0.580557
0.582362
0.584156
0.585954
0.587771
0.589624
0.591527
0.593493
0.595532
0.597653
0.599864
0.602175
0.604598
0.607151
0.609856
0.612743
0.615831
0.619211
0.622967
0.627224
0.632174
0.638111
0.645494
0.65505
0.667914
0.685731
0.710256
0.740883
0.770044
0.788381
0.796248
0.79891
0.799706
0.799926
0.799983
0.799996
0.799999
0.8
0.8
0.8
0.8
0.8
0.8
0.8
0.8
0.8
0.8
0.8
0.8
0.8
0.8
0.8
0.8
0.8
0.8
0.8
0.8
0.8
0.8
0.8
0.8
0.8
0.8
0.8
0.8
0.8
0.8
0.8
0.8
0.8
0.8
0.317031
0.319838
0.32364
0.328315
0.333731
0.339759
0.346267
0.35313
0.360231
0.367469
0.374759
0.382031
0.389237
0.396339
0.403316
0.410157
0.416855
0.423398
0.429777
0.435978
0.441983
0.447767
0.453546
0.4595
0.465302
0.470752
0.475481
0.478759
0.481509
0.483895
0.486121
0.488318
0.490549
0.492813
0.495052
0.49718
0.499121
0.500838
0.502334
0.50364
0.504811
0.505916
0.507005
0.50811
0.509246
0.510426
0.511668
0.513
0.514451
0.516047
0.517803
0.519724
0.521804
0.524029
0.526382
0.528844
0.531395
0.534017
0.536692
0.539406
0.542144
0.544954
0.5478
0.550667
0.553526
0.556326
0.558973
0.561362
0.563484
0.565504
0.567474
0.569429
0.571392
0.573365
0.575337
0.577291
0.579212
0.581089
0.582919
0.5847
0.586439
0.588147
0.589846
0.591561
0.593317
0.595137
0.597037
0.599028
0.60112
0.603321
0.605641
0.608096
0.610706
0.613502
0.616526
0.619837
0.62348
0.62763
0.632473
0.638296
0.645551
0.654958
0.667667
0.685415
0.710176
0.741391
0.770846
0.788916
0.796472
0.798984
0.799727
0.799931
0.799984
0.799997
0.799999
0.8
0.8
0.8
0.8
0.8
0.8
0.8
0.8
0.8
0.8
0.8
0.8
0.8
0.8
0.8
0.8
0.8
0.8
0.8
0.8
0.8
0.8
0.8
0.8
0.8
0.8
0.8
0.8
0.8
0.8
0.8
0.8
0.8
0.8
0.8
0.325057
0.327823
0.331607
0.336291
0.341748
0.34784
0.35443
0.361378
0.368559
0.375865
0.383209
0.390528
0.397781
0.404944
0.412007
0.418964
0.425813
0.432552
0.439176
0.445683
0.45206
0.458702
0.465932
0.473539
0.48157
0.489478
0.496675
0.500358
0.502301
0.503468
0.504441
0.505541
0.50694
0.50865
0.510534
0.512355
0.513879
0.515008
0.515732
0.516099
0.516225
0.516276
0.516366
0.516545
0.516822
0.517197
0.517687
0.518326
0.519166
0.520245
0.521587
0.523192
0.525043
0.527116
0.52938
0.531804
0.534359
0.53702
0.539767
0.542583
0.545456
0.548483
0.55162
0.554875
0.558247
0.561679
0.564938
0.567621
0.569733
0.571674
0.573548
0.575435
0.577379
0.579385
0.581423
0.583448
0.585426
0.587334
0.589156
0.590884
0.592517
0.594069
0.595574
0.597079
0.598633
0.600272
0.602022
0.603896
0.605903
0.608049
0.610344
0.612805
0.615458
0.618346
0.62153
0.625096
0.629162
0.633876
0.6396
0.646791
0.656187
0.668981
0.687042
0.712541
0.74445
0.773344
0.79014
0.7969
0.799109
0.799759
0.799939
0.799985
0.799997
0.799999
0.8
0.8
0.8
0.8
0.8
0.8
0.8
0.8
0.8
0.8
0.8
0.8
0.8
0.8
0.8
0.8
0.8
0.8
0.8
0.8
0.8
0.8
0.8
0.8
0.8
0.8
0.8
0.8
0.8
0.8
0.8
0.8
0.8
0.8
0.8
0.8
0.332425
0.33521
0.339056
0.343844
0.349435
0.355679
0.36242
0.369626
0.377087
0.384571
0.392065
0.399518
0.406903
0.414213
0.421448
0.428614
0.435723
0.44279
0.449832
0.45687
0.464211
0.47293
0.482912
0.494125
0.506803
0.518832
0.531326
0.535721
0.536314
0.534841
0.53321
0.532127
0.532031
0.533018
0.534881
0.537951
0.539147
0.539482
0.538927
0.537545
0.53557
0.533496
0.531635
0.530073
0.528768
0.527668
0.526763
0.52611
0.525805
0.525927
0.526511
0.527548
0.528996
0.5308
0.532902
0.535247
0.537788
0.540488
0.543321
0.546271
0.549399
0.55273
0.556308
0.56021
0.564563
0.569392
0.574162
0.577393
0.57951
0.581222
0.582846
0.584554
0.586456
0.588572
0.590823
0.593075
0.595247
0.597294
0.599181
0.600873
0.602348
0.603608
0.604711
0.605773
0.606892
0.608145
0.609574
0.611195
0.613009
0.615015
0.617217
0.619632
0.622298
0.625276
0.628659
0.632589
0.637276
0.643034
0.650298
0.65993
0.673292
0.692411
0.719357
0.751553
0.778107
0.792189
0.797569
0.799298
0.799808
0.79995
0.799988
0.799997
0.799999
0.8
0.8
0.8
0.8
0.8
0.8
0.8
0.8
0.8
0.8
0.8
0.8
0.8
0.8
0.8
0.8
0.8
0.8
0.8
0.8
0.8
0.8
0.8
0.8
0.8
0.8
0.8
0.8
0.8
0.8
0.8
0.8
0.8
0.8
0.8
0.8
0.8
0.339176
0.342054
0.346065
0.351085
0.356958
0.363507
0.370553
0.378009
0.385685
0.393346
0.401529
0.409216
0.416825
0.424369
0.431871
0.43936
0.446873
0.454461
0.462187
0.470131
0.480213
0.492808
0.508324
0.524535
0.543029
0.556357
0.572329
0.57569
0.575418
0.570385
0.565701
0.562189
0.56067
0.561606
0.56693
0.574669
0.577836
0.577864
0.575993
0.572106
0.566429
0.56057
0.555448
0.551152
0.547419
0.543995
0.540784
0.537882
0.535527
0.533928
0.533166
0.533212
0.533969
0.535319
0.537145
0.539347
0.541845
0.54458
0.547518
0.550641
0.554048
0.557795
0.562
0.566882
0.572922
0.580336
0.588053
0.591708
0.593701
0.594735
0.595755
0.597041
0.59886
0.60129
0.604583
0.607729
0.61038
0.612808
0.614956
0.616734
0.618043
0.618818
0.619135
0.619324
0.619598
0.62012
0.620968
0.62215
0.623643
0.62542
0.627468
0.629806
0.632484
0.635603
0.639329
0.643912
0.649736
0.657408
0.667908
0.682747
0.703952
0.732398
0.76285
0.784532
0.79471
0.79837
0.799526
0.799868
0.799965
0.799991
0.799998
0.8
0.8
0.8
0.8
0.8
0.8
0.8
0.8
0.8
0.8
0.8
0.8
0.8
0.8
0.8
0.8
0.8
0.8
0.8
0.8
0.8
0.8
0.8
0.8
0.8
0.8
0.8
0.8
0.8
0.8
0.8
0.8
0.8
0.8
0.8
0.8
0.8
0.8
0.8
0.345344
0.348396
0.352691
0.358097
0.364434
0.371479
0.379011
0.386879
0.394891
0.402877
0.411229
0.419412
0.42783
0.435719
0.443603
0.451564
0.459691
0.4681
0.476951
0.487653
0.502202
0.522313
0.545581
0.563373
0.583798
0.589835
0.594864
0.629597
0.642457
0.587013
0.583701
0.580934
0.57999
0.582374
0.591632
0.604058
0.608642
0.610509
0.609989
0.606468
0.598403
0.589482
0.582074
0.576096
0.570755
0.565405
0.559763
0.553986
0.548697
0.54452
0.541732
0.540305
0.540054
0.540755
0.542195
0.544203
0.546643
0.549425
0.552494
0.555838
0.559575
0.563806
0.568748
0.574842
0.583328
0.594072
0.604885
0.608467
0.610185
0.609807
0.60996
0.61063
0.612416
0.615629
0.623178
0.628103
0.63191
0.63512
0.637982
0.640304
0.641778
0.642014
0.640893
0.639545
0.638358
0.637694
0.637694
0.638315
0.639455
0.641024
0.642974
0.645314
0.648129
0.651612
0.656102
0.662113
0.670425
0.682226
0.699162
0.722613
0.750807
0.776008
0.790912
0.797011
0.799084
0.79973
0.799923
0.799979
0.799994
0.799999
0.8
0.8
0.8
0.8
0.8
0.8
0.8
0.8
0.8
0.8
0.8
0.8
0.8
0.8
0.8
0.8
0.8
0.8
0.8
0.8
0.8
0.8
0.8
0.8
0.8
0.8
0.8
0.8
0.8
0.8
0.8
0.8
0.8
0.8
0.8
0.8
0.8
0.8
0.8
0.8
0.350968
0.354284
0.359007
0.365001
0.372044
0.37984
0.388084
0.39655
0.405051
0.413501
0.422125
0.430593
0.439347
0.448691
0.45712
0.465776
0.474851
0.484595
0.495389
0.512016
0.533881
0.564098
0.591502
0.601661
0.609324
0.739552
0.797421
0.798088
0.794449
0.782637
0.646796
0.594616
0.593619
0.597916
0.61317
0.620443
0.689595
0.781343
0.765205
0.661774
0.60902
0.60319
0.59861
0.59499
0.591289
0.586596
0.580287
0.572317
0.563867
0.55665
0.551446
0.548286
0.546878
0.546861
0.547905
0.549742
0.552171
0.555051
0.558303
0.561918
0.565991
0.570672
0.576281
0.583565
0.595105
0.607748
0.616654
0.653656
0.689086
0.628791
0.627045
0.626091
0.627435
0.633007
0.65149
0.658482
0.662787
0.667079
0.671503
0.675193
0.67778
0.677731
0.673096
0.668706
0.66483
0.662257
0.661202
0.661357
0.66237
0.664
0.666138
0.668802
0.672168
0.676662
0.683091
0.692544
0.706328
0.725452
0.748892
0.771654
0.787605
0.795571
0.798563
0.799555
0.799866
0.799961
0.799989
0.799997
0.799999
0.8
0.8
0.8
0.8
0.8
0.8
0.8
0.8
0.8
0.8
0.8
0.8
0.8
0.8
0.8
0.8
0.8
0.8
0.8
0.8
0.8
0.8
0.8
0.8
0.8
0.8
0.8
0.8
0.8
0.8
0.8
0.8
0.8
0.8
0.8
0.8
0.8
0.8
0.8
0.8
0.8
0.356088
0.359773
0.365108
0.371969
0.380077
0.388992
0.398246
0.407534
0.416701
0.425726
0.434735
0.44362
0.452729
0.462425
0.473139
0.482885
0.493521
0.505636
0.521904
0.551164
0.578647
0.613594
0.624326
0.732042
0.797172
0.799592
0.799982
0.79999
0.799973
0.799894
0.797646
0.683473
0.612764
0.618059
0.636129
0.776494
0.79978
0.799956
0.7998
0.797188
0.665769
0.613081
0.611006
0.610279
0.609205
0.606641
0.601277
0.591741
0.579244
0.568542
0.560903
0.556136
0.553724
0.553142
0.553944
0.555768
0.558335
0.561439
0.564956
0.56888
0.573231
0.578192
0.584158
0.59234
0.607519
0.618787
0.739538
0.79923
0.799344
0.794667
0.72451
0.640651
0.641204
0.651102
0.676693
0.772862
0.799639
0.79493
0.799888
0.79978
0.798284
0.767992
0.687582
0.686684
0.684148
0.682724
0.683188
0.685032
0.687814
0.691332
0.695562
0.70059
0.70661
0.714189
0.724861
0.739457
0.757022
0.774247
0.78725
0.794708
0.798087
0.79937
0.799801
0.799939
0.799982
0.799995
0.799998
0.8
0.8
0.8
0.8
0.8
0.8
0.8
0.8
0.8
0.8
0.8
0.8
0.8
0.8
0.8
0.8
0.8
0.8
0.8
0.8
0.8
0.8
0.8
0.8
0.8
0.8
0.8
0.8
0.8
0.8
0.8
0.8
0.8
0.8
0.8
0.8
0.8
0.8
0.8
0.8
0.8
0.8
0.8
0.36075
0.364916
0.371103
0.379257
0.389007
0.399626
0.410311
0.420701
0.430711
0.440404
0.449919
0.459341
0.469003
0.479259
0.490806
0.504454
0.518093
0.535311
0.570706
0.619612
0.637565
0.656387
0.791055
0.79939
0.799974
0.799997
0.8
0.8
0.8
0.8
0.799984
0.792507
0.728773
0.642581
0.728539
0.797142
0.799982
0.8
0.799999
0.799985
0.795999
0.644195
0.709394
0.745762
0.734623
0.672428
0.632682
0.595952
0.584983
0.575285
0.567621
0.562475
0.559743
0.559053
0.559978
0.56212
0.565124
0.568698
0.572604
0.576858
0.581384
0.586335
0.592096
0.600552
0.61848
0.768709
0.79964
0.799997
0.799998
0.799965
0.799106
0.704183
0.653292
0.680811
0.726216
0.790521
0.799966
0.799983
0.8
0.799999
0.799997
0.799941
0.799507
0.7765
0.696016
0.698353
0.703021
0.709165
0.716602
0.725247
0.734821
0.744573
0.753429
0.761145
0.770767
0.781106
0.789649
0.795131
0.797979
0.79924
0.799737
0.799914
0.799973
0.799992
0.799998
0.799999
0.8
0.8
0.8
0.8
0.8
0.8
0.8
0.8
0.8
0.8
0.8
0.8
0.8
0.8
0.8
0.8
0.8
0.8
0.8
0.8
0.8
0.8
0.8
0.8
0.8
0.8
0.8
0.8
0.8
0.8
0.8
0.8
0.8
0.8
0.8
0.8
0.8
0.8
0.8
0.8
0.8
0.8
0.8
0.8
0.36499
0.36974
0.377091
0.387212
0.399644
0.413047
0.425825
0.437683
0.448709
0.459141
0.469268
0.479375
0.48987
0.501227
0.514217
0.530803
0.554663
0.587072
0.651829
0.69288
0.786161
0.796987
0.799899
0.799995
0.8
0.8
0.8
0.8
0.8
0.8
0.8
0.799933
0.785508
0.665209
0.764369
0.799215
0.799995
0.8
0.8
0.8
0.753638
0.67974
0.781719
0.799121
0.798264
0.742637
0.666274
0.599385
0.588425
0.579429
0.57218
0.567246
0.564741
0.564447
0.566007
0.569019
0.573033
0.577631
0.582123
0.586771
0.591715
0.596928
0.602897
0.611592
0.631157
0.78351
0.799871
0.799999
0.8
0.8
0.799991
0.747863
0.690721
0.773176
0.787145
0.798269
0.799993
0.8
0.8
0.8
0.8
0.8
0.799999
0.799253
0.725082
0.732447
0.742163
0.753061
0.763896
0.773528
0.781226
0.786593
0.789476
0.790068
0.793187
0.796306
0.79828
0.799279
0.79972
0.799898
0.799965
0.799989
0.799996
0.799999
0.8
0.8
0.8
0.8
0.8
0.8
0.8
0.8
0.8
0.8
0.8
0.8
0.8
0.8
0.8
0.8
0.8
0.8
0.8
0.8
0.8
0.8
0.8
0.8
0.8
0.8
0.8
0.8
0.8
0.8
0.8
0.8
0.8
0.8
0.8
0.8
0.8
0.8
0.8
0.8
0.8
0.8
0.8
0.8
0.8
0.8
0.368834
0.374199
0.383035
0.396209
0.413472
0.432224
0.448427
0.46238
0.47447
0.485547
0.496341
0.507386
0.519325
0.533006
0.549792
0.573017
0.612844
0.694536
0.773251
0.798005
0.799885
0.79996
0.799999
0.8
0.8
0.8
0.8
0.8
0.8
0.8
0.8
0.799993
0.798731
0.703824
0.79325
0.799981
0.8
0.8
0.8
0.8
0.777745
0.731426
0.798906
0.799985
0.799985
0.781692
0.704378
0.601117
0.590487
0.581917
0.57514
0.570737
0.56892
0.56962
0.572682
0.577888
0.584637
0.614605
0.623952
0.629999
0.635896
0.640562
0.641092
0.644065
0.652917
0.780442
0.799806
0.799999
0.8
0.8
0.8
0.77809
0.725501
0.799412
0.799869
0.799786
0.799985
0.8
0.8
0.8
0.8
0.8
0.8
0.799997
0.799921
0.799415
0.798667
0.799438
0.799562
0.799523
0.799667
0.799781
0.799613
0.797108
0.798559
0.799375
0.799749
0.799904
0.799965
0.799988
0.799996
0.799999
0.8
0.8
0.8
0.8
0.8
0.8
0.8
0.8
0.8
0.8
0.8
0.8
0.8
0.8
0.8
0.8
0.8
0.8
0.8
0.8
0.8
0.8
0.8
0.8
0.8
0.8
0.8
0.8
0.8
0.8
0.8
0.8
0.8
0.8
0.8
0.8
0.8
0.8
0.8
0.8
0.8
0.8
0.8
0.8
0.8
0.8
0.8
0.8
0.372288
0.378101
0.388507
0.406928
0.437971
0.479997
0.514383
0.543398
0.524121
0.529274
0.540089
0.552132
0.566282
0.584502
0.609049
0.647956
0.711065
0.787391
0.799682
0.799974
0.799999
0.8
0.8
0.8
0.8
0.8
0.8
0.8
0.8
0.8
0.8
0.8
0.799983
0.739943
0.799152
0.799999
0.8
0.8
0.8
0.8
0.79354
0.782354
0.799983
0.8
0.8
0.79664
0.685681
0.601748
0.591432
0.583367
0.577298
0.573823
0.573305
0.575945
0.582068
0.603539
0.630268
0.666172
0.768556
0.79028
0.779472
0.760812
0.670146
0.669043
0.66796
0.765733
0.799549
0.799997
0.8
0.8
0.8
0.793983
0.765322
0.799264
0.799999
0.79999
0.799999
0.8
0.8
0.8
0.8
0.8
0.8
0.8
0.8
0.799997
0.799993
0.799997
0.799998
0.799998
0.799999
0.799999
0.799999
0.799991
0.799996
0.799998
0.799999
0.8
0.8
0.8
0.8
0.8
0.8
0.8
0.8
0.8
0.8
0.8
0.8
0.8
0.8
0.8
0.8
0.8
0.8
0.8
0.8
0.8
0.8
0.8
0.8
0.8
0.8
0.8
0.8
0.8
0.8
0.8
0.8
0.8
0.8
0.8
0.8
0.8
0.8
0.8
0.8
0.8
0.8
0.8
0.8
0.8
0.8
0.8
0.8
0.8
0.8
0.8
0.8
0.8
0.375377
0.38117
0.391655
0.410407
0.441471
0.482413
0.600144
0.636638
0.631865
0.627468
0.633938
0.644926
0.640366
0.661062
0.682421
0.704571
0.795195
0.799815
0.799996
0.8
0.8
0.8
0.8
0.8
0.8
0.8
0.8
0.8
0.8
0.8
0.8
0.8
0.8
0.771787
0.799616
0.8
0.8
0.8
0.8
0.8
0.79843
0.797571
0.799998
0.8
0.8
0.799509
0.618757
0.600731
0.591321
0.584186
0.579439
0.577909
0.580469
0.587593
0.59773
0.762071
0.786606
0.795474
0.799258
0.799701
0.799363
0.798949
0.795936
0.753262
0.675899
0.735985
0.798846
0.799992
0.8
0.8
0.8
0.79866
0.789523
0.799958
0.8
0.8
0.8
0.8
0.8
0.8
0.8
0.8
0.8
0.8
0.8
0.8
0.8
0.8
0.8
0.8
0.8
0.8
0.8
0.8
0.8
0.8
0.8
0.8
0.8
0.8
0.8
0.8
0.8
0.8
0.8
0.8
0.8
0.8
0.8
0.8
0.8
0.8
0.8
0.8
0.8
0.8
0.8
0.8
0.8
0.8
0.8
0.8
0.8
0.8
0.8
0.8
0.8
0.8
0.8
0.8
0.8
0.8
0.8
0.8
0.8
0.8
0.8
0.8
0.8
0.8
0.8
0.8
0.8
0.8
0.8
0.8
0.8
0.8
0.8
0.8
0.378291
0.383842
0.393776
0.411337
0.439877
0.476411
0.48778
0.775864
0.788555
0.799288
0.788391
0.731631
0.686639
0.77644
0.791342
0.79792
0.799907
0.799998
0.8
0.8
0.8
0.8
0.8
0.8
0.8
0.8
0.8
0.8
0.8
0.8
0.8
0.8
0.8
0.790341
0.799938
0.8
0.8
0.8
0.8
0.8
0.799657
0.799736
0.8
0.8
0.8
0.785402
0.614945
0.599442
0.590859
0.585323
0.582886
0.584425
0.590213
0.59803
0.740734
0.798019
0.79955
0.799909
0.799986
0.799993
0.799986
0.799981
0.799849
0.792068
0.691858
0.748655
0.799368
0.799997
0.8
0.8
0.8
0.799734
0.79757
0.799998
0.8
0.8
0.8
0.8
0.8
0.8
0.8
0.8
0.8
0.8
0.8
0.8
0.8
0.8
0.8
0.8
0.8
0.8
0.8
0.8
0.8
0.8
0.8
0.8
0.8
0.8
0.8
0.8
0.8
0.8
0.8
0.8
0.8
0.8
0.8
0.8
0.8
0.8
0.8
0.8
0.8
0.8
0.8
0.8
0.8
0.8
0.8
0.8
0.8
0.8
0.8
0.8
0.8
0.8
0.8
0.8
0.8
0.8
0.8
0.8
0.8
0.8
0.8
0.8
0.8
0.8
0.8
0.8
0.8
0.8
0.8
0.8
0.8
0.8
0.8
0.8
0.381154
0.386391
0.395587
0.411513
0.436731
0.46802
0.481082
0.485654
0.79961
0.79998
0.799718
0.797525
0.793443
0.799288
0.799765
0.79997
0.799999
0.8
0.8
0.8
0.8
0.8
0.8
0.8
0.8
0.8
0.8
0.8
0.8
0.8
0.8
0.8
0.8
0.797291
0.799993
0.8
0.8
0.8
0.8
0.8
0.79993
0.799975
0.8
0.8
0.799983
0.771289
0.613305
0.598225
0.590844
0.587892
0.588183
0.592041
0.59774
0.709395
0.794211
0.799837
0.799989
0.799998
0.8
0.8
0.8
0.8
0.799997
0.799738
0.710114
0.770519
0.799838
0.8
0.8
0.8
0.8
0.799951
0.799505
0.799999
0.8
0.8
0.8
0.8
0.8
0.8
0.8
0.8
0.8
0.8
0.8
0.8
0.8
0.8
0.8
0.8
0.8
0.8
0.8
0.8
0.8
0.8
0.8
0.8
0.8
0.8
0.8
0.8
0.8
0.8
0.8
0.8
0.8
0.8
0.8
0.8
0.8
0.8
0.8
0.8
0.8
0.8
0.8
0.8
0.8
0.8
0.8
0.8
0.8
0.8
0.8
0.8
0.8
0.8
0.8
0.8
0.8
0.8
0.8
0.8
0.8
0.8
0.8
0.8
0.8
0.8
0.8
0.8
0.8
0.8
0.8
0.8
0.8
0.8
0.8
0.8
0.384022
0.38892
0.397328
0.411539
0.433455
0.460164
0.474734
0.482048
0.485989
0.797857
0.799995
0.799951
0.799838
0.799986
0.799996
0.8
0.8
0.8
0.8
0.8
0.8
0.8
0.8
0.8
0.8
0.8
0.8
0.8
0.8
0.8
0.8
0.8
0.8
0.799313
0.799999
0.8
0.8
0.8
0.8
0.8
0.799987
0.799998
0.8
0.8
0.799739
0.755761
0.612456
0.597726
0.59251
0.592626
0.59454
0.599268
0.656776
0.789704
0.799621
0.79999
0.8
0.8
0.8
0.8
0.8
0.8
0.8
0.799928
0.735483
0.788327
0.799984
0.8
0.8
0.8
0.8
0.799992
0.799908
0.8
0.8
0.8
0.8
0.8
0.8
0.8
0.8
0.8
0.8
0.8
0.8
0.8
0.8
0.8
0.8
0.8
0.8
0.8
0.8
0.8
0.8
0.8
0.8
0.8
0.8
0.8
0.8
0.8
0.8
0.8
0.8
0.8
0.8
0.8
0.8
0.8
0.8
0.8
0.8
0.8
0.8
0.8
0.8
0.8
0.8
0.8
0.8
0.8
0.8
0.8
0.8
0.8
0.8
0.8
0.8
0.8
0.8
0.8
0.8
0.8
0.8
0.8
0.8
0.8
0.8
0.8
0.8
0.8
0.8
0.8
0.8
0.8
0.8
0.8
0.8
0.8
0.386933
0.391499
0.399153
0.411764
0.430752
0.453737
0.468931
0.478044
0.483672
0.489173
0.572197
0.776492
0.799958
0.8
0.8
0.8
0.8
0.8
0.8
0.8
0.8
0.8
0.8
0.8
0.8
0.8
0.8
0.8
0.8
0.8
0.8
0.8
0.8
0.799837
0.8
0.8
0.8
0.8
0.8
0.8
0.799998
0.8
0.8
0.799988
0.786688
0.733564
0.613139
0.598562
0.594049
0.604685
0.607884
0.604652
0.733152
0.798156
0.799956
0.799999
0.8
0.8
0.8
0.8
0.8
0.8
0.8
0.799823
0.763826
0.796235
0.8
0.8
0.8
0.8
0.8
0.799999
0.799984
0.8
0.8
0.8
0.8
0.8
0.8
0.8
0.8
0.8
0.8
0.8
0.8
0.8
0.8
0.8
0.8
0.8
0.8
0.8
0.8
0.8
0.8
0.8
0.8
0.8
0.8
0.8
0.8
0.8
0.8
0.8
0.8
0.8
0.8
0.8
0.8
0.8
0.8
0.8
0.8
0.8
0.8
0.8
0.8
0.8
0.8
0.8
0.8
0.8
0.8
0.8
0.8
0.8
0.8
0.8
0.8
0.8
0.8
0.8
0.8
0.8
0.8
0.8
0.8
0.8
0.8
0.8
0.8
0.8
0.8
0.8
0.8
0.8
0.8
0.8
0.8
0.8
0.389907
0.394166
0.40114
0.412352
0.42888
0.448862
0.463957
0.474128
0.480958
0.486586
0.492343
0.499062
0.508507
0.612641
0.774483
0.799959
0.8
0.8
0.8
0.8
0.8
0.8
0.8
0.8
0.8
0.8
0.8
0.8
0.8
0.8
0.8
0.8
0.8
0.799963
0.8
0.8
0.8
0.8
0.8
0.8
0.8
0.8
0.8
0.799966
0.7913
0.733149
0.61442
0.6005
0.595388
0.61463
0.617239
0.613148
0.776699
0.799244
0.799982
0.8
0.8
0.8
0.8
0.8
0.8
0.8
0.8
0.798847
0.784006
0.799014
0.8
0.8
0.8
0.8
0.8
0.8
0.799997
0.8
0.8
0.8
0.8
0.8
0.8
0.8
0.8
0.8
0.8
0.8
0.8
0.8
0.8
0.8
0.8
0.8
0.8
0.8
0.8
0.8
0.8
0.8
0.8
0.8
0.8
0.8
0.8
0.8
0.8
0.8
0.8
0.8
0.8
0.8
0.8
0.8
0.8
0.8
0.8
0.8
0.8
0.8
0.8
0.8
0.8
0.8
0.8
0.8
0.8
0.8
0.8
0.8
0.8
0.8
0.8
0.8
0.8
0.8
0.8
0.8
0.8
0.8
0.8
0.8
0.8
0.8
0.8
0.8
0.8
0.8
0.8
0.8
0.8
0.8
0.8
0.8
0.39295
0.396936
0.403323
0.413356
0.427875
0.445441
0.46001
0.470693
0.478329
0.484284
0.489322
0.495288
0.504042
0.522226
0.79749
0.799995
0.8
0.8
0.8
0.8
0.8
0.8
0.8
0.8
0.8
0.8
0.8
0.8
0.8
0.8
0.8
0.8
0.8
0.799992
0.8
0.8
0.8
0.8
0.8
0.8
0.8
0.8
0.799999
0.799811
0.778882
0.713676
0.615797
0.604009
0.597843
0.602611
0.617122
0.638965
0.796737
0.799907
0.799998
0.8
0.8
0.8
0.8
0.8
0.8
0.8
0.8
0.799906
0.793835
0.799835
0.8
0.8
0.8
0.8
0.8
0.8
0.8
0.8
0.8
0.8
0.8
0.8
0.8
0.8
0.8
0.8
0.8
0.8
0.8
0.8
0.8
0.8
0.8
0.8
0.8
0.8
0.8
0.8
0.8
0.8
0.8
0.8
0.8
0.8
0.8
0.8
0.8
0.8
0.8
0.8
0.8
0.8
0.8
0.8
0.8
0.8
0.8
0.8
0.8
0.8
0.8
0.8
0.8
0.8
0.8
0.8
0.8
0.8
0.8
0.8
0.8
0.8
0.8
0.8
0.8
0.8
0.8
0.8
0.8
0.8
0.8
0.8
0.8
0.8
0.8
0.8
0.8
0.8
0.8
0.8
0.8
0.8
0.8
0.8
0.39606
0.39981
0.405704
0.414773
0.427682
0.443316
0.457175
0.468019
0.476198
0.482628
0.488056
0.493868
0.501596
0.515998
0.74576
0.799629
0.799999
0.8
0.8
0.8
0.8
0.8
0.8
0.8
0.8
0.8
0.8
0.8
0.8
0.8
0.8
0.8
0.8
0.799998
0.8
0.8
0.8
0.8
0.8
0.8
0.8
0.8
0.799961
0.797459
0.75041
0.673771
0.617642
0.60945
0.601643
0.603701
0.618604
0.714308
0.798886
0.799977
0.8
0.8
0.8
0.8
0.8
0.8
0.8
0.8
0.8
0.799971
0.797235
0.79999
0.8
0.8
0.8
0.8
0.8
0.8
0.8
0.8
0.8
0.8
0.8
0.8
0.8
0.8
0.8
0.8
0.8
0.8
0.8
0.8
0.8
0.8
0.8
0.8
0.8
0.8
0.8
0.8
0.8
0.8
0.8
0.8
0.8
0.8
0.8
0.8
0.8
0.8
0.8
0.8
0.8
0.8
0.8
0.8
0.8
0.8
0.8
0.8
0.8
0.8
0.8
0.8
0.8
0.8
0.8
0.8
0.8
0.8
0.8
0.8
0.8
0.8
0.8
0.8
0.8
0.8
0.8
0.8
0.8
0.8
0.8
0.8
0.8
0.8
0.8
0.8
0.8
0.8
0.8
0.8
0.8
0.8
0.8
0.8
0.399224
0.402776
0.40827
0.416567
0.42821
0.442315
0.455432
0.466226
0.474737
0.481584
0.487408
0.49318
0.500049
0.511457
0.519525
0.547823
0.621856
0.72768
0.789096
0.79922
0.795054
0.798999
0.79988
0.799995
0.8
0.8
0.8
0.8
0.8
0.8
0.8
0.795103
0.799849
0.799995
0.8
0.8
0.8
0.8
0.8
0.799972
0.8
0.8
0.799465
0.785046
0.733345
0.671804
0.627167
0.610822
0.60377
0.60515
0.619279
0.77883
0.799318
0.799982
0.8
0.8
0.8
0.8
0.8
0.8
0.8
0.8
0.8
0.799768
0.798768
0.799998
0.8
0.8
0.8
0.8
0.8
0.8
0.8
0.8
0.8
0.8
0.8
0.8
0.8
0.8
0.8
0.8
0.8
0.8
0.8
0.8
0.8
0.8
0.8
0.8
0.8
0.8
0.8
0.8
0.8
0.8
0.8
0.8
0.8
0.8
0.8
0.8
0.8
0.8
0.8
0.8
0.8
0.8
0.8
0.8
0.8
0.8
0.8
0.8
0.8
0.8
0.8
0.8
0.8
0.8
0.8
0.8
0.8
0.8
0.8
0.8
0.8
0.8
0.8
0.8
0.8
0.8
0.8
0.8
0.8
0.8
0.8
0.8
0.8
0.8
0.8
0.8
0.8
0.8
0.8
0.8
0.8
0.8
0.8
0.8
0.402426
0.405819
0.410997
0.418696
0.429363
0.442279
0.454703
0.465326
0.473999
0.481128
0.487221
0.492959
0.499132
0.50778
0.515174
0.519658
0.52565
0.532294
0.537582
0.54145
0.544952
0.549925
0.558969
0.568349
0.674884
0.790455
0.799937
0.8
0.8
0.8
0.759278
0.67816
0.615206
0.672138
0.682149
0.747367
0.793306
0.799554
0.799977
0.751307
0.680278
0.698016
0.739177
0.764323
0.737699
0.680077
0.63344
0.611918
0.605103
0.606668
0.620803
0.780392
0.799066
0.799969
0.799999
0.8
0.8
0.8
0.8
0.8
0.8
0.8
0.8
0.799939
0.799576
0.799945
0.8
0.8
0.8
0.8
0.8
0.8
0.8
0.8
0.8
0.8
0.8
0.8
0.8
0.8
0.8
0.8
0.8
0.8
0.8
0.8
0.8
0.8
0.8
0.8
0.8
0.8
0.8
0.8
0.8
0.8
0.8
0.8
0.8
0.8
0.8
0.8
0.8
0.8
0.8
0.8
0.8
0.8
0.8
0.8
0.8
0.8
0.8
0.8
0.8
0.8
0.8
0.8
0.8
0.8
0.8
0.8
0.8
0.8
0.8
0.8
0.8
0.8
0.8
0.8
0.8
0.8
0.8
0.8
0.8
0.8
0.8
0.8
0.8
0.8
0.8
0.8
0.8
0.8
0.8
0.8
0.8
0.8
0.8
0.8
0.405642
0.408915
0.413858
0.421113
0.431057
0.443074
0.4549
0.465295
0.474003
0.481285
0.487531
0.493237
0.498941
0.505771
0.512058
0.516493
0.52087
0.525341
0.529714
0.533967
0.538244
0.542931
0.549334
0.558911
0.566258
0.607196
0.687344
0.765382
0.794763
0.705826
0.588521
0.587361
0.588492
0.603502
0.631387
0.636672
0.639589
0.65578
0.633303
0.635009
0.638662
0.647958
0.67738
0.71588
0.740934
0.649477
0.618317
0.612306
0.606564
0.608282
0.622775
0.778178
0.798928
0.799965
0.799999
0.8
0.8
0.8
0.8
0.8
0.8
0.8
0.8
0.799984
0.799897
0.79999
0.8
0.8
0.8
0.8
0.8
0.8
0.8
0.8
0.8
0.8
0.8
0.8
0.8
0.8
0.8
0.8
0.8
0.8
0.8
0.8
0.8
0.8
0.8
0.8
0.8
0.8
0.8
0.8
0.8
0.8
0.8
0.8
0.8
0.8
0.8
0.8
0.8
0.8
0.8
0.8
0.8
0.8
0.8
0.8
0.8
0.8
0.8
0.8
0.8
0.8
0.8
0.8
0.8
0.8
0.8
0.8
0.8
0.8
0.8
0.8
0.8
0.8
0.8
0.8
0.8
0.8
0.8
0.8
0.8
0.8
0.8
0.8
0.8
0.8
0.8
0.8
0.8
0.8
0.8
0.8
0.8
0.8
0.8
0.8
0.408848
0.412039
0.416825
0.42378
0.433225
0.444601
0.45595
0.466107
0.474769
0.482103
0.48842
0.4941
0.49953
0.505365
0.510916
0.515547
0.519877
0.524111
0.528263
0.532325
0.536321
0.540369
0.544986
0.55148
0.558921
0.562738
0.566886
0.579985
0.570791
0.571179
0.571789
0.573366
0.575595
0.580449
0.592508
0.603012
0.616666
0.618357
0.619193
0.621374
0.624218
0.631501
0.649679
0.682215
0.721931
0.661743
0.619468
0.613494
0.608202
0.609968
0.624792
0.777733
0.798925
0.799966
0.799999
0.8
0.8
0.8
0.8
0.8
0.8
0.8
0.799999
0.799995
0.799979
0.799999
0.8
0.8
0.8
0.8
0.8
0.8
0.8
0.8
0.8
0.8
0.8
0.8
0.8
0.8
0.8
0.8
0.8
0.8
0.8
0.8
0.8
0.8
0.8
0.8
0.8
0.8
0.8
0.8
0.8
0.8
0.8
0.8
0.8
0.8
0.8
0.8
0.8
0.8
0.8
0.8
0.8
0.8
0.8
0.8
0.8
0.8
0.8
0.8
0.8
0.8
0.8
0.8
0.8
0.8
0.8
0.8
0.8
0.8
0.8
0.8
0.8
0.8
0.8
0.8
0.8
0.8
0.8
0.8
0.8
0.8
0.8
0.8
0.8
0.8
0.8
0.8
0.8
0.8
0.8
0.8
0.8
0.8
0.8
0.8
0.412014
0.415163
0.419871
0.426667
0.435823
0.446799
0.457807
0.467753
0.476323
0.483642
0.489974
0.495632
0.50092
0.506261
0.511407
0.51608
0.520485
0.524741
0.528865
0.532827
0.536585
0.540126
0.543578
0.547486
0.552153
0.556022
0.561005
0.562343
0.56318
0.564528
0.566134
0.568118
0.5704
0.573222
0.577778
0.583651
0.59132
0.594799
0.59661
0.599798
0.605396
0.614226
0.629384
0.656128
0.695907
0.673657
0.628257
0.615763
0.609995
0.611623
0.626595
0.777585
0.798937
0.799967
0.799999
0.8
0.8
0.8
0.8
0.8
0.8
0.8
0.8
0.799999
0.799996
0.8
0.8
0.8
0.8
0.8
0.8
0.8
0.8
0.8
0.8
0.8
0.8
0.8
0.8
0.8
0.8
0.8
0.8
0.8
0.8
0.8
0.8
0.8
0.8
0.8
0.8
0.8
0.8
0.8
0.8
0.8
0.8
0.8
0.8
0.8
0.8
0.8
0.8
0.8
0.8
0.8
0.8
0.8
0.8
0.8
0.8
0.8
0.8
0.8
0.8
0.8
0.8
0.8
0.8
0.8
0.8
0.8
0.8
0.8
0.8
0.8
0.8
0.8
0.8
0.8
0.8
0.8
0.8
0.8
0.8
0.8
0.8
0.8
0.8
0.8
0.8
0.8
0.8
0.8
0.8
0.8
0.8
0.8
0.8
0.8
0.415113
0.41826
0.422968
0.429755
0.438838
0.449654
0.460469
0.470247
0.478705
0.485964
0.492274
0.497911
0.503137
0.508257
0.513212
0.517898
0.522387
0.526733
0.530931
0.53493
0.53865
0.542203
0.5456
0.548399
0.550871
0.553324
0.556061
0.557688
0.559287
0.560985
0.562888
0.564995
0.567246
0.569717
0.572487
0.575683
0.579446
0.582734
0.585798
0.589603
0.594834
0.602464
0.614648
0.635795
0.670246
0.674821
0.640329
0.621081
0.612683
0.613259
0.62798
0.772002
0.798989
0.799972
0.799999
0.8
0.8
0.8
0.8
0.8
0.8
0.8
0.8
0.8
0.799999
0.8
0.8
0.8
0.8
0.8
0.8
0.8
0.8
0.8
0.8
0.8
0.8
0.8
0.8
0.8
0.8
0.8
0.8
0.8
0.8
0.8
0.8
0.8
0.8
0.8
0.8
0.8
0.8
0.8
0.8
0.8
0.8
0.8
0.8
0.8
0.8
0.8
0.8
0.8
0.8
0.8
0.8
0.8
0.8
0.8
0.8
0.8
0.8
0.8
0.8
0.8
0.8
0.8
0.8
0.8
0.8
0.8
0.8
0.8
0.8
0.8
0.8
0.8
0.8
0.8
0.8
0.8
0.8
0.8
0.8
0.8
0.8
0.8
0.8
0.8
0.8
0.8
0.8
0.8
0.8
0.8
0.8
0.8
0.8
0.8
0.418153
0.421388
0.426238
0.433178
0.442333
0.453066
0.463721
0.473531
0.481974
0.489143
0.495402
0.501019
0.506232
0.511283
0.516195
0.520947
0.525578
0.530117
0.534552
0.538839
0.543943
0.550343
0.55893
0.568357
0.571006
0.571433
0.571852
0.573047
0.574737
0.576182
0.577842
0.579674
0.581672
0.583587
0.585097
0.586311
0.587477
0.588695
0.589956
0.591497
0.593971
0.598345
0.606341
0.621411
0.648341
0.666057
0.649366
0.6287
0.616688
0.61509
0.628924
0.748622
0.795127
0.79985
0.799997
0.8
0.8
0.8
0.8
0.8
0.8
0.8
0.8
0.8
0.8
0.8
0.8
0.8
0.8
0.8
0.8
0.8
0.8
0.8
0.8
0.8
0.8
0.8
0.8
0.8
0.8
0.8
0.8
0.8
0.8
0.8
0.8
0.8
0.8
0.8
0.8
0.8
0.8
0.8
0.8
0.8
0.8
0.8
0.8
0.8
0.8
0.8
0.8
0.8
0.8
0.8
0.8
0.8
0.8
0.8
0.8
0.8
0.8
0.8
0.8
0.8
0.8
0.8
0.8
0.8
0.8
0.8
0.8
0.8
0.8
0.8
0.8
0.8
0.8
0.8
0.8
0.8
0.8
0.8
0.8
0.8
0.8
0.8
0.8
0.8
0.8
0.8
0.8
0.8
0.8
0.8
0.8
0.8
0.8
0.8
0.421114
0.424544
0.42972
0.437055
0.446521
0.457307
0.467854
0.477473
0.485756
0.492986
0.499445
0.505055
0.510296
0.515383
0.520377
0.525305
0.530216
0.535158
0.54016
0.546643
0.556068
0.568014
0.584669
0.600614
0.605699
0.609021
0.60992
0.610533
0.610307
0.607123
0.605284
0.60478
0.606099
0.610959
0.613282
0.614005
0.613828
0.612744
0.610567
0.607522
0.604965
0.604119
0.606401
0.614426
0.632541
0.652629
0.65183
0.636086
0.621863
0.617395
0.629556
0.74017
0.794275
0.799829
0.799996
0.8
0.8
0.8
0.8
0.8
0.8
0.8
0.8
0.8
0.8
0.8
0.8
0.8
0.8
0.8
0.8
0.8
0.8
0.8
0.8
0.8
0.8
0.8
0.8
0.8
0.8
0.8
0.8
0.8
0.8
0.8
0.8
0.8
0.8
0.8
0.8
0.8
0.8
0.8
0.8
0.8
0.8
0.8
0.8
0.8
0.8
0.8
0.8
0.8
0.8
0.8
0.8
0.8
0.8
0.8
0.8
0.8
0.8
0.8
0.8
0.8
0.8
0.8
0.8
0.8
0.8
0.8
0.8
0.8
0.8
0.8
0.8
0.8
0.8
0.8
0.8
0.8
0.8
0.8
0.8
0.8
0.8
0.8
0.8
0.8
0.8
0.8
0.8
0.8
0.8
0.8
0.8
0.8
0.8
0.8
0.42398
0.427748
0.433481
0.441491
0.451502
0.462464
0.472941
0.482354
0.490461
0.497574
0.503966
0.510042
0.515469
0.520703
0.525922
0.531206
0.536661
0.542424
0.54926
0.561969
0.580201
0.595808
0.615163
0.622009
0.662045
0.746837
0.793257
0.767916
0.689983
0.620633
0.619036
0.618479
0.620811
0.635927
0.641867
0.645076
0.645803
0.644895
0.641133
0.633459
0.625269
0.618971
0.615426
0.616205
0.624896
0.640434
0.648523
0.640892
0.627312
0.620273
0.629995
0.724961
0.792279
0.799774
0.799995
0.8
0.8
0.8
0.8
0.8
0.8
0.8
0.8
0.8
0.8
0.8
0.8
0.8
0.8
0.8
0.8
0.8
0.8
0.8
0.8
0.8
0.8
0.8
0.8
0.8
0.8
0.8
0.8
0.8
0.8
0.8
0.8
0.8
0.8
0.8
0.8
0.8
0.8
0.8
0.8
0.8
0.8
0.8
0.8
0.8
0.8
0.8
0.8
0.8
0.8
0.8
0.8
0.8
0.8
0.8
0.8
0.8
0.8
0.8
0.8
0.8
0.8
0.8
0.8
0.8
0.8
0.8
0.8
0.8
0.8
0.8
0.8
0.8
0.8
0.8
0.8
0.8
0.8
0.8
0.8
0.8
0.8
0.8
0.8
0.8
0.8
0.8
0.8
0.8
0.8
0.8
0.8
0.8
0.8
0.8
0.426749
0.431049
0.437639
0.446652
0.457435
0.468675
0.479101
0.488299
0.496232
0.503242
0.509617
0.515719
0.521631
0.527502
0.533174
0.539129
0.545629
0.553114
0.567026
0.592965
0.620097
0.630017
0.638991
0.755704
0.797681
0.799844
0.799975
0.799713
0.79365
0.732797
0.689864
0.63246
0.637898
0.660192
0.733408
0.790647
0.798968
0.778321
0.695958
0.643042
0.637099
0.631791
0.627344
0.624321
0.625501
0.633497
0.643299
0.642631
0.631993
0.623562
0.630332
0.694229
0.791203
0.799748
0.799995
0.8
0.8
0.8
0.8
0.8
0.8
0.8
0.8
0.8
0.8
0.8
0.8
0.8
0.8
0.8
0.8
0.8
0.8
0.8
0.8
0.8
0.8
0.8
0.8
0.8
0.8
0.8
0.8
0.8
0.8
0.8
0.8
0.8
0.8
0.8
0.8
0.8
0.8
0.8
0.8
0.8
0.8
0.8
0.8
0.8
0.8
0.8
0.8
0.8
0.8
0.8
0.8
0.8
0.8
0.8
0.8
0.8
0.8
0.8
0.8
0.8
0.8
0.8
0.8
0.8
0.8
0.8
0.8
0.8
0.8
0.8
0.8
0.8
0.8
0.8
0.8
0.8
0.8
0.8
0.8
0.8
0.8
0.8
0.8
0.8
0.8
0.8
0.8
0.8
0.8
0.8
0.8
0.8
0.8
0.8
0.429435
0.434527
0.442367
0.452769
0.464556
0.476155
0.486542
0.49554
0.503325
0.510276
0.516706
0.522933
0.529086
0.535649
0.542783
0.550041
0.558703
0.570408
0.599977
0.640914
0.654302
0.756175
0.798169
0.799647
0.799978
0.799999
0.8
0.799999
0.799965
0.799052
0.772588
0.657983
0.661758
0.701211
0.793197
0.799965
0.799996
0.799861
0.791674
0.693311
0.643386
0.641379
0.639347
0.636388
0.633542
0.634076
0.640488
0.642927
0.63549
0.626963
0.630665
0.643073
0.794166
0.79981
0.799995
0.8
0.8
0.8
0.8
0.8
0.8
0.8
0.8
0.8
0.8
0.8
0.8
0.8
0.8
0.8
0.8
0.8
0.8
0.8
0.8
0.8
0.8
0.8
0.8
0.8
0.8
0.8
0.8
0.8
0.8
0.8
0.8
0.8
0.8
0.8
0.8
0.8
0.8
0.8
0.8
0.8
0.8
0.8
0.8
0.8
0.8
0.8
0.8
0.8
0.8
0.8
0.8
0.8
0.8
0.8
0.8
0.8
0.8
0.8
0.8
0.8
0.8
0.8
0.8
0.8
0.8
0.8
0.8
0.8
0.8
0.8
0.8
0.8
0.8
0.8
0.8
0.8
0.8
0.8
0.8
0.8
0.8
0.8
0.8
0.8
0.8
0.8
0.8
0.8
0.8
0.8
0.8
0.8
0.8
0.8
0.432057
0.438278
0.447874
0.46015
0.473232
0.485288
0.495687
0.504551
0.512258
0.519237
0.525833
0.532359
0.539044
0.546358
0.554954
0.566398
0.580849
0.607043
0.662892
0.694692
0.794612
0.799527
0.79998
0.799997
0.8
0.8
0.8
0.8
0.8
0.799996
0.799703
0.759927
0.683025
0.788094
0.799856
0.799999
0.8
0.8
0.799945
0.743455
0.689051
0.772371
0.77872
0.687646
0.650299
0.635648
0.640385
0.64333
0.638007
0.630067
0.631802
0.641956
0.777294
0.799365
0.799985
0.8
0.8
0.8
0.8
0.8
0.8
0.8
0.8
0.8
0.8
0.8
0.8
0.8
0.8
0.8
0.8
0.8
0.8
0.8
0.8
0.8
0.8
0.8
0.8
0.8
0.8
0.8
0.8
0.8
0.8
0.8
0.8
0.8
0.8
0.8
0.8
0.8
0.8
0.8
0.8
0.8
0.8
0.8
0.8
0.8
0.8
0.8
0.8
0.8
0.8
0.8
0.8
0.8
0.8
0.8
0.8
0.8
0.8
0.8
0.8
0.8
0.8
0.8
0.8
0.8
0.8
0.8
0.8
0.8
0.8
0.8
0.8
0.8
0.8
0.8
0.8
0.8
0.8
0.8
0.8
0.8
0.8
0.8
0.8
0.8
0.8
0.8
0.8
0.8
0.8
0.8
0.8
0.8
0.8
0.8
0.43462
0.442355
0.454346
0.469218
0.484156
0.496914
0.507542
0.516457
0.524232
0.531401
0.538405
0.545649
0.553584
0.562951
0.574891
0.592416
0.633219
0.705265
0.766265
0.798163
0.799942
0.799995
0.8
0.8
0.8
0.8
0.8
0.8
0.8
0.8
0.79998
0.791212
0.707796
0.792457
0.799971
0.8
0.8
0.8
0.8
0.77923
0.752238
0.799311
0.799648
0.752194
0.683768
0.637788
0.641005
0.643966
0.639958
0.632686
0.633234
0.642411
0.755594
0.796178
0.799879
0.799998
0.8
0.8
0.8
0.8
0.8
0.8
0.8
0.8
0.8
0.8
0.8
0.8
0.8
0.8
0.8
0.8
0.8
0.8
0.8
0.8
0.8
0.8
0.8
0.8
0.8
0.8
0.8
0.8
0.8
0.8
0.8
0.8
0.8
0.8
0.8
0.8
0.8
0.8
0.8
0.8
0.8
0.8
0.8
0.8
0.8
0.8
0.8
0.8
0.8
0.8
0.8
0.8
0.8
0.8
0.8
0.8
0.8
0.8
0.8
0.8
0.8
0.8
0.8
0.8
0.8
0.8
0.8
0.8
0.8
0.8
0.8
0.8
0.8
0.8
0.8
0.8
0.8
0.8
0.8
0.8
0.8
0.8
0.8
0.8
0.8
0.8
0.8
0.8
0.8
0.8
0.8
0.8
0.8
0.8
0.437063
0.446602
0.461782
0.480696
0.49918
0.513564
0.525282
0.534799
0.542883
0.55057
0.558671
0.567928
0.579413
0.59506
0.617644
0.656455
0.733587
0.79679
0.799468
0.799976
0.799999
0.8
0.8
0.8
0.8
0.8
0.8
0.8
0.8
0.8
0.799997
0.799307
0.745703
0.796397
0.799985
0.8
0.8
0.8
0.8
0.79454
0.791023
0.799973
0.799998
0.791423
0.735559
0.640045
0.641923
0.644779
0.641618
0.634939
0.634717
0.643126
0.751006
0.797406
0.799935
0.799999
0.8
0.8
0.8
0.8
0.8
0.8
0.8
0.8
0.8
0.8
0.8
0.8
0.8
0.8
0.8
0.8
0.8
0.8
0.8
0.8
0.8
0.8
0.8
0.8
0.8
0.8
0.8
0.8
0.8
0.8
0.8
0.8
0.8
0.8
0.8
0.8
0.8
0.8
0.8
0.8
0.8
0.8
0.8
0.8
0.8
0.8
0.8
0.8
0.8
0.8
0.8
0.8
0.8
0.8
0.8
0.8
0.8
0.8
0.8
0.8
0.8
0.8
0.8
0.8
0.8
0.8
0.8
0.8
0.8
0.8
0.8
0.8
0.8
0.8
0.8
0.8
0.8
0.8
0.8
0.8
0.8
0.8
0.8
0.8
0.8
0.8
0.8
0.8
0.8
0.8
0.8
0.8
0.8
0.8
0.439195
0.450393
0.469921
0.4989
0.534113
0.561423
0.585801
0.605536
0.586022
0.587636
0.596984
0.609427
0.626479
0.651692
0.683488
0.718051
0.797205
0.79995
0.799993
0.8
0.8
0.8
0.8
0.8
0.8
0.8
0.8
0.8
0.8
0.8
0.8
0.799993
0.775527
0.799269
0.799998
0.8
0.8
0.8
0.8
0.798817
0.799057
0.799998
0.8
0.799171
0.78042
0.641901
0.642978
0.645715
0.643137
0.636988
0.636214
0.643677
0.715369
0.79176
0.799787
0.799996
0.8
0.8
0.8
0.8
0.8
0.8
0.8
0.8
0.8
0.8
0.8
0.8
0.8
0.8
0.8
0.8
0.8
0.8
0.8
0.8
0.8
0.8
0.8
0.8
0.8
0.8
0.8
0.8
0.8
0.8
0.8
0.8
0.8
0.8
0.8
0.8
0.8
0.8
0.8
0.8
0.8
0.8
0.8
0.8
0.8
0.8
0.8
0.8
0.8
0.8
0.8
0.8
0.8
0.8
0.8
0.8
0.8
0.8
0.8
0.8
0.8
0.8
0.8
0.8
0.8
0.8
0.8
0.8
0.8
0.8
0.8
0.8
0.8
0.8
0.8
0.8
0.8
0.8
0.8
0.8
0.8
0.8
0.8
0.8
0.8
0.8
0.8
0.8
0.8
0.8
0.8
0.8
0.8
0.8
0.440782
0.45219
0.472071
0.501045
0.534887
0.637601
0.775045
0.673037
0.664612
0.65749
0.659251
0.66566
0.673053
0.67971
0.791711
0.798449
0.799955
0.799999
0.8
0.8
0.8
0.8
0.8
0.8
0.8
0.8
0.8
0.8
0.8
0.8
0.8
0.8
0.792072
0.799904
0.8
0.8
0.8
0.8
0.8
0.799771
0.799922
0.8
0.8
0.799942
0.7965
0.643446
0.64411
0.646745
0.644597
0.638939
0.637763
0.64377
0.654722
0.781512
0.799378
0.799986
0.8
0.8
0.8
0.8
0.8
0.8
0.8
0.8
0.8
0.8
0.8
0.8
0.8
0.8
0.8
0.8
0.8
0.8
0.8
0.8
0.8
0.8
0.8
0.8
0.8
0.8
0.8
0.8
0.8
0.8
0.8
0.8
0.8
0.8
0.8
0.8
0.8
0.8
0.8
0.8
0.8
0.8
0.8
0.8
0.8
0.8
0.8
0.8
0.8
0.8
0.8
0.8
0.8
0.8
0.8
0.8
0.8
0.8
0.8
0.8
0.8
0.8
0.8
0.8
0.8
0.8
0.8
0.8
0.8
0.8
0.8
0.8
0.8
0.8
0.8
0.8
0.8
0.8
0.8
0.8
0.8
0.8
0.8
0.8
0.8
0.8
0.8
0.8
0.8
0.8
0.8
0.8
0.8
0.8
0.442204
0.453196
0.472046
0.498918
0.529381
0.532914
0.798934
0.790771
0.793531
0.787243
0.782978
0.778904
0.795874
0.794822
0.799795
0.799981
0.799999
0.8
0.8
0.8
0.8
0.8
0.8
0.8
0.8
0.8
0.8
0.8
0.8
0.8
0.8
0.8
0.797908
0.799989
0.8
0.8
0.8
0.8
0.8
0.79996
0.799994
0.8
0.8
0.799997
0.799526
0.644871
0.6453
0.647856
0.646038
0.640812
0.639433
0.644558
0.654325
0.781633
0.799419
0.799988
0.8
0.8
0.8
0.8
0.8
0.8
0.8
0.8
0.8
0.8
0.8
0.8
0.8
0.8
0.8
0.8
0.8
0.8
0.8
0.8
0.8
0.8
0.8
0.8
0.8
0.8
0.8
0.8
0.8
0.8
0.8
0.8
0.8
0.8
0.8
0.8
0.8
0.8
0.8
0.8
0.8
0.8
0.8
0.8
0.8
0.8
0.8
0.8
0.8
0.8
0.8
0.8
0.8
0.8
0.8
0.8
0.8
0.8
0.8
0.8
0.8
0.8
0.8
0.8
0.8
0.8
0.8
0.8
0.8
0.8
0.8
0.8
0.8
0.8
0.8
0.8
0.8
0.8
0.8
0.8
0.8
0.8
0.8
0.8
0.8
0.8
0.8
0.8
0.8
0.8
0.8
0.8
0.8
0.8
0.443645
0.453987
0.471279
0.49529
0.52169
0.529061
0.531718
0.799783
0.799816
0.799384
0.799284
0.799137
0.799919
0.799909
0.799997
0.8
0.8
0.8
0.8
0.8
0.8
0.8
0.8
0.8
0.8
0.8
0.8
0.8
0.8
0.8
0.8
0.8
0.799507
0.799999
0.8
0.8
0.8
0.8
0.8
0.799994
0.8
0.8
0.8
0.8
0.799945
0.646231
0.646538
0.649043
0.647476
0.642597
0.641127
0.645795
0.655404
0.783885
0.799549
0.799991
0.8
0.8
0.8
0.8
0.8
0.8
0.8
0.8
0.8
0.8
0.8
0.8
0.8
0.8
0.8
0.8
0.8
0.8
0.8
0.8
0.8
0.8
0.8
0.8
0.8
0.8
0.8
0.8
0.8
0.8
0.8
0.8
0.8
0.8
0.8
0.8
0.8
0.8
0.8
0.8
0.8
0.8
0.8
0.8
0.8
0.8
0.8
0.8
0.8
0.8
0.8
0.8
0.8
0.8
0.8
0.8
0.8
0.8
0.8
0.8
0.8
0.8
0.8
0.8
0.8
0.8
0.8
0.8
0.8
0.8
0.8
0.8
0.8
0.8
0.8
0.8
0.8
0.8
0.8
0.8
0.8
0.8
0.8
0.8
0.8
0.8
0.8
0.8
0.8
0.8
0.8
0.8
0.8
0.8
0.445144
0.454746
0.470344
0.491479
0.514351
0.524409
0.529241
0.531732
0.747067
0.799984
0.799981
0.799979
0.799999
0.799999
0.8
0.8
0.8
0.8
0.8
0.8
0.8
0.8
0.8
0.8
0.8
0.8
0.8
0.8
0.8
0.8
0.8
0.8
0.799893
0.8
0.8
0.8
0.8
0.8
0.8
0.799999
0.8
0.8
0.8
0.8
0.799994
0.647526
0.647818
0.650297
0.648921
0.644308
0.642805
0.647227
0.656829
0.781888
0.799612
0.799993
0.8
0.8
0.8
0.8
0.8
0.8
0.8
0.8
0.8
0.8
0.8
0.8
0.8
0.8
0.8
0.8
0.8
0.8
0.8
0.8
0.8
0.8
0.8
0.8
0.8
0.8
0.8
0.8
0.8
0.8
0.8
0.8
0.8
0.8
0.8
0.8
0.8
0.8
0.8
0.8
0.8
0.8
0.8
0.8
0.8
0.8
0.8
0.8
0.8
0.8
0.8
0.8
0.8
0.8
0.8
0.8
0.8
0.8
0.8
0.8
0.8
0.8
0.8
0.8
0.8
0.8
0.8
0.8
0.8
0.8
0.8
0.8
0.8
0.8
0.8
0.8
0.8
0.8
0.8
0.8
0.8
0.8
0.8
0.8
0.8
0.8
0.8
0.8
0.8
0.8
0.8
0.8
0.8
0.8
0.446727
0.45559
0.469576
0.488138
0.50814
0.519599
0.52607
0.529892
0.533588
0.537465
0.604419
0.72275
0.8
0.8
0.8
0.8
0.8
0.8
0.8
0.8
0.8
0.8
0.8
0.8
0.8
0.8
0.8
0.8
0.8
0.8
0.8
0.8
0.799978
0.8
0.8
0.8
0.8
0.8
0.8
0.8
0.8
0.8
0.8
0.799988
0.797315
0.648803
0.649135
0.651615
0.650379
0.64597
0.644468
0.648734
0.658335
0.766536
0.797344
0.799921
0.799998
0.8
0.8
0.8
0.8
0.8
0.8
0.8
0.8
0.8
0.8
0.8
0.8
0.8
0.8
0.8
0.8
0.8
0.8
0.8
0.8
0.8
0.8
0.8
0.8
0.8
0.8
0.8
0.8
0.8
0.8
0.8
0.8
0.8
0.8
0.8
0.8
0.8
0.8
0.8
0.8
0.8
0.8
0.8
0.8
0.8
0.8
0.8
0.8
0.8
0.8
0.8
0.8
0.8
0.8
0.8
0.8
0.8
0.8
0.8
0.8
0.8
0.8
0.8
0.8
0.8
0.8
0.8
0.8
0.8
0.8
0.8
0.8
0.8
0.8
0.8
0.8
0.8
0.8
0.8
0.8
0.8
0.8
0.8
0.8
0.8
0.8
0.8
0.8
0.8
0.8
0.8
0.8
0.8
0.44841
0.456584
0.469139
0.485519
0.503197
0.515141
0.522694
0.527513
0.531114
0.53523
0.539674
0.549881
0.564055
0.8
0.8
0.8
0.8
0.8
0.8
0.8
0.8
0.8
0.8
0.8
0.8
0.8
0.8
0.8
0.8
0.8
0.8
0.8
0.799996
0.8
0.8
0.8
0.8
0.8
0.8
0.8
0.8
0.8
0.8
0.799872
0.789861
0.65011
0.650491
0.653
0.651857
0.647615
0.64613
0.650262
0.659841
0.772013
0.798838
0.799971
0.799999
0.8
0.8
0.8
0.8
0.8
0.8
0.8
0.8
0.8
0.8
0.8
0.8
0.8
0.8
0.8
0.8
0.8
0.8
0.8
0.8
0.8
0.8
0.8
0.8
0.8
0.8
0.8
0.8
0.8
0.8
0.8
0.8
0.8
0.8
0.8
0.8
0.8
0.8
0.8
0.8
0.8
0.8
0.8
0.8
0.8
0.8
0.8
0.8
0.8
0.8
0.8
0.8
0.8
0.8
0.8
0.8
0.8
0.8
0.8
0.8
0.8
0.8
0.8
0.8
0.8
0.8
0.8
0.8
0.8
0.8
0.8
0.8
0.8
0.8
0.8
0.8
0.8
0.8
0.8
0.8
0.8
0.8
0.8
0.8
0.8
0.8
0.8
0.8
0.8
0.8
0.8
0.8
0.8
0.450199
0.457759
0.46909
0.483672
0.499472
0.51138
0.519599
0.525227
0.529406
0.533464
0.537333
0.544016
0.55632
0.796928
0.8
0.8
0.8
0.8
0.8
0.8
0.8
0.8
0.8
0.8
0.8
0.8
0.8
0.8
0.8
0.8
0.8
0.8
0.799999
0.8
0.8
0.8
0.8
0.8
0.8
0.8
0.8
0.8
0.799997
0.799027
0.771724
0.651446
0.651892
0.654459
0.653367
0.649273
0.647812
0.651761
0.661194
0.756344
0.796442
0.79991
0.799998
0.8
0.8
0.8
0.8
0.8
0.8
0.8
0.8
0.8
0.8
0.8
0.8
0.8
0.8
0.8
0.8
0.8
0.8
0.8
0.8
0.8
0.8
0.8
0.8
0.8
0.8
0.8
0.8
0.8
0.8
0.8
0.8
0.8
0.8
0.8
0.8
0.8
0.8
0.8
0.8
0.8
0.8
0.8
0.8
0.8
0.8
0.8
0.8
0.8
0.8
0.8
0.8
0.8
0.8
0.8
0.8
0.8
0.8
0.8
0.8
0.8
0.8
0.8
0.8
0.8
0.8
0.8
0.8
0.8
0.8
0.8
0.8
0.8
0.8
0.8
0.8
0.8
0.8
0.8
0.8
0.8
0.8
0.8
0.8
0.8
0.8
0.8
0.8
0.8
0.8
0.8
0.8
0.8
0.452094
0.45912
0.469432
0.482558
0.496848
0.508464
0.517051
0.523289
0.528043
0.532293
0.536291
0.54175
0.551471
0.554417
0.767861
0.799756
0.799997
0.8
0.8
0.8
0.8
0.8
0.8
0.8
0.8
0.8
0.8
0.8
0.8
0.8
0.8
0.8
0.8
0.8
0.8
0.8
0.8
0.8
0.8
0.8
0.8
0.8
0.799922
0.794805
0.735079
0.652818
0.653395
0.655976
0.654925
0.650982
0.649537
0.653199
0.662205
0.746596
0.797524
0.799942
0.799999
0.8
0.8
0.8
0.8
0.8
0.8
0.8
0.8
0.8
0.8
0.8
0.8
0.8
0.8
0.8
0.8
0.8
0.8
0.8
0.8
0.8
0.8
0.8
0.8
0.8
0.8
0.8
0.8
0.8
0.8
0.8
0.8
0.8
0.8
0.8
0.8
0.8
0.8
0.8
0.8
0.8
0.8
0.8
0.8
0.8
0.8
0.8
0.8
0.8
0.8
0.8
0.8
0.8
0.8
0.8
0.8
0.8
0.8
0.8
0.8
0.8
0.8
0.8
0.8
0.8
0.8
0.8
0.8
0.8
0.8
0.8
0.8
0.8
0.8
0.8
0.8
0.8
0.8
0.8
0.8
0.8
0.8
0.8
0.8
0.8
0.8
0.8
0.8
0.8
0.8
0.8
0.8
0.8
0.454087
0.460661
0.470141
0.482104
0.495189
0.506411
0.515162
0.521821
0.527035
0.531542
0.535689
0.54047
0.547678
0.552268
0.557343
0.560018
0.563283
0.567021
0.570892
0.575088
0.579949
0.586882
0.695262
0.793377
0.799988
0.8
0.8
0.8
0.8
0.795709
0.739854
0.665822
0.716904
0.73249
0.795504
0.79999
0.8
0.8
0.799815
0.799998
0.793784
0.798319
0.743601
0.684239
0.66698
0.654269
0.655039
0.657582
0.656561
0.652784
0.651338
0.654591
0.662473
0.676534
0.789021
0.799639
0.799993
0.8
0.8
0.8
0.8
0.8
0.8
0.8
0.8
0.8
0.8
0.8
0.8
0.8
0.8
0.8
0.8
0.8
0.8
0.8
0.8
0.8
0.8
0.8
0.8
0.8
0.8
0.8
0.8
0.8
0.8
0.8
0.8
0.8
0.8
0.8
0.8
0.8
0.8
0.8
0.8
0.8
0.8
0.8
0.8
0.8
0.8
0.8
0.8
0.8
0.8
0.8
0.8
0.8
0.8
0.8
0.8
0.8
0.8
0.8
0.8
0.8
0.8
0.8
0.8
0.8
0.8
0.8
0.8
0.8
0.8
0.8
0.8
0.8
0.8
0.8
0.8
0.8
0.8
0.8
0.8
0.8
0.8
0.8
0.8
0.8
0.8
0.8
0.8
0.8
0.8
0.8
0.8
0.8
0.456166
0.462366
0.471181
0.482231
0.494367
0.505182
0.513963
0.520888
0.526436
0.531175
0.535449
0.539871
0.545456
0.550056
0.553791
0.557079
0.560416
0.563917
0.567611
0.571606
0.576214
0.582508
0.589263
0.595813
0.72208
0.798553
0.79999
0.798761
0.772344
0.676756
0.623974
0.624843
0.643768
0.676269
0.682964
0.760499
0.79684
0.786454
0.760401
0.700904
0.717694
0.753222
0.766698
0.691121
0.666752
0.65631
0.656832
0.659336
0.658324
0.654722
0.653247
0.656217
0.663574
0.67641
0.785438
0.799412
0.799983
0.8
0.8
0.8
0.8
0.8
0.8
0.8
0.8
0.8
0.8
0.8
0.8
0.8
0.8
0.8
0.8
0.8
0.8
0.8
0.8
0.8
0.8
0.8
0.8
0.8
0.8
0.8
0.8
0.8
0.8
0.8
0.8
0.8
0.8
0.8
0.8
0.8
0.8
0.8
0.8
0.8
0.8
0.8
0.8
0.8
0.8
0.8
0.8
0.8
0.8
0.8
0.8
0.8
0.8
0.8
0.8
0.8
0.8
0.8
0.8
0.8
0.8
0.8
0.8
0.8
0.8
0.8
0.8
0.8
0.8
0.8
0.8
0.8
0.8
0.8
0.8
0.8
0.8
0.8
0.8
0.8
0.8
0.8
0.8
0.8
0.8
0.8
0.8
0.8
0.8
0.8
0.8
0.8
0.458313
0.464215
0.472515
0.482867
0.494274
0.504719
0.513455
0.520532
0.526306
0.531228
0.535613
0.539877
0.544616
0.548957
0.552716
0.556218
0.55969
0.563215
0.566814
0.570512
0.574425
0.578996
0.583881
0.590399
0.596374
0.629885
0.703462
0.688886
0.610997
0.60988
0.610023
0.611914
0.617996
0.635631
0.654912
0.658594
0.660996
0.663345
0.665952
0.668974
0.676093
0.702573
0.739676
0.710369
0.675613
0.65948
0.658864
0.661039
0.660209
0.656802
0.655239
0.658036
0.665352
0.678425
0.785427
0.799378
0.799981
0.8
0.8
0.8
0.8
0.8
0.8
0.8
0.8
0.8
0.8
0.8
0.8
0.8
0.8
0.8
0.8
0.8
0.8
0.8
0.8
0.8
0.8
0.8
0.8
0.8
0.8
0.8
0.8
0.8
0.8
0.8
0.8
0.8
0.8
0.8
0.8
0.8
0.8
0.8
0.8
0.8
0.8
0.8
0.8
0.8
0.8
0.8
0.8
0.8
0.8
0.8
0.8
0.8
0.8
0.8
0.8
0.8
0.8
0.8
0.8
0.8
0.8
0.8
0.8
0.8
0.8
0.8
0.8
0.8
0.8
0.8
0.8
0.8
0.8
0.8
0.8
0.8
0.8
0.8
0.8
0.8
0.8
0.8
0.8
0.8
0.8
0.8
0.8
0.8
0.8
0.8
0.8
0.8
0.460507
0.466183
0.474105
0.483953
0.494828
0.504971
0.513634
0.520787
0.526706
0.531764
0.536246
0.540468
0.54482
0.548971
0.552794
0.556434
0.560013
0.56358
0.567125
0.570622
0.574062
0.577567
0.581228
0.585817
0.591162
0.593515
0.595236
0.59639
0.597507
0.599097
0.600928
0.603079
0.606437
0.613571
0.623844
0.628922
0.632646
0.636139
0.639778
0.643722
0.652519
0.671909
0.705481
0.713311
0.68868
0.66739
0.662092
0.662863
0.662173
0.658991
0.657275
0.65997
0.667754
0.68162
0.786475
0.799473
0.799986
0.8
0.8
0.8
0.8
0.8
0.8
0.8
0.8
0.8
0.8
0.8
0.8
0.8
0.8
0.8
0.8
0.8
0.8
0.8
0.8
0.8
0.8
0.8
0.8
0.8
0.8
0.8
0.8
0.8
0.8
0.8
0.8
0.8
0.8
0.8
0.8
0.8
0.8
0.8
0.8
0.8
0.8
0.8
0.8
0.8
0.8
0.8
0.8
0.8
0.8
0.8
0.8
0.8
0.8
0.8
0.8
0.8
0.8
0.8
0.8
0.8
0.8
0.8
0.8
0.8
0.8
0.8
0.8
0.8
0.8
0.8
0.8
0.8
0.8
0.8
0.8
0.8
0.8
0.8
0.8
0.8
0.8
0.8
0.8
0.8
0.8
0.8
0.8
0.8
0.8
0.8
0.8
0.8
0.462727
0.468246
0.47592
0.485442
0.495974
0.505906
0.514501
0.521688
0.527695
0.532849
0.537414
0.541656
0.545858
0.549923
0.553792
0.557534
0.561212
0.56484
0.568392
0.571809
0.575028
0.578024
0.580821
0.583636
0.586666
0.589595
0.592133
0.594481
0.596759
0.598366
0.600194
0.602255
0.604627
0.607729
0.611781
0.615306
0.618598
0.622094
0.626136
0.631078
0.638617
0.65249
0.677888
0.699873
0.695685
0.677671
0.667668
0.665463
0.664291
0.661255
0.659315
0.662394
0.672067
0.685253
0.785338
0.799493
0.799988
0.8
0.8
0.8
0.8
0.8
0.8
0.8
0.8
0.8
0.8
0.8
0.8
0.8
0.8
0.8
0.8
0.8
0.8
0.8
0.8
0.8
0.8
0.8
0.8
0.8
0.8
0.8
0.8
0.8
0.8
0.8
0.8
0.8
0.8
0.8
0.8
0.8
0.8
0.8
0.8
0.8
0.8
0.8
0.8
0.8
0.8
0.8
0.8
0.8
0.8
0.8
0.8
0.8
0.8
0.8
0.8
0.8
0.8
0.8
0.8
0.8
0.8
0.8
0.8
0.8
0.8
0.8
0.8
0.8
0.8
0.8
0.8
0.8
0.8
0.8
0.8
0.8
0.8
0.8
0.8
0.8
0.8
0.8
0.8
0.8
0.8
0.8
0.8
0.8
0.8
0.8
0.8
0.8
0.464944
0.470378
0.477931
0.487305
0.497684
0.507517
0.516076
0.523277
0.529335
0.534555
0.539192
0.543484
0.54766
0.551721
0.555658
0.559511
0.563314
0.567067
0.570734
0.574254
0.577557
0.581028
0.58518
0.590651
0.598884
0.608798
0.613259
0.615787
0.617448
0.618941
0.620051
0.620793
0.621435
0.622314
0.623632
0.625193
0.626644
0.627992
0.629488
0.631631
0.635413
0.643327
0.659832
0.681496
0.691953
0.684886
0.674618
0.669348
0.666819
0.66361
0.661342
0.665805
0.679746
0.690664
0.777126
0.799301
0.799987
0.8
0.8
0.8
0.8
0.8
0.8
0.8
0.8
0.8
0.8
0.8
0.8
0.8
0.8
0.8
0.8
0.8
0.8
0.8
0.8
0.8
0.8
0.8
0.8
0.8
0.8
0.8
0.8
0.8
0.8
0.8
0.8
0.8
0.8
0.8
0.8
0.8
0.8
0.8
0.8
0.8
0.8
0.8
0.8
0.8
0.8
0.8
0.8
0.8
0.8
0.8
0.8
0.8
0.8
0.8
0.8
0.8
0.8
0.8
0.8
0.8
0.8
0.8
0.8
0.8
0.8
0.8
0.8
0.8
0.8
0.8
0.8
0.8
0.8
0.8
0.8
0.8
0.8
0.8
0.8
0.8
0.8
0.8
0.8
0.8
0.8
0.8
0.8
0.8
0.8
0.8
0.8
0.8
0.467161
0.472602
0.480177
0.489566
0.499926
0.509725
0.518342
0.525621
0.531705
0.536969
0.54167
0.546033
0.550256
0.554384
0.558438
0.562456
0.566466
0.57047
0.57445
0.578383
0.583374
0.590372
0.600307
0.61224
0.62902
0.645387
0.649426
0.651932
0.652916
0.650018
0.647701
0.645903
0.645149
0.645852
0.649192
0.655744
0.65636
0.654944
0.651855
0.648649
0.646392
0.646929
0.653838
0.668193
0.682198
0.6856
0.680152
0.674007
0.669926
0.666134
0.663384
0.667388
0.682213
0.733738
0.78763
0.799418
0.799974
0.799998
0.8
0.8
0.8
0.8
0.8
0.8
0.8
0.8
0.8
0.8
0.8
0.8
0.8
0.8
0.8
0.8
0.8
0.8
0.8
0.8
0.8
0.8
0.8
0.8
0.8
0.8
0.8
0.8
0.8
0.8
0.8
0.8
0.8
0.8
0.8
0.8
0.8
0.8
0.8
0.8
0.8
0.8
0.8
0.8
0.8
0.8
0.8
0.8
0.8
0.8
0.8
0.8
0.8
0.8
0.8
0.8
0.8
0.8
0.8
0.8
0.8
0.8
0.8
0.8
0.8
0.8
0.8
0.8
0.8
0.8
0.8
0.8
0.8
0.8
0.8
0.8
0.8
0.8
0.8
0.8
0.8
0.8
0.8
0.8
0.8
0.8
0.8
0.8
0.8
0.8
0.8
0.8
0.469396
0.474981
0.482768
0.492376
0.50285
0.512674
0.521261
0.528499
0.534582
0.540052
0.544966
0.549428
0.553759
0.558029
0.562285
0.566577
0.570949
0.575441
0.5801
0.586291
0.595446
0.609989
0.628921
0.64381
0.663014
0.669121
0.706487
0.762585
0.748177
0.667075
0.664371
0.662392
0.661967
0.664223
0.67405
0.689271
0.693763
0.692401
0.68533
0.677457
0.670017
0.663669
0.661392
0.665852
0.675015
0.682065
0.682384
0.678125
0.673374
0.668861
0.6655
0.66886
0.683862
0.748939
0.786672
0.797131
0.799601
0.799963
0.799996
0.8
0.8
0.8
0.8
0.8
0.8
0.8
0.8
0.8
0.8
0.8
0.8
0.8
0.8
0.8
0.8
0.8
0.8
0.8
0.8
0.8
0.8
0.8
0.8
0.8
0.8
0.8
0.8
0.8
0.8
0.8
0.8
0.8
0.8
0.8
0.8
0.8
0.8
0.8
0.8
0.8
0.8
0.8
0.8
0.8
0.8
0.8
0.8
0.8
0.8
0.8
0.8
0.8
0.8
0.8
0.8
0.8
0.8
0.8
0.8
0.8
0.8
0.8
0.8
0.8
0.8
0.8
0.8
0.8
0.8
0.8
0.8
0.8
0.8
0.8
0.8
0.8
0.8
0.8
0.8
0.8
0.8
0.8
0.8
0.8
0.8
0.8
0.8
0.8
0.8
0.8
0.471631
0.477509
0.48572
0.495768
0.506509
0.516436
0.525009
0.5322
0.538299
0.543795
0.548771
0.553803
0.558381
0.5629
0.567494
0.572254
0.577283
0.582723
0.589384
0.601307
0.618312
0.644556
0.671333
0.67915
0.688451
0.769814
0.797754
0.799929
0.798957
0.7845
0.736405
0.676784
0.675858
0.680361
0.700577
0.711138
0.76559
0.778692
0.700836
0.696482
0.691872
0.68446
0.67757
0.674601
0.676132
0.680128
0.682624
0.680953
0.676668
0.671677
0.667673
0.670368
0.685544
0.746717
0.784158
0.796419
0.79945
0.799954
0.799995
0.799999
0.8
0.8
0.8
0.8
0.8
0.8
0.8
0.8
0.8
0.8
0.8
0.8
0.8
0.8
0.8
0.8
0.8
0.8
0.8
0.8
0.8
0.8
0.8
0.8
0.8
0.8
0.8
0.8
0.8
0.8
0.8
0.8
0.8
0.8
0.8
0.8
0.8
0.8
0.8
0.8
0.8
0.8
0.8
0.8
0.8
0.8
0.8
0.8
0.8
0.8
0.8
0.8
0.8
0.8
0.8
0.8
0.8
0.8
0.8
0.8
0.8
0.8
0.8
0.8
0.8
0.8
0.8
0.8
0.8
0.8
0.8
0.8
0.8
0.8
0.8
0.8
0.8
0.8
0.8
0.8
0.8
0.8
0.8
0.8
0.8
0.8
0.8
0.8
0.8
0.8
0.473849
0.480183
0.489055
0.499791
0.510989
0.521131
0.529733
0.536914
0.543066
0.548629
0.553758
0.558941
0.564225
0.569422
0.574619
0.58023
0.586545
0.59408
0.608806
0.633335
0.657044
0.692256
0.706027
0.782063
0.799398
0.799912
0.799992
0.8
0.799997
0.799949
0.796072
0.764706
0.696433
0.704465
0.73661
0.795071
0.799869
0.799976
0.793772
0.772003
0.751875
0.695037
0.690975
0.687946
0.685348
0.684094
0.6843
0.683254
0.679585
0.674395
0.669802
0.671985
0.688079
0.756649
0.794204
0.799293
0.799881
0.799976
0.799996
0.8
0.8
0.8
0.8
0.8
0.8
0.8
0.8
0.8
0.8
0.8
0.8
0.8
0.8
0.8
0.8
0.8
0.8
0.8
0.8
0.8
0.8
0.8
0.8
0.8
0.8
0.8
0.8
0.8
0.8
0.8
0.8
0.8
0.8
0.8
0.8
0.8
0.8
0.8
0.8
0.8
0.8
0.8
0.8
0.8
0.8
0.8
0.8
0.8
0.8
0.8
0.8
0.8
0.8
0.8
0.8
0.8
0.8
0.8
0.8
0.8
0.8
0.8
0.8
0.8
0.8
0.8
0.8
0.8
0.8
0.8
0.8
0.8
0.8
0.8
0.8
0.8
0.8
0.8
0.8
0.8
0.8
0.8
0.8
0.8
0.8
0.8
0.8
0.8
0.8
0.8
0.476032
0.482988
0.492779
0.504498
0.516425
0.526981
0.535729
0.543006
0.549298
0.555022
0.560424
0.565906
0.571597
0.578114
0.584842
0.592318
0.601889
0.616006
0.65044
0.694756
0.711806
0.740101
0.797171
0.799942
0.799997
0.8
0.8
0.8
0.8
0.8
0.79999
0.798936
0.783011
0.741433
0.796549
0.799976
0.8
0.8
0.799982
0.799063
0.790563
0.738641
0.783114
0.772045
0.727189
0.688309
0.686899
0.685428
0.682077
0.676854
0.671766
0.67526
0.691402
0.750245
0.786123
0.797845
0.799663
0.799937
0.79999
0.799999
0.8
0.8
0.8
0.8
0.8
0.8
0.8
0.8
0.8
0.8
0.8
0.8
0.8
0.8
0.8
0.8
0.8
0.8
0.8
0.8
0.8
0.8
0.8
0.8
0.8
0.8
0.8
0.8
0.8
0.8
0.8
0.8
0.8
0.8
0.8
0.8
0.8
0.8
0.8
0.8
0.8
0.8
0.8
0.8
0.8
0.8
0.8
0.8
0.8
0.8
0.8
0.8
0.8
0.8
0.8
0.8
0.8
0.8
0.8
0.8
0.8
0.8
0.8
0.8
0.8
0.8
0.8
0.8
0.8
0.8
0.8
0.8
0.8
0.8
0.8
0.8
0.8
0.8
0.8
0.8
0.8
0.8
0.8
0.8
0.8
0.8
0.8
0.8
0.8
0.8
0.478151
0.485864
0.496833
0.509916
0.523056
0.53449
0.54368
0.551321
0.55796
0.564046
0.569924
0.576002
0.5826
0.590359
0.60148
0.614836
0.63553
0.675898
0.732756
0.768219
0.798182
0.799974
0.799988
0.8
0.8
0.8
0.8
0.8
0.8
0.8
0.8
0.799997
0.79858
0.774398
0.798936
0.799996
0.8
0.8
0.8
0.799997
0.798351
0.786292
0.799754
0.799777
0.768106
0.711029
0.689149
0.68716
0.6841
0.679014
0.674113
0.682871
0.696298
0.743715
0.782149
0.796866
0.798643
0.79969
0.79995
0.799993
0.799999
0.8
0.8
0.8
0.8
0.8
0.8
0.8
0.8
0.8
0.8
0.8
0.8
0.8
0.8
0.8
0.8
0.8
0.8
0.8
0.8
0.8
0.8
0.8
0.8
0.8
0.8
0.8
0.8
0.8
0.8
0.8
0.8
0.8
0.8
0.8
0.8
0.8
0.8
0.8
0.8
0.8
0.8
0.8
0.8
0.8
0.8
0.8
0.8
0.8
0.8
0.8
0.8
0.8
0.8
0.8
0.8
0.8
0.8
0.8
0.8
0.8
0.8
0.8
0.8
0.8
0.8
0.8
0.8
0.8
0.8
0.8
0.8
0.8
0.8
0.8
0.8
0.8
0.8
0.8
0.8
0.8
0.8
0.8
0.8
0.8
0.8
0.8
0.8
0.8
0.480152
0.488655
0.500987
0.515981
0.531424
0.545134
0.555686
0.564543
0.572149
0.579031
0.58588
0.593415
0.6025
0.614457
0.632322
0.667287
0.716872
0.772511
0.794317
0.799913
0.799989
0.8
0.8
0.8
0.8
0.8
0.8
0.8
0.8
0.8
0.8
0.8
0.799926
0.793387
0.799831
0.8
0.8
0.8
0.8
0.8
0.799776
0.798627
0.799998
0.799999
0.79296
0.756539
0.692072
0.688924
0.685976
0.681082
0.675942
0.684168
0.740946
0.781066
0.796129
0.787814
0.792619
0.797812
0.799591
0.799934
0.799991
0.799999
0.8
0.8
0.8
0.8
0.8
0.8
0.8
0.8
0.8
0.8
0.8
0.8
0.8
0.8
0.8
0.8
0.8
0.8
0.8
0.8
0.8
0.8
0.8
0.8
0.8
0.8
0.8
0.8
0.8
0.8
0.8
0.8
0.8
0.8
0.8
0.8
0.8
0.8
0.8
0.8
0.8
0.8
0.8
0.8
0.8
0.8
0.8
0.8
0.8
0.8
0.8
0.8
0.8
0.8
0.8
0.8
0.8
0.8
0.8
0.8
0.8
0.8
0.8
0.8
0.8
0.8
0.8
0.8
0.8
0.8
0.8
0.8
0.8
0.8
0.8
0.8
0.8
0.8
0.8
0.8
0.8
0.8
0.8
0.8
0.8
0.8
0.8
0.8
0.481952
0.491058
0.504702
0.522696
0.545335
0.572237
0.594459
0.615982
0.635598
0.615572
0.620651
0.630361
0.644741
0.66614
0.698951
0.750644
0.795451
0.799922
0.799958
0.799999
0.8
0.8
0.8
0.8
0.8
0.8
0.8
0.8
0.8
0.8
0.8
0.8
0.8
0.798544
0.799981
0.8
0.8
0.8
0.8
0.8
0.799973
0.799914
0.8
0.8
0.799175
0.789657
0.695195
0.690854
0.68791
0.68327
0.67807
0.684909
0.762514
0.792822
0.794425
0.748591
0.767239
0.787444
0.796863
0.799379
0.799897
0.799985
0.799998
0.8
0.8
0.8
0.8
0.8
0.8
0.8
0.8
0.8
0.8
0.8
0.8
0.8
0.8
0.8
0.8
0.8
0.8
0.8
0.8
0.8
0.8
0.8
0.8
0.8
0.8
0.8
0.8
0.8
0.8
0.8
0.8
0.8
0.8
0.8
0.8
0.8
0.8
0.8
0.8
0.8
0.8
0.8
0.8
0.8
0.8
0.8
0.8
0.8
0.8
0.8
0.8
0.8
0.8
0.8
0.8
0.8
0.8
0.8
0.8
0.8
0.8
0.8
0.8
0.8
0.8
0.8
0.8
0.8
0.8
0.8
0.8
0.8
0.8
0.8
0.8
0.8
0.8
0.8
0.8
0.8
0.8
0.8
0.8
0.8
0.8
0.8
0.483482
0.492707
0.506694
0.525397
0.548648
0.574899
0.678073
0.776178
0.747401
0.733805
0.721864
0.702044
0.716802
0.745771
0.774478
0.793418
0.799924
0.799999
0.8
0.8
0.8
0.8
0.8
0.8
0.8
0.8
0.8
0.8
0.8
0.8
0.8
0.8
0.8
0.799726
0.799998
0.8
0.8
0.8
0.8
0.8
0.799997
0.799996
0.8
0.8
0.799951
0.798559
0.698057
0.693035
0.690055
0.685739
0.680674
0.685187
0.707423
0.707482
0.711496
0.716412
0.732124
0.76068
0.785125
0.796191
0.799252
0.799879
0.799984
0.799998
0.8
0.8
0.8
0.8
0.8
0.8
0.8
0.8
0.8
0.8
0.8
0.8
0.8
0.8
0.8
0.8
0.8
0.8
0.8
0.8
0.8
0.8
0.8
0.8
0.8
0.8
0.8
0.8
0.8
0.8
0.8
0.8
0.8
0.8
0.8
0.8
0.8
0.8
0.8
0.8
0.8
0.8
0.8
0.8
0.8
0.8
0.8
0.8
0.8
0.8
0.8
0.8
0.8
0.8
0.8
0.8
0.8
0.8
0.8
0.8
0.8
0.8
0.8
0.8
0.8
0.8
0.8
0.8
0.8
0.8
0.8
0.8
0.8
0.8
0.8
0.8
0.8
0.8
0.8
0.8
0.8
0.8
0.8
0.8
0.8
0.8
0.484896
0.493869
0.507415
0.525501
0.547954
0.573458
0.62999
0.799029
0.799062
0.799729
0.793582
0.778019
0.763527
0.797255
0.799655
0.799957
0.799999
0.8
0.8
0.8
0.8
0.8
0.8
0.8
0.8
0.8
0.8
0.8
0.8
0.8
0.8
0.8
0.8
0.799954
0.8
0.8
0.8
0.8
0.8
0.8
0.8
0.8
0.8
0.8
0.799998
0.799864
0.70137
0.695637
0.692571
0.688633
0.683933
0.685633
0.687863
0.689813
0.693151
0.698278
0.70831
0.728944
0.760836
0.786238
0.796713
0.799396
0.79991
0.799989
0.799999
0.8
0.8
0.8
0.8
0.8
0.8
0.8
0.8
0.8
0.8
0.8
0.8
0.8
0.8
0.8
0.8
0.8
0.8
0.8
0.8
0.8
0.8
0.8
0.8
0.8
0.8
0.8
0.8
0.8
0.8
0.8
0.8
0.8
0.8
0.8
0.8
0.8
0.8
0.8
0.8
0.8
0.8
0.8
0.8
0.8
0.8
0.8
0.8
0.8
0.8
0.8
0.8
0.8
0.8
0.8
0.8
0.8
0.8
0.8
0.8
0.8
0.8
0.8
0.8
0.8
0.8
0.8
0.8
0.8
0.8
0.8
0.8
0.8
0.8
0.8
0.8
0.8
0.8
0.8
0.8
0.8
0.8
0.8
0.8
0.8
0.486315
0.494853
0.507566
0.52434
0.54479
0.567461
0.576704
0.580202
0.799986
0.799995
0.799896
0.799599
0.799331
0.799962
0.799996
0.8
0.8
0.8
0.8
0.8
0.8
0.8
0.8
0.8
0.8
0.8
0.8
0.8
0.8
0.8
0.8
0.8
0.8
0.799993
0.8
0.8
0.8
0.8
0.8
0.8
0.8
0.8
0.8
0.8
0.8
0.79999
0.704399
0.698739
0.695641
0.692133
0.688103
0.688016
0.689647
0.692136
0.695864
0.702033
0.713688
0.735126
0.76421
0.786828
0.796556
0.799286
0.799877
0.799983
0.799998
0.8
0.8
0.8
0.8
0.8
0.8
0.8
0.8
0.8
0.8
0.8
0.8
0.8
0.8
0.8
0.8
0.8
0.8
0.8
0.8
0.8
0.8
0.8
0.8
0.8
0.8
0.8
0.8
0.8
0.8
0.8
0.8
0.8
0.8
0.8
0.8
0.8
0.8
0.8
0.8
0.8
0.8
0.8
0.8
0.8
0.8
0.8
0.8
0.8
0.8
0.8
0.8
0.8
0.8
0.8
0.8
0.8
0.8
0.8
0.8
0.8
0.8
0.8
0.8
0.8
0.8
0.8
0.8
0.8
0.8
0.8
0.8
0.8
0.8
0.8
0.8
0.8
0.8
0.8
0.8
0.8
0.8
0.8
0.8
0.8
0.487774
0.495763
0.507435
0.522603
0.54072
0.560091
0.569363
0.576233
0.595385
0.8
0.799999
0.799995
0.799992
0.8
0.8
0.8
0.8
0.8
0.8
0.8
0.8
0.8
0.8
0.8
0.8
0.8
0.8
0.8
0.8
0.8
0.8
0.8
0.8
0.799999
0.8
0.8
0.8
0.8
0.8
0.8
0.8
0.8
0.8
0.8
0.8
0.799999
0.707838
0.702604
0.699515
0.696422
0.693131
0.692307
0.693485
0.696022
0.70021
0.707605
0.721527
0.744817
0.771809
0.789964
0.797279
0.799383
0.79988
0.79998
0.799997
0.8
0.8
0.8
0.8
0.8
0.8
0.8
0.8
0.8
0.8
0.8
0.8
0.8
0.8
0.8
0.8
0.8
0.8
0.8
0.8
0.8
0.8
0.8
0.8
0.8
0.8
0.8
0.8
0.8
0.8
0.8
0.8
0.8
0.8
0.8
0.8
0.8
0.8
0.8
0.8
0.8
0.8
0.8
0.8
0.8
0.8
0.8
0.8
0.8
0.8
0.8
0.8
0.8
0.8
0.8
0.8
0.8
0.8
0.8
0.8
0.8
0.8
0.8
0.8
0.8
0.8
0.8
0.8
0.8
0.8
0.8
0.8
0.8
0.8
0.8
0.8
0.8
0.8
0.8
0.8
0.8
0.8
0.8
0.8
0.8
0.489302
0.496692
0.507259
0.520778
0.536659
0.553387
0.563757
0.571968
0.575135
0.577734
0.64977
0.8
0.8
0.8
0.8
0.8
0.8
0.8
0.8
0.8
0.8
0.8
0.8
0.8
0.8
0.8
0.8
0.8
0.8
0.8
0.8
0.8
0.8
0.8
0.8
0.8
0.8
0.8
0.8
0.8
0.8
0.8
0.8
0.8
0.8
0.8
0.712578
0.707906
0.704713
0.701931
0.699318
0.698401
0.699403
0.702209
0.707466
0.717208
0.734456
0.758822
0.781214
0.793594
0.798194
0.79955
0.799899
0.79998
0.799997
0.8
0.8
0.8
0.8
0.8
0.8
0.8
0.8
0.8
0.8
0.8
0.8
0.8
0.8
0.8
0.8
0.8
0.8
0.8
0.8
0.8
0.8
0.8
0.8
0.8
0.8
0.8
0.8
0.8
0.8
0.8
0.8
0.8
0.8
0.8
0.8
0.8
0.8
0.8
0.8
0.8
0.8
0.8
0.8
0.8
0.8
0.8
0.8
0.8
0.8
0.8
0.8
0.8
0.8
0.8
0.8
0.8
0.8
0.8
0.8
0.8
0.8
0.8
0.8
0.8
0.8
0.8
0.8
0.8
0.8
0.8
0.8
0.8
0.8
0.8
0.8
0.8
0.8
0.8
0.8
0.8
0.8
0.8
0.8
0.8
0.490925
0.497707
0.507193
0.519151
0.533027
0.547588
0.558226
0.566562
0.570938
0.574916
0.579158
0.5817
0.586247
0.663179
0.78054
0.799204
0.799993
0.8
0.8
0.8
0.8
0.8
0.8
0.8
0.8
0.8
0.8
0.8
0.8
0.8
0.8
0.8
0.8
0.8
0.8
0.8
0.8
0.8
0.8
0.8
0.8
0.8
0.8
0.8
0.8
0.8
0.721945
0.717025
0.712717
0.709894
0.707904
0.707397
0.708814
0.712651
0.72015
0.733439
0.753357
0.774834
0.789671
0.796514
0.798952
0.799708
0.799924
0.799982
0.799996
0.799999
0.8
0.8
0.8
0.8
0.8
0.8
0.8
0.8
0.8
0.8
0.8
0.8
0.8
0.8
0.8
0.8
0.8
0.8
0.8
0.8
0.8
0.8
0.8
0.8
0.8
0.8
0.8
0.8
0.8
0.8
0.8
0.8
0.8
0.8
0.8
0.8
0.8
0.8
0.8
0.8
0.8
0.8
0.8
0.8
0.8
0.8
0.8
0.8
0.8
0.8
0.8
0.8
0.8
0.8
0.8
0.8
0.8
0.8
0.8
0.8
0.8
0.8
0.8
0.8
0.8
0.8
0.8
0.8
0.8
0.8
0.8
0.8
0.8
0.8
0.8
0.8
0.8
0.8
0.8
0.8
0.8
0.8
0.8
0.8
0.49266
0.498855
0.507331
0.517874
0.529996
0.54273
0.553074
0.561356
0.566826
0.57132
0.574972
0.578529
0.583429
0.595172
0.799168
0.799972
0.8
0.8
0.8
0.8
0.8
0.8
0.8
0.8
0.8
0.8
0.8
0.8
0.8
0.8
0.8
0.8
0.8
0.8
0.8
0.8
0.8
0.8
0.8
0.8
0.8
0.8
0.8
0.8
0.8
0.8
0.781574
0.726673
0.723295
0.721932
0.721539
0.72236
0.724956
0.730666
0.741011
0.756521
0.77409
0.787799
0.795221
0.798324
0.799449
0.799826
0.799948
0.799985
0.799996
0.799999
0.8
0.8
0.8
0.8
0.8
0.8
0.8
0.8
0.8
0.8
0.8
0.8
0.8
0.8
0.8
0.8
0.8
0.8
0.8
0.8
0.8
0.8
0.8
0.8
0.8
0.8
0.8
0.8
0.8
0.8
0.8
0.8
0.8
0.8
0.8
0.8
0.8
0.8
0.8
0.8
0.8
0.8
0.8
0.8
0.8
0.8
0.8
0.8
0.8
0.8
0.8
0.8
0.8
0.8
0.8
0.8
0.8
0.8
0.8
0.8
0.8
0.8
0.8
0.8
0.8
0.8
0.8
0.8
0.8
0.8
0.8
0.8
0.8
0.8
0.8
0.8
0.8
0.8
0.8
0.8
0.8
0.8
0.8
0.8
0.494526
0.500166
0.507725
0.517009
0.527613
0.53879
0.548553
0.556684
0.562803
0.567783
0.57193
0.575959
0.580806
0.58995
0.79592
0.79999
0.8
0.8
0.8
0.8
0.8
0.8
0.8
0.8
0.8
0.8
0.8
0.8
0.8
0.8
0.8
0.8
0.8
0.8
0.8
0.8
0.8
0.8
0.8
0.8
0.8
0.8
0.8
0.8
0.8
0.8
0.798784
0.742629
0.741488
0.74286
0.745275
0.747647
0.750256
0.756426
0.766708
0.778814
0.788933
0.795087
0.798036
0.799259
0.799729
0.799903
0.799966
0.799989
0.799996
0.799999
0.8
0.8
0.8
0.8
0.8
0.8
0.8
0.8
0.8
0.8
0.8
0.8
0.8
0.8
0.8
0.8
0.8
0.8
0.8
0.8
0.8
0.8
0.8
0.8
0.8
0.8
0.8
0.8
0.8
0.8
0.8
0.8
0.8
0.8
0.8
0.8
0.8
0.8
0.8
0.8
0.8
0.8
0.8
0.8
0.8
0.8
0.8
0.8
0.8
0.8
0.8
0.8
0.8
0.8
0.8
0.8
0.8
0.8
0.8
0.8
0.8
0.8
0.8
0.8
0.8
0.8
0.8
0.8
0.8
0.8
0.8
0.8
0.8
0.8
0.8
0.8
0.8
0.8
0.8
0.8
0.8
0.8
0.8
0.8
0.496537
0.501662
0.508397
0.516575
0.525867
0.535705
0.544753
0.552615
0.559029
0.564394
0.56901
0.573375
0.578141
0.585605
0.587199
0.589825
0.649056
0.73738
0.789154
0.799025
0.789187
0.764593
0.790241
0.799852
0.8
0.8
0.8
0.8
0.8
0.8
0.8
0.798081
0.794917
0.799799
0.799949
0.8
0.8
0.8
0.8
0.8
0.8
0.8
0.8
0.8
0.8
0.8
0.799962
0.767479
0.768246
0.771972
0.776882
0.778474
0.776919
0.780071
0.786204
0.792072
0.796063
0.798229
0.799248
0.79969
0.799874
0.799949
0.79998
0.799992
0.799997
0.799999
0.8
0.8
0.8
0.8
0.8
0.8
0.8
0.8
0.8
0.8
0.8
0.8
0.8
0.8
0.8
0.8
0.8
0.8
0.8
0.8
0.8
0.8
0.8
0.8
0.8
0.8
0.8
0.8
0.8
0.8
0.8
0.8
0.8
0.8
0.8
0.8
0.8
0.8
0.8
0.8
0.8
0.8
0.8
0.8
0.8
0.8
0.8
0.8
0.8
0.8
0.8
0.8
0.8
0.8
0.8
0.8
0.8
0.8
0.8
0.8
0.8
0.8
0.8
0.8
0.8
0.8
0.8
0.8
0.8
0.8
0.8
0.8
0.8
0.8
0.8
0.8
0.8
0.8
0.8
0.8
0.8
0.8
0.8
0.8
0.498708
0.503357
0.509356
0.516565
0.524721
0.533394
0.541679
0.549155
0.5556
0.561169
0.56607
0.570617
0.575192
0.580855
0.584014
0.587409
0.589805
0.59285
0.595549
0.597763
0.599793
0.602083
0.613043
0.618167
0.75611
0.799819
0.8
0.8
0.8
0.8
0.799349
0.72406
0.659021
0.683341
0.728875
0.796412
0.799991
0.8
0.8
0.799957
0.771207
0.716134
0.726455
0.741993
0.760801
0.779115
0.791744
0.789638
0.789515
0.792474
0.798801
0.798473
0.789549
0.792442
0.795352
0.797463
0.798731
0.7994
0.799725
0.799875
0.799944
0.799974
0.799988
0.799995
0.799998
0.799999
0.8
0.8
0.8
0.8
0.8
0.8
0.8
0.8
0.8
0.8
0.8
0.8
0.8
0.8
0.8
0.8
0.8
0.8
0.8
0.8
0.8
0.8
0.8
0.8
0.8
0.8
0.8
0.8
0.8
0.8
0.8
0.8
0.8
0.8
0.8
0.8
0.8
0.8
0.8
0.8
0.8
0.8
0.8
0.8
0.8
0.8
0.8
0.8
0.8
0.8
0.8
0.8
0.8
0.8
0.8
0.8
0.8
0.8
0.8
0.8
0.8
0.8
0.8
0.8
0.8
0.8
0.8
0.8
0.8
0.8
0.8
0.8
0.8
0.8
0.8
0.8
0.8
0.8
0.8
0.8
0.8
0.8
0.8
0.8
0.501052
0.505264
0.510607
0.516965
0.524133
0.531784
0.539298
0.546298
0.552578
0.558164
0.563172
0.567777
0.572184
0.576833
0.580486
0.583852
0.586205
0.58846
0.590735
0.593086
0.59559
0.598399
0.603674
0.610914
0.615716
0.646338
0.75686
0.79774
0.79179
0.721367
0.633969
0.634268
0.63619
0.645626
0.679328
0.685798
0.744173
0.791175
0.77833
0.682811
0.68256
0.683529
0.687683
0.695608
0.709592
0.731956
0.760493
0.78325
0.792953
0.796723
0.79972
0.799944
0.79718
0.797963
0.798736
0.799287
0.799622
0.799807
0.799903
0.799952
0.799976
0.799988
0.799994
0.799997
0.799998
0.799999
0.8
0.8
0.8
0.8
0.8
0.8
0.8
0.8
0.8
0.8
0.8
0.8
0.8
0.8
0.8
0.8
0.8
0.8
0.8
0.8
0.8
0.8
0.8
0.8
0.8
0.8
0.8
0.8
0.8
0.8
0.8
0.8
0.8
0.8
0.8
0.8
0.8
0.8
0.8
0.8
0.8
0.8
0.8
0.8
0.8
0.8
0.8
0.8
0.8
0.8
0.8
0.8
0.8
0.8
0.8
0.8
0.8
0.8
0.8
0.8
0.8
0.8
0.8
0.8
0.8
0.8
0.8
0.8
0.8
0.8
0.8
0.8
0.8
0.8
0.8
0.8
0.8
0.8
0.8
0.8
0.8
0.8
0.8
0.8
0.503584
0.507393
0.512151
0.517761
0.524063
0.530811
0.537573
0.544037
0.550015
0.555467
0.560433
0.565002
0.569274
0.573431
0.577096
0.580384
0.58307
0.585509
0.587886
0.590303
0.592846
0.595623
0.599284
0.604581
0.610189
0.61345
0.616661
0.618668
0.620299
0.621567
0.62219
0.623702
0.626046
0.630921
0.64653
0.662828
0.666938
0.669518
0.670467
0.668803
0.668359
0.669375
0.67242
0.677273
0.685818
0.700719
0.724186
0.753035
0.77678
0.79042
0.794194
0.796825
0.798438
0.799204
0.799575
0.799771
0.799878
0.799935
0.799966
0.799982
0.79999
0.799995
0.799997
0.799998
0.799999
0.8
0.8
0.8
0.8
0.8
0.8
0.8
0.8
0.8
0.8
0.8
0.8
0.8
0.8
0.8
0.8
0.8
0.8
0.8
0.8
0.8
0.8
0.8
0.8
0.8
0.8
0.8
0.8
0.8
0.8
0.8
0.8
0.8
0.8
0.8
0.8
0.8
0.8
0.8
0.8
0.8
0.8
0.8
0.8
0.8
0.8
0.8
0.8
0.8
0.8
0.8
0.8
0.8
0.8
0.8
0.8
0.8
0.8
0.8
0.8
0.8
0.8
0.8
0.8
0.8
0.8
0.8
0.8
0.8
0.8
0.8
0.8
0.8
0.8
0.8
0.8
0.8
0.8
0.8
0.8
0.8
0.8
0.8
0.8
0.8
0.50632
0.509759
0.513992
0.518941
0.524481
0.530425
0.536472
0.542373
0.547959
0.553163
0.557977
0.562433
0.566577
0.570483
0.574054
0.577297
0.580167
0.582805
0.585337
0.587854
0.590427
0.593124
0.596137
0.599811
0.603843
0.60652
0.608726
0.610645
0.612361
0.614015
0.615596
0.617497
0.619722
0.622912
0.629111
0.637661
0.641842
0.644228
0.645915
0.647069
0.64859
0.650767
0.653855
0.658074
0.664714
0.67528
0.691915
0.715128
0.74096
0.763313
0.776524
0.786524
0.793447
0.797233
0.798905
0.799574
0.799833
0.799933
0.799972
0.799988
0.799994
0.799997
0.799998
0.799999
0.8
0.8
0.8
0.8
0.8
0.8
0.8
0.8
0.8
0.8
0.8
0.8
0.8
0.8
0.8
0.8
0.8
0.8
0.8
0.8
0.8
0.8
0.8
0.8
0.8
0.8
0.8
0.8
0.8
0.8
0.8
0.8
0.8
0.8
0.8
0.8
0.8
0.8
0.8
0.8
0.8
0.8
0.8
0.8
0.8
0.8
0.8
0.8
0.8
0.8
0.8
0.8
0.8
0.8
0.8
0.8
0.8
0.8
0.8
0.8
0.8
0.8
0.8
0.8
0.8
0.8
0.8
0.8
0.8
0.8
0.8
0.8
0.8
0.8
0.8
0.8
0.8
0.8
0.8
0.8
0.8
0.8
0.8
0.8
0.8
0.8
0.50928
0.512376
0.516138
0.520501
0.525367
0.530596
0.535973
0.541305
0.546451
0.55133
0.555911
0.560193
0.56419
0.567932
0.571403
0.574608
0.577554
0.580307
0.582947
0.585537
0.588128
0.590759
0.593479
0.596367
0.599322
0.601828
0.604019
0.606012
0.607862
0.60969
0.61156
0.613571
0.615729
0.618255
0.621419
0.625224
0.62827
0.63057
0.632595
0.634579
0.636752
0.639253
0.642034
0.645834
0.65104
0.658499
0.669603
0.685468
0.705288
0.726273
0.745283
0.763791
0.779879
0.790615
0.796126
0.798506
0.799443
0.799795
0.799925
0.799972
0.79999
0.799996
0.799998
0.799999
0.8
0.8
0.8
0.8
0.8
0.8
0.8
0.8
0.8
0.8
0.8
0.8
0.8
0.8
0.8
0.8
0.8
0.8
0.8
0.8
0.8
0.8
0.8
0.8
0.8
0.8
0.8
0.8
0.8
0.8
0.8
0.8
0.8
0.8
0.8
0.8
0.8
0.8
0.8
0.8
0.8
0.8
0.8
0.8
0.8
0.8
0.8
0.8
0.8
0.8
0.8
0.8
0.8
0.8
0.8
0.8
0.8
0.8
0.8
0.8
0.8
0.8
0.8
0.8
0.8
0.8
0.8
0.8
0.8
0.8
0.8
0.8
0.8
0.8
0.8
0.8
0.8
0.8
0.8
0.8
0.8
0.8
0.8
0.8
0.8
0.8
0.512487
0.515266
0.518602
0.522444
0.526712
0.531301
0.536059
0.540838
0.545521
0.550031
0.554324
0.558382
0.562203
0.565796
0.569163
0.572315
0.57527
0.578068
0.580756
0.583377
0.585964
0.588537
0.591107
0.593675
0.596192
0.598531
0.600698
0.60274
0.604694
0.606599
0.608531
0.610531
0.61267
0.614958
0.617391
0.619916
0.622311
0.624516
0.626589
0.628744
0.631028
0.633475
0.636312
0.639682
0.643835
0.64925
0.656731
0.66719
0.680932
0.697313
0.715569
0.736518
0.759028
0.778283
0.790366
0.796191
0.798578
0.799482
0.799813
0.799932
0.799975
0.799991
0.799997
0.799999
0.799999
0.8
0.8
0.8
0.8
0.8
0.8
0.8
0.8
0.8
0.8
0.8
0.8
0.8
0.8
0.8
0.8
0.8
0.8
0.8
0.8
0.8
0.8
0.8
0.8
0.8
0.8
0.8
0.8
0.8
0.8
0.8
0.8
0.8
0.8
0.8
0.8
0.8
0.8
0.8
0.8
0.8
0.8
0.8
0.8
0.8
0.8
0.8
0.8
0.8
0.8
0.8
0.8
0.8
0.8
0.8
0.8
0.8
0.8
0.8
0.8
0.8
0.8
0.8
0.8
0.8
0.8
0.8
0.8
0.8
0.8
0.8
0.8
0.8
0.8
0.8
0.8
0.8
0.8
0.8
0.8
0.8
0.8
0.8
0.8
0.8
0.515968
0.518454
0.521406
0.524781
0.528517
0.532536
0.536727
0.54098
0.5452
0.549318
0.553289
0.557087
0.560701
0.564129
0.567374
0.570447
0.573365
0.576152
0.578838
0.581451
0.58401
0.586527
0.589005
0.591434
0.59379
0.596042
0.598191
0.600261
0.602277
0.604268
0.606269
0.608316
0.610428
0.612606
0.614831
0.617071
0.619282
0.621456
0.623617
0.62582
0.628135
0.630635
0.633393
0.636507
0.64013
0.644526
0.65014
0.657584
0.667421
0.679979
0.695644
0.715415
0.739459
0.764148
0.782852
0.793032
0.7974
0.799061
0.799663
0.799879
0.799956
0.799984
0.799994
0.799998
0.799999
0.8
0.8
0.8
0.8
0.8
0.8
0.8
0.8
0.8
0.8
0.8
0.8
0.8
0.8
0.8
0.8
0.8
0.8
0.8
0.8
0.8
0.8
0.8
0.8
0.8
0.8
0.8
0.8
0.8
0.8
0.8
0.8
0.8
0.8
0.8
0.8
0.8
0.8
0.8
0.8
0.8
0.8
0.8
0.8
0.8
0.8
0.8
0.8
0.8
0.8
0.8
0.8
0.8
0.8
0.8
0.8
0.8
0.8
0.8
0.8
0.8
0.8
0.8
0.8
0.8
0.8
0.8
0.8
0.8
0.8
0.8
0.8
0.8
0.8
0.8
0.8
0.8
0.8
0.8
0.8
0.8
0.8
0.8
0.8
0.8
0.51976
0.521974
0.524577
0.527534
0.530798
0.534308
0.537984
0.541744
0.545515
0.549237
0.552869
0.556383
0.559763
0.563002
0.566101
0.569065
0.571906
0.574639
0.577283
0.579854
0.582366
0.584825
0.587233
0.589583
0.591866
0.594077
0.596219
0.598307
0.600361
0.602399
0.604443
0.606511
0.608614
0.61075
0.612913
0.615087
0.617263
0.619448
0.621662
0.62394
0.626328
0.628875
0.631642
0.634703
0.638166
0.6422
0.64708
0.653217
0.661148
0.671515
0.685185
0.703443
0.727206
0.754163
0.777045
0.790537
0.796491
0.798746
0.799553
0.799839
0.799942
0.799978
0.799992
0.799997
0.799999
0.8
0.8
0.8
0.8
0.8
0.8
0.8
0.8
0.8
0.8
0.8
0.8
0.8
0.8
0.8
0.8
0.8
0.8
0.8
0.8
0.8
0.8
0.8
0.8
0.8
0.8
0.8
0.8
0.8
0.8
0.8
0.8
0.8
0.8
0.8
0.8
0.8
0.8
0.8
0.8
0.8
0.8
0.8
0.8
0.8
0.8
0.8
0.8
0.8
0.8
0.8
0.8
0.8
0.8
0.8
0.8
0.8
0.8
0.8
0.8
0.8
0.8
0.8
0.8
0.8
0.8
0.8
0.8
0.8
0.8
0.8
0.8
0.8
0.8
0.8
0.8
0.8
0.8
0.8
0.8
0.8
0.8
0.8
0.8
0.8
0.52391
0.525872
0.528158
0.530741
0.533583
0.536639
0.53985
0.543157
0.546502
0.549838
0.553127
0.556345
0.559472
0.562501
0.565428
0.568255
0.570986
0.573631
0.576201
0.578706
0.581153
0.583547
0.58589
0.588179
0.590415
0.592598
0.594733
0.596832
0.598908
0.600973
0.603043
0.605127
0.607231
0.609359
0.611508
0.613677
0.615867
0.61809
0.620366
0.622725
0.625205
0.62785
0.630713
0.633863
0.637393
0.641438
0.64621
0.652034
0.6594
0.669031
0.68201
0.699871
0.723864
0.751898
0.776094
0.790302
0.796459
0.798747
0.799555
0.79984
0.799941
0.799978
0.799992
0.799997
0.799999
0.799999
0.8
0.8
0.8
0.8
0.8
0.8
0.8
0.8
0.8
0.8
0.8
0.8
0.8
0.8
0.8
0.8
0.8
0.8
0.8
0.8
0.8
0.8
0.8
0.8
0.8
0.8
0.8
0.8
0.8
0.8
0.8
0.8
0.8
0.8
0.8
0.8
0.8
0.8
0.8
0.8
0.8
0.8
0.8
0.8
0.8
0.8
0.8
0.8
0.8
0.8
0.8
0.8
0.8
0.8
0.8
0.8
0.8
0.8
0.8
0.8
0.8
0.8
0.8
0.8
0.8
0.8
0.8
0.8
0.8
0.8
0.8
0.8
0.8
0.8
0.8
0.8
0.8
0.8
0.8
0.8
0.8
0.8
0.8
0.8
0.52848
0.530208
0.532206
0.534453
0.536919
0.539571
0.542366
0.54526
0.548209
0.551177
0.554131
0.557051
0.559918
0.562723
0.565459
0.568124
0.570721
0.573253
0.575726
0.578145
0.580514
0.582836
0.585114
0.587349
0.589545
0.591702
0.593829
0.595932
0.598022
0.600109
0.602202
0.604307
0.606432
0.608579
0.610754
0.61296
0.615206
0.617509
0.619891
0.622381
0.625015
0.627836
0.630898
0.634272
0.638052
0.642377
0.64745
0.653593
0.661316
0.671436
0.685237
0.704464
0.73012
0.758565
0.780791
0.792564
0.797339
0.799062
0.799665
0.799878
0.799955
0.799983
0.799993
0.799997
0.799999
0.8
0.8
0.8
0.8
0.8
0.8
0.8
0.8
0.8
0.8
0.8
0.8
0.8
0.8
0.8
0.8
0.8
0.8
0.8
0.8
0.8
0.8
0.8
0.8
0.8
0.8
0.8
0.8
0.8
0.8
0.8
0.8
0.8
0.8
0.8
0.8
0.8
0.8
0.8
0.8
0.8
0.8
0.8
0.8
0.8
0.8
0.8
0.8
0.8
0.8
0.8
0.8
0.8
0.8
0.8
0.8
0.8
0.8
0.8
0.8
0.8
0.8
0.8
0.8
0.8
0.8
0.8
0.8
0.8
0.8
0.8
0.8
0.8
0.8
0.8
0.8
0.8
0.8
0.8
0.8
0.8
0.8
0.8
0.8
0.8
0.533555
0.535065
0.536802
0.538748
0.540881
0.543175
0.5456
0.548122
0.55071
0.553335
0.555972
0.558602
0.56121
0.563785
0.566321
0.568813
0.571261
0.573665
0.576027
0.578348
0.580633
0.582881
0.585097
0.587284
0.589444
0.591582
0.593704
0.595817
0.597929
0.600048
0.602181
0.604335
0.606514
0.608727
0.61098
0.613285
0.615656
0.618114
0.620682
0.623393
0.626285
0.629407
0.632819
0.636603
0.640872
0.645791
0.651611
0.658729
0.667784
0.679818
0.696393
0.719124
0.746969
0.772658
0.78866
0.795825
0.798517
0.799471
0.799808
0.799929
0.799973
0.79999
0.799996
0.799998
0.799999
0.8
0.8
0.8
0.8
0.8
0.8
0.8
0.8
0.8
0.8
0.8
0.8
0.8
0.8
0.8
0.8
0.8
0.8
0.8
0.8
0.8
0.8
0.8
0.8
0.8
0.8
0.8
0.8
0.8
0.8
0.8
0.8
0.8
0.8
0.8
0.8
0.8
0.8
0.8
0.8
0.8
0.8
0.8
0.8
0.8
0.8
0.8
0.8
0.8
0.8
0.8
0.8
0.8
0.8
0.8
0.8
0.8
0.8
0.8
0.8
0.8
0.8
0.8
0.8
0.8
0.8
0.8
0.8
0.8
0.8
0.8
0.8
0.8
0.8
0.8
0.8
0.8
0.8
0.8
0.8
0.8
0.8
0.8
0.8
0.8
0.539258
0.540567
0.542067
0.543745
0.545584
0.547564
0.549662
0.551856
0.55412
0.556434
0.558778
0.561138
0.563499
0.565853
0.568192
0.570512
0.572809
0.575083
0.577333
0.57956
0.581764
0.583949
0.586116
0.58827
0.590414
0.592554
0.594695
0.596845
0.59901
0.601199
0.603418
0.605673
0.607973
0.610327
0.612747
0.615249
0.617852
0.620579
0.623463
0.62654
0.62986
0.633482
0.63749
0.641996
0.647165
0.65324
0.660597
0.66983
0.681876
0.698097
0.719841
0.746238
0.771166
0.787528
0.795261
0.798281
0.799379
0.799772
0.799915
0.799968
0.799987
0.799995
0.799998
0.799999
0.8
0.8
0.8
0.8
0.8
0.8
0.8
0.8
0.8
0.8
0.8
0.8
0.8
0.8
0.8
0.8
0.8
0.8
0.8
0.8
0.8
0.8
0.8
0.8
0.8
0.8
0.8
0.8
0.8
0.8
0.8
0.8
0.8
0.8
0.8
0.8
0.8
0.8
0.8
0.8
0.8
0.8
0.8
0.8
0.8
0.8
0.8
0.8
0.8
0.8
0.8
0.8
0.8
0.8
0.8
0.8
0.8
0.8
0.8
0.8
0.8
0.8
0.8
0.8
0.8
0.8
0.8
0.8
0.8
0.8
0.8
0.8
0.8
0.8
0.8
0.8
0.8
0.8
0.8
0.8
0.8
0.8
0.8
0.8
0.8
0.8
0.545782
0.546907
0.548196
0.549637
0.551219
0.552927
0.554743
0.556652
0.558635
0.560677
0.562764
0.564883
0.567024
0.569179
0.571342
0.573507
0.575671
0.577833
0.579991
0.582145
0.584297
0.586448
0.588602
0.590763
0.592935
0.595125
0.59734
0.599587
0.601874
0.604208
0.606597
0.60905
0.611578
0.614192
0.616911
0.619753
0.622748
0.625927
0.629335
0.633029
0.63708
0.64159
0.646696
0.652599
0.659587
0.668095
0.678762
0.692497
0.710333
0.732579
0.756831
0.777396
0.790123
0.796134
0.798552
0.799462
0.799798
0.799923
0.79997
0.799988
0.799995
0.799998
0.799999
0.8
0.8
0.8
0.8
0.8
0.8
0.8
0.8
0.8
0.8
0.8
0.8
0.8
0.8
0.8
0.8
0.8
0.8
0.8
0.8
0.8
0.8
0.8
0.8
0.8
0.8
0.8
0.8
0.8
0.8
0.8
0.8
0.8
0.8
0.8
0.8
0.8
0.8
0.8
0.8
0.8
0.8
0.8
0.8
0.8
0.8
0.8
0.8
0.8
0.8
0.8
0.8
0.8
0.8
0.8
0.8
0.8
0.8
0.8
0.8
0.8
0.8
0.8
0.8
0.8
0.8
0.8
0.8
0.8
0.8
0.8
0.8
0.8
0.8
0.8
0.8
0.8
0.8
0.8
0.8
0.8
0.8
0.8
0.8
0.8
0.8
0.8
0.553451
0.554411
0.555514
0.556753
0.558117
0.559597
0.561179
0.562853
0.564605
0.566425
0.568303
0.570228
0.572194
0.574194
0.576223
0.578276
0.580352
0.582448
0.584564
0.586701
0.588859
0.591041
0.593251
0.595495
0.597778
0.600109
0.602494
0.604943
0.607463
0.610065
0.612759
0.615558
0.618478
0.621537
0.624764
0.628192
0.631867
0.635848
0.640217
0.645083
0.650595
0.656961
0.664466
0.673505
0.6846
0.698367
0.715291
0.735113
0.755948
0.774296
0.787179
0.794369
0.797715
0.799107
0.799655
0.799866
0.799948
0.799979
0.799992
0.799997
0.799999
0.799999
0.8
0.8
0.8
0.8
0.8
0.8
0.8
0.8
0.8
0.8
0.8
0.8
0.8
0.8
0.8
0.8
0.8
0.8
0.8
0.8
0.8
0.8
0.8
0.8
0.8
0.8
0.8
0.8
0.8
0.8
0.8
0.8
0.8
0.8
0.8
0.8
0.8
0.8
0.8
0.8
0.8
0.8
0.8
0.8
0.8
0.8
0.8
0.8
0.8
0.8
0.8
0.8
0.8
0.8
0.8
0.8
0.8
0.8
0.8
0.8
0.8
0.8
0.8
0.8
0.8
0.8
0.8
0.8
0.8
0.8
0.8
0.8
0.8
0.8
0.8
0.8
0.8
0.8
0.8
0.8
0.8
0.8
0.8
0.8
0.8
0.8
0.8
0.8
0.562838
0.563658
0.564608
0.565683
0.566876
0.56818
0.569587
0.571088
0.572675
0.57434
0.576076
0.577878
0.579741
0.58166
0.583631
0.585652
0.587721
0.589839
0.592005
0.59422
0.596487
0.59881
0.601195
0.603647
0.606175
0.608788
0.611497
0.614313
0.617251
0.620327
0.623558
0.626971
0.630596
0.634476
0.638668
0.64325
0.648329
0.65405
0.660603
0.668241
0.677284
0.688101
0.701029
0.71618
0.733133
0.750672
0.766929
0.780102
0.789286
0.794783
0.797655
0.799002
0.79959
0.799834
0.799933
0.799973
0.799989
0.799996
0.799998
0.799999
0.8
0.8
0.8
0.8
0.8
0.8
0.8
0.8
0.8
0.8
0.8
0.8
0.8
0.8
0.8
0.8
0.8
0.8
0.8
0.8
0.8
0.8
0.8
0.8
0.8
0.8
0.8
0.8
0.8
0.8
0.8
0.8
0.8
0.8
0.8
0.8
0.8
0.8
0.8
0.8
0.8
0.8
0.8
0.8
0.8
0.8
0.8
0.8
0.8
0.8
0.8
0.8
0.8
0.8
0.8
0.8
0.8
0.8
0.8
0.8
0.8
0.8
0.8
0.8
0.8
0.8
0.8
0.8
0.8
0.8
0.8
0.8
0.8
0.8
0.8
0.8
0.8
0.8
0.8
0.8
0.8
0.8
0.8
0.8
0.8
0.8
0.8
0.8
0.8
0.8
0.575006
0.575722
0.576563
0.577529
0.578614
0.579813
0.581121
0.582533
0.584044
0.58565
0.587347
0.589132
0.591002
0.592956
0.59499
0.597106
0.599303
0.601583
0.603947
0.606399
0.608942
0.611585
0.614336
0.617207
0.620211
0.623364
0.626688
0.630207
0.633952
0.637963
0.642292
0.647006
0.652195
0.657979
0.664518
0.672014
0.680711
0.690857
0.702632
0.716004
0.730578
0.745519
0.759713
0.7721
0.781987
0.789179
0.793941
0.796825
0.798434
0.799268
0.799672
0.799858
0.79994
0.799975
0.799989
0.799996
0.799998
0.799999
0.8
0.8
0.8
0.8
0.8
0.8
0.8
0.8
0.8
0.8
0.8
0.8
0.8
0.8
0.8
0.8
0.8
0.8
0.8
0.8
0.8
0.8
0.8
0.8
0.8
0.8
0.8
0.8
0.8
0.8
0.8
0.8
0.8
0.8
0.8
0.8
0.8
0.8
0.8
0.8
0.8
0.8
0.8
0.8
0.8
0.8
0.8
0.8
0.8
0.8
0.8
0.8
0.8
0.8
0.8
0.8
0.8
0.8
0.8
0.8
0.8
0.8
0.8
0.8
0.8
0.8
0.8
0.8
0.8
0.8
0.8
0.8
0.8
0.8
0.8
0.8
0.8
0.8
0.8
0.8
0.8
0.8
0.8
0.8
0.8
0.8
0.8
0.8
0.8
0.8
0.8
0.8
0.592011
0.59268
0.593483
0.59442
0.595487
0.596683
0.598005
0.599451
0.60102
0.602709
0.604519
0.60645
0.6085
0.610672
0.612966
0.615386
0.617935
0.62062
0.623446
0.626424
0.629568
0.632895
0.636427
0.640192
0.644226
0.648576
0.653298
0.658466
0.664174
0.670539
0.677703
0.685824
0.695045
0.705451
0.716986
0.729372
0.742082
0.754412
0.765662
0.775301
0.783052
0.788898
0.793042
0.795821
0.797592
0.798669
0.799295
0.799642
0.799826
0.799918
0.799963
0.799983
0.799993
0.799997
0.799999
0.799999
0.8
0.8
0.8
0.8
0.8
0.8
0.8
0.8
0.8
0.8
0.8
0.8
0.8
0.8
0.8
0.8
0.8
0.8
0.8
0.8
0.8
0.8
0.8
0.8
0.8
0.8
0.8
0.8
0.8
0.8
0.8
0.8
0.8
0.8
0.8
0.8
0.8
0.8
0.8
0.8
0.8
0.8
0.8
0.8
0.8
0.8
0.8
0.8
0.8
0.8
0.8
0.8
0.8
0.8
0.8
0.8
0.8
0.8
0.8
0.8
0.8
0.8
0.8
0.8
0.8
0.8
0.8
0.8
0.8
0.8
0.8
0.8
0.8
0.8
0.8
0.8
0.8
0.8
0.8
0.8
0.8
0.8
0.8
0.8
0.8
0.8
0.8
0.8
0.8
0.8
0.8
0.8
0.8
0.8
0.618046
0.618768
0.619646
0.620682
0.621877
0.623232
0.624748
0.626427
0.628272
0.630286
0.632473
0.634838
0.637387
0.640129
0.643074
0.646234
0.649626
0.653268
0.657187
0.661414
0.665988
0.67096
0.676387
0.682339
0.68889
0.696112
0.704063
0.712758
0.722143
0.732064
0.742247
0.75232
0.761871
0.770523
0.777997
0.784143
0.788952
0.792541
0.795108
0.796877
0.798058
0.798824
0.799306
0.799602
0.799778
0.79988
0.799938
0.799968
0.799985
0.799993
0.799997
0.799998
0.799999
0.8
0.8
0.8
0.8
0.8
0.8
0.8
0.8
0.8
0.8
0.8
0.8
0.8
0.8
0.8
0.8
0.8
0.8
0.8
0.8
0.8
0.8
0.8
0.8
0.8
0.8
0.8
0.8
0.8
0.8
0.8
0.8
0.8
0.8
0.8
0.8
0.8
0.8
0.8
0.8
0.8
0.8
0.8
0.8
0.8
0.8
0.8
0.8
0.8
0.8
0.8
0.8
0.8
0.8
0.8
0.8
0.8
0.8
0.8
0.8
0.8
0.8
0.8
0.8
0.8
0.8
0.8
0.8
0.8
0.8
0.8
0.8
0.8
0.8
0.8
0.8
0.8
0.8
0.8
0.8
0.8
0.8
0.8
0.8
0.8
0.8
0.8
0.8
0.8
0.8
0.8
0.8
0.8
0.8
0.8
0.8
0.8
0.661688
0.662631
0.663773
0.665123
0.666688
0.668477
0.670498
0.672758
0.675268
0.678037
0.681077
0.684403
0.688028
0.691969
0.696243
0.700867
0.705856
0.711219
0.71696
0.72307
0.729521
0.736263
0.743215
0.750265
0.757273
0.764075
0.770499
0.776384
0.781595
0.786044
0.789701
0.792595
0.794805
0.796438
0.79761
0.798428
0.798986
0.799358
0.799601
0.799756
0.799854
0.799914
0.799951
0.799972
0.799985
0.799992
0.799996
0.799998
0.799999
0.8
0.8
0.8
0.8
0.8
0.8
0.8
0.8
0.8
0.8
0.8
0.8
0.8
0.8
0.8
0.8
0.8
0.8
0.8
0.8
0.8
0.8
0.8
0.8
0.8
0.8
0.8
0.8
0.8
0.8
0.8
0.8
0.8
0.8
0.8
0.8
0.8
0.8
0.8
0.8
0.8
0.8
0.8
0.8
0.8
0.8
0.8
0.8
0.8
0.8
0.8
0.8
0.8
0.8
0.8
0.8
0.8
0.8
0.8
0.8
0.8
0.8
0.8
0.8
0.8
0.8
0.8
0.8
0.8
0.8
0.8
0.8
0.8
0.8
0.8
0.8
0.8
0.8
0.8
0.8
0.8
0.8
0.8
0.8
0.8
0.8
0.8
0.8
0.8
0.8
0.8
0.8
0.8
0.8
0.8
0.8
0.8
0.8
0.8
0.8
0.8
0.731115
0.732205
0.733507
0.735034
0.73679
0.738776
0.740991
0.74343
0.746084
0.748942
0.751987
0.755198
0.75855
0.76201
0.76554
0.769096
0.772627
0.776083
0.779408
0.782551
0.785464
0.788107
0.790452
0.792484
0.794202
0.795618
0.796755
0.797646
0.798326
0.798833
0.799202
0.799464
0.799646
0.79977
0.799853
0.799907
0.799942
0.799965
0.799979
0.799987
0.799993
0.799996
0.799998
0.799999
0.799999
0.8
0.8
0.8
0.8
0.8
0.8
0.8
0.8
0.8
0.8
0.8
0.8
0.8
0.8
0.8
0.8
0.8
0.8
0.8
0.8
0.8
0.8
0.8
0.8
0.8
0.8
0.8
0.8
0.8
0.8
0.8
0.8
0.8
0.8
0.8
0.8
0.8
0.8
0.8
0.8
0.8
0.8
0.8
0.8
0.8
0.8
0.8
0.8
0.8
0.8
0.8
0.8
0.8
0.8
0.8
0.8
0.8
0.8
0.8
0.8
0.8
0.8
0.8
0.8
0.8
0.8
0.8
0.8
0.8
0.8
0.8
0.8
0.8
0.8
0.8
0.8
0.8
0.8
0.8
0.8
0.8
0.8
0.8
0.8
0.8
0.8
0.8
0.8
0.8
0.8
0.8
0.8
0.8
0.8
0.8
0.8
0.8
0.8
0.8
0.8
0.8
0.8
0.8
0.8
0.8
0.78836
0.788717
0.789141
0.789626
0.790169
0.790762
0.791397
0.792062
0.792749
0.793444
0.794138
0.794818
0.795474
0.796097
0.796679
0.797212
0.797693
0.798119
0.79849
0.798807
0.799072
0.799291
0.799467
0.799606
0.799714
0.799796
0.799857
0.799902
0.799934
0.799956
0.799971
0.799981
0.799988
0.799993
0.799995
0.799997
0.799998
0.799999
0.799999
0.8
0.8
0.8
0.8
0.8
0.8
0.8
0.8
0.8
0.8
0.8
0.8
0.8
0.8
0.8
0.8
0.8
0.8
0.8
0.8
0.8
0.8
0.8
0.8
0.8
0.8
0.8
0.8
0.8
0.8
0.8
0.8
0.8
0.8
0.8
0.8
0.8
0.8
0.8
0.8
0.8
0.8
0.8
0.8
0.8
0.8
0.8
0.8
0.8
0.8
0.8
0.8
0.8
0.8
0.8
0.8
0.8
0.8
0.8
0.8
0.8
0.8
0.8
0.8
0.8
0.8
0.8
0.8
0.8
0.8
0.8
0.8
0.8
0.8
0.8
0.8
0.8
0.8
0.8
0.8
0.8
0.8
0.8
0.8
0.8
0.8
0.8
0.8
0.8
0.8
0.8
0.8
0.8
0.8
0.8
0.8
0.8
0.8
0.8
0.8
0.8
0.8
0.8
0.8
0.8
0.8
0.8
0.8
0.8
0.8
0.8
)
;

boundaryField
{
    left
    {
        type            fixedValue;
        value           uniform 0;
    }
    right
    {
        type            fixedValue;
        value           uniform 0;
    }
    up
    {
        type            fixedValue;
        value           uniform 0;
    }
    down
    {
        type            fixedValue;
        value           uniform 0;
    }
    front
    {
        type            fixedValue;
        value           uniform 0;
    }
    back
    {
        type            fixedValue;
        value           uniform 0;
    }
}


// ************************************************************************* //
