/*--------------------------------*- C++ -*----------------------------------*\
| =========                 |                                                 |
| \\      /  F ield         | OpenFOAM: The Open Source CFD Toolbox           |
|  \\    /   O peration     | Version:  2.1.0                                 |
|   \\  /    A nd           | Web:      www.OpenFOAM.org                      |
|    \\/     M anipulation  |                                                 |
\*---------------------------------------------------------------------------*/
FoamFile
{
    version     2.0;
    format      ascii;
    class       volScalarField;
    location    "16060";
    object      kr_w;
}
// * * * * * * * * * * * * * * * * * * * * * * * * * * * * * * * * * * * * * //

dimensions      [0 0 0 0 0 0 0];

internalField   nonuniform List<scalar> 
15000
(
0.5625
0.562381
0.559133
0.544793
0.518906
0.488303
0.457919
0.429636
0.403888
0.380604
0.359563
0.340524
0.323259
0.307565
0.293263
0.280196
0.268224
0.257225
0.247087
0.237709
0.229007
0.220913
0.213365
0.206311
0.199704
0.193503
0.187669
0.182167
0.176964
0.172033
0.167348
0.162887
0.15863
0.154557
0.150653
0.146901
0.143288
0.139801
0.13643
0.133164
0.129994
0.126911
0.123908
0.120979
0.118117
0.115317
0.112575
0.109886
0.107246
0.104654
0.102105
0.0995991
0.0971328
0.0947053
0.0923151
0.0899611
0.0876413
0.0853544
0.0830984
0.0808706
0.0786677
0.0764863
0.074322
0.0721696
0.0700228
0.0678745
0.0657158
0.0635358
0.0613226
0.0590606
0.0567293
0.0543018
0.0517421
0.0489998
0.0460033
0.0426483
0.0387818
0.0341822
0.0285587
0.021672
0.0138548
0.00682786
0.00256128
0.000800995
0.000229663
6.33532e-05
1.7109e-05
4.54981e-06
1.19416e-06
3.09728e-07
7.94588e-08
2.01791e-08
5.07688e-09
1.26638e-09
3.1341e-10
7.70181e-11
1.88101e-11
4.57026e-12
1.10599e-12
2.66974e-13
6.44622e-14
1.56345e-14
3.8229e-15
9.36673e-16
1.93685e-16
3.17516e-18
0
0
0
0
0
0
0
0
0
0
0
0
0
0
0
0
0
0
0
0
0
0
0
0
0
0
0
0
0
0
0
0
0
0
0
0
0
0
0
0
0
0
0
0
0.56238
0.560884
0.552553
0.532935
0.505594
0.476042
0.447365
0.420703
0.396309
0.374113
0.353941
0.335596
0.31889
0.30365
0.289718
0.276955
0.265235
0.254444
0.244479
0.235247
0.22667
0.218684
0.211232
0.204264
0.197736
0.191607
0.185839
0.180397
0.175252
0.170374
0.165741
0.16133
0.157121
0.153095
0.149235
0.145525
0.141953
0.138507
0.135174
0.131946
0.128812
0.125764
0.122796
0.119899
0.117068
0.114298
0.111583
0.108919
0.106303
0.103731
0.101201
0.0987109
0.0962582
0.0938422
0.0914611
0.0891134
0.086798
0.084513
0.0822559
0.0800241
0.0778145
0.0756236
0.0734464
0.071278
0.0691117
0.0669394
0.0647517
0.0625376
0.060284
0.0579736
0.055584
0.0530849
0.0504356
0.0475796
0.0444373
0.0408923
0.0367754
0.0318503
0.0258391
0.0186394
0.0110005
0.00494591
0.00174233
0.000531357
0.000151565
4.18712e-05
1.13431e-05
3.02667e-06
7.96964e-07
2.07321e-07
5.33284e-08
1.35744e-08
3.42175e-09
8.54808e-10
2.11783e-10
5.20779e-11
1.27213e-11
3.08998e-12
7.47157e-13
1.80168e-13
4.34458e-14
1.05225e-14
2.56553e-15
6.09631e-16
9.52549e-17
0
0
0
0
0
0
0
0
0
0
0
0
0
0
0
0
0
0
0
0
0
0
0
0
0
0
0
0
0
0
0
0
0
0
0
0
0
0
0
0
0
0
0
0
0
0.559195
0.552644
0.537533
0.514569
0.487752
0.460349
0.434022
0.409421
0.386717
0.365878
0.34679
0.329316
0.313313
0.298644
0.28518
0.272803
0.261403
0.25088
0.24114
0.232099
0.223687
0.215846
0.208524
0.201675
0.195255
0.189227
0.183552
0.178199
0.173137
0.168338
0.163781
0.159441
0.155301
0.15134
0.147542
0.143893
0.14038
0.13699
0.133712
0.130537
0.127453
0.124454
0.121532
0.11868
0.115891
0.113159
0.11048
0.10785
0.105264
0.102719
0.100213
0.0977438
0.0953093
0.0929082
0.0905392
0.0882008
0.0858917
0.0836097
0.0813529
0.0791187
0.0769042
0.0747059
0.0725187
0.070337
0.0681538
0.0659607
0.0637479
0.0615034
0.0592127
0.0568565
0.0544101
0.0518407
0.0491022
0.0461315
0.0428374
0.039089
0.0346973
0.0294101
0.0229835
0.0155403
0.00833653
0.00340921
0.00113483
0.000338774
9.61741e-05
2.65884e-05
7.21866e-06
1.93077e-06
5.0954e-07
1.32809e-07
3.42157e-08
8.71926e-09
2.19933e-09
5.49488e-10
1.36082e-10
3.34302e-11
8.15338e-12
1.97613e-12
4.76544e-13
1.14557e-13
2.75287e-14
6.63927e-15
1.61616e-15
3.55618e-16
3.17516e-18
0
0
0
0
0
0
0
0
0
0
0
0
0
0
0
0
0
0
0
0
0
0
0
0
0
0
0
0
0
0
0
0
0
0
0
0
0
0
0
0
0
0
0
0
0
0.545183
0.533353
0.514868
0.491999
0.467355
0.442698
0.418965
0.39658
0.375698
0.356338
0.338448
0.321945
0.306733
0.292713
0.279785
0.267853
0.256826
0.246615
0.237138
0.228322
0.220107
0.212441
0.205278
0.198574
0.19229
0.186386
0.18083
0.175588
0.170631
0.165933
0.161471
0.157223
0.15317
0.149292
0.145575
0.142004
0.138567
0.13525
0.132042
0.128934
0.125915
0.122978
0.120116
0.117319
0.114583
0.1119
0.109266
0.106677
0.104129
0.101618
0.099141
0.0966972
0.0942848
0.091902
0.0895475
0.08722
0.0849184
0.0826409
0.0803856
0.0781503
0.075932
0.0737267
0.07153
0.0693357
0.0671366
0.0649242
0.0626879
0.0604149
0.058089
0.0556889
0.0531864
0.0505445
0.0477117
0.0446162
0.041154
0.0371745
0.0324661
0.0267673
0.0199179
0.0124025
0.00597276
0.00223284
0.000709354
0.00020823
5.88643e-05
1.62725e-05
4.42284e-06
1.18454e-06
3.12974e-07
8.16449e-08
2.10432e-08
5.36204e-09
1.35161e-09
3.37244e-10
8.33556e-11
2.04235e-11
4.9645e-12
1.19836e-12
2.87632e-13
6.87931e-14
1.64854e-14
3.95943e-15
9.49374e-16
1.9051e-16
3.17516e-18
0
0
0
0
0
0
0
0
0
0
0
0
0
0
0
0
0
0
0
0
0
0
0
0
0
0
0
0
0
0
0
0
0
0
0
0
0
0
0
0
0
0
0
0
0
0.519925
0.506564
0.488534
0.467807
0.446002
0.424196
0.403019
0.382814
0.363747
0.345881
0.329219
0.313727
0.299348
0.286018
0.273665
0.262214
0.25159
0.241719
0.232529
0.223963
0.215969
0.208503
0.201522
0.194987
0.188859
0.183103
0.177686
0.172576
0.167745
0.163166
0.158819
0.154681
0.150733
0.146957
0.143338
0.139861
0.136515
0.133286
0.130163
0.127137
0.124197
0.121336
0.118545
0.115816
0.113143
0.110519
0.10794
0.1054
0.102896
0.100425
0.0979834
0.0955701
0.0931832
0.0908212
0.0884834
0.0861688
0.0838761
0.0816039
0.0793507
0.0771146
0.0748929
0.0726814
0.0704753
0.068269
0.0660546
0.0638225
0.0615619
0.0592593
0.0568964
0.0544496
0.0518872
0.0491666
0.0462292
0.0429915
0.0393332
0.0350803
0.0299972
0.0238345
0.016613
0.00933786
0.00401429
0.00138797
0.000425448
0.000123326
3.47348e-05
9.59542e-06
2.60859e-06
6.98901e-07
1.84696e-07
4.81733e-08
1.2408e-08
3.15769e-09
7.94402e-10
1.97674e-10
4.86883e-11
1.18787e-11
2.87281e-12
6.89385e-13
1.64381e-13
3.90513e-14
9.29688e-15
2.24802e-15
5.08026e-16
5.08026e-17
0
0
0
0
0
0
0
0
0
0
0
0
0
0
0
0
0
0
0
0
0
0
0
0
0
0
0
0
0
0
0
0
0
0
0
0
0
0
0
0
0
0
0
0
0
0
0.490113
0.477706
0.461747
0.443717
0.424743
0.405596
0.38678
0.368604
0.351253
0.334826
0.319364
0.304872
0.29133
0.2787
0.266935
0.255979
0.245772
0.236252
0.227366
0.219066
0.211311
0.204062
0.197282
0.190933
0.18498
0.17939
0.17413
0.169169
0.164482
0.160042
0.155827
0.151817
0.147991
0.144332
0.140826
0.137459
0.134219
0.131093
0.12807
0.12514
0.122293
0.119521
0.116813
0.114164
0.111566
0.109011
0.106496
0.104015
0.101563
0.099139
0.0967385
0.09436
0.0920022
0.0896641
0.0873448
0.0850442
0.0827613
0.080495
0.078244
0.0760066
0.0737805
0.0715616
0.069345
0.0671249
0.0648934
0.0626409
0.0603551
0.058021
0.0556177
0.0531182
0.0504873
0.0476753
0.0446142
0.0412064
0.0373102
0.0327247
0.0271954
0.0205372
0.013117
0.00653342
0.00251837
0.000818188
0.000244431
7.02129e-05
1.97148e-05
5.44057e-06
1.47847e-06
3.95973e-07
1.04578e-07
2.72478e-08
7.00663e-09
1.7789e-09
4.46111e-10
1.10555e-10
2.70948e-11
6.5717e-12
1.57859e-12
3.7593e-13
8.89078e-14
2.0937e-14
4.94373e-15
1.16211e-15
2.31787e-16
3.17516e-18
0
0
0
0
0
0
0
0
0
0
0
0
0
0
0
0
0
0
0
0
0
0
0
0
0
0
0
0
0
0
0
0
0
0
0
0
0
0
0
0
0
0
0
0
0
0
0.460597
0.449814
0.436131
0.42064
0.404184
0.387378
0.370653
0.354302
0.338518
0.323426
0.309095
0.29556
0.282827
0.270881
0.259695
0.24923
0.239437
0.23027
0.221693
0.213668
0.206162
0.199142
0.192573
0.186424
0.18066
0.17525
0.170163
0.165369
0.160842
0.156558
0.152492
0.148625
0.144936
0.14141
0.138032
0.13479
0.13167
0.128661
0.125752
0.122932
0.120192
0.117522
0.114912
0.112355
0.109844
0.107371
0.10493
0.102517
0.100126
0.0977557
0.0954021
0.0930637
0.0907389
0.0884273
0.086129
0.0838433
0.0815701
0.0793086
0.0770588
0.0748188
0.0725862
0.0703579
0.0681289
0.0658926
0.0636413
0.0613651
0.0590502
0.056679
0.0542284
0.0516671
0.0489543
0.0460323
0.04282
0.0392012
0.0350079
0.0300095
0.0239568
0.016844
0.00959989
0.0041944
0.0014714
0.000456862
0.000134146
3.82959e-05
1.0728e-05
2.95754e-06
8.03154e-07
2.14933e-07
5.6697e-08
1.47461e-08
3.78236e-09
9.5707e-10
2.38977e-10
5.89055e-11
1.43436e-11
3.45317e-12
8.22552e-13
1.94085e-13
4.54556e-14
1.06304e-14
2.50203e-15
5.52478e-16
6.35033e-17
0
0
0
0
0
0
0
0
0
0
0
0
0
0
0
0
0
0
0
0
0
0
0
0
0
0
0
0
0
0
0
0
0
0
0
0
0
0
0
0
0
0
0
0
0
0
0
0.433234
0.424003
0.412313
0.398973
0.384644
0.369828
0.354904
0.340149
0.325759
0.311873
0.298579
0.285933
0.27396
0.262663
0.25203
0.242032
0.232638
0.223819
0.215548
0.207799
0.200545
0.193757
0.187407
0.181465
0.1759
0.170681
0.16578
0.161168
0.156818
0.152705
0.148804
0.145095
0.141558
0.138178
0.134942
0.131837
0.128851
0.125974
0.123193
0.120498
0.11788
0.115326
0.112829
0.110379
0.107967
0.105588
0.103233
0.100898
0.0985786
0.0962701
0.0939702
0.0916768
0.089389
0.0871068
0.0848308
0.0825606
0.0802968
0.0780394
0.0757886
0.0735431
0.0713009
0.0690589
0.0668129
0.0645561
0.0622799
0.0599741
0.0576233
0.055207
0.0526983
0.0500612
0.0472466
0.0441862
0.0407822
0.0368935
0.0323202
0.0268102
0.0201866
0.0128363
0.00636598
0.00245231
0.000800431
0.000241223
7.00823e-05
1.99338e-05
5.57673e-06
1.53643e-06
4.16975e-07
1.11478e-07
2.93606e-08
7.61838e-09
1.94776e-09
4.90743e-10
1.21876e-10
2.98429e-11
7.2087e-12
1.72008e-12
4.05672e-13
9.47088e-14
2.19245e-14
5.04216e-15
1.14941e-15
2.15911e-16
3.17516e-18
0
0
0
0
0
0
0
0
0
0
0
0
0
0
0
0
0
0
0
0
0
0
0
0
0
0
0
0
0
0
0
0
0
0
0
0
0
0
0
0
0
0
0
0
0
0
0
0.408455
0.400518
0.390446
0.378853
0.366266
0.353102
0.339697
0.326309
0.313132
0.30031
0.287944
0.276103
0.264825
0.254125
0.244002
0.234438
0.22542
0.216932
0.208958
0.201478
0.194471
0.187914
0.181783
0.17605
0.170689
0.165671
0.160968
0.156551
0.152392
0.148464
0.144742
0.141204
0.137832
0.134612
0.13153
0.128576
0.125738
0.123006
0.120369
0.117815
0.115334
0.112914
0.110545
0.108217
0.105921
0.103649
0.101394
0.0991494
0.0969111
0.0946743
0.0924356
0.0901934
0.0879473
0.0856976
0.0834448
0.0811896
0.078934
0.0766788
0.0744235
0.0721679
0.0699109
0.0676497
0.0653797
0.0630949
0.0607865
0.0584419
0.056044
0.05357
0.0509871
0.0482526
0.045307
0.0420671
0.0384125
0.0341704
0.029107
0.0229845
0.0158628
0.008805
0.0037559
0.00130371
0.000405539
0.000120129
3.47173e-05
9.86245e-06
2.75906e-06
7.60234e-07
2.06274e-07
5.50982e-08
1.4486e-08
3.74832e-09
9.54563e-10
2.39268e-10
5.90391e-11
1.43436e-11
3.43215e-12
8.10349e-13
1.88922e-13
4.36013e-14
1.00145e-14
2.27659e-15
4.7945e-16
2.22261e-17
0
0
0
0
0
0
0
0
0
0
0
0
0
0
0
0
0
0
0
0
0
0
0
0
0
0
0
0
0
0
0
0
0
0
0
0
0
0
0
0
0
0
0
0
0
0
0
0
0.386189
0.37928
0.370484
0.360279
0.34909
0.337273
0.325125
0.312884
0.300739
0.288836
0.277281
0.266151
0.25549
0.245323
0.235655
0.226486
0.217814
0.209635
0.201939
0.194713
0.187942
0.181606
0.175685
0.170159
0.165001
0.160188
0.155691
0.151481
0.147526
0.143799
0.140271
0.136919
0.133726
0.130677
0.127762
0.124972
0.122296
0.119724
0.117247
0.114851
0.112525
0.110257
0.108033
0.105845
0.103682
0.101534
0.0993944
0.0972561
0.0951125
0.0929581
0.0907897
0.0886058
0.0864064
0.0841922
0.0819643
0.0797245
0.0774747
0.0752168
0.0729516
0.0706796
0.0684003
0.0661107
0.063807
0.0614828
0.0591292
0.0567322
0.0542716
0.0517197
0.0490383
0.0461747
0.0430558
0.0395765
0.0355852
0.0308708
0.0251841
0.0184177
0.0111835
0.00526069
0.00195627
0.000631746
0.000191288
5.62399e-05
1.62409e-05
4.6197e-06
1.2945e-06
3.57135e-07
9.69448e-08
2.58794e-08
6.79153e-09
1.75178e-09
4.44081e-10
1.10643e-10
2.70964e-11
6.5238e-12
1.54458e-12
3.60359e-13
8.29765e-14
1.89271e-14
4.29917e-15
9.49374e-16
1.68284e-16
3.17516e-18
0
0
0
0
0
0
0
0
0
0
0
0
0
0
0
0
0
0
0
0
0
0
0
0
0
0
0
0
0
0
0
0
0
0
0
0
0
0
0
0
0
0
0
0
0
0
0
0
0.366221
0.360112
0.352308
0.343186
0.333101
0.32236
0.31123
0.29993
0.288644
0.277514
0.266649
0.256127
0.245998
0.236288
0.227017
0.218198
0.209837
0.201938
0.194495
0.187499
0.180941
0.174806
0.16908
0.163746
0.158786
0.154177
0.149891
0.145898
0.142164
0.138655
0.135338
0.132189
0.129188
0.126324
0.123588
0.120972
0.118471
0.116075
0.113775
0.111557
0.109407
0.107311
0.105256
0.103229
0.10122
0.0992173
0.0972129
0.0951978
0.0931643
0.0911063
0.0890202
0.0869043
0.084758
0.0825823
0.0803798
0.078154
0.0759074
0.0736417
0.0713596
0.0690618
0.0667482
0.0644165
0.0620635
0.0596827
0.0572639
0.0547913
0.0522421
0.0495827
0.0467668
0.0437285
0.0403732
0.0365646
0.032111
0.0267685
0.0203558
0.0131918
0.00673794
0.00268209
0.000902225
0.000279918
8.38584e-05
2.46572e-05
7.14531e-06
2.04094e-06
5.74029e-07
1.58794e-07
4.3162e-08
1.15194e-08
3.01731e-09
7.75488e-10
1.95552e-10
4.83838e-11
1.17473e-11
2.79938e-12
6.54998e-13
1.50808e-13
3.42568e-14
7.70612e-15
1.71141e-15
3.33392e-16
3.17516e-18
0
0
0
0
0
0
0
0
0
0
0
0
0
0
0
0
0
0
0
0
0
0
0
0
0
0
0
0
0
0
0
0
0
0
0
0
0
0
0
0
0
0
0
0
0
0
0
0
0
0.34831
0.342819
0.335772
0.327481
0.318248
0.308346
0.298017
0.287468
0.276873
0.266372
0.256073
0.246051
0.236358
0.227031
0.218099
0.209583
0.201494
0.193837
0.18661
0.179811
0.173432
0.167466
0.161905
0.15674
0.151958
0.147543
0.14347
0.139706
0.136211
0.132942
0.129859
0.126932
0.124141
0.121473
0.118926
0.116497
0.114184
0.111981
0.109878
0.107861
0.105913
0.104017
0.102157
0.100318
0.0984894
0.0966581
0.0948136
0.0929454
0.0910438
0.0891011
0.0871124
0.0850749
0.0829885
0.0808559
0.0786807
0.0764665
0.0742173
0.0719367
0.0696277
0.0672913
0.0649267
0.0625323
0.0601048
0.0576374
0.0551193
0.0525358
0.0498572
0.047045
0.0440405
0.0407575
0.0370703
0.0327989
0.027708
0.0215862
0.0145926
0.00791258
0.00333608
0.00116716
0.000371415
0.000113555
3.40638e-05
1.00821e-05
2.9447e-06
8.4739e-07
2.39807e-07
6.66274e-08
1.81513e-08
4.8448e-09
1.26638e-09
3.24125e-10
8.12337e-11
1.99385e-11
4.79368e-12
1.12925e-12
2.60802e-13
5.91914e-14
1.32976e-14
2.9656e-15
6.25507e-16
6.35033e-17
0
0
0
0
0
0
0
0
0
0
0
0
0
0
0
0
0
0
0
0
0
0
0
0
0
0
0
0
0
0
0
0
0
0
0
0
0
0
0
0
0
0
0
0
0
0
0
0
0
0
0.332241
0.327217
0.320736
0.313062
0.304464
0.295189
0.285463
0.275483
0.265418
0.255404
0.245543
0.235911
0.226564
0.217549
0.208897
0.200633
0.192768
0.185307
0.178251
0.1716
0.165352
0.159505
0.154061
0.149018
0.144377
0.140131
0.136262
0.132739
0.12951
0.126516
0.123701
0.121025
0.118462
0.116004
0.113655
0.111421
0.10931
0.107319
0.105439
0.103654
0.101942
0.100281
0.0986515
0.0970371
0.0954234
0.0937975
0.0921464
0.0904571
0.0887165
0.0869142
0.0850428
0.0830991
0.0810832
0.0789989
0.0768515
0.0746462
0.0723882
0.0700825
0.0677316
0.0653359
0.0628945
0.0604055
0.0578534
0.0552226
0.0525269
0.0497761
0.0469302
0.0439076
0.040637
0.0370051
0.0328412
0.0279151
0.0220044
0.0151995
0.00852619
0.00373605
0.00134915
0.000439787
0.000137359
4.21221e-05
1.27702e-05
3.82825e-06
1.13233e-06
3.29508e-07
9.40793e-08
2.62981e-08
7.18668e-09
1.91857e-09
5.00228e-10
1.27394e-10
3.16991e-11
7.7092e-12
1.83316e-12
4.26418e-13
9.71187e-14
2.17213e-14
4.79132e-15
1.0351e-15
1.80984e-16
3.17516e-18
0
0
0
0
0
0
0
0
0
0
0
0
0
0
0
0
0
0
0
0
0
0
0
0
0
0
0
0
0
0
0
0
0
0
0
0
0
0
0
0
0
0
0
0
0
0
0
0
0
0
0.317819
0.313141
0.307064
0.299824
0.291667
0.282826
0.273518
0.263934
0.25424
0.244568
0.235019
0.225671
0.216588
0.207814
0.199384
0.191316
0.183621
0.176301
0.169357
0.162789
0.156601
0.150796
0.145386
0.140243
0.135384
0.130994
0.127277
0.124043
0.121171
0.118567
0.116138
0.113817
0.111568
0.109385
0.107286
0.105296
0.103436
0.101715
0.100123
0.0986416
0.0972405
0.0958884
0.0945583
0.0932305
0.0918904
0.0905253
0.0891209
0.08766
0.0861245
0.0845002
0.0827763
0.0809485
0.0790182
0.0769907
0.074873
0.0726732
0.0703976
0.0680518
0.0656378
0.063154
0.060597
0.0579533
0.0551725
0.0522728
0.049263
0.0461766
0.0430612
0.0397513
0.0361188
0.0320011
0.0271719
0.021412
0.014813
0.00836561
0.00372019
0.00137016
0.000456065
0.000145587
4.57221e-05
1.42361e-05
4.39662e-06
1.34337e-06
4.04496e-07
1.19517e-07
3.45254e-08
9.72523e-09
2.66733e-09
7.11981e-10
1.85004e-10
4.68251e-11
1.15525e-11
2.78016e-12
6.53052e-13
1.49893e-13
3.36821e-14
7.45528e-15
1.61616e-15
3.11166e-16
3.17516e-18
0
0
0
0
0
0
0
0
0
0
0
0
0
0
0
0
0
0
0
0
0
0
0
0
0
0
0
0
0
0
0
0
0
0
0
0
0
0
0
0
0
0
0
0
0
0
0
0
0
0
0
0.304881
0.300446
0.294634
0.287663
0.279769
0.271177
0.262103
0.252743
0.24326
0.233787
0.224431
0.215273
0.206376
0.197779
0.189509
0.181579
0.17399
0.166742
0.159832
0.153258
0.147024
0.141138
0.135149
0.129225
0.123555
0.118346
0.113949
0.111093
0.108792
0.106873
0.105135
0.103443
0.101731
0.0999931
0.0982734
0.0966445
0.0951706
0.0938786
0.0927635
0.0917952
0.0909245
0.090093
0.0892557
0.0883871
0.0874748
0.086509
0.0854755
0.0843532
0.083118
0.0817485
0.0802315
0.0785629
0.0767465
0.0747919
0.0727102
0.0705131
0.068209
0.0658032
0.0632955
0.0606799
0.0579442
0.0550089
0.0518629
0.0484764
0.0448671
0.0411409
0.0374803
0.0337642
0.0296493
0.0249126
0.0193509
0.0131263
0.00727105
0.00321253
0.00119451
0.000405121
0.000132299
4.26141e-05
1.36481e-05
4.35143e-06
1.37827e-06
4.31885e-07
1.33122e-07
4.01147e-08
1.17589e-08
3.34254e-09
9.20203e-10
2.45409e-10
6.34719e-11
1.59436e-11
3.89504e-12
9.2656e-13
2.1487e-13
4.86435e-14
1.08051e-14
2.37185e-15
4.76275e-16
3.17516e-18
0
0
0
0
0
0
0
0
0
0
0
0
0
0
0
0
0
0
0
0
0
0
0
0
0
0
0
0
0
0
0
0
0
0
0
0
0
0
0
0
0
0
0
0
0
0
0
0
0
0
0
0
0.293285
0.289004
0.28333
0.276474
0.268667
0.260138
0.251113
0.241795
0.23236
0.222952
0.213682
0.204629
0.195846
0.187362
0.17919
0.171331
0.163777
0.156516
0.149535
0.142825
0.136381
0.129481
0.122327
0.11496
0.107398
0.100219
0.0939161
0.090853
0.0894367
0.0887521
0.0882773
0.0877184
0.0869134
0.0858403
0.0846071
0.0834085
0.0824361
0.0817665
0.0814053
0.0813093
0.0813835
0.081492
0.0815381
0.0814804
0.0813122
0.0810344
0.0806365
0.0800908
0.0793597
0.078411
0.0772278
0.0758094
0.0741684
0.0723236
0.0702956
0.0681033
0.0657599
0.0632696
0.0606266
0.057812
0.0547899
0.0514003
0.0475855
0.0432641
0.0384756
0.0334817
0.0287239
0.0243293
0.0196802
0.014671
0.00952997
0.00511902
0.00225453
0.000853981
0.000297273
9.97723e-05
3.30448e-05
1.08975e-05
3.58791e-06
1.17906e-06
3.85763e-07
1.25007e-07
3.97903e-08
1.23193e-08
3.68371e-09
1.0598e-09
2.9317e-10
7.81017e-11
2.00913e-11
5.00476e-12
1.21013e-12
2.84622e-13
6.52433e-14
1.46312e-14
3.21327e-15
6.63609e-16
6.35033e-17
0
0
0
0
0
0
0
0
0
0
0
0
0
0
0
0
0
0
0
0
0
0
0
0
0
0
0
0
0
0
0
0
0
0
0
0
0
0
0
0
0
0
0
0
0
0
0
0
0
0
0
0
0
0.282866
0.278631
0.272961
0.266075
0.258213
0.249623
0.240544
0.231085
0.221382
0.21191
0.20263
0.193606
0.184874
0.176442
0.168306
0.160447
0.152839
0.145452
0.138252
0.131206
0.123615
0.115104
0.105652
0.0955504
0.0847355
0.0751136
0.0656478
0.0624793
0.0621441
0.0634151
0.0648944
0.0660363
0.0664762
0.0661082
0.0651306
0.0634149
0.0628324
0.0628556
0.0635054
0.064744
0.0664089
0.0681421
0.0697
0.071006
0.0720813
0.0729637
0.073658
0.0741218
0.0742804
0.0740711
0.0734663
0.072474
0.0711261
0.0694641
0.0675289
0.0653539
0.0629601
0.0603506
0.0575063
0.0543807
0.05085
0.046714
0.0417429
0.0357956
0.029091
0.022295
0.0161499
0.0114005
0.00760635
0.00472982
0.00258815
0.00121193
0.00049164
0.000180235
6.25653e-05
2.13077e-05
7.22163e-06
2.44683e-06
8.30136e-07
2.82209e-07
9.60208e-08
3.25231e-08
1.08297e-08
3.48061e-09
1.06887e-09
3.12189e-10
8.67979e-11
2.30703e-11
5.89341e-12
1.45407e-12
3.47849e-13
8.09444e-14
1.83937e-14
4.08644e-15
8.69995e-16
1.17481e-16
0
0
0
0
0
0
0
0
0
0
0
0
0
0
0
0
0
0
0
0
0
0
0
0
0
0
0
0
0
0
0
0
0
0
0
0
0
0
0
0
0
0
0
0
0
0
0
0
0
0
0
0
0
0
0.273502
0.269197
0.26338
0.256279
0.248158
0.239296
0.22996
0.220307
0.210533
0.201025
0.191093
0.182021
0.173286
0.164852
0.156685
0.148741
0.140964
0.133291
0.125649
0.117905
0.10813
0.0964721
0.0831373
0.0704528
0.0570898
0.0483617
0.0384739
0.0364014
0.0364901
0.0395113
0.0424972
0.0449127
0.0461563
0.0458411
0.0429023
0.0382334
0.0366427
0.0368099
0.038142
0.0407618
0.0446058
0.0487024
0.0524054
0.0555856
0.058377
0.060933
0.0633092
0.0654292
0.0671075
0.0681776
0.0685674
0.0682958
0.0674347
0.0660723
0.0642904
0.0621515
0.0596904
0.0569057
0.0537512
0.0501248
0.0458042
0.0404182
0.0336129
0.0254794
0.0170424
0.00988391
0.0051023
0.00269533
0.00156783
0.000966948
0.000525043
0.000245813
9.9354e-05
3.58967e-05
1.22464e-05
4.17333e-06
1.43085e-06
4.93088e-07
1.70935e-07
5.98321e-08
2.12195e-08
7.60788e-09
2.70635e-09
9.15416e-10
2.91025e-10
8.6455e-11
2.41051e-11
6.36825e-12
1.60989e-12
3.92618e-13
9.29402e-14
2.14673e-14
4.84212e-15
1.06685e-15
1.80984e-16
3.17516e-18
0
0
0
0
0
0
0
0
0
0
0
0
0
0
0
0
0
0
0
0
0
0
0
0
0
0
0
0
0
0
0
0
0
0
0
0
0
0
0
0
0
0
0
0
0
0
0
0
0
0
0
0
0
0
0.265093
0.260599
0.254465
0.246938
0.238316
0.228939
0.219134
0.209125
0.199157
0.189467
0.179604
0.170169
0.160865
0.152358
0.144084
0.135942
0.127832
0.11963
0.111173
0.100665
0.0877402
0.0716572
0.0550014
0.0439593
0.0320251
0.0292901
0.0262473
0.00906566
0.00771992
0.0307739
0.0324407
0.0339805
0.0346117
0.0333974
0.0283892
0.0217385
0.0198183
0.0188919
0.0189788
0.0207023
0.0250506
0.0302305
0.0348378
0.0387496
0.042353
0.0460195
0.0499232
0.0539558
0.0576709
0.0605782
0.0624286
0.0632116
0.0630506
0.0621082
0.0605317
0.0584262
0.0558422
0.0527634
0.0490911
0.0446277
0.0390677
0.0318309
0.0228244
0.0134057
0.00619079
0.00237555
0.000849189
0.000420456
0.000245604
0.000188363
0.000108354
5.29152e-05
2.11188e-05
7.13353e-06
2.16663e-06
7.15552e-07
2.44367e-07
8.44718e-08
2.95216e-08
1.05427e-08
3.90537e-09
1.521e-09
6.10441e-10
2.22562e-10
7.43818e-11
2.25249e-11
6.26657e-12
1.63478e-12
4.06894e-13
9.78268e-14
2.29374e-14
5.2803e-15
1.18116e-15
2.15911e-16
3.17516e-18
0
0
0
0
0
0
0
0
0
0
0
0
0
0
0
0
0
0
0
0
0
0
0
0
0
0
0
0
0
0
0
0
0
0
0
0
0
0
0
0
0
0
0
0
0
0
0
0
0
0
0
0
0
0
0
0.257541
0.252726
0.24608
0.237863
0.228437
0.21825
0.207738
0.197215
0.186925
0.176974
0.167115
0.15766
0.148225
0.138653
0.130145
0.121632
0.112913
0.103744
0.0937584
0.0794376
0.0627008
0.0433851
0.027895
0.0239084
0.0194376
0.00115678
1.43894e-05
1.71005e-05
6.63347e-05
0.000553704
0.00949663
0.0276093
0.0278265
0.0254711
0.0177366
0.0141237
0.00186078
6.85397e-05
0.000704157
0.00608719
0.0208514
0.0234161
0.0257676
0.027797
0.0299761
0.0328122
0.0367091
0.0417732
0.0473341
0.0521937
0.0556758
0.0576457
0.058257
0.0577492
0.0563388
0.0541716
0.051296
0.0476543
0.0430674
0.0372141
0.0297174
0.0204418
0.0107889
0.00413377
0.00124864
0.000342882
0.000114647
8.86205e-06
5.96275e-06
4.71543e-05
2.3925e-05
1.2688e-05
4.78628e-06
1.33327e-06
3.1357e-07
1.03723e-07
3.48466e-08
1.18419e-08
4.04515e-09
1.42777e-09
5.39027e-10
2.3458e-10
1.23621e-10
4.95463e-11
1.79478e-11
5.52614e-12
1.51314e-12
3.84998e-13
9.36641e-14
2.2169e-14
5.16917e-15
1.17164e-15
2.22261e-16
3.17516e-18
0
0
0
0
0
0
0
0
0
0
0
0
0
0
0
0
0
0
0
0
0
0
0
0
0
0
0
0
0
0
0
0
0
0
0
0
0
0
0
0
0
0
0
0
0
0
0
0
0
0
0
0
0
0
0
0
0.250753
0.245474
0.238075
0.228817
0.218167
0.206774
0.195278
0.184073
0.17335
0.16311
0.153195
0.143668
0.134229
0.12445
0.114323
0.10508
0.0952034
0.0841329
0.069966
0.0505676
0.0345744
0.0183973
0.0127919
0.000953685
1.09528e-05
2.12543e-06
4.37073e-08
3.31701e-08
1.45365e-07
1.41519e-06
3.18719e-05
0.00460743
0.0198818
0.0163523
0.00771979
0.000155205
5.14467e-07
6.81755e-08
1.50274e-06
2.68815e-05
0.00507946
0.0194397
0.0200407
0.0202294
0.0206757
0.0219515
0.0247864
0.0300973
0.0375769
0.0443792
0.0493471
0.0523297
0.0535459
0.0533006
0.0518482
0.0493259
0.0457303
0.0409401
0.034752
0.0268985
0.0174743
0.00850461
0.0029202
0.00076533
0.000163157
4.04726e-05
8.05872e-07
1.3772e-09
2.73036e-09
6.4086e-08
5.93281e-07
2.66583e-06
9.45954e-07
1.62416e-07
2.21225e-08
3.92662e-10
8.97127e-13
2.78304e-11
1.02412e-13
7.64929e-14
5.18082e-13
4.72969e-12
2.45146e-11
9.40551e-12
4.11074e-12
1.25506e-12
3.27378e-13
7.97379e-14
1.88192e-14
4.3595e-15
9.7795e-16
1.80984e-16
3.17516e-18
0
0
0
0
0
0
0
0
0
0
0
0
0
0
0
0
0
0
0
0
0
0
0
0
0
0
0
0
0
0
0
0
0
0
0
0
0
0
0
0
0
0
0
0
0
0
0
0
0
0
0
0
0
0
0
0
0
0.24464
0.238749
0.230293
0.219489
0.20697
0.193775
0.180936
0.168875
0.157649
0.147131
0.137123
0.127486
0.117906
0.107969
0.0968417
0.0849185
0.0726436
0.0576031
0.03575
0.016906
0.00917279
0.00319525
3.651e-05
2.20803e-06
4.45883e-08
5.76476e-09
1.08411e-10
6.796e-11
3.1297e-10
2.96558e-09
7.73126e-08
7.92794e-05
0.00166683
0.00703842
0.000559768
6.22624e-06
1.68964e-08
9.55219e-11
2.491e-09
6.75598e-08
3.86021e-05
0.00806365
0.00262354
0.00133337
0.00168679
0.00556665
0.0127584
0.028026
0.0342447
0.0402026
0.0450322
0.0481397
0.0494157
0.0489915
0.0469869
0.0433821
0.0380817
0.0310892
0.0227392
0.0137741
0.00621702
0.00200054
0.000520678
0.000108092
1.5371e-05
1.50452e-07
3.32312e-10
7.2134e-13
1.02104e-12
3.90615e-11
4.99337e-10
7.85926e-08
1.33995e-07
1.35492e-08
1.04732e-09
1.78007e-11
1.42152e-14
1.13068e-14
3.17516e-18
0
3.17516e-18
7.33463e-16
6.2265e-15
1.39044e-13
8.05142e-13
2.15057e-13
5.22441e-14
1.22149e-14
2.82272e-15
6.09631e-16
6.35033e-17
0
0
0
0
0
0
0
0
0
0
0
0
0
0
0
0
0
0
0
0
0
0
0
0
0
0
0
0
0
0
0
0
0
0
0
0
0
0
0
0
0
0
0
0
0
0
0
0
0
0
0
0
0
0
0
0
0
0
0
0.239131
0.232501
0.222615
0.209487
0.19397
0.177901
0.163197
0.150088
0.13835
0.127618
0.117518
0.107716
0.0978053
0.0873014
0.0754241
0.0597986
0.0426059
0.0227855
0.00615025
0.00146919
5.55858e-05
1.13217e-05
1.68791e-07
7.03706e-09
1.44754e-10
1.59439e-11
2.60417e-13
1.41428e-13
6.8513e-13
6.47952e-12
2.96542e-10
2.37419e-07
8.08438e-05
0.00208973
0.000100166
7.471e-07
2.28041e-09
5.20475e-12
4.55149e-12
1.7053e-10
0.000212749
0.00228061
0.000158628
6.51435e-06
1.31257e-05
0.000608265
0.00364055
0.0265348
0.03236
0.0377448
0.0421799
0.0449748
0.045803
0.0445079
0.0408156
0.0344505
0.0257886
0.0162659
0.0085178
0.00352076
0.00115707
0.000315234
7.28068e-05
1.32027e-05
1.53163e-06
1.02464e-08
1.30651e-11
1.43898e-14
4.60399e-16
2.97545e-14
4.5944e-13
2.83917e-09
9.6112e-09
2.25883e-10
2.34867e-11
7.16069e-13
6.60434e-16
0
0
0
0
0
0
4.76275e-16
7.48704e-14
1.91304e-14
4.51826e-15
1.01288e-15
1.80984e-16
3.17516e-18
0
0
0
0
0
0
0
0
0
0
0
0
0
0
0
0
0
0
0
0
0
0
0
0
0
0
0
0
0
0
0
0
0
0
0
0
0
0
0
0
0
0
0
0
0
0
0
0
0
0
0
0
0
0
0
0
0
0
0
0
0.234184
0.226788
0.215104
0.198428
0.17761
0.15617
0.138591
0.124173
0.112216
0.101663
0.091719
0.0818646
0.0715771
0.0602972
0.0473175
0.0310824
0.0123569
0.00245074
0.000206167
6.86068e-06
2.24089e-07
6.26813e-08
7.92535e-10
2.48265e-11
4.61586e-13
4.41284e-14
3.17516e-18
3.17516e-18
7.96966e-16
1.59806e-14
5.53527e-12
6.5149e-09
3.0089e-06
0.000422417
6.7862e-06
7.3356e-09
3.0949e-11
7.7909e-14
8.15064e-15
3.00288e-13
3.92775e-05
0.000359298
3.70633e-06
2.84713e-08
4.49554e-08
7.75373e-05
0.00171282
0.0255832
0.0312333
0.036307
0.0403016
0.0424353
0.0420679
0.0383301
0.0302911
0.0190139
0.00895875
0.00272306
0.0010034
0.000335467
0.000103258
3.12771e-05
1.01383e-05
2.13458e-06
3.15014e-07
3.08463e-09
5.00694e-12
6.52496e-15
0
0
3.8102e-16
1.3546e-10
6.76649e-10
6.54893e-13
4.3976e-14
2.29469e-14
3.52443e-16
0
0
0
0
0
0
0
0
0
0
0
0
0
0
0
0
0
0
0
0
0
0
0
0
0
0
0
0
0
0
0
0
0
0
0
0
0
0
0
0
0
0
0
0
0
0
0
0
0
0
0
0
0
0
0
0
0
0
0
0
0
0
0
0
0
0
0
0
0
0
0
0
0
0.229781
0.221856
0.208351
0.185896
0.151239
0.109742
0.0802866
0.0589059
0.0699098
0.0649764
0.0570263
0.0487281
0.0397875
0.0297417
0.0189863
0.00800871
0.00138188
5.36844e-05
9.00251e-07
4.39233e-08
1.05633e-09
2.67133e-10
3.51998e-12
9.23973e-14
9.716e-16
0
0
0
0
0
1.98575e-14
2.62655e-11
1.77047e-08
8.42798e-05
4.00005e-07
1.78553e-10
4.1192e-13
3.30217e-16
0
3.17516e-18
5.13412e-06
2.91754e-05
2.06383e-08
9.6598e-11
8.61233e-11
5.86448e-06
0.00424206
0.0252469
0.0307143
0.0353233
0.03843
0.0389506
0.0356698
0.0273893
0.0141237
0.00347214
0.000697928
8.22137e-05
2.23414e-06
7.87282e-07
7.62156e-07
5.07333e-07
1.23993e-06
3.19024e-07
8.73726e-08
1.94506e-09
4.08767e-12
6.31223e-15
0
0
0
7.07705e-12
4.10576e-11
1.39558e-13
0
1.71459e-16
0
0
0
0
0
0
0
0
0
0
0
0
0
0
0
0
0
0
0
0
0
0
0
0
0
0
0
0
0
0
0
0
0
0
0
0
0
0
0
0
0
0
0
0
0
0
0
0
0
0
0
0
0
0
0
0
0
0
0
0
0
0
0
0
0
0
0
0
0
0
0
0
0
0
0.225886
0.218041
0.204542
0.181894
0.14757
0.107588
0.0284277
0.0145446
0.0171295
0.0194193
0.0172729
0.0137749
0.0126471
0.00736249
0.00355336
0.00126893
1.99106e-05
3.15482e-07
4.59533e-09
2.07346e-10
4.68083e-12
1.0116e-12
1.46883e-14
3.17516e-18
0
0
0
0
0
0
0
5.99407e-14
5.91913e-11
1.58418e-05
9.60366e-08
3.89763e-11
5.89406e-14
0
0
0
6.14288e-07
1.73418e-06
6.17046e-10
7.83341e-13
1.17421e-13
3.76289e-07
0.0198586
0.0256799
0.0305244
0.0340159
0.0350598
0.0321709
0.0243758
0.0129109
0.00356481
4.59079e-05
3.57983e-06
2.43251e-07
9.32621e-09
3.16128e-09
2.88432e-09
1.5506e-09
2.26418e-09
9.11423e-09
2.20642e-08
1.37153e-09
3.58714e-12
5.95026e-15
0
0
0
3.57742e-13
2.28389e-12
2.02258e-15
0
0
0
0
0
0
0
0
0
0
0
0
0
0
0
0
0
0
0
0
0
0
0
0
0
0
0
0
0
0
0
0
0
0
0
0
0
0
0
0
0
0
0
0
0
0
0
0
0
0
0
0
0
0
0
0
0
0
0
0
0
0
0
0
0
0
0
0
0
0
0
0
0
0
0
0
0.222236
0.214759
0.202034
0.180896
0.149332
0.113213
0.103587
0.000458107
0.000265662
1.20169e-06
3.86898e-05
0.000641416
0.00335922
0.000288035
6.14827e-05
7.34883e-06
1.82403e-07
1.96363e-09
2.35442e-11
8.66197e-13
1.86795e-14
2.95925e-15
0
0
0
0
0
0
0
0
0
0
1.52589e-13
2.71899e-06
9.73412e-09
5.13383e-12
3.20056e-15
0
0
0
6.69632e-08
8.89446e-08
2.10386e-12
2.47028e-15
0
0.000298134
0.020415
0.0258654
0.0296386
0.0309219
0.0287712
0.0223461
0.0130447
0.0054057
6.71069e-05
2.86835e-07
1.91959e-08
9.54596e-10
3.90174e-11
1.2403e-11
1.07319e-11
4.89149e-12
5.73334e-12
2.35779e-10
4.43261e-09
2.84362e-10
6.19519e-13
8.09667e-16
0
0
0
1.75777e-14
1.22628e-13
0
0
0
0
0
0
0
0
0
0
0
0
0
0
0
0
0
0
0
0
0
0
0
0
0
0
0
0
0
0
0
0
0
0
0
0
0
0
0
0
0
0
0
0
0
0
0
0
0
0
0
0
0
0
0
0
0
0
0
0
0
0
0
0
0
0
0
0
0
0
0
0
0
0
0
0
0
0.218668
0.211655
0.199932
0.180806
0.152804
0.121295
0.109462
0.106173
4.27753e-06
1.88822e-08
4.8182e-07
8.3345e-06
5.04702e-05
3.62853e-06
7.33613e-07
5.01497e-08
1.24156e-09
1.12997e-11
1.11591e-13
2.8513e-15
0
0
0
0
0
0
0
0
0
0
0
0
3.17516e-18
4.33554e-07
7.49618e-10
1.09306e-12
4.44523e-16
0
0
0
6.76017e-09
3.91311e-09
1.95901e-13
0
8.9242e-08
0.00048079
0.020254
0.0252219
0.0268733
0.0252012
0.0206229
0.0134093
0.00737533
0.000174864
9.46298e-07
4.80962e-09
8.87567e-11
4.08685e-12
1.75117e-13
5.19679e-14
4.30108e-14
1.76507e-14
2.22642e-14
1.61208e-12
7.7702e-10
4.05433e-11
5.14662e-14
0
0
0
0
7.58864e-16
6.43923e-15
0
0
0
0
0
0
0
0
0
0
0
0
0
0
0
0
0
0
0
0
0
0
0
0
0
0
0
0
0
0
0
0
0
0
0
0
0
0
0
0
0
0
0
0
0
0
0
0
0
0
0
0
0
0
0
0
0
0
0
0
0
0
0
0
0
0
0
0
0
0
0
0
0
0
0
0
0
0.215111
0.208593
0.19793
0.180904
0.156463
0.129096
0.115326
0.109089
0.106029
0.000210651
4.52496e-09
8.85477e-08
6.0163e-07
3.45892e-08
5.97104e-09
3.29318e-10
7.39479e-12
5.84865e-14
3.17516e-18
0
0
0
0
0
0
0
0
0
0
0
0
0
0
6.48918e-08
7.75193e-11
7.08252e-14
0
0
0
0
6.31895e-10
1.56245e-10
3.17516e-18
0
6.91092e-07
0.000663588
0.0196474
0.0232153
0.0213774
0.0175513
0.0134589
0.00891773
0.000556262
2.28887e-06
1.40668e-08
7.11877e-11
5.70653e-13
1.89462e-14
7.46163e-16
3.49268e-17
3.17516e-18
0
3.17516e-18
2.49346e-14
1.24359e-10
4.71796e-12
1.84477e-15
0
0
0
0
0
2.47663e-16
0
0
0
0
0
0
0
0
0
0
0
0
0
0
0
0
0
0
0
0
0
0
0
0
0
0
0
0
0
0
0
0
0
0
0
0
0
0
0
0
0
0
0
0
0
0
0
0
0
0
0
0
0
0
0
0
0
0
0
0
0
0
0
0
0
0
0
0
0
0
0
0
0
0
0
0
0
0.211518
0.205486
0.195836
0.180774
0.159534
0.135657
0.120889
0.112639
0.107858
0.10388
0.0437742
0.00103815
6.44483e-07
2.34863e-10
3.54802e-11
1.91171e-12
4.1166e-14
3.17516e-18
0
0
0
0
0
0
0
0
0
0
0
0
0
0
0
9.15329e-09
3.25861e-12
1.80984e-15
0
0
0
0
5.47328e-11
5.76439e-12
9.45135e-13
5.95778e-09
2.96338e-05
0.000969649
0.0186712
0.021904
0.0195856
0.00610922
0.00312354
0.00398006
6.57039e-05
1.82268e-07
7.37805e-10
3.12997e-12
1.40564e-14
3.17516e-18
0
0
0
0
0
2.31692e-14
1.9134e-11
5.21568e-13
0
0
0
0
0
0
0
0
0
0
0
0
0
0
0
0
0
0
0
0
0
0
0
0
0
0
0
0
0
0
0
0
0
0
0
0
0
0
0
0
0
0
0
0
0
0
0
0
0
0
0
0
0
0
0
0
0
0
0
0
0
0
0
0
0
0
0
0
0
0
0
0
0
0
0
0
0
0
0
0
0
0
0
0
0.207867
0.202285
0.193551
0.180217
0.161712
0.140755
0.125804
0.116289
0.110219
0.105709
0.100743
0.0960688
0.0894183
0.0261875
0.00115186
5.27458e-06
1.88967e-09
7.5253e-13
0
0
0
0
0
0
0
0
0
0
0
0
0
0
0
1.22946e-09
1.24425e-13
0
0
0
0
0
4.43142e-12
2.14717e-13
3.44293e-12
9.11937e-09
1.22007e-05
0.000699746
0.0174517
0.0206035
0.0186048
0.00274782
0.000694742
0.00101841
3.85008e-06
1.68117e-08
7.08557e-11
3.00513e-13
1.22244e-15
0
0
0
0
0
0
6.68721e-14
2.99942e-12
4.92531e-14
0
0
0
0
0
0
0
0
0
0
0
0
0
0
0
0
0
0
0
0
0
0
0
0
0
0
0
0
0
0
0
0
0
0
0
0
0
0
0
0
0
0
0
0
0
0
0
0
0
0
0
0
0
0
0
0
0
0
0
0
0
0
0
0
0
0
0
0
0
0
0
0
0
0
0
0
0
0
0
0
0
0
0
0
0.20415
0.198972
0.191036
0.179171
0.162938
0.144417
0.12981
0.119613
0.11264
0.107559
0.103243
0.0985496
0.092099
0.0806011
5.59576e-05
2.11115e-07
8.38041e-11
3.1564e-13
3.17516e-18
0
0
0
0
0
0
0
0
0
0
0
0
0
2.36475e-12
1.5876e-10
3.9372e-15
0
0
0
0
0
3.25254e-13
1.07416e-14
2.13823e-11
3.94353e-08
2.88482e-05
0.000934033
0.0159215
0.0187678
0.0177519
0.0129997
0.00420796
0.00012929
9.21071e-08
4.54639e-10
2.07331e-12
9.1921e-15
0
0
0
0
0
0
0
1.81937e-15
4.87245e-13
2.87035e-15
0
0
0
0
0
0
0
0
0
0
0
0
0
0
0
0
0
0
0
0
0
0
0
0
0
0
0
0
0
0
0
0
0
0
0
0
0
0
0
0
0
0
0
0
0
0
0
0
0
0
0
0
0
0
0
0
0
0
0
0
0
0
0
0
0
0
0
0
0
0
0
0
0
0
0
0
0
0
0
0
0
0
0
0
0.200373
0.195548
0.18829
0.177643
0.163263
0.146755
0.132769
0.122292
0.1147
0.109025
0.104335
0.099576
0.0936597
0.0840363
0.00376464
1.16675e-05
1.68137e-08
2.09764e-11
3.69049e-14
0
0
0
0
0
0
0
0
0
0
0
0
0
4.79418e-14
1.82665e-11
0
0
0
0
0
0
1.97336e-14
6.00106e-16
9.05977e-10
3.29641e-07
5.68332e-05
0.00145143
0.0132747
0.0157774
0.015998
0.0121465
0.00409689
5.56861e-06
4.50864e-09
1.82615e-11
7.84107e-14
1.93685e-16
0
0
0
0
0
0
0
2.15911e-16
9.85793e-14
3.17516e-18
0
0
0
0
0
0
0
0
0
0
0
0
0
0
0
0
0
0
0
0
0
0
0
0
0
0
0
0
0
0
0
0
0
0
0
0
0
0
0
0
0
0
0
0
0
0
0
0
0
0
0
0
0
0
0
0
0
0
0
0
0
0
0
0
0
0
0
0
0
0
0
0
0
0
0
0
0
0
0
0
0
0
0
0
0.196552
0.19203
0.185334
0.175677
0.162784
0.147921
0.134662
0.124171
0.116197
0.110046
0.104964
0.100139
0.094743
0.086845
0.0817449
0.0593652
0.0179304
0.00194667
0.000112447
4.70265e-06
0.000368396
3.53934e-05
2.19227e-06
4.91763e-08
1.08511e-11
6.725e-15
0
0
0
0
0
2.77014e-05
2.53146e-07
3.28212e-09
5.50898e-11
3.16748e-13
3.17516e-18
0
0
1.311e-08
2.46864e-11
4.54642e-13
3.12672e-09
4.87582e-07
1.89302e-05
0.000321849
0.0034593
0.0140507
0.0140717
0.0101837
0.003091
5.91268e-06
2.54376e-08
1.14544e-10
5.16774e-13
2.3401e-15
0
0
0
0
0
0
0
1.3939e-15
2.00385e-14
0
0
0
0
0
0
0
0
0
0
0
0
0
0
0
0
0
0
0
0
0
0
0
0
0
0
0
0
0
0
0
0
0
0
0
0
0
0
0
0
0
0
0
0
0
0
0
0
0
0
0
0
0
0
0
0
0
0
0
0
0
0
0
0
0
0
0
0
0
0
0
0
0
0
0
0
0
0
0
0
0
0
0
0
0
0.192712
0.188441
0.182201
0.17333
0.161612
0.148072
0.135541
0.125208
0.117053
0.110593
0.10524
0.100388
0.0954434
0.0892299
0.0842697
0.0807032
0.0761881
0.0725244
0.0694735
0.0669114
0.0644212
0.0613232
0.056504
0.051207
0.00783809
0.000156419
5.05436e-07
1.20328e-09
2.50078e-12
4.24837e-15
0.00110106
0.00420688
0.0177287
0.00672529
0.00261865
0.000122753
2.52151e-06
4.30103e-08
6.3829e-10
4.07097e-05
8.25678e-05
1.11053e-05
1.26626e-06
1.52156e-07
4.17192e-06
6.78924e-05
0.00122823
0.0121021
0.0117725
0.00757477
0.00193142
9.33384e-06
4.52054e-08
2.14848e-10
9.86365e-13
4.42618e-15
0
0
0
0
0
0
0
3.17516e-18
2.8767e-15
3.17516e-18
0
0
0
0
0
0
0
0
0
0
0
0
0
0
0
0
0
0
0
0
0
0
0
0
0
0
0
0
0
0
0
0
0
0
0
0
0
0
0
0
0
0
0
0
0
0
0
0
0
0
0
0
0
0
0
0
0
0
0
0
0
0
0
0
0
0
0
0
0
0
0
0
0
0
0
0
0
0
0
0
0
0
0
0
0.18888
0.184812
0.178927
0.170661
0.159846
0.147349
0.13549
0.125411
0.117232
0.110619
0.105117
0.100265
0.0956366
0.0905636
0.0861441
0.0828643
0.0796465
0.076555
0.0735751
0.070671
0.0677619
0.0646718
0.0608257
0.0554628
0.0510449
0.0229295
0.00324663
0.000260939
1.61704e-05
0.00447514
0.0362931
0.035528
0.03368
0.0265499
0.0154233
0.0119933
0.00742574
0.00113953
0.00428707
0.00204169
0.000738896
0.000175662
3.07751e-05
4.11845e-06
9.14739e-07
0.000720182
0.00450587
0.00969201
0.00890417
0.00486608
0.00103138
5.21087e-06
2.50706e-08
1.1611e-10
5.14872e-13
2.14006e-15
0
0
0
0
0
0
0
0
1.84159e-16
0
0
0
0
0
0
0
0
0
0
0
0
0
0
0
0
0
0
0
0
0
0
0
0
0
0
0
0
0
0
0
0
0
0
0
0
0
0
0
0
0
0
0
0
0
0
0
0
0
0
0
0
0
0
0
0
0
0
0
0
0
0
0
0
0
0
0
0
0
0
0
0
0
0
0
0
0
0
0
0
0
0
0
0
0
0.185091
0.181176
0.175551
0.167724
0.157572
0.145866
0.134585
0.124803
0.116707
0.110063
0.104508
0.0996749
0.0952394
0.0907972
0.0867648
0.0833752
0.0802159
0.0771799
0.0742396
0.0713889
0.0686156
0.0658644
0.0628938
0.0590469
0.0547263
0.0518977
0.0496366
0.0398394
0.0458504
0.0452482
0.0445683
0.04312
0.04109
0.037476
0.0305102
0.0243413
0.0163836
0.014091
0.0119435
0.00757809
0.00351026
0.00111001
0.000254832
4.36905e-05
5.22041e-06
0.000206205
0.00219475
0.00618526
0.00568759
0.00268167
0.000506451
2.53203e-06
1.18612e-08
5.30929e-11
2.25846e-13
7.77915e-16
0
0
0
0
0
0
0
0
0
0
0
0
0
0
0
0
0
0
0
0
0
0
0
0
0
0
0
0
0
0
0
0
0
0
0
0
0
0
0
0
0
0
0
0
0
0
0
0
0
0
0
0
0
0
0
0
0
0
0
0
0
0
0
0
0
0
0
0
0
0
0
0
0
0
0
0
0
0
0
0
0
0
0
0
0
0
0
0
0
0
0
0
0
0
0.181378
0.177567
0.172106
0.164561
0.154849
0.143699
0.132883
0.123399
0.115455
0.108867
0.103328
0.0985303
0.0942067
0.090079
0.0862613
0.0828249
0.0796075
0.076529
0.0735726
0.0707556
0.068109
0.0656533
0.063332
0.0608628
0.0580506
0.055587
0.0526519
0.0516872
0.0509069
0.0497691
0.0484508
0.0468619
0.0450423
0.0426712
0.0390635
0.0345958
0.029052
0.0259087
0.0230002
0.0185208
0.0115418
0.00485515
0.00137495
0.000282541
4.27857e-05
5.65172e-05
0.000768616
0.00314769
0.00304481
0.00132797
0.000244578
1.25335e-06
5.6601e-09
2.46446e-11
1.00465e-13
2.22261e-16
0
0
0
0
0
0
0
0
0
0
0
0
0
0
0
0
0
0
0
0
0
0
0
0
0
0
0
0
0
0
0
0
0
0
0
0
0
0
0
0
0
0
0
0
0
0
0
0
0
0
0
0
0
0
0
0
0
0
0
0
0
0
0
0
0
0
0
0
0
0
0
0
0
0
0
0
0
0
0
0
0
0
0
0
0
0
0
0
0
0
0
0
0
0
0.177778
0.174018
0.168624
0.1612
0.151709
0.140887
0.130408
0.121199
0.113447
0.106976
0.101505
0.0967577
0.0925012
0.0885183
0.0847968
0.08133
0.0780378
0.0748744
0.0718382
0.0689615
0.0662166
0.0634838
0.0608553
0.0588424
0.0573805
0.0559382
0.0543575
0.0532329
0.052124
0.0508966
0.0494984
0.0479106
0.0461416
0.0441498
0.041824
0.0390342
0.0356822
0.0323916
0.0286786
0.0234425
0.0160189
0.00793838
0.00265872
0.000642253
0.000119837
3.10602e-05
0.000257496
0.00132394
0.00142785
0.000634656
0.000121141
8.59374e-07
2.87042e-09
1.0879e-11
4.18455e-14
3.17516e-18
0
0
0
0
0
0
0
0
0
0
0
0
0
0
0
0
0
0
0
0
0
0
0
0
0
0
0
0
0
0
0
0
0
0
0
0
0
0
0
0
0
0
0
0
0
0
0
0
0
0
0
0
0
0
0
0
0
0
0
0
0
0
0
0
0
0
0
0
0
0
0
0
0
0
0
0
0
0
0
0
0
0
0
0
0
0
0
0
0
0
0
0
0
0
0.174276
0.170477
0.16502
0.157565
0.148161
0.137582
0.127307
0.118181
0.110646
0.104338
0.0989725
0.0942898
0.090075
0.0861441
0.0824335
0.0788992
0.0754834
0.0721517
0.0689012
0.0654956
0.0612706
0.056064
0.0494276
0.0426956
0.0410058
0.0408987
0.0408273
0.0401157
0.0389597
0.0380799
0.0370724
0.0359443
0.0346308
0.0332208
0.0318617
0.0303974
0.0285787
0.0262184
0.0231516
0.0189566
0.01304
0.00662605
0.00239716
0.0006707
0.000155128
3.32714e-05
8.80501e-05
0.000511791
0.000626477
0.000303169
6.27101e-05
9.42671e-07
7.67667e-09
3.12593e-11
1.19053e-13
2.8894e-16
0
0
0
0
0
0
0
0
0
0
0
0
0
0
0
0
0
0
0
0
0
0
0
0
0
0
0
0
0
0
0
0
0
0
0
0
0
0
0
0
0
0
0
0
0
0
0
0
0
0
0
0
0
0
0
0
0
0
0
0
0
0
0
0
0
0
0
0
0
0
0
0
0
0
0
0
0
0
0
0
0
0
0
0
0
0
0
0
0
0
0
0
0
0
0.170894
0.16694
0.161233
0.153512
0.143973
0.133509
0.123499
0.114701
0.107404
0.100902
0.0956641
0.0910531
0.0868586
0.0829143
0.079134
0.07545
0.0717956
0.0681138
0.0643242
0.0587033
0.0510662
0.0424285
0.0317492
0.0227455
0.0204446
0.0192744
0.0187563
0.018261
0.0182205
0.0197934
0.0206744
0.0208437
0.0199034
0.0173755
0.0157303
0.0142142
0.0127618
0.011387
0.0101533
0.00873359
0.0061202
0.0031791
0.00127461
0.000430986
0.000127408
3.30973e-05
3.38411e-05
0.000193781
0.000269809
0.000146861
3.38509e-05
5.80479e-07
4.57075e-09
1.80227e-11
6.69197e-14
6.35033e-17
0
0
0
0
0
0
0
0
0
0
0
0
0
0
0
0
0
0
0
0
0
0
0
0
0
0
0
0
0
0
0
0
0
0
0
0
0
0
0
0
0
0
0
0
0
0
0
0
0
0
0
0
0
0
0
0
0
0
0
0
0
0
0
0
0
0
0
0
0
0
0
0
0
0
0
0
0
0
0
0
0
0
0
0
0
0
0
0
0
0
0
0
0
0
0.167647
0.163391
0.157211
0.148962
0.139076
0.128621
0.118865
0.110417
0.103356
0.0970986
0.0917975
0.0869623
0.0827442
0.0787128
0.0747563
0.0707723
0.0666377
0.0621744
0.0555449
0.0455192
0.0338844
0.0252193
0.0153606
0.0123543
0.00262428
0.000180693
6.56589e-06
0.000567892
0.00278212
0.0151006
0.0147633
0.0143176
0.0120631
0.00657493
0.00447353
0.00314728
0.00236665
0.00200693
0.00205637
0.00241086
0.00190956
0.00106421
0.000489438
0.000204671
7.86691e-05
2.66678e-05
1.60228e-05
7.46315e-05
0.000117052
7.25303e-05
1.91487e-05
4.53974e-07
3.4982e-09
1.31079e-11
4.69003e-14
3.17516e-18
0
0
0
0
0
0
0
0
0
0
0
0
0
0
0
0
0
0
0
0
0
0
0
0
0
0
0
0
0
0
0
0
0
0
0
0
0
0
0
0
0
0
0
0
0
0
0
0
0
0
0
0
0
0
0
0
0
0
0
0
0
0
0
0
0
0
0
0
0
0
0
0
0
0
0
0
0
0
0
0
0
0
0
0
0
0
0
0
0
0
0
0
0
0
0.164538
0.159789
0.152852
0.143782
0.133352
0.122835
0.113338
0.105245
0.0984287
0.0924247
0.087213
0.0823694
0.0775509
0.0733061
0.0689769
0.0643566
0.059104
0.0525283
0.0404588
0.0259569
0.0141062
0.0102479
0.00548607
0.000202625
2.748e-06
9.67978e-08
8.19094e-09
1.2847e-06
2.90328e-05
0.000983819
0.0018732
0.00859077
0.00435453
0.00117018
6.33596e-05
1.46707e-06
1.17773e-06
1.91089e-05
0.00012317
0.000824546
0.000584445
0.000308871
0.000153198
7.73801e-05
3.89784e-05
1.80253e-05
9.13737e-06
3.01327e-05
5.18157e-05
3.6482e-05
1.14717e-05
5.15552e-07
2.36574e-09
8.26022e-12
2.82621e-14
3.17516e-18
0
0
0
0
0
0
0
0
0
0
0
0
0
0
0
0
0
0
0
0
0
0
0
0
0
0
0
0
0
0
0
0
0
0
0
0
0
0
0
0
0
0
0
0
0
0
0
0
0
0
0
0
0
0
0
0
0
0
0
0
0
0
0
0
0
0
0
0
0
0
0
0
0
0
0
0
0
0
0
0
0
0
0
0
0
0
0
0
0
0
0
0
0
0
0.161554
0.156062
0.148008
0.137778
0.126623
0.116005
0.106772
0.0990209
0.0924514
0.0866608
0.0814876
0.0765849
0.071637
0.0661364
0.0609054
0.054676
0.0464429
0.0342962
0.0183551
0.00718276
0.00291534
0.000138698
1.61283e-06
3.31797e-07
8.15141e-09
1.66694e-10
1.05291e-11
1.68355e-09
4.17196e-08
2.6265e-06
7.60836e-05
0.00229682
0.000839478
8.47528e-05
8.28026e-07
1.04812e-09
6.01925e-10
1.53073e-08
7.32698e-07
3.58624e-05
0.000140873
6.46987e-05
3.29982e-05
2.00201e-05
1.391e-05
9.9563e-06
5.4003e-06
1.30744e-05
2.35365e-05
1.84814e-05
7.37499e-06
2.22988e-06
2.5577e-09
8.07975e-12
2.62014e-14
3.17516e-18
0
0
0
0
0
0
0
0
0
0
0
0
0
0
0
0
0
0
0
0
0
0
0
0
0
0
0
0
0
0
0
0
0
0
0
0
0
0
0
0
0
0
0
0
0
0
0
0
0
0
0
0
0
0
0
0
0
0
0
0
0
0
0
0
0
0
0
0
0
0
0
0
0
0
0
0
0
0
0
0
0
0
0
0
0
0
0
0
0
0
0
0
0
0
0.158677
0.152123
0.142496
0.130698
0.118606
0.107843
0.09884
0.0913734
0.0849967
0.0793028
0.0740193
0.0688036
0.0632774
0.0568247
0.0480462
0.0381005
0.0247004
0.00960016
0.00232379
0.000531598
6.0496e-06
3.34471e-07
6.19241e-09
8.08264e-10
1.95564e-11
3.15735e-13
1.49042e-14
2.40126e-12
4.76134e-11
2.75164e-09
1.86373e-07
6.18547e-05
0.000134764
1.33764e-06
3.78368e-09
6.37633e-12
2.90235e-13
8.08788e-12
6.64319e-10
1.20276e-06
5.44889e-06
4.05575e-07
1.50382e-07
7.72432e-07
1.3817e-06
5.38074e-06
2.96207e-06
6.14861e-06
1.09404e-05
9.02467e-06
3.93081e-06
1.13666e-06
6.87701e-09
1.66415e-11
4.90753e-14
3.17516e-18
0
0
0
0
0
0
0
0
0
0
0
0
0
0
0
0
0
0
0
0
0
0
0
0
0
0
0
0
0
0
0
0
0
0
0
0
0
0
0
0
0
0
0
0
0
0
0
0
0
0
0
0
0
0
0
0
0
0
0
0
0
0
0
0
0
0
0
0
0
0
0
0
0
0
0
0
0
0
0
0
0
0
0
0
0
0
0
0
0
0
0
0
0
0
0.155902
0.147929
0.136156
0.122181
0.108711
0.0976131
0.0886231
0.0812239
0.074822
0.0689215
0.0631182
0.0569811
0.0499681
0.0412293
0.0290681
0.0150759
0.00483419
0.000736281
9.12285e-05
1.24288e-06
2.14733e-08
1.11953e-09
2.01663e-11
2.12679e-12
4.6659e-14
2.12736e-16
0
3.33075e-15
5.69974e-14
2.93541e-12
6.19948e-10
1.09585e-06
1.91541e-05
2.05716e-07
1.97194e-10
2.05243e-13
1.30182e-16
5.39143e-15
4.67895e-13
4.85428e-08
1.58325e-07
8.24371e-10
2.2566e-10
2.16803e-08
8.28671e-08
2.74052e-06
1.53617e-06
2.97245e-06
5.15323e-06
4.3364e-06
1.97173e-06
5.64283e-07
7.23736e-09
5.21943e-11
2.19588e-13
5.93756e-16
0
0
0
0
0
0
0
0
0
0
0
0
0
0
0
0
0
0
0
0
0
0
0
0
0
0
0
0
0
0
0
0
0
0
0
0
0
0
0
0
0
0
0
0
0
0
0
0
0
0
0
0
0
0
0
0
0
0
0
0
0
0
0
0
0
0
0
0
0
0
0
0
0
0
0
0
0
0
0
0
0
0
0
0
0
0
0
0
0
0
0
0
0
0
0.153288
0.143626
0.128964
0.111499
0.095161
0.0828852
0.0731104
0.0652764
0.0586645
0.0524097
0.0459029
0.0386815
0.0302679
0.0202172
0.00933884
0.00243718
0.000119516
2.02214e-06
4.20968e-07
6.38512e-09
8.61784e-11
3.65866e-12
6.44209e-14
5.7788e-15
0
0
0
0
0
1.24435e-14
2.27388e-11
2.22217e-08
2.16476e-06
2.71009e-08
3.21021e-11
3.03927e-14
0
0
1.84159e-16
2.21539e-09
3.4227e-09
2.45688e-12
2.11993e-13
4.44222e-10
3.74281e-09
1.33838e-06
7.63088e-07
1.43769e-06
2.43263e-06
2.06803e-06
9.74322e-07
2.83461e-07
3.93167e-09
1.70944e-11
5.79944e-14
3.17516e-18
0
0
0
0
0
0
0
0
0
0
0
0
0
0
0
0
0
0
0
0
0
0
0
0
0
0
0
0
0
0
0
0
0
0
0
0
0
0
0
0
0
0
0
0
0
0
0
0
0
0
0
0
0
0
0
0
0
0
0
0
0
0
0
0
0
0
0
0
0
0
0
0
0
0
0
0
0
0
0
0
0
0
0
0
0
0
0
0
0
0
0
0
0
0
0.151019
0.13982
0.121241
0.0954692
0.0674743
0.0486271
0.0340961
0.0238772
0.0307672
0.0281823
0.0231688
0.0174436
0.0113091
0.00530519
0.00130071
0.000212965
1.41924e-06
1.00171e-08
2.14282e-09
2.8591e-11
3.45232e-13
1.2018e-14
3.17516e-18
0
0
0
0
0
0
0
4.51985e-14
6.23834e-11
2.31727e-07
1.71614e-09
1.69701e-12
1.29547e-15
0
0
0
1.04586e-10
6.27125e-11
3.75177e-14
3.17516e-18
7.48273e-12
1.45183e-10
6.32774e-07
3.66459e-07
6.87007e-07
1.13952e-06
9.77078e-07
4.80762e-07
1.49389e-07
4.81772e-09
3.17322e-11
1.04377e-13
1.93685e-16
0
0
0
0
0
0
0
0
0
0
0
0
0
0
0
0
0
0
0
0
0
0
0
0
0
0
0
0
0
0
0
0
0
0
0
0
0
0
0
0
0
0
0
0
0
0
0
0
0
0
0
0
0
0
0
0
0
0
0
0
0
0
0
0
0
0
0
0
0
0
0
0
0
0
0
0
0
0
0
0
0
0
0
0
0
0
0
0
0
0
0
0
0
0
0.149323
0.137998
0.119216
0.0936544
0.0669303
0.01344
0.000676764
0.00205046
0.003816
0.00595876
0.0052179
0.00361614
0.00210502
0.00108745
1.49555e-05
9.32227e-07
8.9365e-09
5.2845e-11
8.59594e-12
1.13236e-13
9.6525e-16
0
0
0
0
0
0
0
0
0
0
9.94493e-14
2.22434e-08
7.81672e-11
6.22745e-14
0
0
0
0
4.97996e-12
1.09962e-12
4.7945e-16
0
1.11426e-13
5.16343e-12
2.916e-07
1.7116e-07
3.22229e-07
5.25068e-07
4.53195e-07
2.35197e-07
8.58356e-08
2.31194e-08
1.16392e-10
3.73993e-13
1.07638e-15
0
0
0
0
0
0
0
0
0
0
0
0
0
0
0
0
0
0
0
0
0
0
0
0
0
0
0
0
0
0
0
0
0
0
0
0
0
0
0
0
0
0
0
0
0
0
0
0
0
0
0
0
0
0
0
0
0
0
0
0
0
0
0
0
0
0
0
0
0
0
0
0
0
0
0
0
0
0
0
0
0
0
0
0
0
0
0
0
0
0
0
0
0
0
0.147797
0.136946
0.119199
0.0954494
0.0710531
0.0686214
1.27343e-05
2.92669e-05
3.55723e-05
0.000119691
0.000133118
0.000111923
1.19212e-05
8.06587e-06
1.24078e-07
4.47988e-09
4.3673e-11
2.44034e-13
3.0272e-14
3.17516e-18
0
0
0
0
0
0
0
0
0
0
0
3.17516e-18
1.97742e-09
3.40306e-12
2.06386e-15
0
0
0
0
2.33432e-13
1.91939e-14
0
0
1.43517e-15
1.73573e-13
1.31597e-07
7.80434e-08
1.47829e-07
2.36332e-07
2.03053e-07
1.07057e-07
3.98644e-08
9.87771e-09
4.9313e-11
1.52278e-13
3.49268e-16
0
0
0
0
0
0
0
0
0
0
0
0
0
0
0
0
0
0
0
0
0
0
0
0
0
0
0
0
0
0
0
0
0
0
0
0
0
0
0
0
0
0
0
0
0
0
0
0
0
0
0
0
0
0
0
0
0
0
0
0
0
0
0
0
0
0
0
0
0
0
0
0
0
0
0
0
0
0
0
0
0
0
0
0
0
0
0
0
0
0
0
0
0
0
0.146259
0.136104
0.119858
0.0985338
0.0769668
0.0714345
0.0698209
2.69042e-07
4.05702e-07
2.32254e-06
2.0746e-06
1.5984e-06
8.36066e-08
4.94307e-08
7.75033e-10
2.06631e-11
1.80838e-13
5.8423e-16
0
0
0
0
0
0
0
0
0
0
0
0
0
0
1.6552e-10
1.56907e-13
0
0
0
0
0
1.07765e-14
1.74634e-16
0
0
0
5.55654e-15
5.83738e-08
3.48405e-08
6.62894e-08
1.03804e-07
8.81017e-08
4.62962e-08
1.70223e-08
4.03292e-09
1.79521e-11
5.04629e-14
3.17516e-18
0
0
0
0
0
0
0
0
0
0
0
0
0
0
0
0
0
0
0
0
0
0
0
0
0
0
0
0
0
0
0
0
0
0
0
0
0
0
0
0
0
0
0
0
0
0
0
0
0
0
0
0
0
0
0
0
0
0
0
0
0
0
0
0
0
0
0
0
0
0
0
0
0
0
0
0
0
0
0
0
0
0
0
0
0
0
0
0
0
0
0
0
0
0
0.144665
0.135289
0.120664
0.101803
0.0827757
0.0749539
0.0714956
0.0698739
0.0031141
2.77252e-08
2.40512e-08
1.62732e-08
5.36792e-10
2.58155e-10
4.34771e-12
8.67677e-14
2.0321e-16
0
0
0
0
0
0
0
0
0
0
0
0
0
0
0
1.31979e-11
4.65161e-15
0
0
0
0
0
3.52443e-16
0
0
0
0
3.17516e-18
2.55328e-08
1.52662e-08
2.90781e-08
4.45559e-08
3.72364e-08
1.93922e-08
7.02935e-09
1.62422e-09
8.69401e-12
1.82477e-14
0
0
0
0
0
0
0
0
0
0
0
0
0
0
0
0
0
0
0
0
0
0
0
0
0
0
0
0
0
0
0
0
0
0
0
0
0
0
0
0
0
0
0
0
0
0
0
0
0
0
0
0
0
0
0
0
0
0
0
0
0
0
0
0
0
0
0
0
0
0
0
0
0
0
0
0
0
0
0
0
0
0
0
0
0
0
0
0
0
0
0
0
0
0
0
0.142989
0.134387
0.121306
0.104686
0.087812
0.0786851
0.0738111
0.0710822
0.0689249
0.0664175
0.0255862
0.00254305
2.38471e-12
9.56559e-13
2.52044e-14
3.17516e-18
0
0
0
0
0
0
0
0
0
0
0
0
0
0
0
6.35033e-17
1.01281e-12
3.17516e-18
0
0
0
0
0
0
0
0
0
2.09878e-15
6.7453e-12
1.1043e-08
6.57779e-09
1.24905e-08
1.87117e-08
1.53895e-08
7.94669e-09
2.85495e-09
6.52645e-10
7.25905e-12
5.69878e-14
1.30182e-16
0
0
0
0
0
0
0
0
0
0
0
0
0
0
0
0
0
0
0
0
0
0
0
0
0
0
0
0
0
0
0
0
0
0
0
0
0
0
0
0
0
0
0
0
0
0
0
0
0
0
0
0
0
0
0
0
0
0
0
0
0
0
0
0
0
0
0
0
0
0
0
0
0
0
0
0
0
0
0
0
0
0
0
0
0
0
0
0
0
0
0
0
0
0
0.141216
0.133334
0.121634
0.106948
0.0918913
0.0822137
0.0763649
0.0727751
0.0703198
0.0676002
0.0643224
0.0589199
0.0532418
1.5463e-15
0
0
0
0
0
0
0
0
0
0
0
0
0
0
0
0
0
4.7945e-16
7.55943e-14
0
0
0
0
0
0
0
0
0
0
1.72729e-14
1.44553e-11
4.73475e-09
2.78823e-09
5.25656e-09
7.68793e-09
6.22724e-09
3.19983e-09
1.14815e-09
2.61939e-10
2.32157e-12
9.97954e-15
0
0
0
0
0
0
0
0
0
0
0
0
0
0
0
0
0
0
0
0
0
0
0
0
0
0
0
0
0
0
0
0
0
0
0
0
0
0
0
0
0
0
0
0
0
0
0
0
0
0
0
0
0
0
0
0
0
0
0
0
0
0
0
0
0
0
0
0
0
0
0
0
0
0
0
0
0
0
0
0
0
0
0
0
0
0
0
0
0
0
0
0
0
0
0
0.13934
0.132104
0.121592
0.108529
0.0949973
0.0852367
0.0787596
0.0744667
0.0714298
0.0686052
0.0658118
0.0617303
0.0557054
0.000115586
0
0
0
0
0
0
0
0
0
0
0
0
0
0
0
0
0
0
4.95961e-15
0
0
0
0
0
0
0
0
0
0
6.61228e-14
1.9328e-11
2.01277e-09
1.16729e-09
2.16483e-09
3.08439e-09
2.46471e-09
1.26841e-09
4.60594e-10
1.07364e-10
1.7873e-12
1.44343e-14
3.17516e-18
0
0
0
0
0
0
0
0
0
0
0
0
0
0
0
0
0
0
0
0
0
0
0
0
0
0
0
0
0
0
0
0
0
0
0
0
0
0
0
0
0
0
0
0
0
0
0
0
0
0
0
0
0
0
0
0
0
0
0
0
0
0
0
0
0
0
0
0
0
0
0
0
0
0
0
0
0
0
0
0
0
0
0
0
0
0
0
0
0
0
0
0
0
0
0.137363
0.130691
0.121179
0.109453
0.0971906
0.0876037
0.0807608
0.0759336
0.0723773
0.0693128
0.0664283
0.0628722
0.0577075
0.0555861
0.00146022
4.25561e-06
2.31306e-08
1.42505e-10
7.54895e-13
2.90845e-15
0
0
0
0
0
0
0
0
0
0
0
0
1.46058e-16
0
0
0
0
0
0
0
0
0
2.47663e-16
1.62241e-13
2.32067e-11
8.49109e-10
4.84122e-10
8.66117e-10
1.20299e-09
9.51149e-10
4.94291e-10
1.85087e-10
4.60078e-11
9.83259e-13
4.16264e-15
0
0
0
0
0
0
0
0
0
0
0
0
0
0
0
0
0
0
0
0
0
0
0
0
0
0
0
0
0
0
0
0
0
0
0
0
0
0
0
0
0
0
0
0
0
0
0
0
0
0
0
0
0
0
0
0
0
0
0
0
0
0
0
0
0
0
0
0
0
0
0
0
0
0
0
0
0
0
0
0
0
0
0
0
0
0
0
0
0
0
0
0
0
0
0
0.135294
0.129104
0.120419
0.109781
0.098564
0.089275
0.0822593
0.0770619
0.0731026
0.0697826
0.0667681
0.0635233
0.0593852
0.0565495
0.0539154
0.0520671
0.0498817
0.0474144
0.0447606
0.0417654
0.0379778
0.0311865
0.00221853
2.28419e-05
1.5416e-08
1.11849e-11
1.0948e-14
0
0
1.32943e-07
2.55851e-06
4.49305e-06
4.38147e-07
5.62087e-08
3.51001e-10
1.41063e-13
0
0
7.06623e-13
1.12718e-15
4.07539e-12
2.54188e-13
4.10225e-13
1.20763e-11
9.0363e-11
3.54403e-10
1.9557e-10
3.33093e-10
4.52739e-10
3.56065e-10
1.87997e-10
7.40072e-11
2.18321e-11
4.48112e-12
1.95622e-14
3.17516e-18
0
0
0
0
0
0
0
0
0
0
0
0
0
0
0
0
0
0
0
0
0
0
0
0
0
0
0
0
0
0
0
0
0
0
0
0
0
0
0
0
0
0
0
0
0
0
0
0
0
0
0
0
0
0
0
0
0
0
0
0
0
0
0
0
0
0
0
0
0
0
0
0
0
0
0
0
0
0
0
0
0
0
0
0
0
0
0
0
0
0
0
0
0
0
0.133147
0.127362
0.119348
0.109583
0.0992166
0.0902691
0.0832133
0.0777848
0.0735386
0.0700037
0.0668711
0.0637846
0.0603412
0.0574713
0.0551556
0.0529591
0.0506562
0.048195
0.0455459
0.0426158
0.0391162
0.0336386
0.028996
0.0220884
0.000833392
2.40906e-06
4.15907e-09
4.66642e-07
2.32977e-05
7.04086e-05
0.000178027
5.43556e-05
1.07706e-05
2.03529e-06
4.51771e-07
9.31283e-09
9.13696e-11
1.13651e-09
1.26102e-09
2.11276e-09
2.71752e-10
2.90019e-11
2.09887e-12
2.39689e-12
2.61026e-11
1.18341e-10
7.08647e-11
1.20941e-10
1.63086e-10
1.28766e-10
6.86106e-11
2.72798e-11
8.1087e-12
1.51963e-12
9.52232e-15
3.17516e-18
0
0
0
0
0
0
0
0
0
0
0
0
0
0
0
0
0
0
0
0
0
0
0
0
0
0
0
0
0
0
0
0
0
0
0
0
0
0
0
0
0
0
0
0
0
0
0
0
0
0
0
0
0
0
0
0
0
0
0
0
0
0
0
0
0
0
0
0
0
0
0
0
0
0
0
0
0
0
0
0
0
0
0
0
0
0
0
0
0
0
0
0
0
0
0.13094
0.125486
0.118006
0.108926
0.0992376
0.0906254
0.0836118
0.0780589
0.0736237
0.0699265
0.0666917
0.0636576
0.0605645
0.0577625
0.0553003
0.0529234
0.0505002
0.0479824
0.0453469
0.0425484
0.0394493
0.0354448
0.0311632
0.0249383
0.0199432
0.00269558
0.000188492
0.00055643
0.00403724
0.00199998
0.00090966
0.000298083
8.0772e-05
2.04887e-05
5.25971e-06
1.9286e-06
6.72187e-07
2.23302e-07
7.03018e-08
2.0523e-08
4.39817e-09
7.04623e-10
8.33372e-11
6.85491e-12
6.22756e-12
3.60517e-11
2.43565e-11
4.14245e-11
5.65166e-11
4.53075e-11
2.42719e-11
9.52543e-12
2.72477e-12
4.77649e-13
3.21327e-15
0
0
0
0
0
0
0
0
0
0
0
0
0
0
0
0
0
0
0
0
0
0
0
0
0
0
0
0
0
0
0
0
0
0
0
0
0
0
0
0
0
0
0
0
0
0
0
0
0
0
0
0
0
0
0
0
0
0
0
0
0
0
0
0
0
0
0
0
0
0
0
0
0
0
0
0
0
0
0
0
0
0
0
0
0
0
0
0
0
0
0
0
0
0
0
0.128695
0.123504
0.116431
0.107868
0.0987006
0.0903847
0.0834548
0.0778515
0.0733028
0.0694913
0.0661703
0.0631269
0.0601699
0.0573975
0.0548181
0.0523044
0.0497722
0.0471847
0.044526
0.0417769
0.0388883
0.0356615
0.0320746
0.0274578
0.0225618
0.0197782
0.0171311
0.0139743
0.0102545
0.00578598
0.00256329
0.000920024
0.000289418
8.57258e-05
2.58279e-05
8.64293e-06
2.91695e-06
9.61518e-07
3.02759e-07
8.83165e-08
2.14716e-08
4.29382e-09
6.96991e-10
8.93512e-11
1.01461e-11
1.08674e-11
8.25453e-12
1.36898e-11
1.91163e-11
1.57408e-11
8.4873e-12
3.24403e-12
8.65216e-13
1.37011e-13
9.08097e-16
0
0
0
0
0
0
0
0
0
0
0
0
0
0
0
0
0
0
0
0
0
0
0
0
0
0
0
0
0
0
0
0
0
0
0
0
0
0
0
0
0
0
0
0
0
0
0
0
0
0
0
0
0
0
0
0
0
0
0
0
0
0
0
0
0
0
0
0
0
0
0
0
0
0
0
0
0
0
0
0
0
0
0
0
0
0
0
0
0
0
0
0
0
0
0
0.126436
0.121441
0.114657
0.106457
0.0976599
0.0895784
0.082742
0.0771342
0.072526
0.068639
0.0652468
0.062163
0.0592295
0.056438
0.0537629
0.0511286
0.0484769
0.0457733
0.0429909
0.0401029
0.037089
0.0339275
0.0306288
0.0271001
0.0234379
0.0196586
0.0157955
0.0116161
0.00735894
0.00375602
0.00153079
0.000531976
0.000172291
5.48517e-05
1.77298e-05
5.89342e-06
1.9797e-06
6.58361e-07
2.11866e-07
6.41557e-08
1.77182e-08
4.35353e-09
9.28584e-10
1.68293e-10
2.58377e-11
6.01319e-12
3.07567e-12
4.50027e-12
6.42671e-12
5.49358e-12
2.99788e-12
1.09357e-12
2.61078e-13
3.82861e-14
2.57188e-16
0
0
0
0
0
0
0
0
0
0
0
0
0
0
0
0
0
0
0
0
0
0
0
0
0
0
0
0
0
0
0
0
0
0
0
0
0
0
0
0
0
0
0
0
0
0
0
0
0
0
0
0
0
0
0
0
0
0
0
0
0
0
0
0
0
0
0
0
0
0
0
0
0
0
0
0
0
0
0
0
0
0
0
0
0
0
0
0
0
0
0
0
0
0
0
0.12419
0.119325
0.112716
0.104727
0.0961494
0.088222
0.0814646
0.0758759
0.0712442
0.0673103
0.0638597
0.0607202
0.0577503
0.0548965
0.0521117
0.0493324
0.0464965
0.043538
0.0403706
0.0368975
0.0330482
0.0286924
0.0235958
0.0179523
0.0120962
0.00731167
0.00443137
0.00247315
0.00125662
0.000592996
0.000254428
0.000101517
3.76771e-05
1.32475e-05
4.5441e-06
1.56572e-06
5.58107e-07
2.03411e-07
7.38731e-08
2.55982e-08
8.34403e-09
2.51545e-09
6.83677e-10
1.64554e-10
3.46304e-11
6.97341e-12
1.84318e-12
1.58771e-12
2.19307e-12
1.95735e-12
1.0935e-12
3.76057e-13
7.54324e-14
9.2048e-15
6.35033e-17
0
0
0
0
0
0
0
0
0
0
0
0
0
0
0
0
0
0
0
0
0
0
0
0
0
0
0
0
0
0
0
0
0
0
0
0
0
0
0
0
0
0
0
0
0
0
0
0
0
0
0
0
0
0
0
0
0
0
0
0
0
0
0
0
0
0
0
0
0
0
0
0
0
0
0
0
0
0
0
0
0
0
0
0
0
0
0
0
0
0
0
0
0
0
0
0.121974
0.117167
0.110621
0.102712
0.0942033
0.0863087
0.0795965
0.0740329
0.0693994
0.0654378
0.0619364
0.0587291
0.0556816
0.0527174
0.0497651
0.0467375
0.0435117
0.0399073
0.0356807
0.0305748
0.0239298
0.016129
0.00914256
0.00439079
0.00182346
0.000713196
0.000390406
0.000208521
0.000123349
9.46021e-05
5.01167e-05
2.2711e-05
8.76076e-06
2.9811e-06
9.31662e-07
2.88132e-07
1.06294e-07
4.33938e-08
1.88027e-08
7.60314e-09
2.91921e-09
1.06644e-09
3.58807e-10
1.1027e-10
3.05768e-11
7.61674e-12
1.80173e-12
7.39661e-13
7.89308e-13
7.21324e-13
4.18363e-13
1.47077e-13
2.98719e-14
6.09631e-16
0
0
0
0
0
0
0
0
0
0
0
0
0
0
0
0
0
0
0
0
0
0
0
0
0
0
0
0
0
0
0
0
0
0
0
0
0
0
0
0
0
0
0
0
0
0
0
0
0
0
0
0
0
0
0
0
0
0
0
0
0
0
0
0
0
0
0
0
0
0
0
0
0
0
0
0
0
0
0
0
0
0
0
0
0
0
0
0
0
0
0
0
0
0
0
0
0.119758
0.114891
0.108248
0.100252
0.0917369
0.0839095
0.0772751
0.071768
0.0670445
0.0629361
0.0593784
0.0560809
0.0529015
0.0497336
0.046448
0.0428512
0.0386433
0.0334147
0.0267572
0.0183712
0.00979402
0.00410512
0.00149498
0.000536057
0.00016842
6.54662e-05
5.95873e-06
3.24936e-07
3.12077e-06
2.49943e-05
1.20211e-05
5.98733e-06
2.2408e-06
6.72351e-07
1.71316e-07
4.37599e-08
1.58421e-08
7.10016e-09
4.0714e-09
1.873e-09
8.24981e-10
3.6357e-10
1.46951e-10
5.59937e-11
2.00603e-11
6.5116e-12
1.81446e-12
5.27099e-13
3.27826e-13
2.78887e-13
1.66283e-13
6.02329e-14
1.27134e-14
3.61969e-16
0
0
0
0
0
0
0
0
0
0
0
0
0
0
0
0
0
0
0
0
0
0
0
0
0
0
0
0
0
0
0
0
0
0
0
0
0
0
0
0
0
0
0
0
0
0
0
0
0
0
0
0
0
0
0
0
0
0
0
0
0
0
0
0
0
0
0
0
0
0
0
0
0
0
0
0
0
0
0
0
0
0
0
0
0
0
0
0
0
0
0
0
0
0
0
0
0.117563
0.11251
0.105595
0.0973326
0.0886961
0.0808831
0.074313
0.0688528
0.0641533
0.0600445
0.056135
0.0525748
0.0491174
0.0454717
0.041345
0.0363129
0.0298569
0.0216715
0.0125421
0.00503833
0.00162624
0.000464642
0.000128145
4.72903e-05
1.33181e-05
4.01488e-07
6.25781e-09
5.43947e-11
6.67256e-09
1.63861e-07
3.98905e-07
1.24233e-06
4.64628e-07
1.11243e-07
2.04308e-08
4.14379e-09
1.84229e-10
8.89606e-11
8.63771e-10
3.76137e-10
1.80138e-10
1.02283e-10
4.74979e-11
2.17548e-11
1.00661e-11
4.41204e-12
1.56253e-12
4.56738e-13
1.75485e-13
1.16798e-13
6.84724e-14
2.51282e-14
5.44541e-15
1.61933e-16
0
0
0
0
0
0
0
0
0
0
0
0
0
0
0
0
0
0
0
0
0
0
0
0
0
0
0
0
0
0
0
0
0
0
0
0
0
0
0
0
0
0
0
0
0
0
0
0
0
0
0
0
0
0
0
0
0
0
0
0
0
0
0
0
0
0
0
0
0
0
0
0
0
0
0
0
0
0
0
0
0
0
0
0
0
0
0
0
0
0
0
0
0
0
0
0
0.115407
0.110032
0.102652
0.0939265
0.0850268
0.0771414
0.0705898
0.0651404
0.0604302
0.0562338
0.0521573
0.0479593
0.0434688
0.038554
0.0324559
0.0247432
0.0157073
0.0073625
0.00222077
0.000561592
0.000138688
3.01915e-05
7.44567e-06
2.02118e-07
1.72301e-09
1.76277e-10
5.10601e-12
3.35615e-14
2.03993e-12
5.58548e-11
2.41387e-09
2.29254e-08
5.89112e-08
1.12389e-08
1.07034e-09
1.20051e-11
7.48926e-14
6.88058e-15
3.70426e-12
7.7184e-12
6.74156e-12
2.41284e-11
1.08374e-11
5.66073e-12
3.4759e-12
2.29334e-12
1.09485e-12
3.69465e-13
1.15163e-13
5.47938e-14
2.93512e-14
1.04717e-14
2.21309e-15
3.17516e-18
0
0
0
0
0
0
0
0
0
0
0
0
0
0
0
0
0
0
0
0
0
0
0
0
0
0
0
0
0
0
0
0
0
0
0
0
0
0
0
0
0
0
0
0
0
0
0
0
0
0
0
0
0
0
0
0
0
0
0
0
0
0
0
0
0
0
0
0
0
0
0
0
0
0
0
0
0
0
0
0
0
0
0
0
0
0
0
0
0
0
0
0
0
0
0
0
0.113305
0.107472
0.0994183
0.0899982
0.0806219
0.072487
0.0658253
0.0602535
0.0553553
0.0508017
0.0461656
0.0410544
0.0341186
0.0265583
0.0181611
0.00982936
0.00381344
0.000968464
0.00018309
3.42057e-05
8.02834e-06
1.36506e-06
1.43227e-08
1.17973e-10
2.44038e-12
1.48626e-13
3.76892e-15
0
6.73135e-16
1.47137e-14
7.73e-13
8.04163e-11
7.11893e-10
8.2313e-10
6.62511e-12
9.94779e-15
0
0
1.4701e-15
3.5203e-14
1.46753e-13
1.25546e-12
7.77185e-14
1.04949e-13
2.49504e-13
1.00426e-12
6.58272e-13
2.58134e-13
7.73819e-14
2.84272e-14
1.31452e-14
4.16264e-15
8.31893e-16
0
0
0
0
0
0
0
0
0
0
0
0
0
0
0
0
0
0
0
0
0
0
0
0
0
0
0
0
0
0
0
0
0
0
0
0
0
0
0
0
0
0
0
0
0
0
0
0
0
0
0
0
0
0
0
0
0
0
0
0
0
0
0
0
0
0
0
0
0
0
0
0
0
0
0
0
0
0
0
0
0
0
0
0
0
0
0
0
0
0
0
0
0
0
0
0
0
0.111283
0.104879
0.0959393
0.0855024
0.0752142
0.0663431
0.0591533
0.0529826
0.0473404
0.0417934
0.0358608
0.0290104
0.0202088
0.0111227
0.00516903
0.00174881
0.000397731
5.39808e-05
6.96157e-06
9.75448e-07
1.70222e-08
8.6329e-11
1.63701e-11
1.21533e-13
2.55601e-15
3.17516e-18
0
0
0
0
3.49268e-17
3.09864e-14
6.24609e-12
5.96267e-11
4.98612e-13
3.96895e-16
0
0
0
0
4.20392e-15
3.63302e-14
3.49268e-17
3.17516e-18
1.42438e-14
1.07013e-13
3.57158e-13
1.49636e-13
4.67765e-14
1.54154e-14
6.11536e-15
1.5463e-15
2.47663e-16
0
0
0
0
0
0
0
0
0
0
0
0
0
0
0
0
0
0
0
0
0
0
0
0
0
0
0
0
0
0
0
0
0
0
0
0
0
0
0
0
0
0
0
0
0
0
0
0
0
0
0
0
0
0
0
0
0
0
0
0
0
0
0
0
0
0
0
0
0
0
0
0
0
0
0
0
0
0
0
0
0
0
0
0
0
0
0
0
0
0
0
0
0
0
0
0
0
0.109383
0.102377
0.0923691
0.0803647
0.0680273
0.0568997
0.0480616
0.0403204
0.0333688
0.0268262
0.0202118
0.0132811
0.00653427
0.00236034
0.000690778
0.000144933
1.62122e-05
1.56064e-06
1.21581e-07
6.10994e-10
2.54309e-11
1.78746e-13
2.17467e-14
3.17516e-18
0
0
0
0
0
0
0
0
7.27747e-14
3.56966e-12
2.29215e-14
0
0
0
0
0
3.17516e-18
6.8901e-16
0
0
5.39778e-16
6.852e-15
1.84201e-13
8.1081e-14
2.68841e-14
8.72217e-15
3.26724e-15
8.44593e-16
0
0
0
0
0
0
0
0
0
0
0
0
0
0
0
0
0
0
0
0
0
0
0
0
0
0
0
0
0
0
0
0
0
0
0
0
0
0
0
0
0
0
0
0
0
0
0
0
0
0
0
0
0
0
0
0
0
0
0
0
0
0
0
0
0
0
0
0
0
0
0
0
0
0
0
0
0
0
0
0
0
0
0
0
0
0
0
0
0
0
0
0
0
0
0
0
0
0
0.107671
0.100213
0.0891625
0.0747956
0.0575139
0.0394099
0.0270083
0.0173285
0.0102509
0.00910097
0.00576649
0.00292888
0.00103487
0.000260275
4.68794e-05
4.60812e-06
1.30116e-07
1.00144e-09
1.73377e-10
1.09853e-12
5.50065e-14
1.07956e-16
0
0
0
0
0
0
0
0
0
0
3.17516e-18
2.23808e-13
7.27112e-16
0
0
0
0
0
0
0
0
0
0
2.31787e-16
9.0943e-14
4.21471e-14
1.50979e-14
5.13741e-15
1.92732e-15
5.42953e-16
0
0
0
0
0
0
0
0
0
0
0
0
0
0
0
0
0
0
0
0
0
0
0
0
0
0
0
0
0
0
0
0
0
0
0
0
0
0
0
0
0
0
0
0
0
0
0
0
0
0
0
0
0
0
0
0
0
0
0
0
0
0
0
0
0
0
0
0
0
0
0
0
0
0
0
0
0
0
0
0
0
0
0
0
0
0
0
0
0
0
0
0
0
0
0
0
0
0
0.106198
0.0986877
0.0874071
0.0725563
0.0550924
0.0381466
0.00759657
0.000307002
8.84271e-05
0.000272572
0.000392161
0.000261296
8.46441e-05
1.39179e-05
1.44853e-06
4.3765e-08
3.74561e-10
2.15676e-12
4.30727e-13
2.27024e-15
3.17516e-18
0
0
0
0
0
0
0
0
0
0
0
0
1.33198e-14
0
0
0
0
0
0
0
0
0
0
0
0
4.30965e-14
2.11275e-14
8.32845e-15
3.13706e-15
1.26372e-15
4.15946e-16
3.17516e-18
0
0
0
0
0
0
0
0
0
0
0
0
0
0
0
0
0
0
0
0
0
0
0
0
0
0
0
0
0
0
0
0
0
0
0
0
0
0
0
0
0
0
0
0
0
0
0
0
0
0
0
0
0
0
0
0
0
0
0
0
0
0
0
0
0
0
0
0
0
0
0
0
0
0
0
0
0
0
0
0
0
0
0
0
0
0
0
0
0
0
0
0
0
0
0
0
0
0.104825
0.0975607
0.0866776
0.0723452
0.0554676
0.0388899
0.017349
6.42164e-06
4.10324e-07
5.15448e-09
4.45594e-07
6.19033e-06
5.15828e-06
1.04547e-07
4.44769e-09
7.80193e-11
1.06428e-12
5.34063e-15
6.47733e-16
0
0
0
0
0
0
0
0
0
0
0
0
0
0
6.73135e-16
0
0
0
0
0
0
0
0
0
0
0
0
1.93494e-14
1.01415e-14
4.44523e-15
1.90827e-15
8.82695e-16
3.74669e-16
2.22261e-16
7.30288e-17
0
0
0
0
0
0
0
0
0
0
0
0
0
0
0
0
0
0
0
0
0
0
0
0
0
0
0
0
0
0
0
0
0
0
0
0
0
0
0
0
0
0
0
0
0
0
0
0
0
0
0
0
0
0
0
0
0
0
0
0
0
0
0
0
0
0
0
0
0
0
0
0
0
0
0
0
0
0
0
0
0
0
0
0
0
0
0
0
0
0
0
0
0
0
0
0
0.103453
0.0965766
0.0863925
0.0730965
0.0576102
0.0424796
0.0378869
0.0359276
2.20475e-09
2.97685e-11
2.19872e-09
2.94409e-08
2.08817e-08
4.04051e-10
1.55236e-11
1.65188e-13
2.25754e-15
0
0
0
0
0
0
0
0
0
0
0
0
0
0
0
0
0
0
0
0
0
0
0
0
0
0
0
0
0
8.20462e-15
4.58494e-15
2.22579e-15
1.08908e-15
5.62004e-16
2.85765e-16
1.30182e-16
3.17516e-18
0
0
0
0
0
0
0
0
0
0
0
0
0
0
0
0
0
0
0
0
0
0
0
0
0
0
0
0
0
0
0
0
0
0
0
0
0
0
0
0
0
0
0
0
0
0
0
0
0
0
0
0
0
0
0
0
0
0
0
0
0
0
0
0
0
0
0
0
0
0
0
0
0
0
0
0
0
0
0
0
0
0
0
0
0
0
0
0
0
0
0
0
0
0
0
0
0.102046
0.0956454
0.0863178
0.0742783
0.0604194
0.0470475
0.0415993
0.0376441
0.0236272
1.09162e-13
9.24461e-12
1.18029e-10
7.26535e-11
1.28346e-12
4.3287e-14
1.17481e-16
0
0
0
0
0
0
0
0
0
0
0
0
0
0
0
0
0
0
0
0
0
0
0
0
0
0
0
0
0
0
3.23232e-15
1.94002e-15
1.05415e-15
5.68354e-16
3.01641e-16
1.52408e-16
3.17516e-18
0
0
0
0
0
0
0
0
0
0
0
0
0
0
0
0
0
0
0
0
0
0
0
0
0
0
0
0
0
0
0
0
0
0
0
0
0
0
0
0
0
0
0
0
0
0
0
0
0
0
0
0
0
0
0
0
0
0
0
0
0
0
0
0
0
0
0
0
0
0
0
0
0
0
0
0
0
0
0
0
0
0
0
0
0
0
0
0
0
0
0
0
0
0
0
0
0
0.100577
0.0946895
0.086266
0.0755205
0.0632528
0.051345
0.0447381
0.0398317
0.0373174
0.0355121
0.00698827
3.55272e-13
2.11847e-13
3.40695e-15
3.17516e-18
0
0
0
0
0
0
0
0
0
0
0
0
0
0
0
0
0
0
0
0
0
0
0
0
0
0
0
0
0
0
0
1.13036e-15
7.55689e-16
4.38173e-16
2.57188e-16
1.14306e-16
3.17516e-18
0
0
0
0
0
0
0
0
0
0
0
0
0
0
0
0
0
0
0
0
0
0
0
0
0
0
0
0
0
0
0
0
0
0
0
0
0
0
0
0
0
0
0
0
0
0
0
0
0
0
0
0
0
0
0
0
0
0
0
0
0
0
0
0
0
0
0
0
0
0
0
0
0
0
0
0
0
0
0
0
0
0
0
0
0
0
0
0
0
0
0
0
0
0
0
0
0
0
0.0990237
0.093652
0.0861121
0.0766007
0.0657952
0.0551623
0.048022
0.0427703
0.0397431
0.0370286
0.0345042
0.0327032
0.0294611
0.00400746
8.99885e-05
1.09565e-06
5.53803e-09
1.36778e-11
1.36373e-14
0
0
0
0
0
0
0
0
0
0
0
0
0
0
0
0
0
0
0
0
0
0
0
0
0
0
0
2.47663e-16
2.15911e-16
1.30182e-16
3.17516e-18
0
0
0
0
0
0
0
0
0
0
0
0
0
0
0
0
0
0
0
0
0
0
0
0
0
0
0
0
0
0
0
0
0
0
0
0
0
0
0
0
0
0
0
0
0
0
0
0
0
0
0
0
0
0
0
0
0
0
0
0
0
0
0
0
0
0
0
0
0
0
0
0
0
0
0
0
0
0
0
0
0
0
0
0
0
0
0
0
0
0
0
0
0
0
0
0
0
0
0
0
0.0973663
0.0924928
0.0857804
0.0773999
0.0679041
0.0584143
0.0511993
0.045733
0.0420406
0.0389744
0.0365136
0.0340558
0.0306726
0.025618
8.82667e-07
9.55262e-09
3.73026e-11
1.18227e-13
3.17516e-18
0
0
0
0
0
0
0
0
0
0
0
0
0
0
0
0
0
0
0
0
0
0
0
0
0
0
0
0
3.17516e-18
3.17516e-18
0
0
0
0
0
0
0
0
0
0
0
0
0
0
0
0
0
0
0
0
0
0
0
0
0
0
0
0
0
0
0
0
0
0
0
0
0
0
0
0
0
0
0
0
0
0
0
0
0
0
0
0
0
0
0
0
0
0
0
0
0
0
0
0
0
0
0
0
0
0
0
0
0
0
0
0
0
0
0
0
0
0
0
0
0
0
0
0
0
0
0
0
0
0
0
0
0
0
0
0
0
0.0955876
0.0911847
0.0852292
0.0778632
0.0695267
0.0610677
0.0540564
0.0484846
0.0443135
0.0408986
0.0380445
0.0352579
0.0319007
0.0270855
5.57799e-05
3.43275e-08
1.94437e-11
1.28435e-14
0
0
0
0
0
0
0
0
0
0
0
0
0
0
0
0
0
0
0
0
0
0
0
0
0
0
0
0
0
0
0
0
0
0
0
0
0
0
0
0
0
0
0
0
0
0
0
0
0
0
0
0
0
0
0
0
0
0
0
0
0
0
0
0
0
0
0
0
0
0
0
0
0
0
0
0
0
0
0
0
0
0
0
0
0
0
0
0
0
0
0
0
0
0
0
0
0
0
0
0
0
0
0
0
0
0
0
0
0
0
0
0
0
0
0
0
0
0
0
0
0
0
0
0
0
0
0
0
0
0
0
0
0.0936718
0.0897081
0.0844368
0.0779719
0.0706577
0.0631302
0.0564864
0.0509386
0.0464857
0.0427719
0.0395754
0.0365568
0.0332734
0.0289759
0.0276421
0.0252707
0.00316824
0.000159934
5.15424e-06
1.23693e-07
4.52216e-05
6.25957e-05
1.64153e-06
2.98178e-09
0
0
0
0
0
0
0
2.97237e-13
2.87917e-13
1.20656e-15
0
0
0
0
0
0
0
0
0
0
0
0
0
0
0
0
0
0
0
0
0
0
0
0
0
0
0
0
0
0
0
0
0
0
0
0
0
0
0
0
0
0
0
0
0
0
0
0
0
0
0
0
0
0
0
0
0
0
0
0
0
0
0
0
0
0
0
0
0
0
0
0
0
0
0
0
0
0
0
0
0
0
0
0
0
0
0
0
0
0
0
0
0
0
0
0
0
0
0
0
0
0
0
0
0
0
0
0
0
0
0
0
0
0
0
0
0.0916027
0.0880467
0.0833908
0.0777244
0.0713128
0.0646303
0.0584487
0.0530517
0.0484917
0.0445873
0.0411645
0.038003
0.0348314
0.0312514
0.0290288
0.0264706
0.0246973
0.0227709
0.0203978
0.0172509
0.0128777
0.0075771
0.00300697
0.000763244
5.84528e-06
1.71554e-09
4.69416e-13
3.17516e-18
0
0
6.08647e-12
2.57372e-10
2.8972e-10
2.19167e-11
1.39928e-12
4.29917e-15
0
0
0
0
1.20656e-16
2.34962e-16
0
0
0
0
0
0
0
0
0
0
0
0
0
0
0
0
0
0
0
0
0
0
0
0
0
0
0
0
0
0
0
0
0
0
0
0
0
0
0
0
0
0
0
0
0
0
0
0
0
0
0
0
0
0
0
0
0
0
0
0
0
0
0
0
0
0
0
0
0
0
0
0
0
0
0
0
0
0
0
0
0
0
0
0
0
0
0
0
0
0
0
0
0
0
0
0
0
0
0
0
0
0
0
0
0
0
0
0
0.0893619
0.0861832
0.0820808
0.0771227
0.0715114
0.0655989
0.0599309
0.0547908
0.0502709
0.0462982
0.0427624
0.0395274
0.0364363
0.0332896
0.0307153
0.0282071
0.0262175
0.0241043
0.0215246
0.0180463
0.0132826
0.00774791
0.00329488
0.00103513
0.000310961
1.40866e-05
1.55398e-07
6.8222e-10
6.00869e-09
2.21467e-08
8.05914e-08
1.89596e-08
4.2053e-09
6.42744e-10
8.60482e-11
1.37794e-11
3.09042e-13
3.73717e-15
1.94066e-14
1.00916e-13
2.0321e-14
4.19122e-15
6.00106e-16
3.17516e-18
0
0
0
0
0
0
0
0
0
0
0
0
0
0
0
0
0
0
0
0
0
0
0
0
0
0
0
0
0
0
0
0
0
0
0
0
0
0
0
0
0
0
0
0
0
0
0
0
0
0
0
0
0
0
0
0
0
0
0
0
0
0
0
0
0
0
0
0
0
0
0
0
0
0
0
0
0
0
0
0
0
0
0
0
0
0
0
0
0
0
0
0
0
0
0
0
0
0
0
0
0
0
0
0
0
0
0.0869255
0.0840968
0.0804927
0.0761651
0.0712665
0.0660572
0.0609247
0.0561206
0.0517573
0.047828
0.044277
0.0410266
0.0379868
0.0350499
0.0323949
0.0298858
0.0275973
0.0251776
0.0222334
0.0182757
0.0130347
0.00736261
0.00316344
0.0011102
0.000370308
0.000142423
5.10598e-05
1.71944e-05
5.53576e-06
1.72416e-06
5.23334e-07
1.24625e-07
2.72765e-08
5.38434e-09
1.00272e-09
1.94971e-10
5.26049e-11
1.35155e-11
3.36288e-12
8.27886e-13
1.57764e-13
2.76303e-14
4.4357e-15
6.47733e-16
3.17516e-18
0
0
0
0
0
0
0
0
0
0
0
0
0
0
0
0
0
0
0
0
0
0
0
0
0
0
0
0
0
0
0
0
0
0
0
0
0
0
0
0
0
0
0
0
0
0
0
0
0
0
0
0
0
0
0
0
0
0
0
0
0
0
0
0
0
0
0
0
0
0
0
0
0
0
0
0
0
0
0
0
0
0
0
0
0
0
0
0
0
0
0
0
0
0
0
0
0
0
0
0
0
0
0
0
0
0.0842621
0.0817578
0.0786035
0.0748385
0.0705767
0.0660095
0.0614131
0.0569967
0.0528756
0.0490802
0.0455943
0.0423788
0.0393809
0.036535
0.0338598
0.0312843
0.0287314
0.0259117
0.0223904
0.0176881
0.0118265
0.0061709
0.00250887
0.00087723
0.000295216
0.000100942
3.32132e-05
1.04335e-05
3.13363e-06
9.04061e-07
2.47033e-07
6.0563e-08
1.38053e-08
3.03297e-09
6.66912e-10
1.51852e-10
3.67236e-11
8.74462e-12
2.01827e-12
4.43755e-13
8.7082e-14
1.57996e-14
2.66396e-15
3.96895e-16
3.17516e-18
0
0
0
0
0
0
0
0
0
0
0
0
0
0
0
0
0
0
0
0
0
0
0
0
0
0
0
0
0
0
0
0
0
0
0
0
0
0
0
0
0
0
0
0
0
0
0
0
0
0
0
0
0
0
0
0
0
0
0
0
0
0
0
0
0
0
0
0
0
0
0
0
0
0
0
0
0
0
0
0
0
0
0
0
0
0
0
0
0
0
0
0
0
0
0
0
0
0
0
0
0
0
0
0
0
0.0813262
0.0791222
0.0763737
0.0731105
0.0694176
0.0654346
0.0613584
0.0573555
0.0535322
0.049936
0.0465743
0.0434312
0.0404735
0.0376501
0.0349174
0.0321788
0.0292629
0.0258335
0.0214216
0.0157111
0.00934693
0.00426028
0.00156332
0.000515068
0.000164559
5.18705e-05
1.58729e-05
4.67199e-06
1.31528e-06
3.54715e-07
9.12291e-08
2.20229e-08
5.0339e-09
1.13586e-09
2.5792e-10
5.94415e-11
1.37015e-11
3.07781e-12
6.68378e-13
1.38952e-13
2.7081e-14
4.97866e-15
8.63644e-16
8.57294e-17
0
0
0
0
0
0
0
0
0
0
0
0
0
0
0
0
0
0
0
0
0
0
0
0
0
0
0
0
0
0
0
0
0
0
0
0
0
0
0
0
0
0
0
0
0
0
0
0
0
0
0
0
0
0
0
0
0
0
0
0
0
0
0
0
0
0
0
0
0
0
0
0
0
0
0
0
0
0
0
0
0
0
0
0
0
0
0
0
0
0
0
0
0
0
0
0
0
0
0
0
0
0
0
0
0
0
0.0780477
0.076119
0.0737348
0.0709174
0.0677295
0.064272
0.0606848
0.0570952
0.0535936
0.0502301
0.0470219
0.0439617
0.0410198
0.0381389
0.0352305
0.0321374
0.0285928
0.0241934
0.0185521
0.0119099
0.00590415
0.00227236
0.000748478
0.000231168
6.98412e-05
2.07263e-05
5.98645e-06
1.66943e-06
4.4687e-07
1.14259e-07
2.79606e-08
6.54966e-09
1.49275e-09
3.36161e-10
7.55861e-11
1.69852e-11
3.76729e-12
8.12718e-13
1.68573e-13
3.37837e-14
6.49321e-15
1.20021e-15
1.84159e-16
3.17516e-18
0
0
0
0
0
0
0
0
0
0
0
0
0
0
0
0
0
0
0
0
0
0
0
0
0
0
0
0
0
0
0
0
0
0
0
0
0
0
0
0
0
0
0
0
0
0
0
0
0
0
0
0
0
0
0
0
0
0
0
0
0
0
0
0
0
0
0
0
0
0
0
0
0
0
0
0
0
0
0
0
0
0
0
0
0
0
0
0
0
0
0
0
0
0
0
0
0
0
0
0
0
0
0
0
0
0
0.0743165
0.0726347
0.0705715
0.0681427
0.0653938
0.0623965
0.0592486
0.0560426
0.0528483
0.0497071
0.0466326
0.0436111
0.0405981
0.0375073
0.0341921
0.030415
0.0258307
0.0200885
0.0133137
0.00690602
0.00275217
0.000914639
0.000278767
8.20605e-05
2.37219e-05
6.72364e-06
1.85578e-06
4.95747e-07
1.27632e-07
3.15965e-08
7.52937e-09
1.73747e-09
3.91698e-10
8.70274e-11
1.91637e-11
4.18111e-12
8.97736e-13
1.88192e-13
3.83147e-14
7.60452e-15
1.45105e-15
2.57188e-16
3.17516e-18
0
0
0
0
0
0
0
0
0
0
0
0
0
0
0
0
0
0
0
0
0
0
0
0
0
0
0
0
0
0
0
0
0
0
0
0
0
0
0
0
0
0
0
0
0
0
0
0
0
0
0
0
0
0
0
0
0
0
0
0
0
0
0
0
0
0
0
0
0
0
0
0
0
0
0
0
0
0
0
0
0
0
0
0
0
0
0
0
0
0
0
0
0
0
0
0
0
0
0
0
0
0
0
0
0
0
0
0.0699574
0.0684876
0.0666958
0.0645911
0.0622055
0.0595882
0.0568029
0.0539111
0.0509584
0.047967
0.0449331
0.0418195
0.038547
0.0349776
0.030896
0.0260084
0.0200531
0.0132384
0.00691093
0.00279357
0.000938655
0.000286499
8.36659e-05
2.38554e-05
6.671e-06
1.8246e-06
4.85791e-07
1.25388e-07
3.12956e-08
7.54866e-09
1.76295e-09
4.00506e-10
8.90399e-11
1.94784e-11
4.20647e-12
8.96546e-13
1.87976e-13
3.86671e-14
7.79503e-15
1.54313e-15
2.66714e-16
3.17516e-18
0
0
0
0
0
0
0
0
0
0
0
0
0
0
0
0
0
0
0
0
0
0
0
0
0
0
0
0
0
0
0
0
0
0
0
0
0
0
0
0
0
0
0
0
0
0
0
0
0
0
0
0
0
0
0
0
0
0
0
0
0
0
0
0
0
0
0
0
0
0
0
0
0
0
0
0
0
0
0
0
0
0
0
0
0
0
0
0
0
0
0
0
0
0
0
0
0
0
0
0
0
0
0
0
0
0
0
0
0.0647124
0.0634087
0.0618248
0.0599664
0.0578511
0.0555079
0.0529721
0.0502746
0.0474324
0.0444402
0.0412615
0.0378198
0.0339858
0.0295695
0.0243454
0.0182066
0.0115988
0.00589715
0.00237591
0.000808277
0.000250035
7.35522e-05
2.09815e-05
5.84482e-06
1.59165e-06
4.22874e-07
1.09298e-07
2.74178e-08
6.66742e-09
1.57234e-09
3.60335e-10
8.05417e-11
1.7634e-11
3.79619e-12
8.05441e-13
1.68528e-13
3.47871e-14
7.08379e-15
1.4193e-15
2.57188e-16
3.17516e-18
0
0
0
0
0
0
0
0
0
0
0
0
0
0
0
0
0
0
0
0
0
0
0
0
0
0
0
0
0
0
0
0
0
0
0
0
0
0
0
0
0
0
0
0
0
0
0
0
0
0
0
0
0
0
0
0
0
0
0
0
0
0
0
0
0
0
0
0
0
0
0
0
0
0
0
0
0
0
0
0
0
0
0
0
0
0
0
0
0
0
0
0
0
0
0
0
0
0
0
0
0
0
0
0
0
0
0
0
0
0.0582337
0.0570344
0.0555797
0.0538688
0.0519053
0.0496975
0.0472542
0.0445754
0.0416444
0.0384195
0.0348238
0.0307417
0.0260295
0.0205853
0.0145631
0.00871225
0.00423429
0.00169144
0.000585599
0.000185534
5.56526e-05
1.60738e-05
4.50579e-06
1.23003e-06
3.27239e-07
8.4771e-08
2.13533e-08
5.22477e-09
1.24158e-09
2.86806e-10
6.45379e-11
1.41891e-11
3.05815e-12
6.48111e-13
1.35367e-13
2.79637e-14
5.72482e-15
1.15893e-15
2.00035e-16
3.17516e-18
0
0
0
0
0
0
0
0
0
0
0
0
0
0
0
0
0
0
0
0
0
0
0
0
0
0
0
0
0
0
0
0
0
0
0
0
0
0
0
0
0
0
0
0
0
0
0
0
0
0
0
0
0
0
0
0
0
0
0
0
0
0
0
0
0
0
0
0
0
0
0
0
0
0
0
0
0
0
0
0
0
0
0
0
0
0
0
0
0
0
0
0
0
0
0
0
0
0
0
0
0
0
0
0
0
0
0
0
0
0
0.0500903
0.0489143
0.0474909
0.0458073
0.0438516
0.0416109
0.039066
0.0361867
0.0329258
0.0292165
0.0249846
0.0201952
0.0149732
0.00978537
0.00543367
0.00253336
0.00101175
0.000359357
0.00011757
3.62743e-05
1.07017e-05
3.04374e-06
8.38652e-07
2.24459e-07
5.84169e-08
1.47847e-08
3.63769e-09
8.70035e-10
2.02378e-10
4.58421e-11
1.01328e-11
2.19135e-12
4.65031e-13
9.71124e-14
2.00289e-14
4.08326e-15
8.12842e-16
1.07956e-16
0
0
0
0
0
0
0
0
0
0
0
0
0
0
0
0
0
0
0
0
0
0
0
0
0
0
0
0
0
0
0
0
0
0
0
0
0
0
0
0
0
0
0
0
0
0
0
0
0
0
0
0
0
0
0
0
0
0
0
0
0
0
0
0
0
0
0
0
0
0
0
0
0
0
0
0
0
0
0
0
0
0
0
0
0
0
0
0
0
0
0
0
0
0
0
0
0
0
0
0
0
0
0
0
0
0
0
0
0
0
0
0
0.039799
0.038561
0.037067
0.0352893
0.0332005
0.0307715
0.0279701
0.0247655
0.0211427
0.0171387
0.0129101
0.00880062
0.00529534
0.00277334
0.00126696
0.000513035
0.000188279
6.39154e-05
2.03868e-05
6.17881e-06
1.79373e-06
5.01651e-07
1.35698e-07
3.5594e-08
9.06644e-09
2.24418e-09
5.40042e-10
1.26413e-10
2.88123e-11
6.40394e-12
1.39095e-12
2.9602e-13
6.19443e-14
1.28118e-14
2.61633e-15
5.01676e-16
2.22261e-17
0
0
0
0
0
0
0
0
0
0
0
0
0
0
0
0
0
0
0
0
0
0
0
0
0
0
0
0
0
0
0
0
0
0
0
0
0
0
0
0
0
0
0
0
0
0
0
0
0
0
0
0
0
0
0
0
0
0
0
0
0
0
0
0
0
0
0
0
0
0
0
0
0
0
0
0
0
0
0
0
0
0
0
0
0
0
0
0
0
0
0
0
0
0
0
0
0
0
0
0
0
0
0
0
0
0
0
0
0
0
0
0
0
0.027154
0.0258373
0.024261
0.0223965
0.020228
0.0177569
0.0150151
0.0120863
0.00912543
0.00635809
0.0040266
0.00229305
0.00116944
0.000535833
0.000222501
8.46705e-05
2.98664e-05
9.86825e-06
3.0821e-06
9.16836e-07
2.61355e-07
7.17367e-08
1.9027e-08
4.88886e-09
1.21895e-09
2.95258e-10
6.95452e-11
1.5945e-11
3.56335e-12
7.77607e-13
1.66128e-13
3.48919e-14
7.25525e-15
1.49868e-15
2.69889e-16
3.17516e-18
0
0
0
0
0
0
0
0
0
0
0
0
0
0
0
0
0
0
0
0
0
0
0
0
0
0
0
0
0
0
0
0
0
0
0
0
0
0
0
0
0
0
0
0
0
0
0
0
0
0
0
0
0
0
0
0
0
0
0
0
0
0
0
0
0
0
0
0
0
0
0
0
0
0
0
0
0
0
0
0
0
0
0
0
0
0
0
0
0
0
0
0
0
0
0
0
0
0
0
0
0
0
0
0
0
0
0
0
0
0
0
0
0
0
0.0137475
0.0126304
0.011334
0.00987318
0.00828988
0.00665325
0.00505628
0.00360284
0.00238416
0.00145345
0.00081176
0.000414331
0.000193374
8.27784e-05
3.26669e-05
1.19619e-05
4.09401e-06
1.31931e-06
4.03072e-07
1.1746e-07
3.28174e-08
8.82758e-09
2.29363e-09
5.77065e-10
1.40847e-10
3.33979e-11
7.7039e-12
1.73115e-12
3.79642e-13
8.14652e-14
1.71586e-14
3.57841e-15
7.23937e-16
8.57294e-17
0
0
0
0
0
0
0
0
0
0
0
0
0
0
0
0
0
0
0
0
0
0
0
0
0
0
0
0
0
0
0
0
0
0
0
0
0
0
0
0
0
0
0
0
0
0
0
0
0
0
0
0
0
0
0
0
0
0
0
0
0
0
0
0
0
0
0
0
0
0
0
0
0
0
0
0
0
0
0
0
0
0
0
0
0
0
0
0
0
0
0
0
0
0
0
0
0
0
0
0
0
0
0
0
0
0
0
0
0
0
0
0
0
0
0
0
0.0044032
0.00388127
0.00330323
0.00269883
0.00210372
0.00155429
0.00108131
0.000703961
0.00042653
0.000239475
0.000124217
5.94437e-05
2.62547e-05
1.07263e-05
4.06947e-06
1.44121e-06
4.79275e-07
1.50567e-07
4.49425e-08
1.2812e-08
3.50397e-09
9.22806e-10
2.34741e-10
5.78167e-11
1.38152e-11
3.208e-12
7.25122e-13
1.59876e-13
3.45172e-14
7.34098e-15
1.54313e-15
2.85765e-16
3.17516e-18
0
0
0
0
0
0
0
0
0
0
0
0
0
0
0
0
0
0
0
0
0
0
0
0
0
0
0
0
0
0
0
0
0
0
0
0
0
0
0
0
0
0
0
0
0
0
0
0
0
0
0
0
0
0
0
0
0
0
0
0
0
0
0
0
0
0
0
0
0
0
0
0
0
0
0
0
0
0
0
0
0
0
0
0
0
0
0
0
0
0
0
0
0
0
0
0
0
0
0
0
0
0
0
0
0
0
0
0
0
0
0
0
0
0
0
0
0
0.000907036
0.000776557
0.000635794
0.000495887
0.00036678
0.000256039
0.000167893
0.000102955
5.881e-05
3.11961e-05
1.53367e-05
6.98361e-06
2.94816e-06
1.15668e-06
4.23361e-07
1.45241e-07
4.69463e-08
1.43723e-08
4.18826e-09
1.16706e-09
3.12207e-10
8.04578e-11
2.00315e-11
4.82974e-12
1.13011e-12
2.57182e-13
5.70704e-14
1.24276e-14
2.65761e-15
5.42953e-16
5.08026e-17
0
0
0
0
0
0
0
0
0
0
0
0
0
0
0
0
0
0
0
0
0
0
0
0
0
0
0
0
0
0
0
0
0
0
0
0
0
0
0
0
0
0
0
0
0
0
0
0
0
0
0
0
0
0
0
0
0
0
0
0
0
0
0
0
0
0
0
0
0
0
0
0
0
0
0
0
0
0
0
0
0
0
0
0
0
0
0
0
0
0
0
0
0
0
0
0
0
0
0
0
0
0
0
0
0
0
0
0
0
0
0
0
0
0
0
0
0
0
0
0.000133574
0.000112212
8.94298e-05
6.74493e-05
4.79837e-05
3.20829e-05
2.00892e-05
1.17419e-05
6.38861e-06
3.22944e-06
1.51535e-06
6.60245e-07
2.67547e-07
1.01115e-07
3.5776e-08
1.19025e-08
3.74102e-09
1.11604e-09
3.17423e-10
8.6424e-11
2.26072e-11
5.69973e-12
1.38891e-12
3.27985e-13
7.52323e-14
1.68379e-14
3.69272e-15
7.7474e-16
1.07956e-16
0
0
0
0
0
0
0
0
0
0
0
0
0
0
0
0
0
0
0
0
0
0
0
0
0
0
0
0
0
0
0
0
0
0
0
0
0
0
0
0
0
0
0
0
0
0
0
0
0
0
0
0
0
0
0
0
0
0
0
0
0
0
0
0
0
0
0
0
0
0
0
0
0
0
0
0
0
0
0
0
0
0
0
0
0
0
0
0
0
0
0
0
0
0
0
0
0
0
0
0
0
0
0
0
0
0
0
0
0
0
0
0
0
0
0
0
0
0
0
0
0
1.45293e-05
1.20173e-05
9.36213e-06
6.8595e-06
4.71592e-06
3.0346e-06
1.82313e-06
1.0204e-06
5.31211e-07
2.57002e-07
1.15563e-07
4.8351e-08
1.8864e-08
6.88377e-09
2.35834e-09
7.61697e-10
2.3293e-10
6.77304e-11
1.88022e-11
5.00178e-12
1.27943e-12
3.15694e-13
7.53974e-14
1.75174e-14
3.96895e-15
8.69995e-16
1.36532e-16
0
0
0
0
0
0
0
0
0
0
0
0
0
0
0
0
0
0
0
0
0
0
0
0
0
0
0
0
0
0
0
0
0
0
0
0
0
0
0
0
0
0
0
0
0
0
0
0
0
0
0
0
0
0
0
0
0
0
0
0
0
0
0
0
0
0
0
0
0
0
0
0
0
0
0
0
0
0
0
0
0
0
0
0
0
0
0
0
0
0
0
0
0
0
0
0
0
0
0
0
0
0
0
0
0
0
0
0
0
0
0
0
0
0
0
0
0
0
0
0
0
0
0
1.11775e-06
9.1112e-07
6.94918e-07
4.9557e-07
3.30006e-07
2.04897e-07
1.18449e-07
6.36834e-08
3.1826e-08
1.4786e-08
6.3919e-09
2.57569e-09
9.69957e-10
3.42457e-10
1.13779e-10
3.57136e-11
1.06335e-11
3.01512e-12
8.17303e-13
2.12568e-13
5.32634e-14
1.29166e-14
3.04181e-15
6.8266e-16
9.52549e-17
0
0
0
0
0
0
0
0
0
0
0
0
0
0
0
0
0
0
0
0
0
0
0
0
0
0
0
0
0
0
0
0
0
0
0
0
0
0
0
0
0
0
0
0
0
0
0
0
0
0
0
0
0
0
0
0
0
0
0
0
0
0
0
0
0
0
0
0
0
0
0
0
0
0
0
0
0
0
0
0
0
0
0
0
0
0
0
0
0
0
0
0
0
0
0
0
0
0
0
0
0
0
0
0
0
0
0
0
0
0
0
0
0
0
0
0
0
0
0
0
0
0
0
0
0
5.44271e-08
4.3747e-08
3.26971e-08
2.2726e-08
1.4684e-08
8.81572e-09
4.91584e-09
2.54578e-09
1.22486e-09
5.48052e-10
2.28415e-10
8.88756e-11
3.23775e-11
1.10806e-11
3.57546e-12
1.092e-12
3.16916e-13
8.7771e-14
2.33279e-14
5.96931e-15
1.45105e-15
3.17516e-16
3.17516e-18
0
0
0
0
0
0
0
0
0
0
0
0
0
0
0
0
0
0
0
0
0
0
0
0
0
0
0
0
0
0
0
0
0
0
0
0
0
0
0
0
0
0
0
0
0
0
0
0
0
0
0
0
0
0
0
0
0
0
0
0
0
0
0
0
0
0
0
0
0
0
0
0
0
0
0
0
0
0
0
0
0
0
0
0
0
0
0
0
0
0
0
0
0
0
0
0
0
0
0
0
0
0
0
0
0
0
0
0
0
0
0
0
0
0
0
0
0
0
0
0
0
0
0
0
0
0
0
1.26367e-09
1.00198e-09
7.34438e-10
4.98106e-10
3.12774e-10
1.81925e-10
9.80726e-11
4.90419e-11
2.27764e-11
9.84078e-12
3.96422e-12
1.49294e-12
5.27328e-13
1.75307e-13
5.507e-14
1.64442e-14
4.68337e-15
1.25736e-15
2.9529e-16
3.17516e-18
0
0
0
0
0
0
0
0
0
0
0
0
0
0
0
0
0
0
0
0
0
0
0
0
0
0
0
0
0
0
0
0
0
0
0
0
0
0
0
0
0
0
0
0
0
0
0
0
0
0
0
0
0
0
0
0
0
0
0
0
0
0
0
0
0
0
0
0
0
0
0
0
0
0
0
0
0
0
0
0
0
0
0
0
0
0
0
0
0
0
0
0
0
0
0
0
0
0
0
0
0
0
0
0
0
0
0
0
0
0
0
0
0
0
0
0
0
0
0
0
0
0
0
0
0
0
0
0
0
0
)
;

boundaryField
{
    left
    {
        type            fixedValue;
        value           uniform 0;
    }
    right
    {
        type            fixedValue;
        value           uniform 0;
    }
    up
    {
        type            fixedValue;
        value           uniform 0;
    }
    down
    {
        type            fixedValue;
        value           uniform 0;
    }
    front
    {
        type            fixedValue;
        value           uniform 0;
    }
    back
    {
        type            fixedValue;
        value           uniform 0;
    }
}


// ************************************************************************* //
