0.000342664
0.000685416
0.00102824
0.00137116
0.00171415
0.00205724
0.00240038
0.00274364
0.00308695
0.00343037
0.00377384
0.00411742
0.00446105
0.00480481
0.0051486
0.00549252
0.00583647
0.00618056
0.00652468
0.00686893
0.00721322
0.00755764
0.00790209
0.00824669
0.0085913
0.00893607
0.00928084
0.00962579
0.00997073
0.0103159
0.010661
0.0110063
0.0113515
0.011697
0.0120425
0.0123881
0.0127337
0.0130796
0.0134254
0.0137714
0.0141174
0.0144636
0.0148097
0.0151561
0.0155024
0.015849
0.0161955
0.0165422
0.0168889
0.0172358
0.0175827
0.0179298
0.0182768
0.0186241
0.0189713
0.0193189
0.0196662
0.0200139
0.0203614
0.0207093
0.021057
0.0214051
0.0217529
0.0221013
0.0224492
0.0227978
0.0231459
0.0234946
0.0238429
0.0241918
0.0245402
0.0248894
0.0252379
0.0255873
0.0259359
0.0262855
0.0266342
0.026984
0.0273329
0.0276829
0.0280319
0.0283821
0.0287311
0.0290816
0.0294307
0.0297814
0.0301306
0.0304815
0.0308307
0.0311819
0.0315311
0.0318826
0.0322318
0.0325835
0.0329327
0.0332847
0.0336339
0.0339862
0.0343353
0.0346879
0.0350369
0.0353899
0.0357387
0.0360921
0.0364406
0.0367945
0.0371428
0.0374972
0.0378451
0.0382
0.0385476
0.0389031
0.0392502
0.0396063
0.0399528
0.0403098
0.0406556
0.0410134
0.0413585
0.0417172
0.0420614
0.0424212
0.0427643
0.0431255
0.0434672
0.0438298
0.0441701
0.0445344
0.0448729
0.0452392
0.0455757
0.0459442
0.0462783
0.0466494
0.0469808
0.047355
0.047683
0.0480607
0.048385
0.0487668
0.0490867
0.0494732
0.049788
0.05018
0.0504889
0.0508873
0.0511892
0.0515951
0.0518889
0.0523035
0.0525879
0.0530126
0.053286
0.0537225
0.0539832
0.0544334
0.0546791
0.0551453
0.0553737
0.0558586
0.0560668
0.0565735
0.056758
0.0572901
0.0574471
0.0580088
0.0581337
0.05873
0.0588174
0.0594542
0.0594978
0.0601818
0.0601743
0.0609133
0.0608462
0.0616496
0.061513
0.0623914
0.0621736
0.0631397
0.0628272
0.0638955
0.0634725
0.0646603
0.0641084
0.0654355
0.0647332
0.0662229
0.0653452
0.0670247
0.0659424
0.0678433
0.0665225
0.0686816
0.0670828
0.069543
0.0676204
0.0704316
0.0681318
0.071352
0.0686131
0.0723096
0.0690602
0.073311
0.0694681
0.0743634
0.0698318
0.0754758
0.0701455
0.0766582
0.0704034
0.0779221
0.0705994
0.0792806
0.0707279
0.0807486
0.0707835
0.0823422
0.0707622
0.0840783
0.0706619
0.0859737
0.0704832
0.0880439
0.0702306
0.0903001
0.0699133
0.0927469
0.0695455
0.0953779
0.0691471
0.0981728
0.068742
0.101094
0.0683566
0.10409
0.0680171
0.107093
0.0677459
0.110036
0.0675598
0.112853
0.0674678
0.115494
0.0674716
0.11793
0.0675669
0.120149
0.0677449
0.122159
0.0679947
0.123977
0.0683048
0.125628
0.0686641
0.127138
0.0690631
0.128532
0.0694934
0.129833
0.0699483
0.131059
0.0704223
0.132227
0.0709111
0.133347
0.0714115
0.134432
0.0719209
0.135487
0.0724373
0.136519
0.0729593
0.137533
0.0734857
0.138531
0.0740157
0.139516
0.0745488
0.140491
0.0750844
0.141456
0.0756221
0.142413
0.0761617
0.143362
0.076703
0.144305
0.0772459
0.145241
0.0777902
0.146171
0.078336
0.147095
0.078883
0.148014
0.0794314
0.148927
0.0799811
0.149834
0.0805321
0.150736
0.0810843
0.151632
0.0816378
0.152523
0.0821926
0.153409
0.0827486
0.154288
0.083306
0.155163
0.0838647
0.156032
0.0844247
0.156895
0.0849861
0.157753
0.0855488
0.158605
0.086113
0.159452
0.0866785
0.160292
0.0872455
0.161127
0.0878139
0.161957
0.0883838
0.16278
0.0889551
0.163598
0.089528
0.16441
0.0901024
0.165216
0.0906784
0.166016
0.0912559
0.16681
0.0918351
0.167598
0.0924158
0.16838
0.0929983
0.169155
0.0935824
0.169925
0.0941682
0.170689
0.0947557
0.171446
0.095345
0.172197
0.0959361
0.172942
0.096529
0.173681
0.0971237
0.174413
0.0977203
0.175139
0.0983188
0.175859
0.0989192
0.176572
0.0995216
0.177279
0.100126
0.177979
0.100732
0.178673
0.101341
0.17936
0.101951
0.18004
0.102564
0.180714
0.103178
0.181382
0.103795
0.182043
0.104414
0.182697
0.105036
0.183344
0.105659
0.183985
0.106285
0.184618
0.106914
0.185245
0.107544
0.185866
0.108177
0.186479
0.108813
0.187085
0.109451
0.187685
0.110092
0.188277
0.110735
0.188863
0.111381
0.189441
0.112029
0.190013
0.112681
0.190577
0.113335
0.191135
0.113991
0.191685
0.114651
0.192228
0.115314
0.192764
0.115979
0.193293
0.116648
0.193815
0.117319
0.194329
0.117994
0.194836
0.118672
0.195336
0.119353
0.195829
0.120037
0.196314
0.120725
0.196792
0.121416
0.197263
0.12211
0.197726
0.122808
0.198182
0.123509
0.19863
0.124215
0.199071
0.124923
0.199504
0.125636
0.19993
0.126352
0.200348
0.127072
0.200759
0.127796
0.201163
0.128525
0.201559
0.129257
0.201947
0.129993
0.202327
0.130734
0.2027
0.131479
0.203066
0.132228
0.203424
0.132982
0.203774
0.13374
0.204116
0.134503
0.204451
0.135271
0.204778
0.136043
0.205098
0.13682
0.20541
0.137602
0.205714
0.138389
0.206011
0.139182
0.2063
0.139979
0.206582
0.140782
0.206855
0.14159
0.207122
0.142404
0.207381
0.143223
0.207632
0.144047
0.207876
0.144878
0.208113
0.145714
0.208342
0.146556
0.208563
0.147404
0.208778
0.148258
0.208986
0.149118
0.209186
0.149984
0.209379
0.150856
0.209565
0.151735
0.209745
0.15262
0.209918
0.153512
0.210084
0.15441
0.210243
0.155315
0.210397
0.156226
0.210544
0.157144
0.210685
0.158068
0.21082
0.158999
0.210949
0.159937
0.211073
0.160882
0.211192
0.161833
0.211306
0.162791
0.211415
0.163755
0.211519
0.164726
0.211619
0.165704
0.211715
0.166688
0.211808
0.167678
0.211897
0.168675
0.211984
0.169677
0.212068
0.170686
0.21215
0.1717
0.21223
0.17272
0.212308
0.173745
0.212386
0.174775
0.212463
0.17581
0.21254
0.17685
0.212618
0.177894
0.212697
0.178942
0.212777
0.179993
0.21286
0.181047
0.212946
0.182104
0.213034
0.183163
0.213126
0.184224
0.213223
0.185286
0.213325
0.186348
0.213432
0.187411
0.213545
0.188474
0.213665
0.189536
0.213793
0.190596
0.213928
0.191654
0.214071
0.192709
0.214224
0.193761
0.214386
0.19481
0.214557
0.195853
0.214739
0.196892
0.214932
0.197925
0.215136
0.198952
0.215352
0.199972
0.21558
0.200985
0.21582
0.20199
0.216073
0.202987
0.216338
0.203975
0.216617
0.204954
0.216908
0.205924
0.217213
0.206884
0.217531
0.207834
0.217863
0.208774
0.218208
0.209704
0.218566
0.210623
0.218938
0.211531
0.219322
0.212429
0.21972
0.213316
0.220131
0.214193
0.220553
0.215059
0.220989
0.215914
0.221436
0.216759
0.221896
0.217594
0.222366
0.218419
0.222848
0.219235
0.223341
0.220041
0.223844
0.220837
0.224356
0.221625
0.224879
0.222405
0.22541
0.223176
0.225951
0.223939
0.226499
0.224695
0.227056
0.225444
0.22762
0.226186
0.228192
0.226922
0.22877
0.227651
0.229355
0.228375
0.229945
0.229093
0.230541
0.229807
0.231143
0.230516
0.231749
0.23122
0.23236
0.231921
0.232976
0.232617
0.233595
0.23331
0.234219
0.234
0.234845
0.234687
0.235475
0.235372
0.236108
0.236053
0.236744
0.236733
0.237382
0.237411
0.238022
0.238087
0.238664
0.238761
0.239309
0.239433
0.239955
0.240105
0.240603
0.240775
0.241252
0.241444
0.241902
0.242112
0.242554
0.24278
0.243207
0.243446
0.243861
0.244113
0.244516
0.244778
0.245172
0.245443
0.245829
0.246108
0.246486
0.246773
0.247144
0.247437
0.247802
0.248101
0.248461
0.248765
0.249121
0.249428
0.249781
0.250092
0.250442
0.250755
0.251102
0.251419
0.251763
0.252082
0.252425
0.252746
0.253087
0.253409
0.253749
0.254073
0.254411
0.254737
0.255074
0.2554
0.255737
0.256064
0.2564
0.256728
0.257063
0.257392
0.257727
0.258056
0.25839
0.25872
0.259054
0.259384
0.259718
0.260049
0.260382
0.260713
0.261047
0.261378
0.261711
0.262043
0.262376
0.262708
0.26304
0.263373
0.263705
0.264038
0.26437
0.264703
0.265035
0.265368
0.265701
0.266034
0.266366
0.266699
0.267032
0.267364
0.267697
0.26803
0.268363
0.268696
0.269029
