1.00092
1.00093
1.00092
1.00093
1.00092
1.00093
1.00092
1.00093
1.00092
1.00093
1.00092
1.00093
1.00092
1.00092
1.00092
1.00092
1.00092
1.00092
1.00092
1.00092
1.00092
1.00092
1.00092
1.00092
1.00091
1.00092
1.00091
1.00092
1.00091
1.00092
1.00091
1.00092
1.00091
1.00092
1.00091
1.00092
1.00091
1.00092
1.00091
1.00092
1.00091
1.00092
1.00091
1.00092
1.00091
1.00093
1.00091
1.00093
1.00091
1.00093
1.00091
1.00093
1.00091
1.00093
1.00091
1.00093
1.00091
1.00093
1.00091
1.00093
1.00091
1.00093
1.00091
1.00093
1.00091
1.00093
1.00091
1.00093
1.00091
1.00093
1.0009
1.00093
1.0009
1.00093
1.0009
1.00093
1.0009
1.00093
1.00089
1.00093
1.00089
1.00093
1.00089
1.00093
1.00088
1.00093
1.00088
1.00094
1.00088
1.00094
1.00087
1.00094
1.00087
1.00094
1.00086
1.00094
1.00085
1.00095
1.00085
1.00095
1.00084
1.00095
1.00083
1.00096
1.00082
1.00096
1.00081
1.00097
1.0008
1.00098
1.00078
1.00099
1.00077
1.001
1.00075
1.00101
1.00073
1.00103
1.00071
1.00104
1.00069
1.00106
1.00066
1.00108
1.00063
1.00111
1.0006
1.00114
1.00056
1.00118
1.00052
1.00122
1.00047
1.00126
1.00041
1.00132
1.00034
1.00138
1.00027
1.00145
1.00019
1.00154
1.00009
1.00164
0.999979
1.00175
0.999852
1.00188
0.999707
1.00203
0.99954
1.0022
0.999349
1.0024
0.999129
1.00263
0.998876
1.00289
0.998585
1.0032
0.99825
1.00355
0.997864
1.00396
0.99742
1.00444
0.996908
1.00499
0.996318
1.00562
0.995638
1.00635
0.994853
1.0072
0.993948
1.00818
0.992904
1.00931
0.991701
1.01062
0.990312
1.01214
0.988712
1.01389
0.986867
1.01593
0.984741
1.01828
0.982291
1.02101
0.97947
1.02416
0.976223
1.02783
0.972489
1.03207
0.968197
1.03699
0.963271
1.04269
0.957621
1.04931
0.951154
1.05699
0.943764
1.0659
0.935337
1.07624
0.925753
1.08824
0.914887
1.10215
0.902617
1.11827
0.888828
1.13692
0.873421
1.15845
0.856327
1.18323
0.837525
1.21162
0.817059
1.24393
0.795059
1.28038
0.771762
1.32102
0.74752
1.36564
0.722805
1.41373
0.69818
1.46435
0.674266
1.5162
0.65167
1.5677
0.630923
1.6172
0.612414
1.66315
0.596357
1.7044
0.582789
1.74025
0.571592
1.77051
0.56254
1.79542
0.55535
1.81549
0.549722
1.83136
0.545371
1.84372
0.542041
1.85323
0.539518
1.86045
0.537623
1.86586
0.536214
1.86987
0.535182
1.87279
0.53444
1.87485
0.533921
1.87624
0.533577
1.87712
0.533369
1.87759
0.533268
1.87773
0.533254
1.87761
0.53331
1.87726
0.533424
1.87674
0.533587
1.87606
0.533792
1.87525
0.534033
1.87432
0.534308
1.87327
0.534613
1.87213
0.534946
1.8709
0.535306
1.86958
0.53569
1.86818
0.536098
1.8667
0.53653
1.86514
0.536984
1.86351
0.537461
1.8618
0.53796
1.86002
0.53848
1.85817
0.539022
1.85625
0.539586
1.85426
0.540171
1.8522
0.540777
1.85007
0.541404
1.84788
0.542052
1.84561
0.542722
1.84329
0.543412
1.8409
0.544124
1.83844
0.544857
1.83592
0.545611
1.83333
0.546385
1.83069
0.547181
1.82797
0.547998
1.8252
0.548836
1.82237
0.549696
1.81947
0.550577
1.81651
0.551479
1.81349
0.552403
1.81042
0.553348
1.80728
0.554314
1.80408
0.555302
1.80083
0.556312
1.79751
0.557344
1.79414
0.558398
1.79071
0.559473
1.78722
0.560571
1.78368
0.561691
1.78008
0.562834
1.77642
0.563999
1.77271
0.565186
1.76894
0.566396
1.76512
0.567629
1.76124
0.568885
1.75731
0.570164
1.75333
0.571466
1.74929
0.572793
1.74519
0.574143
1.74105
0.575516
1.73685
0.576913
1.7326
0.578335
1.7283
0.579781
1.72395
0.581252
1.71955
0.582748
1.71509
0.584269
1.71059
0.585815
1.70603
0.587387
1.70143
0.588984
1.69677
0.590608
1.69207
0.592257
1.68731
0.593934
1.68251
0.595637
1.67766
0.597367
1.67277
0.599124
1.66782
0.600909
1.66282
0.602723
1.65778
0.604564
1.6527
0.606434
1.64756
0.608333
1.64238
0.610261
1.63715
0.612219
1.63188
0.614207
1.62656
0.616225
1.62119
0.618274
1.61578
0.620354
1.61033
0.622464
1.60483
0.624607
1.59929
0.626783
1.5937
0.628991
1.58806
0.631232
1.58239
0.633506
1.57667
0.635815
1.57091
0.638158
1.56511
0.640535
1.55926
0.642948
1.55337
0.645397
1.54744
0.647882
1.54147
0.650404
1.53546
0.652963
1.5294
0.655561
1.52331
0.658196
1.51717
0.66087
1.511
0.663584
1.50478
0.666337
1.49853
0.669131
1.49224
0.671965
1.48591
0.674839
1.47955
0.677757
1.47314
0.680716
1.46671
0.683719
1.46023
0.686765
1.45372
0.689854
1.44718
0.692987
1.4406
0.696166
1.434
0.699389
1.42735
0.702659
1.42068
0.705974
1.41398
0.709335
1.40725
0.712743
1.40049
0.716199
1.39371
0.719702
1.3869
0.723252
1.38006
0.72685
1.3732
0.730497
1.36632
0.734191
1.35943
0.737932
1.35251
0.741722
1.34558
0.745559
1.33863
0.749445
1.33167
0.753378
1.3247
0.757358
1.31772
0.761384
1.31074
0.765456
1.30375
0.769573
1.29676
0.773735
1.28977
0.77794
1.28279
0.782187
1.27582
0.786475
1.26886
0.790803
1.26191
0.795169
1.25498
0.79957
1.24807
0.804004
1.24119
0.808471
1.23433
0.812968
1.22751
0.817492
1.22073
0.822039
1.21399
0.826608
1.20729
0.831194
1.20065
0.835795
1.19406
0.840406
1.18753
0.845024
1.18106
0.849643
1.17467
0.854262
1.16835
0.858873
1.16211
0.863474
1.15595
0.86806
1.14989
0.872624
1.14391
0.877162
1.13804
0.881669
1.13227
0.886138
1.12661
0.890566
1.12106
0.894945
1.11563
0.899271
1.11032
0.903539
1.10513
0.907742
1.10008
0.911877
1.09515
0.915937
1.09036
0.919918
1.08571
0.923815
1.0812
0.927623
1.07683
0.931338
1.07261
0.934956
1.06853
0.938474
1.06459
0.941887
1.06081
0.945194
1.05717
0.948392
1.05368
0.951479
1.05033
0.954454
1.04713
0.957314
1.04407
0.960059
1.04115
0.962689
1.03838
0.965203
1.03574
0.967603
1.03324
0.969887
1.03088
0.97206
1.02863
0.974121
1.02652
0.976071
1.02453
0.977914
1.02266
0.979652
1.0209
0.981289
1.01925
0.982826
1.01771
0.984266
1.01627
0.985614
1.01493
0.986874
1.01368
0.988048
1.01252
0.989139
1.01145
0.990151
1.01046
0.99109
1.00954
0.991959
1.00869
0.99276
1.00791
0.993498
1.00719
0.994177
1.00653
0.994798
1.00593
0.995369
1.00538
0.995891
1.00488
0.996366
1.00442
0.996799
1.004
0.997194
1.00363
0.99755
1.00329
0.997873
1.00298
0.998164
1.0027
0.998427
1.00245
0.998664
1.00223
0.998875
1.00203
0.999065
1.00185
0.999236
1.00168
0.99939
1.00154
0.999526
1.00141
0.999645
1.0013
0.999752
1.0012
0.999848
1.00111
0.999932
1.00103
1.00001
1.00096
1.00007
1.0009
1.00013
1.00085
1.00018
1.0008
1.00022
1.00076
1.00026
1.00073
1.0003
1.00069
1.00033
1.00067
1.00035
1.00064
1.00037
1.00062
1.00039
1.00061
1.00041
1.00059
1.00042
1.00058
1.00043
1.00057
1.00045
1.00056
1.00046
1.00055
1.00046
1.00054
1.00047
1.00054
1.00048
1.00053
1.00048
1.00053
1.00048
1.00052
1.00049
1.00052
1.00049
1.00052
1.00049
1.00052
1.00049
1.00052
1.0005
1.00051
1.0005
1.00051
1.0005
1.00051
1.0005
1.00051
1.0005
1.00051
1.00051
1.00051
1.00051
1.00051
1.00051
1.00051
1.00051
1.00051
1.00051
1.00051
1.00051
1.00051
1.00051
1.00051
1.00051
1.00051
1.00051
1.00051
1.00051
1.00051
1.0005
1.00051
