/*--------------------------------*- C++ -*----------------------------------*\
| =========                 |                                                 |
| \\      /  F ield         | OpenFOAM: The Open Source CFD Toolbox           |
|  \\    /   O peration     | Version:  2.1.0                                 |
|   \\  /    A nd           | Web:      www.OpenFOAM.org                      |
|    \\/     M anipulation  |                                                 |
\*---------------------------------------------------------------------------*/
FoamFile
{
    version     2.0;
    format      ascii;
    class       volScalarField;
    location    "16060";
    object      kr_o;
}
// * * * * * * * * * * * * * * * * * * * * * * * * * * * * * * * * * * * * * //

dimensions      [0 0 0 0 0 0 0];

internalField   nonuniform List<scalar> 
8000
(
0.0266192
0.0323208
0.0399534
0.0489918
0.059064
0.0699036
0.0812783
0.0929587
0.104748
0.116492
0.128078
0.139437
0.150533
0.161342
0.171854
0.182116
0.19219
0.202151
0.212086
0.222094
0.232295
0.24283
0.253871
0.265634
0.27841
0.292612
0.308821
0.327829
0.350587
0.377913
0.411162
0.451408
0.495679
0.533405
0.554017
0.560759
0.562235
0.562471
0.562498
0.5625
0.0323202
0.0379047
0.0453563
0.0541933
0.0640799
0.0747654
0.0860062
0.0975791
0.109292
0.120994
0.132574
0.143959
0.15511
0.165992
0.176605
0.186999
0.197239
0.207403
0.217581
0.227881
0.238427
0.249366
0.260876
0.273183
0.286602
0.30157
0.318694
0.33876
0.362605
0.390798
0.424492
0.463968
0.505369
0.538652
0.555778
0.561146
0.562296
0.562478
0.562498
0.5625
0.0399533
0.0453559
0.0525575
0.061134
0.0707869
0.0812627
0.0923242
0.103757
0.115377
0.127035
0.138616
0.150045
0.161269
0.172238
0.182972
0.193524
0.20396
0.214361
0.224824
0.235458
0.246392
0.257774
0.269783
0.282658
0.296726
0.312435
0.330377
0.351258
0.375659
0.404015
0.437352
0.475323
0.513632
0.542932
0.557176
0.561451
0.562345
0.562483
0.562499
0.5625
0.0489918
0.054193
0.061134
0.0694503
0.078859
0.0891148
0.0999954
0.1113
0.122854
0.134507
0.146142
0.157669
0.169005
0.180116
0.191033
0.201812
0.212523
0.223254
0.234106
0.245191
0.25664
0.268596
0.281245
0.294833
0.309681
0.326207
0.344915
0.366297
0.390571
0.418401
0.450516
0.48619
0.521061
0.546578
0.558323
0.561699
0.562384
0.562488
0.562499
0.5625
0.0590639
0.0640798
0.0707869
0.0788589
0.0880354
0.0980917
0.108827
0.120059
0.131623
0.143367
0.155162
0.166883
0.178425
0.18979
0.201013
0.212157
0.223303
0.234545
0.245993
0.257762
0.269977
0.282794
0.296402
0.311034
0.326965
0.344491
0.363866
0.385147
0.408612
0.434999
0.464768
0.497168
0.528103
0.549837
0.559305
0.561905
0.562416
0.562491
0.562499
0.5625
0.0699035
0.0747653
0.0812626
0.0891147
0.0980916
0.107998
0.118661
0.129925
0.141637
0.153645
0.165781
0.177853
0.189797
0.20162
0.213372
0.225134
0.237004
0.249092
0.261513
0.27439
0.28787
0.302119
0.317316
0.333626
0.351146
0.369822
0.389401
0.409937
0.431704
0.455174
0.480948
0.508796
0.535103
0.552873
0.56017
0.562081
0.562443
0.562494
0.5625
0.5625
0.0812782
0.0860061
0.092324
0.0999951
0.108827
0.118661
0.129366
0.140823
0.152912
0.165473
0.178244
0.191008
0.203699
0.216345
0.229033
0.241877
0.255004
0.268545
0.282646
0.297473
0.313202
0.329987
0.34789
0.366775
0.386252
0.405991
0.425484
0.444259
0.462284
0.480296
0.499724
0.521435
0.542235
0.555735
0.560932
0.562227
0.562464
0.562496
0.5625
0.5625
0.0929585
0.0975789
0.103757
0.1113
0.120059
0.129925
0.140823
0.152709
0.165531
0.179124
0.193206
0.207324
0.221413
0.23558
0.249988
0.264812
0.280234
0.296464
0.313729
0.332231
0.35206
0.373075
0.395083
0.417537
0.439355
0.459235
0.476145
0.489745
0.500569
0.510096
0.520728
0.534795
0.549247
0.55829
0.561559
0.562341
0.562479
0.562498
0.5625
0.5625
0.104748
0.109292
0.115377
0.122854
0.131622
0.141637
0.152912
0.165531
0.179603
0.195306
0.212467
0.229385
0.24627
0.263486
0.281366
0.300242
0.320453
0.342282
0.365814
0.391092
0.417768
0.444616
0.469779
0.491493
0.508776
0.521535
0.530215
0.535472
0.53806
0.539074
0.540675
0.546981
0.555173
0.560249
0.562008
0.562418
0.56249
0.562499
0.5625
0.5625
0.116492
0.120994
0.127034
0.134507
0.143367
0.153645
0.165473
0.179124
0.195306
0.215731
0.24373
0.267573
0.291437
0.316664
0.344034
0.373794
0.40524
0.437128
0.467533
0.494238
0.515733
0.53166
0.542607
0.54966
0.553981
0.556509
0.557865
0.55836
0.558013
0.556548
0.553885
0.55525
0.55906
0.561464
0.562276
0.562463
0.562495
0.5625
0.5625
0.5625
0.128078
0.132573
0.138616
0.146142
0.155162
0.165781
0.178244
0.193206
0.212467
0.24373
0.539134
0.548068
0.549126
0.551109
0.553408
0.555646
0.557602
0.559168
0.560327
0.56113
0.561655
0.561985
0.562186
0.562304
0.562373
0.562412
0.562431
0.562437
0.562425
0.562375
0.557664
0.559167
0.561066
0.562083
0.56241
0.562485
0.562498
0.5625
0.5625
0.5625
0.139437
0.143959
0.150045
0.157669
0.166883
0.177853
0.191008
0.207324
0.229385
0.267573
0.548068
0.562073
0.562281
0.562313
0.562353
0.562393
0.562427
0.562452
0.56247
0.562481
0.562489
0.562493
0.562496
0.562498
0.562498
0.562499
0.562499
0.562499
0.562499
0.562499
0.560299
0.561161
0.561967
0.562349
0.562468
0.562495
0.562499
0.5625
0.5625
0.5625
0.150533
0.15511
0.161269
0.169005
0.178425
0.189797
0.203699
0.221413
0.24627
0.291437
0.549126
0.562281
0.562495
0.562498
0.562498
0.562499
0.562499
0.562499
0.5625
0.5625
0.5625
0.5625
0.5625
0.5625
0.5625
0.5625
0.5625
0.5625
0.5625
0.5625
0.561648
0.562022
0.562319
0.56245
0.562489
0.562498
0.5625
0.5625
0.5625
0.5625
0.161342
0.165992
0.172237
0.180115
0.18979
0.201619
0.216345
0.23558
0.263486
0.316664
0.551109
0.562313
0.562498
0.5625
0.5625
0.5625
0.5625
0.5625
0.5625
0.5625
0.5625
0.5625
0.5625
0.5625
0.5625
0.5625
0.5625
0.5625
0.5625
0.5625
0.562205
0.562343
0.562442
0.562484
0.562497
0.562499
0.5625
0.5625
0.5625
0.5625
0.171854
0.176605
0.182972
0.191033
0.201013
0.213372
0.229033
0.249988
0.281366
0.344034
0.553408
0.562353
0.562498
0.5625
0.5625
0.5625
0.5625
0.5625
0.5625
0.5625
0.5625
0.5625
0.5625
0.5625
0.5625
0.5625
0.5625
0.5625
0.5625
0.5625
0.562405
0.562451
0.562482
0.562495
0.562499
0.5625
0.5625
0.5625
0.5625
0.5625
0.182116
0.186999
0.193523
0.201811
0.212157
0.225134
0.241877
0.264812
0.300242
0.373794
0.555646
0.562393
0.562499
0.5625
0.5625
0.5625
0.5625
0.5625
0.5625
0.5625
0.5625
0.5625
0.5625
0.5625
0.5625
0.5625
0.5625
0.5625
0.5625
0.5625
0.562471
0.562485
0.562495
0.562499
0.5625
0.5625
0.5625
0.5625
0.5625
0.5625
0.19219
0.197239
0.203959
0.212523
0.223302
0.237004
0.255004
0.280234
0.320453
0.40524
0.557602
0.562427
0.562499
0.5625
0.5625
0.5625
0.5625
0.5625
0.5625
0.5625
0.5625
0.5625
0.5625
0.5625
0.5625
0.5625
0.5625
0.5625
0.5625
0.5625
0.562491
0.562496
0.562498
0.5625
0.5625
0.5625
0.5625
0.5625
0.5625
0.5625
0.202151
0.207402
0.214361
0.223254
0.234545
0.249092
0.268545
0.296464
0.342281
0.437128
0.559168
0.562452
0.562499
0.5625
0.5625
0.5625
0.5625
0.5625
0.5625
0.5625
0.5625
0.5625
0.5625
0.5625
0.5625
0.5625
0.5625
0.5625
0.5625
0.5625
0.562497
0.562499
0.5625
0.5625
0.5625
0.5625
0.5625
0.5625
0.5625
0.5625
0.212086
0.217581
0.224824
0.234105
0.245993
0.261513
0.282646
0.313729
0.365814
0.467533
0.560327
0.56247
0.5625
0.5625
0.5625
0.5625
0.5625
0.5625
0.5625
0.5625
0.5625
0.5625
0.5625
0.5625
0.5625
0.5625
0.5625
0.5625
0.5625
0.5625
0.562499
0.5625
0.5625
0.5625
0.5625
0.5625
0.5625
0.5625
0.5625
0.5625
0.222094
0.227881
0.235458
0.245191
0.257762
0.27439
0.297473
0.332231
0.391092
0.494238
0.56113
0.562481
0.5625
0.5625
0.5625
0.5625
0.5625
0.5625
0.5625
0.5625
0.5625
0.5625
0.5625
0.5625
0.5625
0.5625
0.5625
0.5625
0.5625
0.5625
0.5625
0.5625
0.5625
0.5625
0.5625
0.5625
0.5625
0.5625
0.5625
0.5625
0.232295
0.238426
0.246392
0.256639
0.269977
0.28787
0.313202
0.35206
0.417768
0.515733
0.561655
0.562489
0.5625
0.5625
0.5625
0.5625
0.5625
0.5625
0.5625
0.5625
0.5625
0.5625
0.5625
0.5625
0.5625
0.5625
0.5625
0.5625
0.5625
0.5625
0.5625
0.5625
0.5625
0.5625
0.5625
0.5625
0.5625
0.5625
0.5625
0.5625
0.24283
0.249366
0.257773
0.268595
0.282794
0.302119
0.329987
0.373075
0.444616
0.53166
0.561985
0.562493
0.5625
0.5625
0.5625
0.5625
0.5625
0.5625
0.5625
0.5625
0.5625
0.5625
0.5625
0.5625
0.5625
0.5625
0.5625
0.5625
0.5625
0.5625
0.5625
0.5625
0.5625
0.5625
0.5625
0.5625
0.5625
0.5625
0.5625
0.5625
0.253871
0.260876
0.269783
0.281245
0.296401
0.317316
0.347889
0.395083
0.469779
0.542607
0.562186
0.562496
0.5625
0.5625
0.5625
0.5625
0.5625
0.5625
0.5625
0.5625
0.5625
0.5625
0.5625
0.5625
0.5625
0.5625
0.5625
0.5625
0.5625
0.5625
0.5625
0.5625
0.5625
0.5625
0.5625
0.5625
0.5625
0.5625
0.5625
0.5625
0.265634
0.273183
0.282658
0.294832
0.311034
0.333626
0.366775
0.417537
0.491493
0.54966
0.562304
0.562498
0.5625
0.5625
0.5625
0.5625
0.5625
0.5625
0.5625
0.5625
0.5625
0.5625
0.5625
0.5625
0.5625
0.5625
0.5625
0.5625
0.5625
0.5625
0.5625
0.5625
0.5625
0.5625
0.5625
0.5625
0.5625
0.5625
0.5625
0.5625
0.27841
0.286602
0.296726
0.30968
0.326965
0.351146
0.386252
0.439355
0.508776
0.553981
0.562373
0.562498
0.5625
0.5625
0.5625
0.5625
0.5625
0.5625
0.5625
0.5625
0.5625
0.5625
0.5625
0.5625
0.5625
0.5625
0.5625
0.5625
0.5625
0.5625
0.5625
0.5625
0.5625
0.5625
0.5625
0.5625
0.5625
0.5625
0.5625
0.5625
0.292612
0.30157
0.312435
0.326207
0.344491
0.369822
0.40599
0.459235
0.521535
0.556509
0.562412
0.562499
0.5625
0.5625
0.5625
0.5625
0.5625
0.5625
0.5625
0.5625
0.5625
0.5625
0.5625
0.5625
0.5625
0.5625
0.5625
0.5625
0.5625
0.5625
0.5625
0.5625
0.5625
0.5625
0.5625
0.5625
0.5625
0.5625
0.5625
0.5625
0.308821
0.318694
0.330377
0.344915
0.363866
0.389401
0.425484
0.476145
0.530215
0.557865
0.562431
0.562499
0.5625
0.5625
0.5625
0.5625
0.5625
0.5625
0.5625
0.5625
0.5625
0.5625
0.5625
0.5625
0.5625
0.5625
0.5625
0.5625
0.5625
0.5625
0.5625
0.5625
0.5625
0.5625
0.5625
0.5625
0.5625
0.5625
0.5625
0.5625
0.327829
0.33876
0.351257
0.366297
0.385147
0.409937
0.444259
0.489745
0.535472
0.55836
0.562437
0.562499
0.5625
0.5625
0.5625
0.5625
0.5625
0.5625
0.5625
0.5625
0.5625
0.5625
0.5625
0.5625
0.5625
0.5625
0.5625
0.5625
0.5625
0.5625
0.5625
0.5625
0.5625
0.5625
0.5625
0.5625
0.5625
0.5625
0.5625
0.5625
0.350586
0.362605
0.375659
0.390571
0.408612
0.431704
0.462283
0.500569
0.53806
0.558013
0.562425
0.562499
0.5625
0.5625
0.5625
0.5625
0.5625
0.5625
0.5625
0.5625
0.5625
0.5625
0.5625
0.5625
0.5625
0.5625
0.5625
0.5625
0.5625
0.5625
0.5625
0.5625
0.5625
0.5625
0.5625
0.5625
0.5625
0.5625
0.5625
0.5625
0.377913
0.390798
0.404015
0.418401
0.434999
0.455174
0.480296
0.510096
0.539074
0.556548
0.562375
0.562499
0.5625
0.5625
0.5625
0.5625
0.5625
0.5625
0.5625
0.5625
0.5625
0.5625
0.5625
0.5625
0.5625
0.5625
0.5625
0.5625
0.5625
0.5625
0.5625
0.5625
0.5625
0.5625
0.5625
0.5625
0.5625
0.5625
0.5625
0.5625
0.411162
0.424492
0.437352
0.450516
0.464768
0.480948
0.499723
0.520728
0.540675
0.553885
0.557664
0.560299
0.561648
0.562205
0.562405
0.562471
0.562491
0.562497
0.562499
0.5625
0.5625
0.5625
0.5625
0.5625
0.5625
0.5625
0.5625
0.5625
0.5625
0.5625
0.5625
0.5625
0.5625
0.5625
0.5625
0.5625
0.5625
0.5625
0.5625
0.5625
0.451407
0.463968
0.475323
0.48619
0.497167
0.508796
0.521435
0.534795
0.546981
0.55525
0.559167
0.561161
0.562022
0.562343
0.562451
0.562485
0.562496
0.562499
0.5625
0.5625
0.5625
0.5625
0.5625
0.5625
0.5625
0.5625
0.5625
0.5625
0.5625
0.5625
0.5625
0.5625
0.5625
0.5625
0.5625
0.5625
0.5625
0.5625
0.5625
0.5625
0.495679
0.505369
0.513632
0.521061
0.528103
0.535103
0.542235
0.549247
0.555173
0.55906
0.561066
0.561967
0.562319
0.562442
0.562482
0.562495
0.562498
0.5625
0.5625
0.5625
0.5625
0.5625
0.5625
0.5625
0.5625
0.5625
0.5625
0.5625
0.5625
0.5625
0.5625
0.5625
0.5625
0.5625
0.5625
0.5625
0.5625
0.5625
0.5625
0.5625
0.533405
0.538652
0.542932
0.546578
0.549837
0.552873
0.555735
0.55829
0.560249
0.561464
0.562083
0.562349
0.56245
0.562484
0.562495
0.562499
0.5625
0.5625
0.5625
0.5625
0.5625
0.5625
0.5625
0.5625
0.5625
0.5625
0.5625
0.5625
0.5625
0.5625
0.5625
0.5625
0.5625
0.5625
0.5625
0.5625
0.5625
0.5625
0.5625
0.5625
0.554017
0.555778
0.557176
0.558323
0.559305
0.56017
0.560932
0.561559
0.562008
0.562276
0.56241
0.562468
0.562489
0.562497
0.562499
0.5625
0.5625
0.5625
0.5625
0.5625
0.5625
0.5625
0.5625
0.5625
0.5625
0.5625
0.5625
0.5625
0.5625
0.5625
0.5625
0.5625
0.5625
0.5625
0.5625
0.5625
0.5625
0.5625
0.5625
0.5625
0.560759
0.561146
0.561451
0.561699
0.561905
0.562081
0.562227
0.562341
0.562418
0.562463
0.562485
0.562495
0.562498
0.562499
0.5625
0.5625
0.5625
0.5625
0.5625
0.5625
0.5625
0.5625
0.5625
0.5625
0.5625
0.5625
0.5625
0.5625
0.5625
0.5625
0.5625
0.5625
0.5625
0.5625
0.5625
0.5625
0.5625
0.5625
0.5625
0.5625
0.562235
0.562296
0.562345
0.562384
0.562416
0.562443
0.562464
0.562479
0.56249
0.562495
0.562498
0.562499
0.5625
0.5625
0.5625
0.5625
0.5625
0.5625
0.5625
0.5625
0.5625
0.5625
0.5625
0.5625
0.5625
0.5625
0.5625
0.5625
0.5625
0.5625
0.5625
0.5625
0.5625
0.5625
0.5625
0.5625
0.5625
0.5625
0.5625
0.5625
0.562471
0.562478
0.562483
0.562488
0.562491
0.562494
0.562496
0.562498
0.562499
0.5625
0.5625
0.5625
0.5625
0.5625
0.5625
0.5625
0.5625
0.5625
0.5625
0.5625
0.5625
0.5625
0.5625
0.5625
0.5625
0.5625
0.5625
0.5625
0.5625
0.5625
0.5625
0.5625
0.5625
0.5625
0.5625
0.5625
0.5625
0.5625
0.5625
0.5625
0.562498
0.562498
0.562499
0.562499
0.562499
0.5625
0.5625
0.5625
0.5625
0.5625
0.5625
0.5625
0.5625
0.5625
0.5625
0.5625
0.5625
0.5625
0.5625
0.5625
0.5625
0.5625
0.5625
0.5625
0.5625
0.5625
0.5625
0.5625
0.5625
0.5625
0.5625
0.5625
0.5625
0.5625
0.5625
0.5625
0.5625
0.5625
0.5625
0.5625
0.5625
0.5625
0.5625
0.5625
0.5625
0.5625
0.5625
0.5625
0.5625
0.5625
0.5625
0.5625
0.5625
0.5625
0.5625
0.5625
0.5625
0.5625
0.5625
0.5625
0.5625
0.5625
0.5625
0.5625
0.5625
0.5625
0.5625
0.5625
0.5625
0.5625
0.5625
0.5625
0.5625
0.5625
0.5625
0.5625
0.5625
0.5625
0.5625
0.5625
0.00876053
0.0131082
0.0194625
0.0274447
0.03665
0.0467062
0.0573109
0.0682382
0.0792946
0.0902954
0.101097
0.111604
0.121766
0.131585
0.141088
0.150276
0.159183
0.167851
0.176327
0.18466
0.192906
0.201119
0.209362
0.217705
0.226228
0.235024
0.244217
0.254016
0.264877
0.278016
0.295372
0.320303
0.359404
0.421296
0.496795
0.545042
0.559602
0.562171
0.562476
0.562499
0.0131069
0.0176969
0.0241605
0.0321312
0.0412505
0.0511949
0.0616974
0.0725502
0.0835486
0.0945066
0.105282
0.115777
0.125945
0.135794
0.145334
0.15457
0.163534
0.172266
0.180812
0.18922
0.19754
0.205825
0.214134
0.222528
0.231081
0.239878
0.249038
0.258782
0.269648
0.283012
0.300842
0.326792
0.367861
0.431945
0.505327
0.548095
0.560173
0.56224
0.562481
0.562499
0.0194631
0.0241601
0.0306258
0.0384996
0.0474619
0.057236
0.0675962
0.0783369
0.0892456
0.100137
0.110868
0.12134
0.131509
0.141388
0.150956
0.160227
0.169231
0.178006
0.186594
0.195038
0.203383
0.211677
0.219969
0.228313
0.23677
0.245414
0.254367
0.263891
0.274676
0.288178
0.306358
0.333208
0.376134
0.442085
0.512903
0.550648
0.560642
0.562297
0.562486
0.5625
0.027445
0.0321305
0.0384994
0.0462088
0.0549766
0.064569
0.0747854
0.0854094
0.0962312
0.107067
0.11777
0.12824
0.138446
0.148365
0.157972
0.167286
0.176333
0.185147
0.193767
0.202228
0.21057
0.21883
0.227047
0.235261
0.243517
0.251884
0.260503
0.269725
0.280453
0.293951
0.312332
0.339957
0.384658
0.452149
0.519861
0.552848
0.561038
0.562344
0.562489
0.5625
0.0366498
0.04125
0.0474619
0.0549767
0.0635511
0.0729861
0.0830755
0.0936091
0.104385
0.115219
0.125954
0.136496
0.146801
0.156799
0.166486
0.175875
0.184993
0.193868
0.202533
0.211019
0.219356
0.227569
0.235682
0.243718
0.251712
0.259745
0.268021
0.277073
0.287699
0.301021
0.3194
0.347654
0.39409
0.462747
0.526568
0.554826
0.561382
0.562384
0.562492
0.5625
0.046706
0.0511948
0.0572363
0.0645693
0.0729862
0.0822924
0.0922946
0.102801
0.11362
0.124564
0.135469
0.146229
0.156716
0.166882
0.176723
0.186254
0.195501
0.204491
0.213251
0.221807
0.230177
0.238378
0.24642
0.254326
0.262154
0.270053
0.278374
0.287433
0.297789
0.310674
0.328725
0.35739
0.405547
0.474758
0.533381
0.556671
0.561688
0.562419
0.562495
0.5625
0.0573108
0.0616975
0.0675966
0.0747857
0.0830757
0.0922946
0.102279
0.112867
0.123888
0.135164
0.146515
0.157682
0.168523
0.179002
0.189125
0.198916
0.208405
0.217621
0.226594
0.235346
0.243899
0.252282
0.260543
0.268791
0.277214
0.285814
0.294616
0.303775
0.313752
0.325767
0.342779
0.371355
0.421039
0.489348
0.540517
0.558404
0.561956
0.562448
0.562497
0.5625
0.0682381
0.0725505
0.0783373
0.0854097
0.0936093
0.102801
0.112867
0.1237
0.135199
0.147248
0.159501
0.171444
0.182934
0.193976
0.204615
0.214901
0.224882
0.234608
0.244136
0.253539
0.262931
0.272522
0.282399
0.292566
0.303013
0.313636
0.324199
0.334367
0.343998
0.353918
0.367545
0.394142
0.443854
0.507389
0.547742
0.55994
0.562175
0.56247
0.562498
0.5625
0.0792946
0.0835488
0.0892459
0.0962314
0.104385
0.11362
0.123888
0.135199
0.147652
0.161248
0.17557
0.189045
0.201761
0.213916
0.225661
0.237117
0.248413
0.259729
0.271352
0.283491
0.296298
0.310009
0.32489
0.341119
0.358542
0.376344
0.392815
0.405576
0.412581
0.41393
0.414593
0.432046
0.476075
0.527349
0.554096
0.561123
0.562331
0.562485
0.562499
0.5625
0.0902953
0.0945068
0.100137
0.107068
0.115219
0.124564
0.135164
0.147248
0.161248
0.178156
0.199685
0.216685
0.232431
0.247766
0.263126
0.278933
0.295846
0.314341
0.334916
0.358098
0.384103
0.412345
0.441038
0.467494
0.489292
0.505251
0.515242
0.519221
0.516149
0.503356
0.480077
0.479747
0.511173
0.544336
0.55852
0.561869
0.562424
0.562493
0.5625
0.5625
0.101097
0.105282
0.110868
0.11777
0.125954
0.135469
0.146515
0.159501
0.17557
0.199685
0.524253
0.535602
0.534957
0.536133
0.538345
0.541135
0.544223
0.547398
0.550482
0.553317
0.555772
0.557756
0.559245
0.560285
0.560965
0.561382
0.561606
0.561663
0.561497
0.560779
0.504256
0.513842
0.537492
0.554837
0.560906
0.56225
0.56247
0.562497
0.5625
0.5625
0.111604
0.115777
0.12134
0.12824
0.136496
0.146229
0.157682
0.171444
0.189045
0.216685
0.535602
0.561383
0.561846
0.561862
0.561924
0.56201
0.562105
0.562196
0.562276
0.562342
0.562393
0.562429
0.562454
0.56247
0.56248
0.562486
0.562489
0.562489
0.562488
0.56248
0.529883
0.539509
0.552602
0.559741
0.561937
0.562411
0.562489
0.562499
0.5625
0.5625
0.121766
0.125945
0.131509
0.138446
0.146801
0.156716
0.168523
0.182934
0.201761
0.232431
0.534957
0.561846
0.56248
0.56249
0.562491
0.562492
0.562494
0.562496
0.562497
0.562498
0.562499
0.562499
0.562499
0.5625
0.5625
0.5625
0.5625
0.5625
0.5625
0.5625
0.548207
0.553758
0.559151
0.561605
0.562318
0.562471
0.562496
0.5625
0.5625
0.5625
0.131585
0.135794
0.141388
0.148364
0.156799
0.166882
0.179002
0.193976
0.213916
0.247766
0.536133
0.561862
0.56249
0.5625
0.5625
0.5625
0.5625
0.5625
0.5625
0.5625
0.5625
0.5625
0.5625
0.5625
0.5625
0.5625
0.5625
0.5625
0.5625
0.5625
0.557338
0.559639
0.561468
0.562228
0.562444
0.562491
0.562499
0.5625
0.5625
0.5625
0.141088
0.145334
0.150956
0.157972
0.166486
0.176723
0.189125
0.204615
0.225661
0.263126
0.538345
0.561924
0.562491
0.5625
0.5625
0.5625
0.5625
0.5625
0.5625
0.5625
0.5625
0.5625
0.5625
0.5625
0.5625
0.5625
0.5625
0.5625
0.5625
0.5625
0.560844
0.561638
0.562198
0.562421
0.562484
0.562497
0.5625
0.5625
0.5625
0.5625
0.150276
0.15457
0.160227
0.167286
0.175875
0.186254
0.198916
0.214901
0.237117
0.278933
0.541135
0.56201
0.562492
0.5625
0.5625
0.5625
0.5625
0.5625
0.5625
0.5625
0.5625
0.5625
0.5625
0.5625
0.5625
0.5625
0.5625
0.5625
0.5625
0.5625
0.562001
0.562251
0.562414
0.562477
0.562495
0.562499
0.5625
0.5625
0.5625
0.5625
0.159183
0.163534
0.169231
0.176333
0.184992
0.195501
0.208405
0.224882
0.248413
0.295846
0.544223
0.562105
0.562494
0.5625
0.5625
0.5625
0.5625
0.5625
0.5625
0.5625
0.5625
0.5625
0.5625
0.5625
0.5625
0.5625
0.5625
0.5625
0.5625
0.5625
0.562355
0.562429
0.562476
0.562494
0.562499
0.5625
0.5625
0.5625
0.5625
0.5625
0.167851
0.172266
0.178006
0.185147
0.193868
0.204491
0.217621
0.234608
0.259729
0.314341
0.547398
0.562196
0.562496
0.5625
0.5625
0.5625
0.5625
0.5625
0.5625
0.5625
0.5625
0.5625
0.5625
0.5625
0.5625
0.5625
0.5625
0.5625
0.5625
0.5625
0.562459
0.56248
0.562493
0.562498
0.5625
0.5625
0.5625
0.5625
0.5625
0.5625
0.176327
0.180812
0.186594
0.193766
0.202533
0.213251
0.226594
0.244136
0.271352
0.334916
0.550482
0.562276
0.562497
0.5625
0.5625
0.5625
0.5625
0.5625
0.5625
0.5625
0.5625
0.5625
0.5625
0.5625
0.5625
0.5625
0.5625
0.5625
0.5625
0.5625
0.562488
0.562495
0.562498
0.5625
0.5625
0.5625
0.5625
0.5625
0.5625
0.5625
0.18466
0.18922
0.195038
0.202228
0.211019
0.221806
0.235345
0.253539
0.283491
0.358098
0.553317
0.562342
0.562498
0.5625
0.5625
0.5625
0.5625
0.5625
0.5625
0.5625
0.5625
0.5625
0.5625
0.5625
0.5625
0.5625
0.5625
0.5625
0.5625
0.5625
0.562497
0.562499
0.5625
0.5625
0.5625
0.5625
0.5625
0.5625
0.5625
0.5625
0.192905
0.19754
0.203383
0.210569
0.219355
0.230177
0.243899
0.26293
0.296298
0.384103
0.555772
0.562393
0.562499
0.5625
0.5625
0.5625
0.5625
0.5625
0.5625
0.5625
0.5625
0.5625
0.5625
0.5625
0.5625
0.5625
0.5625
0.5625
0.5625
0.5625
0.562499
0.5625
0.5625
0.5625
0.5625
0.5625
0.5625
0.5625
0.5625
0.5625
0.201119
0.205825
0.211677
0.21883
0.227569
0.238378
0.252282
0.272522
0.310009
0.412345
0.557756
0.562429
0.562499
0.5625
0.5625
0.5625
0.5625
0.5625
0.5625
0.5625
0.5625
0.5625
0.5625
0.5625
0.5625
0.5625
0.5625
0.5625
0.5625
0.5625
0.5625
0.5625
0.5625
0.5625
0.5625
0.5625
0.5625
0.5625
0.5625
0.5625
0.209362
0.214133
0.219969
0.227047
0.235682
0.24642
0.260543
0.282399
0.32489
0.441038
0.559245
0.562454
0.562499
0.5625
0.5625
0.5625
0.5625
0.5625
0.5625
0.5625
0.5625
0.5625
0.5625
0.5625
0.5625
0.5625
0.5625
0.5625
0.5625
0.5625
0.5625
0.5625
0.5625
0.5625
0.5625
0.5625
0.5625
0.5625
0.5625
0.5625
0.217705
0.222528
0.228313
0.235261
0.243718
0.254326
0.268791
0.292566
0.341119
0.467494
0.560285
0.56247
0.5625
0.5625
0.5625
0.5625
0.5625
0.5625
0.5625
0.5625
0.5625
0.5625
0.5625
0.5625
0.5625
0.5625
0.5625
0.5625
0.5625
0.5625
0.5625
0.5625
0.5625
0.5625
0.5625
0.5625
0.5625
0.5625
0.5625
0.5625
0.226228
0.231081
0.23677
0.243517
0.251712
0.262153
0.277214
0.303012
0.358542
0.489292
0.560965
0.56248
0.5625
0.5625
0.5625
0.5625
0.5625
0.5625
0.5625
0.5625
0.5625
0.5625
0.5625
0.5625
0.5625
0.5625
0.5625
0.5625
0.5625
0.5625
0.5625
0.5625
0.5625
0.5625
0.5625
0.5625
0.5625
0.5625
0.5625
0.5625
0.235024
0.239878
0.245414
0.251884
0.259745
0.270053
0.285813
0.313636
0.376344
0.505251
0.561382
0.562486
0.5625
0.5625
0.5625
0.5625
0.5625
0.5625
0.5625
0.5625
0.5625
0.5625
0.5625
0.5625
0.5625
0.5625
0.5625
0.5625
0.5625
0.5625
0.5625
0.5625
0.5625
0.5625
0.5625
0.5625
0.5625
0.5625
0.5625
0.5625
0.244217
0.249038
0.254367
0.260503
0.268021
0.278374
0.294616
0.324199
0.392815
0.515242
0.561606
0.562489
0.5625
0.5625
0.5625
0.5625
0.5625
0.5625
0.5625
0.5625
0.5625
0.5625
0.5625
0.5625
0.5625
0.5625
0.5625
0.5625
0.5625
0.5625
0.5625
0.5625
0.5625
0.5625
0.5625
0.5625
0.5625
0.5625
0.5625
0.5625
0.254015
0.258782
0.26389
0.269725
0.277073
0.287433
0.303775
0.334367
0.405575
0.519221
0.561663
0.562489
0.5625
0.5625
0.5625
0.5625
0.5625
0.5625
0.5625
0.5625
0.5625
0.5625
0.5625
0.5625
0.5625
0.5625
0.5625
0.5625
0.5625
0.5625
0.5625
0.5625
0.5625
0.5625
0.5625
0.5625
0.5625
0.5625
0.5625
0.5625
0.264876
0.269648
0.274676
0.280453
0.287699
0.297789
0.313752
0.343998
0.412581
0.516149
0.561497
0.562488
0.5625
0.5625
0.5625
0.5625
0.5625
0.5625
0.5625
0.5625
0.5625
0.5625
0.5625
0.5625
0.5625
0.5625
0.5625
0.5625
0.5625
0.5625
0.5625
0.5625
0.5625
0.5625
0.5625
0.5625
0.5625
0.5625
0.5625
0.5625
0.278016
0.283012
0.288178
0.29395
0.301021
0.310674
0.325767
0.353917
0.41393
0.503356
0.560779
0.56248
0.5625
0.5625
0.5625
0.5625
0.5625
0.5625
0.5625
0.5625
0.5625
0.5625
0.5625
0.5625
0.5625
0.5625
0.5625
0.5625
0.5625
0.5625
0.5625
0.5625
0.5625
0.5625
0.5625
0.5625
0.5625
0.5625
0.5625
0.5625
0.295372
0.300842
0.306358
0.312332
0.3194
0.328724
0.342779
0.367544
0.414593
0.480077
0.504255
0.529883
0.548206
0.557338
0.560844
0.562001
0.562355
0.562459
0.562488
0.562497
0.562499
0.5625
0.5625
0.5625
0.5625
0.5625
0.5625
0.5625
0.5625
0.5625
0.5625
0.5625
0.5625
0.5625
0.5625
0.5625
0.5625
0.5625
0.5625
0.5625
0.320303
0.326792
0.333208
0.339957
0.347653
0.35739
0.371355
0.394141
0.432046
0.479747
0.513842
0.539508
0.553758
0.559639
0.561638
0.562251
0.562429
0.56248
0.562495
0.562499
0.5625
0.5625
0.5625
0.5625
0.5625
0.5625
0.5625
0.5625
0.5625
0.5625
0.5625
0.5625
0.5625
0.5625
0.5625
0.5625
0.5625
0.5625
0.5625
0.5625
0.359403
0.367861
0.376133
0.384658
0.39409
0.405546
0.421039
0.443854
0.476075
0.511173
0.537492
0.552602
0.559151
0.561468
0.562198
0.562414
0.562476
0.562493
0.562498
0.5625
0.5625
0.5625
0.5625
0.5625
0.5625
0.5625
0.5625
0.5625
0.5625
0.5625
0.5625
0.5625
0.5625
0.5625
0.5625
0.5625
0.5625
0.5625
0.5625
0.5625
0.421296
0.431945
0.442084
0.452149
0.462747
0.474758
0.489348
0.507389
0.527349
0.544336
0.554837
0.559741
0.561605
0.562228
0.562421
0.562477
0.562494
0.562498
0.5625
0.5625
0.5625
0.5625
0.5625
0.5625
0.5625
0.5625
0.5625
0.5625
0.5625
0.5625
0.5625
0.5625
0.5625
0.5625
0.5625
0.5625
0.5625
0.5625
0.5625
0.5625
0.496795
0.505327
0.512903
0.51986
0.526568
0.533381
0.540517
0.547742
0.554096
0.55852
0.560906
0.561937
0.562318
0.562444
0.562484
0.562495
0.562499
0.5625
0.5625
0.5625
0.5625
0.5625
0.5625
0.5625
0.5625
0.5625
0.5625
0.5625
0.5625
0.5625
0.5625
0.5625
0.5625
0.5625
0.5625
0.5625
0.5625
0.5625
0.5625
0.5625
0.545042
0.548095
0.550647
0.552848
0.554826
0.556671
0.558404
0.55994
0.561123
0.561869
0.56225
0.562411
0.562471
0.562491
0.562497
0.562499
0.5625
0.5625
0.5625
0.5625
0.5625
0.5625
0.5625
0.5625
0.5625
0.5625
0.5625
0.5625
0.5625
0.5625
0.5625
0.5625
0.5625
0.5625
0.5625
0.5625
0.5625
0.5625
0.5625
0.5625
0.559602
0.560173
0.560642
0.561038
0.561382
0.561688
0.561956
0.562175
0.562331
0.562424
0.56247
0.562489
0.562496
0.562499
0.5625
0.5625
0.5625
0.5625
0.5625
0.5625
0.5625
0.5625
0.5625
0.5625
0.5625
0.5625
0.5625
0.5625
0.5625
0.5625
0.5625
0.5625
0.5625
0.5625
0.5625
0.5625
0.5625
0.5625
0.5625
0.5625
0.562171
0.56224
0.562297
0.562344
0.562384
0.562419
0.562448
0.56247
0.562485
0.562493
0.562497
0.562499
0.5625
0.5625
0.5625
0.5625
0.5625
0.5625
0.5625
0.5625
0.5625
0.5625
0.5625
0.5625
0.5625
0.5625
0.5625
0.5625
0.5625
0.5625
0.5625
0.5625
0.5625
0.5625
0.5625
0.5625
0.5625
0.5625
0.5625
0.5625
0.562476
0.562481
0.562486
0.562489
0.562492
0.562495
0.562497
0.562498
0.562499
0.5625
0.5625
0.5625
0.5625
0.5625
0.5625
0.5625
0.5625
0.5625
0.5625
0.5625
0.5625
0.5625
0.5625
0.5625
0.5625
0.5625
0.5625
0.5625
0.5625
0.5625
0.5625
0.5625
0.5625
0.5625
0.5625
0.5625
0.5625
0.5625
0.5625
0.5625
0.562499
0.562499
0.5625
0.5625
0.5625
0.5625
0.5625
0.5625
0.5625
0.5625
0.5625
0.5625
0.5625
0.5625
0.5625
0.5625
0.5625
0.5625
0.5625
0.5625
0.5625
0.5625
0.5625
0.5625
0.5625
0.5625
0.5625
0.5625
0.5625
0.5625
0.5625
0.5625
0.5625
0.5625
0.5625
0.5625
0.5625
0.5625
0.5625
0.5625
0.00188216
0.00457002
0.0094434
0.0162907
0.0246769
0.0341413
0.0442829
0.0547891
0.0654399
0.0760751
0.086546
0.0967437
0.106603
0.116097
0.125232
0.134037
0.142531
0.150751
0.158737
0.166534
0.174189
0.181755
0.18929
0.196861
0.204554
0.21248
0.220799
0.229755
0.23975
0.251435
0.26588
0.285165
0.313529
0.359318
0.432201
0.512168
0.552168
0.561221
0.562402
0.562496
0.00456784
0.00803281
0.0134256
0.0205206
0.0289745
0.0384101
0.0484855
0.0589268
0.069537
0.080145
0.0905971
0.100783
0.110638
0.120133
0.129279
0.138097
0.146606
0.154841
0.162842
0.170651
0.178314
0.18588
0.193406
0.200957
0.208615
0.216491
0.224747
0.233637
0.243582
0.255249
0.269769
0.289358
0.318547
0.366125
0.440839
0.518034
0.55375
0.56144
0.56242
0.562497
0.00944423
0.0134258
0.0191625
0.0264014
0.0348465
0.0441884
0.054145
0.0644872
0.0750296
0.0855853
0.0959974
0.106153
0.115984
0.125463
0.134603
0.143409
0.151905
0.160123
0.168102
0.17588
0.183501
0.19101
0.19846
0.205913
0.213447
0.221172
0.229255
0.23796
0.247725
0.259221
0.273645
0.293361
0.323209
0.372449
0.448806
0.523193
0.555098
0.561627
0.562436
0.562498
0.0162918
0.0205201
0.0264009
0.0336558
0.0420157
0.0512232
0.0610477
0.0712972
0.0817735
0.0922825
0.102663
0.112797
0.12261
0.132083
0.141212
0.150001
0.158473
0.166662
0.174599
0.182324
0.189875
0.197295
0.204629
0.211934
0.219285
0.226789
0.234613
0.243029
0.252468
0.263611
0.277737
0.297375
0.327723
0.378571
0.45646
0.527906
0.556286
0.56179
0.562449
0.562498
0.0246771
0.0289734
0.0348457
0.0420153
0.0502404
0.0593055
0.0690255
0.079211
0.0896545
0.100159
0.110555
0.120709
0.130548
0.140046
0.149184
0.157973
0.166436
0.174605
0.182512
0.190191
0.197679
0.205013
0.212232
0.219386
0.226542
0.233798
0.241312
0.249341
0.258275
0.268834
0.282394
0.301702
0.332396
0.384911
0.464307
0.532467
0.557385
0.561938
0.562461
0.562499
0.0341408
0.0384089
0.0441875
0.0512227
0.0593053
0.068263
0.0779252
0.0880996
0.0985857
0.109182
0.119696
0.129969
0.139926
0.149509
0.158712
0.167551
0.176054
0.184253
0.192181
0.199873
0.207361
0.214678
0.221859
0.228942
0.235979
0.243045
0.250246
0.257764
0.265975
0.275629
0.28823
0.306852
0.337746
0.392182
0.473103
0.537191
0.558452
0.562076
0.562472
0.562499
0.0442823
0.0484844
0.0541442
0.0610472
0.0690253
0.0779251
0.0875866
0.0978418
0.108509
0.119381
0.130218
0.140807
0.151016
0.160803
0.170181
0.17918
0.187836
0.196189
0.204279
0.21214
0.219809
0.227316
0.234691
0.241961
0.249123
0.256168
0.263111
0.270048
0.277272
0.285522
0.296477
0.313823
0.344773
0.401695
0.483953
0.542347
0.55951
0.562204
0.562481
0.562499
0.0547885
0.0589259
0.0644865
0.0712967
0.0792107
0.0880994
0.0978417
0.10832
0.119402
0.130898
0.142501
0.153727
0.16444
0.174654
0.184428
0.193822
0.202895
0.211705
0.220304
0.22874
0.237062
0.245293
0.253433
0.261457
0.269311
0.276888
0.284031
0.290573
0.296508
0.302393
0.31015
0.32493
0.355644
0.415972
0.498254
0.547978
0.56052
0.562315
0.562489
0.5625
0.0654395
0.0695363
0.075029
0.0817731
0.0896542
0.0985855
0.108509
0.119402
0.131275
0.144132
0.157562
0.170084
0.181802
0.192927
0.203623
0.214016
0.224213
0.234312
0.244405
0.254544
0.264766
0.275115
0.285626
0.296298
0.30703
0.317515
0.327093
0.334664
0.338945
0.339488
0.338648
0.346375
0.37529
0.439378
0.516649
0.553561
0.561376
0.5624
0.562494
0.5625
0.0760748
0.0801445
0.0855849
0.0922822
0.100159
0.109182
0.119381
0.130898
0.144132
0.159961
0.17983
0.195284
0.209403
0.222983
0.236431
0.250035
0.264055
0.278751
0.294345
0.311106
0.329299
0.349113
0.370496
0.392885
0.414918
0.434434
0.448865
0.455542
0.451365
0.433077
0.402635
0.387115
0.409739
0.47456
0.536106
0.558
0.561965
0.562454
0.562497
0.5625
0.0865457
0.0905967
0.095997
0.102663
0.110555
0.119696
0.130217
0.142501
0.157562
0.17983
0.517884
0.529731
0.52802
0.528467
0.530179
0.53264
0.535562
0.538747
0.542039
0.545305
0.548421
0.551272
0.553756
0.555797
0.55736
0.558447
0.559076
0.55921
0.558573
0.555957
0.421943
0.419587
0.453015
0.513091
0.550601
0.560636
0.562284
0.562482
0.562499
0.5625
0.0967434
0.100783
0.106153
0.112796
0.120709
0.129969
0.140807
0.153727
0.170084
0.195284
0.529731
0.560919
0.561529
0.561509
0.561556
0.561649
0.561764
0.561887
0.562007
0.562115
0.562209
0.562285
0.562345
0.562388
0.562418
0.562438
0.562449
0.562451
0.562441
0.562408
0.452725
0.462108
0.50103
0.541476
0.558119
0.561836
0.562423
0.562493
0.5625
0.5625
0.106603
0.110638
0.115984
0.12261
0.130548
0.139926
0.151015
0.16444
0.181802
0.209403
0.52802
0.561529
0.562467
0.562482
0.562483
0.562484
0.562487
0.562489
0.562492
0.562494
0.562496
0.562497
0.562498
0.562499
0.562499
0.562499
0.562499
0.562499
0.562499
0.562499
0.493466
0.508592
0.537017
0.55532
0.561088
0.562287
0.562475
0.562498
0.5625
0.5625
0.116097
0.120133
0.125463
0.132083
0.140046
0.149509
0.160803
0.174654
0.192927
0.222983
0.528467
0.561509
0.562482
0.562499
0.5625
0.5625
0.5625
0.5625
0.5625
0.5625
0.5625
0.5625
0.5625
0.5625
0.5625
0.5625
0.5625
0.5625
0.5625
0.5625
0.530009
0.541159
0.554149
0.560339
0.56208
0.562436
0.562492
0.562499
0.5625
0.5625
0.125231
0.129279
0.134603
0.141212
0.149184
0.158712
0.170181
0.184428
0.203623
0.236431
0.530179
0.561556
0.562483
0.5625
0.5625
0.5625
0.5625
0.5625
0.5625
0.5625
0.5625
0.5625
0.5625
0.5625
0.5625
0.5625
0.5625
0.5625
0.5625
0.5625
0.550665
0.555691
0.560079
0.561889
0.562381
0.562482
0.562498
0.5625
0.5625
0.5625
0.134036
0.138097
0.143409
0.15
0.157973
0.167551
0.179179
0.193822
0.214016
0.250035
0.53264
0.561649
0.562484
0.5625
0.5625
0.5625
0.5625
0.5625
0.5625
0.5625
0.5625
0.5625
0.5625
0.5625
0.5625
0.5625
0.5625
0.5625
0.5625
0.5625
0.5588
0.560545
0.561834
0.562333
0.562467
0.562495
0.562499
0.5625
0.5625
0.5625
0.142531
0.146606
0.151904
0.158473
0.166436
0.176054
0.187836
0.202895
0.224213
0.264055
0.535562
0.561764
0.562487
0.5625
0.5625
0.5625
0.5625
0.5625
0.5625
0.5625
0.5625
0.5625
0.5625
0.5625
0.5625
0.5625
0.5625
0.5625
0.5625
0.5625
0.561426
0.561963
0.562321
0.562455
0.562491
0.562499
0.5625
0.5625
0.5625
0.5625
0.150751
0.154841
0.160123
0.166661
0.174605
0.184253
0.196189
0.211705
0.234312
0.278751
0.538747
0.561887
0.562489
0.5625
0.5625
0.5625
0.5625
0.5625
0.5625
0.5625
0.5625
0.5625
0.5625
0.5625
0.5625
0.5625
0.5625
0.5625
0.5625
0.5625
0.5622
0.562355
0.562452
0.562488
0.562498
0.5625
0.5625
0.5625
0.5625
0.5625
0.158737
0.162842
0.168101
0.174599
0.182511
0.192181
0.204278
0.220304
0.244405
0.294345
0.542039
0.562007
0.562492
0.5625
0.5625
0.5625
0.5625
0.5625
0.5625
0.5625
0.5625
0.5625
0.5625
0.5625
0.5625
0.5625
0.5625
0.5625
0.5625
0.5625
0.562418
0.562462
0.562487
0.562497
0.562499
0.5625
0.5625
0.5625
0.5625
0.5625
0.166534
0.170651
0.17588
0.182324
0.190191
0.199873
0.21214
0.22874
0.254544
0.311106
0.545305
0.562115
0.562494
0.5625
0.5625
0.5625
0.5625
0.5625
0.5625
0.5625
0.5625
0.5625
0.5625
0.5625
0.5625
0.5625
0.5625
0.5625
0.5625
0.5625
0.562478
0.56249
0.562497
0.562499
0.5625
0.5625
0.5625
0.5625
0.5625
0.5625
0.174189
0.178314
0.183501
0.189875
0.197679
0.207361
0.219808
0.237061
0.264766
0.329299
0.548421
0.562209
0.562496
0.5625
0.5625
0.5625
0.5625
0.5625
0.5625
0.5625
0.5625
0.5625
0.5625
0.5625
0.5625
0.5625
0.5625
0.5625
0.5625
0.5625
0.562494
0.562497
0.562499
0.5625
0.5625
0.5625
0.5625
0.5625
0.5625
0.5625
0.181755
0.18588
0.19101
0.197294
0.205013
0.214678
0.227315
0.245293
0.275115
0.349113
0.551272
0.562285
0.562497
0.5625
0.5625
0.5625
0.5625
0.5625
0.5625
0.5625
0.5625
0.5625
0.5625
0.5625
0.5625
0.5625
0.5625
0.5625
0.5625
0.5625
0.562498
0.562499
0.5625
0.5625
0.5625
0.5625
0.5625
0.5625
0.5625
0.5625
0.18929
0.193406
0.19846
0.204629
0.212232
0.221859
0.234691
0.253433
0.285626
0.370496
0.553756
0.562345
0.562498
0.5625
0.5625
0.5625
0.5625
0.5625
0.5625
0.5625
0.5625
0.5625
0.5625
0.5625
0.5625
0.5625
0.5625
0.5625
0.5625
0.5625
0.5625
0.5625
0.5625
0.5625
0.5625
0.5625
0.5625
0.5625
0.5625
0.5625
0.196861
0.200956
0.205913
0.211934
0.219386
0.228942
0.241961
0.261457
0.296298
0.392885
0.555797
0.562388
0.562499
0.5625
0.5625
0.5625
0.5625
0.5625
0.5625
0.5625
0.5625
0.5625
0.5625
0.5625
0.5625
0.5625
0.5625
0.5625
0.5625
0.5625
0.5625
0.5625
0.5625
0.5625
0.5625
0.5625
0.5625
0.5625
0.5625
0.5625
0.204554
0.208614
0.213447
0.219285
0.226542
0.235979
0.249123
0.26931
0.30703
0.414918
0.55736
0.562418
0.562499
0.5625
0.5625
0.5625
0.5625
0.5625
0.5625
0.5625
0.5625
0.5625
0.5625
0.5625
0.5625
0.5625
0.5625
0.5625
0.5625
0.5625
0.5625
0.5625
0.5625
0.5625
0.5625
0.5625
0.5625
0.5625
0.5625
0.5625
0.21248
0.21649
0.221172
0.226789
0.233797
0.243045
0.256168
0.276888
0.317515
0.434434
0.558447
0.562438
0.562499
0.5625
0.5625
0.5625
0.5625
0.5625
0.5625
0.5625
0.5625
0.5625
0.5625
0.5625
0.5625
0.5625
0.5625
0.5625
0.5625
0.5625
0.5625
0.5625
0.5625
0.5625
0.5625
0.5625
0.5625
0.5625
0.5625
0.5625
0.220799
0.224747
0.229255
0.234613
0.241312
0.250246
0.263111
0.284031
0.327093
0.448865
0.559076
0.562449
0.562499
0.5625
0.5625
0.5625
0.5625
0.5625
0.5625
0.5625
0.5625
0.5625
0.5625
0.5625
0.5625
0.5625
0.5625
0.5625
0.5625
0.5625
0.5625
0.5625
0.5625
0.5625
0.5625
0.5625
0.5625
0.5625
0.5625
0.5625
0.229755
0.233636
0.23796
0.243029
0.249341
0.257764
0.270048
0.290573
0.334664
0.455542
0.55921
0.562451
0.562499
0.5625
0.5625
0.5625
0.5625
0.5625
0.5625
0.5625
0.5625
0.5625
0.5625
0.5625
0.5625
0.5625
0.5625
0.5625
0.5625
0.5625
0.5625
0.5625
0.5625
0.5625
0.5625
0.5625
0.5625
0.5625
0.5625
0.5625
0.23975
0.243581
0.247725
0.252468
0.258275
0.265975
0.277272
0.296508
0.338945
0.451365
0.558573
0.562441
0.562499
0.5625
0.5625
0.5625
0.5625
0.5625
0.5625
0.5625
0.5625
0.5625
0.5625
0.5625
0.5625
0.5625
0.5625
0.5625
0.5625
0.5625
0.5625
0.5625
0.5625
0.5625
0.5625
0.5625
0.5625
0.5625
0.5625
0.5625
0.251435
0.255249
0.259221
0.263611
0.268834
0.275629
0.285522
0.302393
0.339488
0.433077
0.555957
0.562408
0.562499
0.5625
0.5625
0.5625
0.5625
0.5625
0.5625
0.5625
0.5625
0.5625
0.5625
0.5625
0.5625
0.5625
0.5625
0.5625
0.5625
0.5625
0.5625
0.5625
0.5625
0.5625
0.5625
0.5625
0.5625
0.5625
0.5625
0.5625
0.26588
0.269769
0.273645
0.277736
0.282393
0.28823
0.296477
0.310149
0.338647
0.402635
0.421943
0.452725
0.493465
0.530009
0.550665
0.5588
0.561426
0.5622
0.562418
0.562478
0.562494
0.562498
0.5625
0.5625
0.5625
0.5625
0.5625
0.5625
0.5625
0.5625
0.5625
0.5625
0.5625
0.5625
0.5625
0.5625
0.5625
0.5625
0.5625
0.5625
0.285165
0.289358
0.293361
0.297375
0.301702
0.306852
0.313823
0.32493
0.346375
0.387115
0.419587
0.462108
0.508591
0.541159
0.555691
0.560545
0.561963
0.562355
0.562462
0.56249
0.562497
0.562499
0.5625
0.5625
0.5625
0.5625
0.5625
0.5625
0.5625
0.5625
0.5625
0.5625
0.5625
0.5625
0.5625
0.5625
0.5625
0.5625
0.5625
0.5625
0.313528
0.318547
0.323209
0.327723
0.332396
0.337746
0.344773
0.355644
0.37529
0.409739
0.453015
0.50103
0.537017
0.554149
0.560079
0.561834
0.562321
0.562452
0.562487
0.562497
0.562499
0.5625
0.5625
0.5625
0.5625
0.5625
0.5625
0.5625
0.5625
0.5625
0.5625
0.5625
0.5625
0.5625
0.5625
0.5625
0.5625
0.5625
0.5625
0.5625
0.359318
0.366125
0.372449
0.37857
0.384911
0.392181
0.401694
0.415971
0.439378
0.47456
0.513091
0.541476
0.55532
0.560339
0.561889
0.562333
0.562455
0.562488
0.562497
0.562499
0.5625
0.5625
0.5625
0.5625
0.5625
0.5625
0.5625
0.5625
0.5625
0.5625
0.5625
0.5625
0.5625
0.5625
0.5625
0.5625
0.5625
0.5625
0.5625
0.5625
0.432201
0.440839
0.448806
0.45646
0.464307
0.473103
0.483953
0.498253
0.516649
0.536106
0.5506
0.558119
0.561088
0.56208
0.562381
0.562467
0.562491
0.562498
0.562499
0.5625
0.5625
0.5625
0.5625
0.5625
0.5625
0.5625
0.5625
0.5625
0.5625
0.5625
0.5625
0.5625
0.5625
0.5625
0.5625
0.5625
0.5625
0.5625
0.5625
0.5625
0.512168
0.518034
0.523193
0.527906
0.532467
0.537191
0.542347
0.547978
0.553561
0.558
0.560636
0.561836
0.562287
0.562436
0.562482
0.562495
0.562499
0.5625
0.5625
0.5625
0.5625
0.5625
0.5625
0.5625
0.5625
0.5625
0.5625
0.5625
0.5625
0.5625
0.5625
0.5625
0.5625
0.5625
0.5625
0.5625
0.5625
0.5625
0.5625
0.5625
0.552168
0.55375
0.555098
0.556286
0.557385
0.558452
0.55951
0.56052
0.561376
0.561965
0.562284
0.562423
0.562475
0.562492
0.562498
0.562499
0.5625
0.5625
0.5625
0.5625
0.5625
0.5625
0.5625
0.5625
0.5625
0.5625
0.5625
0.5625
0.5625
0.5625
0.5625
0.5625
0.5625
0.5625
0.5625
0.5625
0.5625
0.5625
0.5625
0.5625
0.561221
0.56144
0.561627
0.56179
0.561938
0.562076
0.562204
0.562315
0.5624
0.562454
0.562482
0.562493
0.562498
0.562499
0.5625
0.5625
0.5625
0.5625
0.5625
0.5625
0.5625
0.5625
0.5625
0.5625
0.5625
0.5625
0.5625
0.5625
0.5625
0.5625
0.5625
0.5625
0.5625
0.5625
0.5625
0.5625
0.5625
0.5625
0.5625
0.5625
0.562402
0.56242
0.562436
0.562449
0.562461
0.562472
0.562481
0.562489
0.562494
0.562497
0.562499
0.5625
0.5625
0.5625
0.5625
0.5625
0.5625
0.5625
0.5625
0.5625
0.5625
0.5625
0.5625
0.5625
0.5625
0.5625
0.5625
0.5625
0.5625
0.5625
0.5625
0.5625
0.5625
0.5625
0.5625
0.5625
0.5625
0.5625
0.5625
0.5625
0.562496
0.562497
0.562498
0.562498
0.562499
0.562499
0.562499
0.5625
0.5625
0.5625
0.5625
0.5625
0.5625
0.5625
0.5625
0.5625
0.5625
0.5625
0.5625
0.5625
0.5625
0.5625
0.5625
0.5625
0.5625
0.5625
0.5625
0.5625
0.5625
0.5625
0.5625
0.5625
0.5625
0.5625
0.5625
0.5625
0.5625
0.5625
0.5625
0.5625
7.64894e-05
0.000906357
0.00398342
0.00957636
0.0171348
0.0260519
0.0358167
0.0460364
0.0564328
0.0668272
0.0770925
0.0871175
0.0968298
0.106194
0.115205
0.123877
0.13224
0.140326
0.148173
0.155826
0.163329
0.170735
0.1781
0.185494
0.192998
0.200721
0.208809
0.217472
0.227031
0.237986
0.251189
0.268212
0.292176
0.32951
0.391411
0.477758
0.540747
0.559511
0.56226
0.562491
0.000903697
0.00295975
0.00714369
0.0133376
0.0211522
0.0301416
0.0398921
0.0500695
0.0604292
0.0708077
0.0810643
0.0910836
0.100793
0.110156
0.119166
0.12784
0.136203
0.144288
0.152132
0.159777
0.167267
0.174651
0.181986
0.189336
0.196783
0.204433
0.21243
0.220989
0.230441
0.241302
0.254464
0.271578
0.295947
0.334371
0.398229
0.484519
0.543403
0.559947
0.562298
0.562492
0.00398314
0.0071447
0.0121269
0.0187522
0.0267293
0.03572
0.0453981
0.0554892
0.0657865
0.0761271
0.0863546
0.0963494
0.106036
0.115376
0.124362
0.133012
0.141348
0.149399
0.157204
0.164799
0.172229
0.17954
0.186783
0.19402
0.201328
0.208809
0.216608
0.224943
0.23415
0.244763
0.257716
0.274746
0.299347
0.338707
0.404401
0.490558
0.545706
0.560323
0.562332
0.562494
0.00957823
0.0133393
0.0187528
0.0255972
0.0336196
0.0425482
0.0521239
0.0621249
0.0723717
0.0826812
0.0928872
0.102864
0.112531
0.121846
0.130807
0.139425
0.147722
0.155726
0.163473
0.170999
0.178344
0.18555
0.192665
0.199742
0.206851
0.214088
0.221594
0.229583
0.238393
0.248579
0.261123
0.277865
0.302516
0.3427
0.410218
0.496185
0.547783
0.56066
0.562362
0.562495
0.0171369
0.0211538
0.02673
0.0336197
0.041591
0.0504189
0.0598969
0.0698463
0.0800796
0.0903988
0.100627
0.110625
0.120305
0.129625
0.138581
0.147183
0.155452
0.163419
0.171117
0.178582
0.185849
0.192953
0.199935
0.206839
0.213722
0.220666
0.227797
0.235314
0.243548
0.253081
0.264957
0.281156
0.305659
0.346616
0.4161
0.501802
0.549774
0.560976
0.562389
0.562496
0.0260535
0.0301427
0.0357206
0.0425484
0.050419
0.0591491
0.0685787
0.0785384
0.0888308
0.0992506
0.109599
0.119707
0.129474
0.138864
0.147868
0.156501
0.164792
0.17277
0.180471
0.187927
0.19517
0.202227
0.209129
0.215905
0.222592
0.229243
0.235942
0.242852
0.25029
0.258854
0.269684
0.284986
0.309114
0.350903
0.422731
0.507938
0.551816
0.561286
0.562416
0.562497
0.0358178
0.0398929
0.0453985
0.052124
0.0598969
0.0685787
0.0780296
0.0880878
0.0985705
0.109266
0.119927
0.130314
0.140312
0.149884
0.15904
0.16781
0.17623
0.184337
0.192167
0.19975
0.207114
0.214279
0.221261
0.228068
0.234694
0.241135
0.247409
0.253598
0.259949
0.267059
0.276212
0.290053
0.313505
0.35637
0.431256
0.515252
0.554009
0.561595
0.56244
0.562498
0.0460371
0.05007
0.0554894
0.062125
0.0698463
0.0785384
0.0880878
0.098378
0.109274
0.12058
0.131956
0.142943
0.153411
0.163374
0.172888
0.18201
0.190796
0.199292
0.207539
0.215568
0.223403
0.231053
0.23851
0.245746
0.252702
0.259282
0.265359
0.270821
0.275703
0.280487
0.286663
0.29791
0.320153
0.364638
0.443629
0.5244
0.556354
0.561892
0.562462
0.562499
0.0564332
0.0604295
0.0657866
0.0723717
0.0800796
0.0888308
0.0985705
0.109274
0.120945
0.133543
0.14667
0.15888
0.170272
0.181051
0.191373
0.201355
0.211083
0.22063
0.23005
0.239383
0.248643
0.257828
0.266913
0.275838
0.284477
0.292577
0.299684
0.305102
0.308048
0.308319
0.307647
0.312887
0.332264
0.379169
0.462857
0.535463
0.55865
0.562147
0.562479
0.562499
0.0668275
0.0708078
0.0761272
0.0826812
0.0903987
0.0992505
0.109266
0.12058
0.133543
0.149
0.168276
0.18315
0.19662
0.209451
0.222017
0.234566
0.247297
0.260384
0.273986
0.288244
0.303304
0.319281
0.336189
0.353821
0.371559
0.388144
0.401488
0.408616
0.405789
0.389826
0.363048
0.345822
0.355932
0.405789
0.490875
0.546761
0.560504
0.562327
0.56249
0.5625
0.0770927
0.0810644
0.0863546
0.0928872
0.100627
0.109599
0.119927
0.131956
0.14667
0.168276
0.513879
0.526007
0.523602
0.523538
0.524865
0.527028
0.529726
0.532762
0.535987
0.539279
0.542525
0.545622
0.548466
0.550963
0.553026
0.554577
0.555528
0.555694
0.554496
0.549744
0.377229
0.368049
0.385685
0.445965
0.521845
0.555229
0.561647
0.562428
0.562496
0.5625
0.0871176
0.0910836
0.0963494
0.102864
0.110625
0.119707
0.130314
0.142943
0.15888
0.18315
0.526007
0.560575
0.561288
0.561232
0.56126
0.561348
0.56147
0.561608
0.561748
0.561883
0.562005
0.562111
0.562199
0.562269
0.562321
0.562356
0.562377
0.56238
0.562357
0.562279
0.39862
0.397461
0.428712
0.494567
0.544952
0.559757
0.562189
0.562474
0.562499
0.5625
0.0968298
0.100793
0.106036
0.11253
0.120304
0.129474
0.140311
0.153411
0.170272
0.19662
0.523602
0.561288
0.562455
0.562475
0.562475
0.562477
0.56248
0.562483
0.562486
0.562489
0.562492
0.562494
0.562495
0.562497
0.562497
0.562498
0.562498
0.562499
0.562498
0.562498
0.432385
0.441707
0.483491
0.533613
0.556446
0.561604
0.562399
0.562492
0.5625
0.5625
0.106194
0.110156
0.115376
0.121846
0.129625
0.138864
0.149884
0.163374
0.181051
0.209451
0.523538
0.561232
0.562475
0.562499
0.5625
0.5625
0.5625
0.5625
0.5625
0.5625
0.5625
0.5625
0.5625
0.5625
0.5625
0.5625
0.5625
0.5625
0.5625
0.5625
0.478897
0.495307
0.529238
0.553012
0.560677
0.562233
0.56247
0.562497
0.5625
0.5625
0.115205
0.119166
0.124362
0.130807
0.138581
0.147868
0.15904
0.172888
0.191373
0.222017
0.524865
0.56126
0.562475
0.5625
0.5625
0.5625
0.5625
0.5625
0.5625
0.5625
0.5625
0.5625
0.5625
0.5625
0.5625
0.5625
0.5625
0.5625
0.5625
0.5625
0.522879
0.535755
0.551859
0.559789
0.561989
0.562425
0.562491
0.562499
0.5625
0.5625
0.123877
0.127839
0.133012
0.139425
0.147183
0.156501
0.16781
0.18201
0.201355
0.234566
0.527028
0.561348
0.562477
0.5625
0.5625
0.5625
0.5625
0.5625
0.5625
0.5625
0.5625
0.5625
0.5625
0.5625
0.5625
0.5625
0.5625
0.5625
0.5625
0.5625
0.548279
0.554148
0.559535
0.561771
0.562362
0.562479
0.562498
0.5625
0.5625
0.5625
0.13224
0.136203
0.141347
0.147721
0.155452
0.164791
0.17623
0.190796
0.211083
0.247297
0.529726
0.56147
0.56248
0.5625
0.5625
0.5625
0.5625
0.5625
0.5625
0.5625
0.5625
0.5625
0.5625
0.5625
0.5625
0.5625
0.5625
0.5625
0.5625
0.5625
0.558162
0.560174
0.561717
0.562309
0.562464
0.562495
0.562499
0.5625
0.5625
0.5625
0.140326
0.144288
0.149399
0.155726
0.163419
0.17277
0.184337
0.199292
0.22063
0.260384
0.532762
0.561608
0.562483
0.5625
0.5625
0.5625
0.5625
0.5625
0.5625
0.5625
0.5625
0.5625
0.5625
0.5625
0.5625
0.5625
0.5625
0.5625
0.5625
0.5625
0.561274
0.561882
0.562297
0.562451
0.562491
0.562499
0.5625
0.5625
0.5625
0.5625
0.148173
0.152132
0.157204
0.163473
0.171117
0.180471
0.192167
0.207539
0.23005
0.273986
0.535987
0.561748
0.562486
0.5625
0.5625
0.5625
0.5625
0.5625
0.5625
0.5625
0.5625
0.5625
0.5625
0.5625
0.5625
0.5625
0.5625
0.5625
0.5625
0.5625
0.562167
0.562339
0.562448
0.562487
0.562498
0.5625
0.5625
0.5625
0.5625
0.5625
0.155825
0.159777
0.164799
0.170999
0.178582
0.187927
0.19975
0.215568
0.239383
0.288243
0.539279
0.561883
0.562489
0.5625
0.5625
0.5625
0.5625
0.5625
0.5625
0.5625
0.5625
0.5625
0.5625
0.5625
0.5625
0.5625
0.5625
0.5625
0.5625
0.5625
0.562412
0.562459
0.562487
0.562497
0.562499
0.5625
0.5625
0.5625
0.5625
0.5625
0.163329
0.167267
0.172229
0.178344
0.185848
0.19517
0.207114
0.223403
0.248643
0.303304
0.542525
0.562005
0.562492
0.5625
0.5625
0.5625
0.5625
0.5625
0.5625
0.5625
0.5625
0.5625
0.5625
0.5625
0.5625
0.5625
0.5625
0.5625
0.5625
0.5625
0.562477
0.562489
0.562497
0.562499
0.5625
0.5625
0.5625
0.5625
0.5625
0.5625
0.170735
0.174651
0.17954
0.18555
0.192953
0.202227
0.214279
0.231053
0.257828
0.319281
0.545622
0.562111
0.562494
0.5625
0.5625
0.5625
0.5625
0.5625
0.5625
0.5625
0.5625
0.5625
0.5625
0.5625
0.5625
0.5625
0.5625
0.5625
0.5625
0.5625
0.562494
0.562497
0.562499
0.5625
0.5625
0.5625
0.5625
0.5625
0.5625
0.5625
0.1781
0.181986
0.186783
0.192664
0.199935
0.209129
0.221261
0.23851
0.266913
0.336189
0.548466
0.562199
0.562495
0.5625
0.5625
0.5625
0.5625
0.5625
0.5625
0.5625
0.5625
0.5625
0.5625
0.5625
0.5625
0.5625
0.5625
0.5625
0.5625
0.5625
0.562499
0.562499
0.5625
0.5625
0.5625
0.5625
0.5625
0.5625
0.5625
0.5625
0.185494
0.189336
0.19402
0.199741
0.206838
0.215905
0.228068
0.245746
0.275838
0.353821
0.550963
0.562269
0.562497
0.5625
0.5625
0.5625
0.5625
0.5625
0.5625
0.5625
0.5625
0.5625
0.5625
0.5625
0.5625
0.5625
0.5625
0.5625
0.5625
0.5625
0.5625
0.5625
0.5625
0.5625
0.5625
0.5625
0.5625
0.5625
0.5625
0.5625
0.192998
0.196783
0.201328
0.206851
0.213722
0.222592
0.234694
0.252702
0.284477
0.371559
0.553026
0.562321
0.562497
0.5625
0.5625
0.5625
0.5625
0.5625
0.5625
0.5625
0.5625
0.5625
0.5625
0.5625
0.5625
0.5625
0.5625
0.5625
0.5625
0.5625
0.5625
0.5625
0.5625
0.5625
0.5625
0.5625
0.5625
0.5625
0.5625
0.5625
0.200721
0.204432
0.208809
0.214088
0.220666
0.229242
0.241135
0.259282
0.292577
0.388144
0.554577
0.562356
0.562498
0.5625
0.5625
0.5625
0.5625
0.5625
0.5625
0.5625
0.5625
0.5625
0.5625
0.5625
0.5625
0.5625
0.5625
0.5625
0.5625
0.5625
0.5625
0.5625
0.5625
0.5625
0.5625
0.5625
0.5625
0.5625
0.5625
0.5625
0.208809
0.21243
0.216608
0.221593
0.227797
0.235941
0.247409
0.265359
0.299684
0.401488
0.555528
0.562377
0.562498
0.5625
0.5625
0.5625
0.5625
0.5625
0.5625
0.5625
0.5625
0.5625
0.5625
0.5625
0.5625
0.5625
0.5625
0.5625
0.5625
0.5625
0.5625
0.5625
0.5625
0.5625
0.5625
0.5625
0.5625
0.5625
0.5625
0.5625
0.217472
0.220989
0.224943
0.229583
0.235314
0.242852
0.253597
0.270821
0.305102
0.408615
0.555694
0.56238
0.562499
0.5625
0.5625
0.5625
0.5625
0.5625
0.5625
0.5625
0.5625
0.5625
0.5625
0.5625
0.5625
0.5625
0.5625
0.5625
0.5625
0.5625
0.5625
0.5625
0.5625
0.5625
0.5625
0.5625
0.5625
0.5625
0.5625
0.5625
0.22703
0.230441
0.23415
0.238393
0.243548
0.250289
0.259949
0.275702
0.308048
0.405789
0.554496
0.562357
0.562498
0.5625
0.5625
0.5625
0.5625
0.5625
0.5625
0.5625
0.5625
0.5625
0.5625
0.5625
0.5625
0.5625
0.5625
0.5625
0.5625
0.5625
0.5625
0.5625
0.5625
0.5625
0.5625
0.5625
0.5625
0.5625
0.5625
0.5625
0.237986
0.241302
0.244763
0.248579
0.253081
0.258854
0.267059
0.280487
0.308319
0.389826
0.549744
0.562279
0.562498
0.5625
0.5625
0.5625
0.5625
0.5625
0.5625
0.5625
0.5625
0.5625
0.5625
0.5625
0.5625
0.5625
0.5625
0.5625
0.5625
0.5625
0.5625
0.5625
0.5625
0.5625
0.5625
0.5625
0.5625
0.5625
0.5625
0.5625
0.251189
0.254463
0.257716
0.261123
0.264957
0.269683
0.276212
0.286663
0.307647
0.363048
0.377229
0.39862
0.432385
0.478897
0.522879
0.548279
0.558162
0.561274
0.562167
0.562412
0.562477
0.562494
0.562499
0.5625
0.5625
0.5625
0.5625
0.5625
0.5625
0.5625
0.5625
0.5625
0.5625
0.5625
0.5625
0.5625
0.5625
0.5625
0.5625
0.5625
0.268212
0.271577
0.274746
0.277865
0.281156
0.284986
0.290053
0.29791
0.312887
0.345822
0.368049
0.397461
0.441706
0.495307
0.535755
0.554148
0.560174
0.561882
0.562339
0.562459
0.562489
0.562497
0.562499
0.5625
0.5625
0.5625
0.5625
0.5625
0.5625
0.5625
0.5625
0.5625
0.5625
0.5625
0.5625
0.5625
0.5625
0.5625
0.5625
0.5625
0.292176
0.295947
0.299347
0.302516
0.305659
0.309114
0.313505
0.320153
0.332263
0.355932
0.385685
0.428712
0.483491
0.529237
0.551859
0.559535
0.561717
0.562297
0.562448
0.562487
0.562497
0.562499
0.5625
0.5625
0.5625
0.5625
0.5625
0.5625
0.5625
0.5625
0.5625
0.5625
0.5625
0.5625
0.5625
0.5625
0.5625
0.5625
0.5625
0.5625
0.32951
0.334371
0.338706
0.3427
0.346616
0.350903
0.35637
0.364638
0.379169
0.405789
0.445965
0.494566
0.533613
0.553012
0.559789
0.561771
0.562309
0.562451
0.562487
0.562497
0.562499
0.5625
0.5625
0.5625
0.5625
0.5625
0.5625
0.5625
0.5625
0.5625
0.5625
0.5625
0.5625
0.5625
0.5625
0.5625
0.5625
0.5625
0.5625
0.5625
0.391411
0.398228
0.404401
0.410217
0.4161
0.422731
0.431255
0.443629
0.462857
0.490875
0.521845
0.544952
0.556446
0.560677
0.561989
0.562362
0.562464
0.562491
0.562498
0.562499
0.5625
0.5625
0.5625
0.5625
0.5625
0.5625
0.5625
0.5625
0.5625
0.5625
0.5625
0.5625
0.5625
0.5625
0.5625
0.5625
0.5625
0.5625
0.5625
0.5625
0.477758
0.484519
0.490558
0.496185
0.501802
0.507938
0.515252
0.524399
0.535463
0.546761
0.555229
0.559757
0.561604
0.562233
0.562425
0.562479
0.562495
0.562499
0.5625
0.5625
0.5625
0.5625
0.5625
0.5625
0.5625
0.5625
0.5625
0.5625
0.5625
0.5625
0.5625
0.5625
0.5625
0.5625
0.5625
0.5625
0.5625
0.5625
0.5625
0.5625
0.540747
0.543403
0.545706
0.547783
0.549774
0.551816
0.554009
0.556354
0.55865
0.560504
0.561647
0.562189
0.562399
0.56247
0.562491
0.562498
0.562499
0.5625
0.5625
0.5625
0.5625
0.5625
0.5625
0.5625
0.5625
0.5625
0.5625
0.5625
0.5625
0.5625
0.5625
0.5625
0.5625
0.5625
0.5625
0.5625
0.5625
0.5625
0.5625
0.5625
0.559511
0.559947
0.560323
0.56066
0.560976
0.561286
0.561595
0.561892
0.562147
0.562327
0.562428
0.562474
0.562492
0.562497
0.562499
0.5625
0.5625
0.5625
0.5625
0.5625
0.5625
0.5625
0.5625
0.5625
0.5625
0.5625
0.5625
0.5625
0.5625
0.5625
0.5625
0.5625
0.5625
0.5625
0.5625
0.5625
0.5625
0.5625
0.5625
0.5625
0.56226
0.562298
0.562332
0.562362
0.562389
0.562416
0.56244
0.562462
0.562479
0.56249
0.562496
0.562499
0.5625
0.5625
0.5625
0.5625
0.5625
0.5625
0.5625
0.5625
0.5625
0.5625
0.5625
0.5625
0.5625
0.5625
0.5625
0.5625
0.5625
0.5625
0.5625
0.5625
0.5625
0.5625
0.5625
0.5625
0.5625
0.5625
0.5625
0.5625
0.562491
0.562492
0.562494
0.562495
0.562496
0.562497
0.562498
0.562499
0.562499
0.5625
0.5625
0.5625
0.5625
0.5625
0.5625
0.5625
0.5625
0.5625
0.5625
0.5625
0.5625
0.5625
0.5625
0.5625
0.5625
0.5625
0.5625
0.5625
0.5625
0.5625
0.5625
0.5625
0.5625
0.5625
0.5625
0.5625
0.5625
0.5625
0.5625
0.5625
4.96172e-08
6.67329e-05
0.00145761
0.00575239
0.0125352
0.0209697
0.0304096
0.04039
0.0505895
0.0607985
0.0708929
0.0807733
0.0903645
0.099627
0.108549
0.11714
0.125424
0.133433
0.141204
0.148779
0.156202
0.163524
0.1708
0.178096
0.185491
0.193086
0.201013
0.209464
0.218717
0.229207
0.241662
0.257402
0.278981
0.311684
0.365847
0.44986
0.52802
0.557292
0.562064
0.562483
6.52665e-05
0.000817766
0.00370749
0.00903695
0.0162927
0.0249051
0.0343859
0.0443526
0.0545263
0.0647221
0.074816
0.084697
0.0942882
0.103549
0.112468
0.121053
0.129329
0.137327
0.145084
0.152639
0.160036
0.167323
0.174554
0.181791
0.189112
0.196615
0.204433
0.212757
0.221873
0.23223
0.24459
0.260326
0.282123
0.315546
0.371306
0.456421
0.531479
0.557956
0.562126
0.562486
0.00145375
0.00370646
0.00794389
0.01403
0.0216181
0.0303216
0.0397771
0.0496788
0.0597932
0.0699579
0.0800321
0.0898951
0.0994665
0.108704
0.117595
0.126149
0.134389
0.142345
0.150051
0.157546
0.164872
0.172072
0.179198
0.186308
0.193473
0.200789
0.208388
0.216462
0.225305
0.235382
0.247486
0.263055
0.284907
0.318896
0.376132
0.462285
0.534514
0.558538
0.562181
0.562488
0.00574916
0.00903596
0.0140298
0.0205325
0.0282817
0.0369894
0.046376
0.0561978
0.0662627
0.0764077
0.0864701
0.0963207
0.105874
0.115086
0.123944
0.132458
0.140651
0.148549
0.156186
0.1636
0.170827
0.17791
0.184892
0.191826
0.198775
0.205827
0.213107
0.220809
0.229228
0.23885
0.250508
0.265718
0.287447
0.321872
0.380553
0.467764
0.537291
0.559066
0.562232
0.56249
0.012533
0.0162919
0.0216177
0.0282816
0.0360539
0.0447031
0.0540087
0.0637775
0.0738399
0.0840069
0.0940997
0.103976
0.113542
0.122752
0.131596
0.140085
0.148239
0.156088
0.163663
0.171
0.178132
0.185094
0.191922
0.198657
0.205352
0.212082
0.218956
0.226155
0.233975
0.242924
0.253891
0.268498
0.289908
0.324679
0.384908
0.473284
0.540014
0.559573
0.56228
0.562492
0.0209682
0.0249045
0.0303213
0.0369893
0.0447031
0.0532736
0.0625299
0.0723178
0.082453
0.0927305
0.102948
0.112935
0.122584
0.131852
0.140733
0.14924
0.157399
0.165242
0.172801
0.180106
0.187187
0.19407
0.200781
0.207347
0.213798
0.220183
0.226578
0.233135
0.240138
0.248114
0.258036
0.271709
0.292562
0.327648
0.389743
0.479463
0.542909
0.560087
0.562326
0.562494
0.0304085
0.0343854
0.0397769
0.0463759
0.0540086
0.0625298
0.071815
0.0817156
0.0920517
0.102609
0.113139
0.123398
0.133262
0.142697
0.151712
0.160335
0.168599
0.176541
0.184193
0.191584
0.198734
0.205663
0.212382
0.218895
0.225198
0.231289
0.237187
0.242972
0.248872
0.255418
0.263711
0.275923
0.295898
0.331371
0.395998
0.487184
0.546192
0.560625
0.562372
0.562496
0.0403892
0.0443521
0.0496786
0.0561977
0.0637774
0.0723177
0.0817156
0.0918588
0.102612
0.113774
0.125006
0.13584
0.146148
0.155945
0.165282
0.174215
0.182794
0.191064
0.199058
0.206802
0.214314
0.221598
0.228646
0.235427
0.241888
0.247945
0.25349
0.258438
0.262843
0.267149
0.272652
0.28239
0.300923
0.337004
0.405365
0.497606
0.54997
0.561175
0.562415
0.562497
0.0505889
0.054526
0.059793
0.0662625
0.0738398
0.0824529
0.0920516
0.102612
0.114131
0.126565
0.139497
0.151501
0.162672
0.17321
0.183265
0.192947
0.202337
0.211496
0.220467
0.229283
0.237953
0.246467
0.254789
0.26284
0.270488
0.277508
0.283528
0.288012
0.290393
0.290596
0.290114
0.294526
0.310057
0.347024
0.420921
0.511792
0.554049
0.561684
0.562451
0.562499
0.060798
0.0647218
0.0699577
0.0764076
0.0840068
0.0927304
0.102609
0.113774
0.126565
0.141781
0.160667
0.175157
0.188194
0.200523
0.212497
0.224342
0.23623
0.248305
0.260687
0.27348
0.286771
0.300622
0.315024
0.329835
0.344648
0.358603
0.370143
0.37676
0.374994
0.361754
0.338785
0.322961
0.328809
0.36631
0.447046
0.529075
0.557763
0.562079
0.562476
0.562499
0.0708926
0.0748158
0.0800319
0.08647
0.0940996
0.102948
0.113139
0.125006
0.139497
0.160667
0.510683
0.52304
0.520112
0.519657
0.520681
0.522603
0.525109
0.528
0.531129
0.534377
0.537639
0.540816
0.543808
0.546517
0.548835
0.550644
0.551782
0.55193
0.550224
0.543594
0.350947
0.340755
0.350762
0.397244
0.483649
0.545036
0.560342
0.562319
0.56249
0.5625
0.080773
0.0846968
0.0898949
0.0963205
0.103976
0.112934
0.123397
0.13584
0.151501
0.175157
0.52304
0.560284
0.561083
0.560996
0.561005
0.561085
0.561208
0.561353
0.561508
0.56166
0.561803
0.561932
0.562043
0.562134
0.562205
0.562255
0.562285
0.562288
0.562249
0.562121
0.367757
0.362344
0.382235
0.44329
0.521178
0.555321
0.561681
0.562433
0.562496
0.5625
0.0903643
0.094288
0.0994663
0.105874
0.113542
0.122584
0.133261
0.146148
0.162672
0.188194
0.520112
0.561083
0.562445
0.562468
0.562468
0.56247
0.562472
0.562476
0.56248
0.562484
0.562487
0.56249
0.562492
0.562494
0.562495
0.562496
0.562497
0.562497
0.562497
0.562496
0.393279
0.395415
0.430137
0.497195
0.546298
0.560054
0.562229
0.562478
0.562499
0.5625
0.0996268
0.103549
0.108704
0.115086
0.122752
0.131852
0.142697
0.155945
0.17321
0.200523
0.519657
0.560996
0.562468
0.562499
0.562499
0.562499
0.5625
0.5625
0.5625
0.5625
0.5625
0.5625
0.5625
0.5625
0.5625
0.5625
0.5625
0.5625
0.5625
0.5625
0.433117
0.445557
0.489194
0.536966
0.557366
0.561761
0.562418
0.562493
0.5625
0.5625
0.108549
0.112468
0.117595
0.123943
0.131596
0.140732
0.151712
0.165282
0.183265
0.212497
0.520681
0.561005
0.562468
0.562499
0.5625
0.5625
0.5625
0.5625
0.5625
0.5625
0.5625
0.5625
0.5625
0.5625
0.5625
0.5625
0.5625
0.5625
0.5625
0.5625
0.484831
0.502238
0.534063
0.554709
0.561049
0.562292
0.562477
0.562498
0.5625
0.5625
0.11714
0.121053
0.126149
0.132458
0.140085
0.14924
0.160334
0.174215
0.192947
0.224342
0.522603
0.561085
0.56247
0.562499
0.5625
0.5625
0.5625
0.5625
0.5625
0.5625
0.5625
0.5625
0.5625
0.5625
0.5625
0.5625
0.5625
0.5625
0.5625
0.5625
0.528698
0.540371
0.553978
0.560387
0.562112
0.562444
0.562494
0.562499
0.5625
0.5625
0.125423
0.129329
0.134389
0.14065
0.148239
0.157399
0.168599
0.182794
0.202337
0.23623
0.525109
0.561208
0.562472
0.5625
0.5625
0.5625
0.5625
0.5625
0.5625
0.5625
0.5625
0.5625
0.5625
0.5625
0.5625
0.5625
0.5625
0.5625
0.5625
0.5625
0.551178
0.555968
0.560226
0.561953
0.562399
0.562485
0.562498
0.5625
0.5625
0.5625
0.133432
0.137327
0.142345
0.148549
0.156088
0.165242
0.176541
0.191064
0.211496
0.248305
0.528
0.561353
0.562476
0.5625
0.5625
0.5625
0.5625
0.5625
0.5625
0.5625
0.5625
0.5625
0.5625
0.5625
0.5625
0.5625
0.5625
0.5625
0.5625
0.5625
0.559197
0.560746
0.561918
0.562361
0.562474
0.562496
0.5625
0.5625
0.5625
0.5625
0.141204
0.145084
0.150051
0.156186
0.163663
0.172801
0.184193
0.199058
0.220467
0.260687
0.531129
0.561508
0.56248
0.5625
0.5625
0.5625
0.5625
0.5625
0.5625
0.5625
0.5625
0.5625
0.5625
0.5625
0.5625
0.5625
0.5625
0.5625
0.5625
0.5625
0.561595
0.562047
0.562354
0.562465
0.562493
0.562499
0.5625
0.5625
0.5625
0.5625
0.148778
0.152639
0.157546
0.1636
0.171
0.180106
0.191584
0.206802
0.229283
0.27348
0.534377
0.56166
0.562484
0.5625
0.5625
0.5625
0.5625
0.5625
0.5625
0.5625
0.5625
0.5625
0.5625
0.5625
0.5625
0.5625
0.5625
0.5625
0.5625
0.5625
0.56226
0.562385
0.562463
0.562491
0.562498
0.5625
0.5625
0.5625
0.5625
0.5625
0.156202
0.160036
0.164872
0.170827
0.178132
0.187187
0.198734
0.214314
0.237952
0.286771
0.537639
0.561803
0.562487
0.5625
0.5625
0.5625
0.5625
0.5625
0.5625
0.5625
0.5625
0.5625
0.5625
0.5625
0.5625
0.5625
0.5625
0.5625
0.5625
0.5625
0.562438
0.562471
0.562491
0.562498
0.5625
0.5625
0.5625
0.5625
0.5625
0.5625
0.163524
0.167323
0.172072
0.17791
0.185094
0.19407
0.205663
0.221598
0.246467
0.300621
0.540816
0.561932
0.56249
0.5625
0.5625
0.5625
0.5625
0.5625
0.5625
0.5625
0.5625
0.5625
0.5625
0.5625
0.5625
0.5625
0.5625
0.5625
0.5625
0.5625
0.562484
0.562493
0.562498
0.562499
0.5625
0.5625
0.5625
0.5625
0.5625
0.5625
0.1708
0.174553
0.179198
0.184892
0.191922
0.200781
0.212382
0.228646
0.254788
0.315024
0.543808
0.562043
0.562492
0.5625
0.5625
0.5625
0.5625
0.5625
0.5625
0.5625
0.5625
0.5625
0.5625
0.5625
0.5625
0.5625
0.5625
0.5625
0.5625
0.5625
0.562496
0.562498
0.562499
0.5625
0.5625
0.5625
0.5625
0.5625
0.5625
0.5625
0.178096
0.181791
0.186307
0.191826
0.198657
0.207346
0.218895
0.235427
0.26284
0.329835
0.546517
0.562134
0.562494
0.5625
0.5625
0.5625
0.5625
0.5625
0.5625
0.5625
0.5625
0.5625
0.5625
0.5625
0.5625
0.5625
0.5625
0.5625
0.5625
0.5625
0.562499
0.5625
0.5625
0.5625
0.5625
0.5625
0.5625
0.5625
0.5625
0.5625
0.185491
0.189112
0.193473
0.198775
0.205352
0.213798
0.225198
0.241888
0.270488
0.344648
0.548835
0.562205
0.562495
0.5625
0.5625
0.5625
0.5625
0.5625
0.5625
0.5625
0.5625
0.5625
0.5625
0.5625
0.5625
0.5625
0.5625
0.5625
0.5625
0.5625
0.5625
0.5625
0.5625
0.5625
0.5625
0.5625
0.5625
0.5625
0.5625
0.5625
0.193085
0.196614
0.200789
0.205826
0.212081
0.220182
0.231289
0.247944
0.277508
0.358603
0.550644
0.562255
0.562496
0.5625
0.5625
0.5625
0.5625
0.5625
0.5625
0.5625
0.5625
0.5625
0.5625
0.5625
0.5625
0.5625
0.5625
0.5625
0.5625
0.5625
0.5625
0.5625
0.5625
0.5625
0.5625
0.5625
0.5625
0.5625
0.5625
0.5625
0.201013
0.204433
0.208388
0.213107
0.218956
0.226578
0.237187
0.25349
0.283527
0.370143
0.551782
0.562285
0.562497
0.5625
0.5625
0.5625
0.5625
0.5625
0.5625
0.5625
0.5625
0.5625
0.5625
0.5625
0.5625
0.5625
0.5625
0.5625
0.5625
0.5625
0.5625
0.5625
0.5625
0.5625
0.5625
0.5625
0.5625
0.5625
0.5625
0.5625
0.209464
0.212757
0.216462
0.220808
0.226155
0.233135
0.242972
0.258438
0.288012
0.37676
0.55193
0.562288
0.562497
0.5625
0.5625
0.5625
0.5625
0.5625
0.5625
0.5625
0.5625
0.5625
0.5625
0.5625
0.5625
0.5625
0.5625
0.5625
0.5625
0.5625
0.5625
0.5625
0.5625
0.5625
0.5625
0.5625
0.5625
0.5625
0.5625
0.5625
0.218717
0.221873
0.225305
0.229228
0.233975
0.240137
0.248872
0.262843
0.290393
0.374994
0.550224
0.562249
0.562497
0.5625
0.5625
0.5625
0.5625
0.5625
0.5625
0.5625
0.5625
0.5625
0.5625
0.5625
0.5625
0.5625
0.5625
0.5625
0.5625
0.5625
0.5625
0.5625
0.5625
0.5625
0.5625
0.5625
0.5625
0.5625
0.5625
0.5625
0.229207
0.23223
0.235382
0.23885
0.242923
0.248113
0.255418
0.267149
0.290596
0.361754
0.543594
0.562121
0.562496
0.5625
0.5625
0.5625
0.5625
0.5625
0.5625
0.5625
0.5625
0.5625
0.5625
0.5625
0.5625
0.5625
0.5625
0.5625
0.5625
0.5625
0.5625
0.5625
0.5625
0.5625
0.5625
0.5625
0.5625
0.5625
0.5625
0.5625
0.241662
0.24459
0.247486
0.250508
0.253891
0.258036
0.263711
0.272652
0.290114
0.338785
0.350947
0.367757
0.393279
0.433117
0.484831
0.528698
0.551178
0.559197
0.561595
0.56226
0.562438
0.562484
0.562496
0.562499
0.5625
0.5625
0.5625
0.5625
0.5625
0.5625
0.5625
0.5625
0.5625
0.5625
0.5625
0.5625
0.5625
0.5625
0.5625
0.5625
0.257401
0.260326
0.263055
0.265717
0.268498
0.271709
0.275923
0.282389
0.294526
0.322961
0.340755
0.362343
0.395415
0.445557
0.502238
0.540371
0.555968
0.560746
0.562047
0.562385
0.562471
0.562493
0.562498
0.5625
0.5625
0.5625
0.5625
0.5625
0.5625
0.5625
0.5625
0.5625
0.5625
0.5625
0.5625
0.5625
0.5625
0.5625
0.5625
0.5625
0.278981
0.282123
0.284907
0.287446
0.289908
0.292562
0.295898
0.300923
0.310057
0.328809
0.350762
0.382235
0.430137
0.489194
0.534063
0.553978
0.560226
0.561918
0.562354
0.562463
0.562491
0.562498
0.562499
0.5625
0.5625
0.5625
0.5625
0.5625
0.5625
0.5625
0.5625
0.5625
0.5625
0.5625
0.5625
0.5625
0.5625
0.5625
0.5625
0.5625
0.311684
0.315546
0.318896
0.321872
0.324679
0.327648
0.331371
0.337004
0.347024
0.36631
0.397244
0.44329
0.497194
0.536966
0.554709
0.560387
0.561953
0.562361
0.562465
0.562491
0.562498
0.562499
0.5625
0.5625
0.5625
0.5625
0.5625
0.5625
0.5625
0.5625
0.5625
0.5625
0.5625
0.5625
0.5625
0.5625
0.5625
0.5625
0.5625
0.5625
0.365847
0.371305
0.376131
0.380553
0.384908
0.389742
0.395998
0.405365
0.42092
0.447046
0.483648
0.521178
0.546298
0.557366
0.561049
0.562112
0.562399
0.562474
0.562493
0.562498
0.5625
0.5625
0.5625
0.5625
0.5625
0.5625
0.5625
0.5625
0.5625
0.5625
0.5625
0.5625
0.5625
0.5625
0.5625
0.5625
0.5625
0.5625
0.5625
0.5625
0.44986
0.456421
0.462285
0.467763
0.473283
0.479463
0.487184
0.497605
0.511792
0.529075
0.545036
0.555321
0.560054
0.561761
0.562292
0.562444
0.562485
0.562496
0.562499
0.5625
0.5625
0.5625
0.5625
0.5625
0.5625
0.5625
0.5625
0.5625
0.5625
0.5625
0.5625
0.5625
0.5625
0.5625
0.5625
0.5625
0.5625
0.5625
0.5625
0.5625
0.52802
0.531479
0.534514
0.537291
0.540014
0.542909
0.546192
0.54997
0.554049
0.557763
0.560342
0.561681
0.562229
0.562418
0.562477
0.562494
0.562498
0.5625
0.5625
0.5625
0.5625
0.5625
0.5625
0.5625
0.5625
0.5625
0.5625
0.5625
0.5625
0.5625
0.5625
0.5625
0.5625
0.5625
0.5625
0.5625
0.5625
0.5625
0.5625
0.5625
0.557292
0.557956
0.558538
0.559066
0.559573
0.560087
0.560625
0.561175
0.561684
0.562079
0.562319
0.562433
0.562478
0.562493
0.562498
0.562499
0.5625
0.5625
0.5625
0.5625
0.5625
0.5625
0.5625
0.5625
0.5625
0.5625
0.5625
0.5625
0.5625
0.5625
0.5625
0.5625
0.5625
0.5625
0.5625
0.5625
0.5625
0.5625
0.5625
0.5625
0.562064
0.562126
0.562181
0.562232
0.56228
0.562326
0.562372
0.562415
0.562451
0.562476
0.56249
0.562496
0.562499
0.5625
0.5625
0.5625
0.5625
0.5625
0.5625
0.5625
0.5625
0.5625
0.5625
0.5625
0.5625
0.5625
0.5625
0.5625
0.5625
0.5625
0.5625
0.5625
0.5625
0.5625
0.5625
0.5625
0.5625
0.5625
0.5625
0.5625
0.562483
0.562486
0.562488
0.56249
0.562492
0.562494
0.562496
0.562497
0.562499
0.562499
0.5625
0.5625
0.5625
0.5625
0.5625
0.5625
0.5625
0.5625
0.5625
0.5625
0.5625
0.5625
0.5625
0.5625
0.5625
0.5625
0.5625
0.5625
0.5625
0.5625
0.5625
0.5625
0.5625
0.5625
0.5625
0.5625
0.5625
0.5625
0.5625
0.5625
)
;

boundaryField
{
    left
    {
        type            fixedValue;
        value           uniform 1;
    }
    right
    {
        type            fixedValue;
        value           uniform 1;
    }
    up
    {
        type            fixedValue;
        value           uniform 1;
    }
    down
    {
        type            fixedValue;
        value           uniform 1;
    }
    front
    {
        type            fixedValue;
        value           uniform 1;
    }
    back
    {
        type            fixedValue;
        value           uniform 1;
    }
}


// ************************************************************************* //
