/*--------------------------------*- C++ -*----------------------------------*\
| =========                 |                                                 |
| \\      /  F ield         | OpenFOAM: The Open Source CFD Toolbox           |
|  \\    /   O peration     | Version:  2.1.0                                 |
|   \\  /    A nd           | Web:      www.OpenFOAM.org                      |
|    \\/     M anipulation  |                                                 |
\*---------------------------------------------------------------------------*/
FoamFile
{
    version     2.0;
    format      ascii;
    class       volScalarField;
    location    "16060";
    object      po;
}
// * * * * * * * * * * * * * * * * * * * * * * * * * * * * * * * * * * * * * //

dimensions      [1 -1 -2 0 0 0 0];

internalField   nonuniform List<scalar> 
8000
(
14026.1
14011.8
13987.8
13958.3
13926.2
13893.1
13859.7
13826.1
13792.3
13758.2
13723.4
13687.8
13651.2
13613.4
13574.2
13533.5
13491.3
13447.5
13402
13355
13306.4
13256.4
13205.1
13152.6
13099.3
13045.3
12991.1
12937.1
12883.7
12831.4
12780.7
12731.9
12685.4
12642
12602.7
12568.7
12540.9
12519.8
12505.7
12498.6
14011.8
13999.1
13977.1
13949.6
13919.2
13887.4
13855
13822.3
13789.2
13755.7
13721.4
13686.3
13650
13612.4
13573.4
13532.9
13490.7
13446.9
13401.5
13354.4
13305.8
13255.6
13204.1
13151.4
13097.7
13043.2
12988.5
12933.8
12879.7
12826.7
12775.2
12725.8
12678.8
12635.1
12595.7
12561.6
12533.7
12512.6
12498.4
12491.3
13987.8
13977.1
13958.1
13933.7
13906
13876.6
13846.2
13815.1
13783.3
13750.9
13717.6
13683.2
13647.5
13610.4
13571.8
13531.6
13489.6
13445.9
13400.5
13353.3
13304.5
13254.1
13202.1
13148.9
13094.4
13039.1
12983.3
12927.3
12871.7
12817.2
12764.3
12713.6
12665.8
12621.4
12581.5
12547.2
12519.2
12498.1
12483.9
12476.8
13958.3
13949.6
13933.7
13912.7
13888.3
13861.7
13833.8
13804.8
13774.9
13744.1
13712.1
13678.8
13644.1
13607.7
13569.6
13529.7
13488
13444.5
13399
13351.8
13302.7
13251.8
13199.3
13145.2
13089.7
13033.1
12975.5
12917.5
12859.7
12802.9
12747.8
12695.2
12645.9
12600.6
12560.1
12525.5
12497.4
12476.3
12462.1
12455.1
13926.2
13919.2
13906
13888.3
13867.1
13843.6
13818.5
13792
13764.4
13735.5
13705.3
13673.4
13639.9
13604.4
13567
13527.6
13486.2
13442.7
13397.3
13349.9
13300.5
13249.1
13195.8
13140.7
13083.8
13025.3
12965.5
12904.8
12843.8
12783.6
12725.4
12670.2
12618.9
12572.3
12531.2
12496.3
12468.2
12447.2
12433.1
12426.1
13893.1
13887.4
13876.6
13861.7
13843.6
13823.2
13801
13777.3
13752.2
13725.7
13697.5
13667.4
13635.2
13600.7
13564.1
13525.2
13484.1
13440.9
13395.4
13347.8
13298
13246
13191.8
13135.5
13076.9
13016.2
12953.6
12889.3
12824.1
12759.3
12696.5
12637.7
12584
12536.1
12494.4
12459.4
12431.6
12410.7
12396.9
12390
13859.7
13855
13846.2
13833.8
13818.5
13801
13781.7
13760.9
13738.7
13714.9
13689.2
13661
13630.4
13597.1
13561.3
13522.9
13482.2
13439
13393.5
13345.6
13295.4
13242.8
13187.6
13129.9
13069.5
13006.4
12940.4
12871.8
12801
12729.6
12660.2
12596.6
12540.2
12491.1
12449.2
12414.7
12387.3
12367
12353.6
12346.9
13826.1
13822.3
13815.1
13804.8
13792
13777.3
13760.9
13743.2
13724.2
13703.6
13680.8
13655
13626
13593.8
13558.8
13520.9
13480.4
13437.3
13391.7
13343.5
13292.8
13239.4
13183.3
13124.3
13062.1
12996.4
12927
12853.4
12775.6
12694.7
12614.8
12544.9
12486
12436.5
12395.3
12361.8
12335.6
12316.2
12303.3
12297
13792.3
13789.2
13783.3
13774.9
13764.4
13752.2
13738.7
13724.2
13708.7
13692
13673.1
13649.8
13622.4
13591.3
13556.8
13519.3
13478.9
13435.7
13389.9
13341.4
13290.1
13236.1
13179.1
13119
13055.4
12987.7
12915.2
12836.6
12750.5
12655.8
12555.9
12478.9
12419.3
12371.4
12332.4
12301
12276.5
12258.4
12246.5
12240.6
13758.2
13755.7
13750.9
13744.1
13735.5
13725.7
13714.9
13703.6
13692
13680.3
13667.4
13646.5
13620.2
13589.7
13555.5
13518.1
13477.6
13434.2
13388
13339.2
13287.6
13233.2
13175.9
13115.2
13050.8
12981.9
12907.4
12825.2
12731.6
12619.2
12470.9
12392.4
12338.1
12295.5
12260.8
12232.7
12210.7
12194.3
12183.5
12178.2
13723.4
13721.4
13717.6
13712.1
13705.3
13697.5
13689.2
13680.8
13673.1
13667.4
13658.9
13630.9
13599.1
13563.4
13524.1
13481.8
13436.7
13389.1
13339
13286.6
13231.6
13173.8
13112.8
13048.3
12979.5
12905.4
12823.9
12731.4
12619
12461.4
12313
12279.3
12243.1
12210.2
12181.6
12157.8
12138.8
12124.5
12115
12110.3
13687.8
13686.3
13683.2
13678.8
13673.4
13667.4
13661
13655
13649.8
13646.5
13630.9
13587.7
13544.3
13499.3
13452.2
13403
13351.6
13297.9
13242
13183.6
13122.6
13058.7
12991.4
12920
12843.8
12761.1
12669.7
12565.4
12441.1
12284.9
12184
12166.6
12143.4
12119.3
12097
12077.7
12061.8
12049.8
12041.7
12037.6
13651.2
13650
13647.5
13644.1
13639.9
13635.2
13630.4
13626
13622.4
13620.2
13599.1
13544.3
13490.6
13436.5
13381.5
13325.1
13267.2
13207.4
13145.7
13081.8
13015.3
12945.8
12873
12795.9
12713.8
12625
12527.7
12418.8
12294.3
12150.6
12068.9
12058.6
12043.2
12025.9
12009
11993.7
11980.9
11971
11964.2
11960.8
13613.4
13612.4
13610.4
13607.7
13604.4
13600.7
13597.1
13593.8
13591.3
13589.7
13563.4
13499.3
13436.5
13374.1
13311.4
13248.1
13183.8
13118.2
13050.9
12981.6
12910.1
12835.7
12758.1
12676.4
12589.8
12497.1
12396.8
12287
12166.1
12033.3
11961.5
11954.7
11944.2
11931.7
11919
11907.1
11896.9
11888.9
11883.4
11880.6
13574.2
13573.4
13571.8
13569.6
13567
13564.1
13561.3
13558.8
13556.8
13555.5
13524.1
13452.2
13381.5
13311.4
13241.7
13171.8
13101.4
13030.1
12957.6
12883.5
12807.3
12728.6
12646.9
12561.6
12471.7
12376.6
12275
12166.1
12049.2
11924.6
11858.9
11854.1
11846.6
11837.5
11827.9
11818.7
11810.7
11804.3
11799.8
11797.5
13533.5
13532.9
13531.6
13529.7
13527.6
13525.2
13522.9
13520.9
13519.3
13518.1
13481.8
13403
13325.1
13248.1
13171.8
13095.8
13019.7
12943.2
12865.8
12787.1
12706.8
12624.4
12539.3
12451
12358.8
12262.2
12160.4
12052.9
11939.7
11821.2
11759.6
11756
11750.4
11743.6
11736.3
11729.1
11722.8
11717.6
11714
11712.2
13491.3
13490.7
13489.6
13488
13486.2
13484.1
13482.2
13480.4
13478.9
13477.6
13436.7
13351.6
13267.2
13183.8
13101.4
13019.7
12938.3
12856.9
12775
12692.3
12608.3
12522.6
12434.7
12344.1
12250.3
12152.8
12051.2
11945.3
11835.2
11721.3
11662.6
11659.7
11655.4
11650.1
11644.4
11638.7
11633.6
11629.4
11626.5
11625
13447.5
13446.9
13445.9
13444.5
13442.7
13440.9
13439
13437.3
13435.7
13434.2
13389.1
13297.9
13207.4
13118.2
13030.1
12943.2
12856.9
12771
12685.1
12598.8
12511.6
12423.1
12332.8
12240.5
12145.5
12047.6
11946.4
11841.9
11734.3
11623.9
11567.3
11564.9
11561.4
11557.1
11552.4
11547.7
11543.5
11540
11537.5
11536.2
13402
13401.5
13400.5
13399
13397.3
13395.4
13393.5
13391.7
13389.9
13388
13339
13242
13145.7
13050.9
12957.6
12865.8
12775
12685.1
12595.6
12506
12416
12325.2
12233.1
12139.3
12043.5
11945.5
11844.9
11741.7
11636.1
11528.4
11473.3
11471.2
11468.1
11464.4
11460.4
11456.3
11452.6
11449.5
11447.4
11446.2
13355
13354.4
13353.3
13351.8
13349.9
13347.8
13345.6
13343.5
13341.4
13339.2
13286.6
13183.6
13081.8
12981.6
12883.5
12787.1
12692.3
12598.8
12506
12413.7
12321.3
12228.5
12134.9
12040.2
11943.9
11845.9
11745.9
11643.8
11539.9
11434.3
11380.4
11378.4
11375.5
11372.1
11368.3
11364.5
11361.1
11358.2
11356.1
11355.1
13306.4
13305.8
13304.5
13302.7
13300.5
13298
13295.4
13292.8
13290.1
13287.6
13231.6
13122.6
13015.3
12910.1
12807.3
12706.8
12608.3
12511.6
12416
12321.3
12227
12132.7
12038
11942.5
11846
11748.2
11648.9
11547.9
11445.4
11341.5
11288.4
11286.4
11283.6
11280.1
11276.3
11272.5
11269
11266
11263.9
11262.8
13256.4
13255.6
13254.1
13251.8
13249.1
13246
13242.8
13239.4
13236.1
13233.2
13173.8
13058.7
12945.8
12835.7
12728.6
12624.4
12522.6
12423.1
12325.2
12228.5
12132.7
12037.2
11941.8
11845.9
11749.5
11652
11553.5
11453.6
11352.4
11249.8
11197.4
11195.3
11192.2
11188.5
11184.3
11180.1
11176.2
11173
11170.7
11169.5
13205.1
13204.1
13202.1
13199.3
13195.8
13191.8
13187.6
13183.3
13179.1
13175.9
13112.8
12991.4
12873
12758.1
12646.9
12539.3
12434.7
12332.8
12233.1
12134.9
12038
11941.8
11845.9
11750
11653.8
11557
11459.4
11360.7
11260.7
11159.3
11107.4
11105.1
11101.6
11097.2
11092.4
11087.4
11082.9
11079.1
11076.4
11075
13152.6
13151.4
13148.9
13145.2
13140.7
13135.5
13129.9
13124.3
13119
13115.2
13048.3
12920
12795.9
12676.4
12561.6
12451
12344.1
12240.5
12139.3
12040.2
11942.5
11845.9
11750
11654.4
11558.8
11462.9
11366.4
11269
11170.3
11070.2
11018.8
11016.1
11011.8
11006.5
11000.5
10994.4
10988.8
10984.1
10980.8
10979
13099.3
13097.7
13094.4
13089.7
13083.8
13076.9
13069.5
13062.1
13055.4
13050.8
12979.5
12843.8
12713.8
12589.8
12471.7
12358.8
12250.3
12145.5
12043.5
11943.9
11846
11749.5
11653.8
11558.8
11464.1
11369.3
11274.3
11178.5
11081.5
10982.8
10931.9
10928.6
10923.2
10916.3
10908.7
10900.9
10893.8
10887.8
10883.6
10881.3
13045.3
13043.2
13039.1
13033.1
13025.3
13016.2
13006.4
12996.4
12987.7
12981.9
12905.4
12761.1
12625
12497.1
12376.6
12262.2
12152.8
12047.6
11945.5
11845.9
11748.2
11652
11557
11462.9
11369.3
11276.1
11182.9
11089.2
10994.4
10897.7
10847.4
10843.1
10836
10827
10817
10806.9
10797.6
10789.9
10784.3
10781.5
12991.1
12988.5
12983.3
12975.5
12965.5
12953.6
12940.4
12927
12915.2
12907.4
12823.9
12669.7
12527.7
12396.8
12275
12160.4
12051.2
11946.4
11844.9
11745.9
11648.9
11553.5
11459.4
11366.4
11274.3
11182.9
11091.9
11001
10909.3
10815.4
10766.1
10760.4
10750.9
10738.8
10725.4
10712
10699.8
10689.7
10682.5
10678.8
12937.1
12933.8
12927.3
12917.5
12904.8
12889.3
12871.8
12853.4
12836.6
12825.2
12731.4
12565.4
12418.8
12287
12166.1
12052.9
11945.3
11841.9
11741.7
11643.8
11547.9
11453.6
11360.7
11269
11178.5
11089.2
11001
10913.6
10826.2
10737.1
10689.5
10681.6
10668.3
10651.8
10633.9
10616.1
10600
10586.8
10577.4
10572.5
12883.7
12879.7
12871.7
12859.7
12843.8
12824.1
12801
12775.6
12750.5
12731.6
12619
12441.1
12294.3
12166.1
12049.2
11939.7
11835.2
11734.3
11636.1
11539.9
11445.4
11352.4
11260.7
11170.3
11081.5
10994.4
10909.3
10826.2
10745
10663.8
10620
10608.1
10589.1
10566.3
10542.2
10518.7
10497.5
10480.1
10467.8
10461.4
12831.4
12826.7
12817.2
12802.9
12783.6
12759.3
12729.6
12694.7
12655.8
12619.2
12461.4
12284.9
12150.6
12033.3
11924.6
11821.2
11721.3
11623.9
11528.4
11434.3
11341.5
11249.8
11159.3
11070.2
10982.8
10897.7
10815.4
10737.1
10663.8
10595.9
10561.6
10541.7
10513.8
10482.3
10450.1
10419.1
10391.4
10368.8
10352.7
10344.3
12780.7
12775.2
12764.3
12747.8
12725.4
12696.5
12660.2
12614.8
12555.9
12470.9
12313
12184
12068.9
11961.5
11858.9
11759.6
11662.6
11567.3
11473.3
11380.4
11288.4
11197.4
11107.4
11018.8
10931.9
10847.4
10766.1
10689.5
10620
10561.6
10522.5
10483.5
10442.1
10399.3
10356.9
10316.6
10280.8
10251.4
10230.5
10219.6
12731.9
12725.8
12713.6
12695.2
12670.2
12637.7
12596.6
12544.9
12478.9
12392.4
12279.3
12166.6
12058.6
11954.7
11854.1
11756
11659.7
11564.9
11471.2
11378.4
11286.4
11195.3
11105.1
11016.1
10928.6
10843.1
10760.4
10681.6
10608.1
10541.7
10483.5
10427.7
10372
10316.3
10261.9
10210.4
10164.4
10126.5
10099.4
10085.2
12685.4
12678.8
12665.8
12645.9
12618.9
12584
12540.2
12486
12419.3
12338.1
12243.1
12143.4
12043.2
11944.2
11846.6
11750.4
11655.4
11561.4
11468.1
11375.5
11283.6
11192.2
11101.6
11011.8
10923.2
10836
10750.9
10668.3
10589.1
10513.8
10442.1
10372
10302.2
10232.8
10164.6
10099.9
10041.5
9992.84
9957.65
9939.11
12642
12635.1
12621.4
12600.6
12572.3
12536.1
12491.1
12436.5
12371.4
12295.5
12210.2
12119.3
12025.9
11931.7
11837.5
11743.6
11650.1
11557.1
11464.4
11372.1
11280.1
11188.5
11097.2
11006.5
10916.3
10827
10738.8
10651.8
10566.3
10482.3
10399.3
10316.3
10232.8
10148.7
10065.4
9985.14
9911.54
9849.25
9803.53
9779.19
12602.7
12595.7
12581.5
12560.1
12531.2
12494.4
12449.2
12395.3
12332.4
12260.8
12181.6
12097
12009
11919
11827.9
11736.3
11644.4
11552.4
11460.4
11368.3
11276.3
11184.3
11092.4
11000.5
10908.7
10817
10725.4
10633.9
10542.2
10450.1
10356.9
10261.9
10164.6
10065.4
9965.34
9867.14
9775.17
9695.64
9636.11
9603.95
12568.7
12561.6
12547.2
12525.5
12496.3
12459.4
12414.7
12361.8
12301
12232.7
12157.8
12077.7
11993.7
11907.1
11818.7
11729.1
11638.7
11547.7
11456.3
11364.5
11272.5
11180.1
11087.4
10994.4
10900.9
10806.9
10712
10616.1
10518.7
10419.1
10316.6
10210.4
10099.9
9985.14
9867.14
9748.69
9634.92
9533.9
9456.36
9413.66
12540.9
12533.7
12519.2
12497.4
12468.2
12431.6
12387.3
12335.6
12276.5
12210.7
12138.8
12061.8
11980.9
11896.9
11810.7
11722.8
11633.6
11543.5
11452.6
11361.1
11269
11176.2
11082.9
10988.8
10893.8
10797.6
10699.8
10600
10497.5
10391.4
10280.8
10164.4
10041.5
9911.54
9775.17
9634.92
9496.41
9369.61
9269.28
9212.65
12519.8
12512.6
12498.1
12476.3
12447.2
12410.7
12367
12316.2
12258.4
12194.3
12124.5
12049.8
11971
11888.9
11804.3
11717.6
11629.4
11540
11449.5
11358.2
11266
11173
11079.1
10984.1
10887.8
10789.9
10689.7
10586.8
10480.2
10368.8
10251.4
10126.5
9992.84
9849.25
9695.64
9533.9
9369.61
9214.28
9087.11
9013.14
12505.7
12498.4
12483.9
12462.1
12433.1
12396.9
12353.6
12303.3
12246.5
12183.5
12115
12041.7
11964.2
11883.4
11799.8
11714
11626.5
11537.5
11447.4
11356.1
11263.9
11170.7
11076.4
10980.8
10883.6
10784.3
10682.5
10577.4
10467.8
10352.7
10230.5
10099.4
9957.65
9803.53
9636.11
9456.36
9269.28
9087.11
8932.88
8840.17
12498.6
12491.3
12476.8
12455.1
12426.1
12390
12346.9
12297
12240.6
12178.2
12110.3
12037.6
11960.8
11880.6
11797.5
11712.2
11625
11536.2
11446.2
11355.1
11262.8
11169.5
11075
10979
10881.3
10781.5
10678.8
10572.5
10461.4
10344.3
10219.6
10085.2
9939.11
9779.19
9603.95
9413.66
9212.65
9013.14
8840.17
8733.4
14048.2
14028.8
13999.1
13965.4
13930.5
13895.7
13861.3
13827.1
13792.9
13758.5
13723.6
13688
13651.3
13613.4
13574.2
13533.5
13491.2
13447.3
13401.8
13354.8
13306.2
13256.1
13204.7
13152.2
13098.8
13044.8
12990.6
12936.7
12883.5
12831.6
12781.5
12733.6
12688.2
12645.2
12605
12569.9
12541.5
12520.2
12505.9
12498.7
14028.8
14012.6
13986.5
13955.6
13922.9
13889.7
13856.5
13823.2
13789.8
13756
13721.6
13686.4
13650
13612.4
13573.3
13532.8
13490.6
13446.8
13401.3
13354.2
13305.5
13255.3
13203.7
13150.9
13097.2
13042.7
12988
12933.4
12879.5
12827
12776.2
12727.7
12681.8
12638.3
12597.8
12562.6
12534.3
12512.9
12498.6
12491.5
13999.1
13986.5
13965
13938.3
13909
13878.5
13847.4
13815.8
13783.8
13751.2
13717.7
13683.3
13647.5
13610.4
13571.7
13531.4
13489.4
13445.7
13400.2
13353.1
13304.2
13253.7
13201.7
13148.4
13093.9
13038.6
12982.8
12926.9
12871.7
12817.7
12765.6
12715.9
12668.9
12624.6
12583.6
12548.2
12519.8
12498.4
12484.1
12477
13965.4
13955.6
13938.3
13915.9
13890.5
13863.2
13834.7
13805.4
13775.3
13744.3
13712.2
13678.9
13644.1
13607.6
13569.5
13529.6
13487.8
13444.2
13398.8
13351.4
13302.3
13251.4
13198.9
13144.7
13089.2
13032.5
12975.1
12917.3
12859.9
12803.6
12749.4
12697.8
12649.3
12603.8
12562.1
12526.5
12498
12476.6
12462.3
12455.2
13930.5
13922.9
13909
13890.5
13868.7
13844.7
13819.2
13792.5
13764.7
13735.7
13705.3
13673.4
13639.8
13604.3
13566.8
13527.4
13485.9
13442.5
13397
13349.5
13300.1
13248.7
13195.3
13140.2
13083.3
13024.9
12965.2
12904.8
12844.3
12784.8
12727.3
12673.1
12622.5
12575.5
12533.1
12497.3
12468.8
12447.5
12433.3
12426.3
13895.7
13889.7
13878.5
13863.2
13844.7
13824
13801.5
13777.6
13752.4
13725.8
13697.5
13667.3
13635.1
13600.6
13563.9
13525
13483.9
13440.6
13395.1
13347.4
13297.6
13245.6
13191.4
13135.1
13076.6
13016.1
12953.7
12889.8
12825.1
12760.9
12698.9
12641
12587.8
12539.2
12496.1
12460.3
12432.1
12411
12397.1
12390.1
13861.3
13856.5
13847.4
13834.7
13819.2
13801.5
13782
13761.1
13738.8
13714.9
13689.1
13661
13630.2
13596.9
13561
13522.7
13481.9
13438.7
13393.1
13345.3
13295.1
13242.4
13187.4
13129.8
13069.6
13006.8
12941.1
12872.9
12802.7
12731.8
12663.2
12600.3
12544.1
12494.1
12450.9
12415.5
12387.8
12367.3
12353.7
12347
13827.1
13823.2
13815.8
13805.4
13792.5
13777.6
13761.1
13743.3
13724.2
13703.5
13680.7
13654.8
13625.7
13593.6
13558.5
13520.6
13480.1
13437
13391.4
13343.3
13292.7
13239.5
13183.6
13124.8
13062.9
12997.7
12928.6
12855.4
12778.1
12697.7
12618.2
12548.8
12489.7
12439.1
12396.8
12362.6
12336
12316.4
12303.5
12297.1
13792.9
13789.8
13783.8
13775.3
13764.7
13752.4
13738.8
13724.2
13708.6
13691.9
13672.9
13649.6
13622.1
13590.9
13556.5
13519
13478.6
13435.6
13389.9
13341.7
13290.7
13236.9
13180.3
13120.5
13057.1
12989.7
12917.4
12839.2
12753.4
12659.1
12559.6
12482.7
12422.5
12373.5
12333.6
12301.7
12276.9
12258.7
12246.6
12240.7
13758.5
13756
13751.2
13744.3
13735.7
13725.8
13714.9
13703.5
13691.9
13680.1
13667.2
13646.3
13619.9
13589.4
13555.2
13517.9
13477.7
13434.6
13388.8
13340.3
13289
13234.8
13177.5
13116.8
13052.4
12983.5
12909.1
12827.1
12733.9
12622.1
12474.2
12395.6
12340.6
12297.1
12261.8
12233.3
12211
12194.5
12183.7
12178.3
13723.6
13721.6
13717.7
13712.2
13705.3
13697.5
13689.1
13680.7
13672.9
13667.2
13660.2
13632.9
13601.8
13566.8
13528.3
13486.7
13442
13394.4
13344
13290.9
13235
13176.3
13114.5
13049.4
12980.3
12906
12824.5
12732.1
12619.9
12462.7
12315.5
12281.6
12244.9
12211.4
12182.4
12158.2
12139
12124.7
12115.1
12110.4
13688
13686.4
13683.3
13678.9
13673.4
13667.3
13661
13654.8
13649.6
13646.3
13632.9
13588.8
13545.3
13500.5
13453.6
13404.6
13353.3
13299.7
13243.8
13185.3
13124.1
13059.9
12992.4
12920.9
12844.5
12761.7
12670.3
12566.1
12442.1
12286.3
12185.7
12168.2
12144.6
12120.2
12097.6
12078
12062
12049.9
12041.8
12037.7
13651.3
13650
13647.5
13644.1
13639.8
13635.1
13630.2
13625.7
13622.1
13619.9
13601.8
13545.3
13491.2
13437.1
13382.1
13325.8
13267.9
13208.2
13146.5
13082.5
13016
12946.5
12873.5
12796.4
12714.2
12625.5
12528.2
12419.3
12295.1
12151.6
12070
12059.5
12043.9
12026.5
12009.4
11994
11981
11971.1
11964.3
11960.9
13613.4
13612.4
13610.4
13607.6
13604.3
13600.6
13596.9
13593.6
13590.9
13589.4
13566.8
13500.5
13437.1
13374.5
13311.8
13248.5
13184.2
13118.5
13051.3
12982
12910.4
12836.1
12758.4
12676.7
12590.1
12497.4
12397.1
12287.4
12166.6
12033.9
11962.1
11955.2
11944.6
11932
11919.2
11907.3
11897
11889
11883.4
11880.6
13574.2
13573.3
13571.7
13569.5
13566.8
13563.9
13561
13558.5
13556.5
13555.2
13528.3
13453.6
13382.1
13311.8
13241.9
13172
13101.6
13030.3
12957.8
12883.7
12807.5
12728.8
12647.1
12561.7
12471.9
12376.7
12275.2
12166.3
12049.5
11925
11859.2
11854.3
11846.8
11837.6
11828
11818.8
11810.7
11804.3
11799.8
11797.6
13533.5
13532.8
13531.4
13529.6
13527.4
13525
13522.7
13520.6
13519
13517.9
13486.7
13404.6
13325.8
13248.5
13172
13096
13019.8
12943.3
12865.9
12787.2
12706.9
12624.5
12539.4
12451.1
12358.9
12262.3
12160.5
12053
11939.8
11821.4
11759.7
11756.1
11750.5
11743.7
11736.3
11729.2
11722.8
11717.7
11714.1
11712.2
13491.2
13490.6
13489.4
13487.8
13485.9
13483.9
13481.9
13480.1
13478.6
13477.7
13442
13353.3
13267.9
13184.2
13101.6
13019.8
12938.4
12857
12775.1
12692.4
12608.4
12522.7
12434.8
12344.2
12250.4
12152.9
12051.3
11945.4
11835.2
11721.4
11662.6
11659.7
11655.4
11650.1
11644.4
11638.7
11633.6
11629.4
11626.5
11625
13447.3
13446.8
13445.7
13444.2
13442.5
13440.6
13438.7
13437
13435.6
13434.6
13394.4
13299.7
13208.2
13118.5
13030.3
12943.3
12857
12771.1
12685.1
12598.8
12511.6
12423.1
12332.9
12240.5
12145.5
12047.6
11946.4
11842
11734.3
11623.9
11567.3
11564.9
11561.4
11557.1
11552.4
11547.7
11543.5
11540
11537.5
11536.2
13401.8
13401.3
13400.2
13398.8
13397
13395.1
13393.1
13391.4
13389.9
13388.8
13344
13243.8
13146.5
13051.3
12957.8
12865.9
12775.1
12685.1
12595.6
12506
12416
12325.2
12233.1
12139.3
12043.6
11945.5
11844.9
11741.7
11636.1
11528.4
11473.3
11471.1
11468.1
11464.4
11460.4
11456.3
11452.6
11449.5
11447.4
11446.2
13354.8
13354.2
13353.1
13351.4
13349.5
13347.4
13345.3
13343.3
13341.7
13340.3
13290.9
13185.3
13082.5
12982
12883.7
12787.2
12692.4
12598.8
12506
12413.7
12321.3
12228.5
12134.9
12040.2
11943.9
11845.9
11745.9
11643.9
11539.9
11434.3
11380.4
11378.3
11375.5
11372.1
11368.3
11364.5
11361.1
11358.2
11356.1
11355.1
13306.2
13305.5
13304.2
13302.3
13300.1
13297.6
13295.1
13292.7
13290.7
13289
13235
13124.1
13016
12910.4
12807.5
12706.9
12608.4
12511.6
12416
12321.3
12227
12132.7
12038
11942.5
11846
11748.2
11648.9
11547.9
11445.4
11341.5
11288.4
11286.4
11283.6
11280.1
11276.3
11272.5
11269
11266
11263.9
11262.8
13256.1
13255.3
13253.7
13251.4
13248.7
13245.6
13242.4
13239.5
13236.9
13234.8
13176.3
13059.9
12946.5
12836.1
12728.8
12624.5
12522.7
12423.1
12325.2
12228.5
12132.7
12037.2
11941.8
11845.9
11749.5
11652
11553.5
11453.6
11352.4
11249.8
11197.4
11195.3
11192.2
11188.5
11184.3
11180.1
11176.2
11173
11170.7
11169.5
13204.7
13203.7
13201.7
13198.9
13195.3
13191.4
13187.4
13183.6
13180.3
13177.5
13114.5
12992.4
12873.5
12758.4
12647.1
12539.4
12434.8
12332.9
12233.1
12134.9
12038
11941.8
11845.9
11750
11653.8
11557
11459.4
11360.7
11260.7
11159.3
11107.4
11105.1
11101.6
11097.2
11092.4
11087.4
11082.9
11079.1
11076.4
11075
13152.2
13150.9
13148.4
13144.7
13140.2
13135.1
13129.8
13124.8
13120.5
13116.8
13049.4
12920.9
12796.4
12676.7
12561.7
12451.1
12344.2
12240.5
12139.3
12040.2
11942.5
11845.9
11750
11654.4
11558.8
11462.9
11366.4
11269
11170.3
11070.2
11018.8
11016.1
11011.8
11006.5
11000.5
10994.4
10988.8
10984.1
10980.8
10979
13098.8
13097.2
13093.9
13089.2
13083.3
13076.6
13069.6
13062.9
13057.1
13052.4
12980.3
12844.5
12714.2
12590.1
12471.9
12358.9
12250.4
12145.5
12043.6
11943.9
11846
11749.5
11653.8
11558.8
11464.1
11369.3
11274.3
11178.5
11081.5
10982.8
10931.9
10928.6
10923.2
10916.3
10908.7
10900.9
10893.8
10887.8
10883.5
10881.3
13044.8
13042.7
13038.6
13032.5
13024.9
13016.1
13006.8
12997.7
12989.7
12983.5
12906
12761.7
12625.5
12497.4
12376.7
12262.3
12152.9
12047.6
11945.5
11845.9
11748.2
11652
11557
11462.9
11369.3
11276.1
11182.9
11089.2
10994.4
10897.7
10847.3
10843.1
10836
10827
10817
10806.8
10797.5
10789.8
10784.3
10781.4
12990.6
12988
12982.8
12975.1
12965.2
12953.7
12941.1
12928.6
12917.4
12909.1
12824.5
12670.3
12528.2
12397.1
12275.2
12160.5
12051.3
11946.4
11844.9
11745.9
11648.9
11553.5
11459.4
11366.4
11274.3
11182.9
11091.9
11001
10909.3
10815.4
10766.1
10760.4
10750.9
10738.7
10725.4
10712
10699.8
10689.6
10682.4
10678.7
12936.7
12933.4
12926.9
12917.3
12904.8
12889.8
12872.9
12855.4
12839.2
12827.1
12732.1
12566.1
12419.3
12287.4
12166.3
12053
11945.4
11842
11741.7
11643.9
11547.9
11453.6
11360.7
11269
11178.5
11089.2
11001
10913.6
10826.2
10737.1
10689.5
10681.5
10668.3
10651.7
10633.8
10616
10599.9
10586.6
10577.2
10572.3
12883.5
12879.5
12871.7
12859.9
12844.3
12825.1
12802.7
12778.1
12753.4
12733.9
12619.9
12442.1
12295.1
12166.6
12049.5
11939.8
11835.2
11734.3
11636.1
11539.9
11445.4
11352.4
11260.7
11170.3
11081.5
10994.4
10909.3
10826.2
10745
10663.7
10620
10608
10589
10566.2
10542.1
10518.5
10497.3
10479.9
10467.5
10461.1
12831.6
12827
12817.7
12803.6
12784.8
12760.9
12731.8
12697.7
12659.1
12622.1
12462.7
12286.3
12151.6
12033.9
11925
11821.4
11721.4
11623.9
11528.4
11434.3
11341.5
11249.8
11159.3
11070.2
10982.8
10897.7
10815.4
10737.1
10663.7
10595.8
10561.5
10541.6
10513.6
10482.1
10449.8
10418.8
10391
10368.2
10352.1
10343.7
12781.5
12776.2
12765.6
12749.4
12727.3
12698.9
12663.2
12618.2
12559.6
12474.2
12315.5
12185.7
12070
11962.1
11859.2
11759.7
11662.6
11567.3
11473.3
11380.4
11288.4
11197.4
11107.4
11018.8
10931.9
10847.3
10766.1
10689.5
10620
10561.5
10522.4
10483.3
10441.9
10399
10356.4
10316
10279.9
10250.3
10229.3
10218.3
12733.6
12727.7
12715.9
12697.8
12673.1
12641
12600.3
12548.8
12482.7
12395.6
12281.6
12168.2
12059.5
11955.2
11854.3
11756.1
11659.7
11564.9
11471.1
11378.3
11286.4
11195.3
11105.1
11016.1
10928.6
10843.1
10760.4
10681.5
10608
10541.6
10483.3
10427.4
10371.6
10315.8
10261.1
10209.3
10162.9
10124.6
10097.1
10082.7
12688.2
12681.8
12668.9
12649.3
12622.5
12587.8
12544.1
12489.7
12422.5
12340.6
12244.9
12144.6
12043.9
11944.6
11846.8
11750.5
11655.4
11561.4
11468.1
11375.5
11283.6
11192.2
11101.6
11011.8
10923.2
10836
10750.9
10668.3
10589
10513.6
10441.9
10371.6
10301.6
10231.8
10163.3
10097.9
10038.7
9989.28
9953.37
9934.39
12645.2
12638.3
12624.6
12603.8
12575.5
12539.2
12494.1
12439.1
12373.5
12297.1
12211.4
12120.2
12026.5
11932
11837.6
11743.7
11650.1
11557.1
11464.4
11372.1
11280.1
11188.5
11097.2
11006.5
10916.3
10827
10738.7
10651.7
10566.2
10482.1
10399
10315.8
10231.8
10147.2
10063.1
9981.71
9906.64
9842.7
9795.46
9770.17
12605
12597.8
12583.6
12562.1
12533.1
12496.1
12450.9
12396.8
12333.6
12261.8
12182.4
12097.6
12009.4
11919.2
11828
11736.3
11644.4
11552.4
11460.4
11368.3
11276.3
11184.3
11092.4
11000.5
10908.7
10817
10725.4
10633.8
10542.1
10449.8
10356.4
10261.1
10163.3
10063.1
9961.63
9861.36
9766.61
9683.79
9621.06
9586.84
12569.9
12562.6
12548.2
12526.5
12497.3
12460.3
12415.5
12362.6
12301.7
12233.3
12158.2
12078
11994
11907.3
11818.8
11729.2
11638.7
11547.7
11456.3
11364.5
11272.5
11180.1
11087.4
10994.4
10900.9
10806.8
10712
10616
10518.5
10418.8
10316
10209.3
10097.9
9981.71
9861.36
9739.31
9620.43
9512.99
9428.85
9381.68
12541.5
12534.3
12519.8
12498
12468.8
12432.1
12387.8
12336
12276.9
12211
12139
12062
11981
11897
11810.7
11722.8
11633.6
11543.5
11452.6
11361.1
11269
11176.2
11082.9
10988.8
10893.8
10797.5
10699.8
10599.9
10497.3
10391
10279.9
10162.9
10038.7
9906.64
9766.61
9620.43
9472.98
9334.18
9220.67
9154.51
12520.2
12512.9
12498.4
12476.6
12447.5
12411
12367.3
12316.4
12258.7
12194.5
12124.7
12049.9
11971.1
11889
11804.3
11717.7
11629.4
11540
11449.5
11358.2
11266
11173
11079.1
10984.1
10887.8
10789.8
10689.6
10586.6
10479.9
10368.2
10250.3
10124.6
9989.28
9842.7
9683.79
9512.99
9334.18
9157.96
9005.98
8912.62
12505.9
12498.6
12484.1
12462.3
12433.3
12397.1
12353.7
12303.5
12246.6
12183.7
12115.1
12041.8
11964.3
11883.4
11799.8
11714.1
11626.5
11537.5
11447.4
11356.1
11263.9
11170.7
11076.4
10980.8
10883.5
10784.3
10682.4
10577.2
10467.5
10352.1
10229.3
10097.1
9953.37
9795.46
9621.06
9428.85
9220.67
9005.98
8809.85
8681.25
12498.7
12491.5
12477
12455.2
12426.3
12390.1
12347
12297.1
12240.7
12178.3
12110.4
12037.7
11960.9
11880.6
11797.6
11712.2
11625
11536.2
11446.2
11355.1
11262.8
11169.5
11075
10979
10881.3
10781.4
10678.7
10572.3
10461.1
10343.7
10218.3
10082.7
9934.39
9770.17
9586.84
9381.68
9154.51
8912.62
8681.25
8519.85
14100.7
14064.7
14020.7
13977.9
13937.8
13900
13863.8
13828.6
13793.8
13759.1
13724
13688.2
13651.4
13613.5
13574.2
13533.4
13491.1
13447.2
13401.7
13354.6
13306
13255.9
13204.5
13151.9
13098.5
13044.5
12990.4
12936.5
12883.5
12831.8
12782.1
12734.8
12690.1
12647.9
12608.2
12572.1
12542.5
12520.7
12506.2
12498.9
14064.7
14039.2
14003.7
13966.1
13929.2
13893.5
13858.8
13824.6
13790.7
13756.6
13722
13686.6
13650.1
13612.4
13573.3
13532.7
13490.5
13446.6
13401.1
13354
13305.3
13255
13203.4
13150.6
13096.8
13042.4
12987.7
12933.3
12879.6
12827.3
12776.9
12729
12683.8
12641.2
12601.1
12564.8
12535.3
12513.4
12498.9
12491.7
14020.7
14003.7
13977
13946.1
13914
13881.6
13849.3
13817
13784.5
13751.6
13718
13683.4
13647.6
13610.4
13571.7
13531.4
13489.3
13445.6
13400.1
13352.8
13303.9
13253.4
13201.4
13148.1
13093.6
13038.3
12982.5
12926.8
12871.8
12818.1
12766.3
12717.2
12671.1
12627.7
12586.9
12550.3
12520.8
12498.9
12484.4
12477.2
13977.9
13966.1
13946.1
13921.4
13894.1
13865.5
13836.2
13806.4
13775.9
13744.7
13712.4
13679
13644.1
13607.6
13569.5
13529.5
13487.7
13444.1
13398.5
13351.2
13302
13251.1
13198.6
13144.4
13088.9
13032.3
12974.9
12917.3
12860.1
12804.2
12750.3
12699.3
12651.6
12607.1
12565.5
12528.5
12498.9
12477.1
12462.6
12455.4
13937.8
13929.2
13914
13894.1
13871.2
13846.4
13820.3
13793.2
13765.2
13736
13705.5
13673.5
13639.8
13604.2
13566.7
13527.2
13485.8
13442.3
13396.7
13349.2
13299.8
13248.4
13195.1
13139.9
13083.1
13024.8
12965.2
12905
12844.7
12785.4
12728.4
12674.8
12625
12579.1
12536.5
12499.2
12469.7
12448
12433.6
12426.5
13900
13893.5
13881.6
13865.5
13846.4
13825.1
13802.3
13778.1
13752.7
13726
13697.6
13667.3
13635
13600.5
13563.8
13524.8
13483.7
13440.3
13394.8
13347.1
13297.3
13245.3
13191.2
13134.9
13076.6
13016.1
12953.9
12890.1
12825.7
12761.8
12700.2
12642.9
12590.6
12543.1
12499.7
12462.2
12433
12411.5
12397.4
12390.4
13863.8
13858.8
13849.3
13836.2
13820.3
13802.3
13782.6
13761.5
13739
13715
13689.1
13660.9
13630.1
13596.8
13560.9
13522.5
13481.6
13438.5
13392.9
13345.1
13294.9
13242.3
13187.3
13129.9
13069.8
13007.1
12941.6
12873.6
12803.6
12733.1
12664.8
12602.6
12547.3
12498.3
12454.3
12417.3
12388.6
12367.7
12354
12347.2
13828.6
13824.6
13817
13806.4
13793.2
13778.1
13761.5
13743.6
13724.3
13703.6
13680.6
13654.7
13625.6
13593.4
13558.3
13520.4
13479.9
13436.8
13391.3
13343.2
13292.7
13239.6
13183.8
13125.2
13063.5
12998.3
12929.5
12856.5
12779.5
12699.4
12620.4
12551.6
12493.6
12443.7
12400.1
12364.2
12336.8
12316.8
12303.7
12297.3
13793.8
13790.7
13784.5
13775.9
13765.2
13752.7
13739
13724.3
13708.7
13691.8
13672.8
13649.5
13621.9
13590.7
13556.3
13518.8
13478.5
13435.5
13390
13341.8
13291
13237.4
13180.9
13121.3
13058.2
12991
12919
12841
12755.6
12661.6
12562.5
12486.3
12427.1
12378.2
12336.5
12303.1
12277.6
12259
12246.9
12240.8
13759.1
13756.6
13751.6
13744.7
13736
13726
13715
13703.6
13691.8
13680
13667
13646.1
13619.7
13589.2
13555.1
13517.8
13477.6
13434.7
13389.1
13340.8
13289.8
13235.9
13178.9
13118.5
13054.3
12985.7
12911.4
12829.7
12736.9
12625.7
12478.3
12400.1
12345.6
12301.3
12264
12234.3
12211.6
12194.8
12183.8
12178.4
13724
13722
13718
13712.4
13705.5
13697.6
13689.1
13680.6
13672.8
13667
13660.9
13634.1
13603.5
13568.9
13530.9
13489.7
13445.5
13398.4
13348.4
13295.5
13239.7
13180.8
13118.7
13053.1
12983.4
12908.6
12826.8
12734.5
12622.9
12467.1
12320
12286.4
12249.5
12214.4
12183.9
12159
12139.5
12124.9
12115.3
12110.5
13688.2
13686.6
13683.4
13679
13673.5
13667.3
13660.9
13654.7
13649.5
13646.1
13634.1
13589.8
13546.4
13501.6
13455
13406.1
13355.1
13301.7
13245.8
13187.4
13126.2
13062
12994.3
12922.6
12846
12763.1
12671.7
12567.7
12444.1
12289.3
12190
12172.4
12147.9
12122
12098.6
12078.6
12062.3
12050.1
12041.9
12037.8
13651.4
13650.1
13647.6
13644.1
13639.8
13635
13630.1
13625.6
13621.9
13619.7
13603.5
13546.4
13492.1
13437.9
13382.9
13326.7
13268.9
13209.2
13147.6
13083.6
13017.1
12947.5
12874.5
12797.4
12715.1
12626.3
12529.1
12420.4
12296.5
12153.9
12073.1
12062.3
12045.8
12027.5
12010
11994.3
11981.3
11971.2
11964.4
11960.9
13613.5
13612.4
13610.4
13607.6
13604.2
13600.5
13596.8
13593.4
13590.7
13589.2
13568.9
13501.6
13437.9
13375.1
13312.3
13249
13184.7
13119.1
13051.8
12982.6
12911
12836.7
12759
12677.3
12590.6
12497.9
12397.7
12288.1
12167.5
12035.3
11963.8
11956.6
11945.5
11932.6
11919.6
11907.5
11897.2
11889.1
11883.5
11880.7
13574.2
13573.3
13571.7
13569.5
13566.7
13563.8
13560.9
13558.3
13556.3
13555.1
13530.9
13455
13382.9
13312.3
13242.3
13172.4
13101.9
13030.6
12958.1
12884
12807.8
12729.1
12647.4
12562
12472.2
12377
12275.5
12166.7
12050
11925.7
11859.8
11854.8
11847.2
11837.9
11828.2
11818.9
11810.8
11804.4
11799.9
11797.6
13533.4
13532.7
13531.4
13529.5
13527.2
13524.8
13522.5
13520.4
13518.8
13517.8
13489.7
13406.1
13326.7
13249
13172.4
13096.2
13020
12943.4
12866
12787.4
12707.1
12624.6
12539.5
12451.2
12359.1
12262.5
12160.7
12053.3
11940.1
11821.6
11759.8
11756.2
11750.6
11743.8
11736.4
11729.2
11722.8
11717.7
11714.1
11712.2
13491.1
13490.5
13489.3
13487.7
13485.8
13483.7
13481.6
13479.9
13478.5
13477.6
13445.5
13355.1
13268.9
13184.7
13101.9
13020
12938.6
12857.1
12775.2
12692.5
12608.5
12522.8
12434.9
12344.3
12250.5
12153
12051.4
11945.5
11835.3
11721.4
11662.6
11659.7
11655.4
11650.2
11644.4
11638.8
11633.6
11629.5
11626.5
11625
13447.2
13446.6
13445.6
13444.1
13442.3
13440.3
13438.5
13436.8
13435.5
13434.7
13398.4
13301.7
13209.2
13119.1
13030.6
12943.4
12857.1
12771.1
12685.2
12598.8
12511.6
12423.1
12332.9
12240.5
12145.6
12047.6
11946.5
11842
11734.3
11623.9
11567.2
11564.8
11561.3
11557.1
11552.4
11547.7
11543.5
11540
11537.5
11536.3
13401.7
13401.1
13400.1
13398.5
13396.7
13394.8
13392.9
13391.3
13390
13389.1
13348.4
13245.8
13147.6
13051.8
12958.1
12866
12775.2
12685.2
12595.6
12506.1
12416.1
12325.2
12233.1
12139.4
12043.6
11945.5
11844.9
11741.7
11636.1
11528.4
11473.2
11471.1
11468.1
11464.4
11460.4
11456.3
11452.6
11449.5
11447.4
11446.2
13354.6
13354
13352.8
13351.2
13349.2
13347.1
13345.1
13343.2
13341.8
13340.8
13295.5
13187.4
13083.6
12982.6
12884
12787.4
12692.5
12598.8
12506.1
12413.7
12321.3
12228.6
12135
12040.2
11943.9
11845.9
11745.9
11643.9
11539.9
11434.3
11380.3
11378.3
11375.5
11372.1
11368.3
11364.5
11361.1
11358.2
11356.1
11355.1
13306
13305.3
13303.9
13302
13299.8
13297.3
13294.9
13292.7
13291
13289.8
13239.7
13126.2
13017.1
12911
12807.8
12707.1
12608.5
12511.6
12416.1
12321.3
12227
12132.7
12038
11942.5
11846
11748.2
11648.9
11547.9
11445.4
11341.5
11288.4
11286.4
11283.5
11280.1
11276.3
11272.5
11269
11266
11263.9
11262.8
13255.9
13255
13253.4
13251.1
13248.4
13245.3
13242.3
13239.6
13237.4
13235.9
13180.8
13062
12947.5
12836.7
12729.1
12624.6
12522.8
12423.1
12325.2
12228.6
12132.7
12037.2
11941.8
11845.9
11749.5
11652
11553.5
11453.6
11352.4
11249.8
11197.4
11195.2
11192.2
11188.4
11184.3
11180.1
11176.2
11173
11170.7
11169.5
13204.5
13203.4
13201.4
13198.6
13195.1
13191.2
13187.3
13183.8
13180.9
13178.9
13118.7
12994.3
12874.5
12759
12647.4
12539.5
12434.9
12332.9
12233.1
12135
12038
11941.8
11845.9
11750
11653.8
11557
11459.4
11360.7
11260.7
11159.3
11107.4
11105.1
11101.6
11097.2
11092.3
11087.4
11082.9
11079.1
11076.4
11074.9
13151.9
13150.6
13148.1
13144.4
13139.9
13134.9
13129.9
13125.2
13121.3
13118.5
13053.1
12922.6
12797.4
12677.3
12562
12451.2
12344.3
12240.5
12139.4
12040.2
11942.5
11845.9
11750
11654.4
11558.8
11462.9
11366.4
11269
11170.3
11070.2
11018.8
11016.1
11011.8
11006.4
11000.5
10994.4
10988.8
10984.1
10980.7
10979
13098.5
13096.8
13093.6
13088.9
13083.1
13076.6
13069.8
13063.5
13058.2
13054.3
12983.4
12846
12715.1
12590.6
12472.2
12359.1
12250.5
12145.6
12043.6
11943.9
11846
11749.5
11653.8
11558.8
11464.1
11369.3
11274.3
11178.5
11081.5
10982.8
10931.9
10928.5
10923.2
10916.3
10908.6
10900.9
10893.7
10887.8
10883.5
10881.3
13044.5
13042.4
13038.3
13032.3
13024.8
13016.1
13007.1
12998.3
12991
12985.7
12908.6
12763.1
12626.3
12497.9
12377
12262.5
12153
12047.6
11945.5
11845.9
11748.2
11652
11557
11462.9
11369.3
11276.1
11182.9
11089.2
10994.4
10897.7
10847.3
10843.1
10836
10827
10816.9
10806.8
10797.5
10789.7
10784.2
10781.3
12990.4
12987.7
12982.5
12974.9
12965.2
12953.9
12941.6
12929.5
12919
12911.4
12826.8
12671.7
12529.1
12397.7
12275.5
12160.7
12051.4
11946.5
11844.9
11745.9
11648.9
11553.5
11459.4
11366.4
11274.3
11182.9
11091.9
11001
10909.2
10815.4
10766
10760.3
10750.8
10738.7
10725.3
10711.9
10699.6
10689.5
10682.3
10678.5
12936.5
12933.3
12926.8
12917.3
12905
12890.1
12873.6
12856.5
12841
12829.7
12734.5
12567.7
12420.4
12288.1
12166.7
12053.3
11945.5
11842
11741.7
11643.9
11547.9
11453.6
11360.7
11269
11178.5
11089.2
11001
10913.6
10826.2
10737
10689.5
10681.5
10668.2
10651.6
10633.6
10615.9
10599.7
10586.4
10576.9
10572
12883.5
12879.6
12871.8
12860.1
12844.7
12825.7
12803.6
12779.5
12755.6
12736.9
12622.9
12444.1
12296.5
12167.5
12050
11940.1
11835.3
11734.3
11636.1
11539.9
11445.4
11352.4
11260.7
11170.3
11081.5
10994.4
10909.2
10826.2
10744.9
10663.7
10619.9
10607.9
10588.9
10566
10541.8
10518.2
10496.9
10479.4
10467
10460.5
12831.8
12827.3
12818.1
12804.2
12785.4
12761.8
12733.1
12699.4
12661.6
12625.7
12467.1
12289.3
12153.9
12035.3
11925.7
11821.6
11721.4
11623.9
11528.4
11434.3
11341.5
11249.8
11159.3
11070.2
10982.8
10897.7
10815.4
10737
10663.7
10595.7
10561.4
10541.5
10513.4
10481.8
10449.4
10418.2
10390.2
10367.3
10351.1
10342.6
12782.1
12776.9
12766.3
12750.3
12728.4
12700.2
12664.8
12620.4
12562.5
12478.3
12320
12190
12073.1
11963.8
11859.8
11759.8
11662.6
11567.2
11473.2
11380.3
11288.4
11197.4
11107.4
11018.8
10931.9
10847.3
10766
10689.5
10619.9
10561.4
10522.2
10483.1
10441.5
10398.5
10355.6
10315
10278.6
10248.7
10227.3
10216.2
12734.8
12729
12717.2
12699.3
12674.8
12642.9
12602.6
12551.6
12486.3
12400.1
12286.4
12172.4
12062.3
11956.6
11854.8
11756.2
11659.7
11564.8
11471.1
11378.3
11286.4
11195.2
11105.1
11016.1
10928.5
10843.1
10760.3
10681.5
10607.9
10541.5
10483.1
10427.1
10371
10314.9
10259.8
10207.5
10160.4
10121.5
10093.4
10078.7
12690.1
12683.8
12671.1
12651.6
12625
12590.6
12547.3
12493.6
12427.1
12345.6
12249.5
12147.9
12045.8
11945.5
11847.2
11750.6
11655.4
11561.3
11468.1
11375.5
11283.5
11192.2
11101.6
11011.8
10923.2
10836
10750.8
10668.2
10588.9
10513.4
10441.5
10371
10300.7
10230.4
10161
10094.7
10034.2
9983.41
9946.28
9926.57
12647.9
12641.2
12627.7
12607.1
12579.1
12543.1
12498.3
12443.7
12378.2
12301.3
12214.4
12122
12027.5
11932.6
11837.9
11743.8
11650.2
11557.1
11464.4
11372.1
11280.1
11188.4
11097.2
11006.4
10916.3
10827
10738.7
10651.6
10566
10481.8
10398.5
10314.9
10230.4
10144.9
10059.4
9976.06
9898.53
9831.78
9781.92
9754.99
12608.2
12601.1
12586.9
12565.5
12536.5
12499.7
12454.4
12400.1
12336.5
12264
12183.9
12098.6
12010
11919.6
11828.2
11736.4
11644.4
11552.4
11460.4
11368.3
11276.3
11184.3
11092.3
11000.5
10908.6
10816.9
10725.3
10633.6
10541.8
10449.4
10355.6
10259.8
10161
10059.4
9955.54
9851.78
9752.28
9663.71
9595.31
9557.34
12572.1
12564.8
12550.3
12528.5
12499.2
12462.2
12417.3
12364.2
12303.1
12234.3
12159
12078.6
11994.3
11907.5
11818.9
11729.2
11638.8
11547.7
11456.3
11364.5
11272.5
11180.1
11087.4
10994.4
10900.9
10806.8
10711.9
10615.9
10518.2
10418.2
10315
10207.5
10094.7
9976.06
9851.78
9723.58
9595.78
9476.77
9380.35
9324.53
12542.5
12535.3
12520.8
12498.9
12469.7
12433
12388.6
12336.8
12277.6
12211.6
12139.5
12062.3
11981.3
11897.2
11810.8
11722.8
11633.6
11543.5
11452.6
11361.1
11269
11176.2
11082.9
10988.8
10893.7
10797.5
10699.6
10599.7
10496.9
10390.2
10278.6
10160.4
10034.2
9898.53
9752.28
9595.78
9432.24
9270.89
9131.2
9044.94
12520.7
12513.4
12498.9
12477.1
12448
12411.5
12367.7
12316.8
12259
12194.8
12124.9
12050.1
11971.2
11889.1
11804.4
11717.7
11629.5
11540
11449.5
11358.2
11266
11173
11079.1
10984.1
10887.8
10789.7
10689.5
10586.4
10479.4
10367.3
10248.7
10121.5
9983.41
9831.78
9663.71
9476.77
9270.89
9053.15
8847.67
8708.23
12506.2
12498.9
12484.4
12462.6
12433.6
12397.4
12354
12303.7
12246.9
12183.8
12115.3
12041.9
11964.4
11883.5
11799.9
11714.1
11626.5
11537.5
11447.4
11356.1
11263.9
11170.7
11076.4
10980.7
10883.5
10784.2
10682.3
10576.9
10467
10351.1
10227.3
10093.4
9946.28
9781.92
9595.31
9380.35
9131.2
8847.67
8551.77
8323.78
12498.9
12491.7
12477.2
12455.4
12426.5
12390.4
12347.2
12297.3
12240.8
12178.4
12110.5
12037.8
11960.9
11880.7
11797.6
11712.2
11625
11536.3
11446.2
11355.1
11262.8
11169.5
11074.9
10979
10881.3
10781.3
10678.5
10572
10460.5
10342.6
10216.2
10078.7
9926.57
9754.99
9557.34
9324.53
9044.94
8708.23
8323.78
7983.51
14219.5
14125.8
14050.4
13992.9
13945.8
13904.4
13866.3
13830.1
13794.8
13759.7
13724.3
13688.4
13651.5
13613.5
13574.2
13533.4
13491.1
13447.2
13401.6
13354.5
13305.8
13255.7
13204.3
13151.8
13098.3
13044.4
12990.2
12936.4
12883.5
12832
12782.5
12735.5
12691.2
12649.7
12610.6
12574.3
12543.7
12521.3
12506.5
12499.2
14125.8
14078.1
14025.6
13978.3
13936.1
13897.4
13861.1
13826
13791.5
13757.1
13722.3
13686.8
13650.2
13612.5
13573.4
13532.7
13490.5
13446.6
13401
13353.9
13305.1
13254.9
13203.3
13150.4
13096.7
13042.3
12987.6
12933.2
12879.6
12827.5
12777.3
12729.7
12685
12643
12603.6
12567
12536.5
12514
12499.3
12491.9
14050.4
14025.6
13991.1
13954.8
13919.2
13884.8
13851.2
13818.2
13785.3
13752.1
13718.3
13683.6
13647.7
13610.5
13571.7
13531.3
13489.3
13445.5
13400
13352.7
13303.8
13253.3
13201.2
13147.9
13093.4
13038.2
12982.4
12926.8
12871.9
12818.3
12766.8
12718
12672.3
12629.6
12589.5
12552.6
12521.9
12499.5
12484.7
12477.4
13992.9
13978.3
13954.8
13927.1
13897.8
13867.9
13837.7
13807.3
13776.5
13745.1
13712.7
13679.1
13644.2
13607.7
13569.4
13529.4
13487.6
13444
13398.4
13351.1
13301.9
13251
13198.4
13144.3
13088.8
13032.2
12974.9
12917.4
12860.3
12804.5
12750.8
12700.2
12653
12609.1
12568.2
12530.8
12500
12477.7
12463
12455.7
13945.8
13936.1
13919.2
13897.8
13873.7
13848.1
13821.4
13794
13765.6
13736.3
13705.7
13673.6
13639.8
13604.2
13566.7
13527.2
13485.7
13442.1
13396.6
13349.1
13299.6
13248.2
13194.9
13139.8
13083
13024.7
12965.2
12905.1
12844.9
12785.8
12729.1
12675.7
12626.5
12581.3
12539.4
12501.5
12470.8
12448.5
12433.9
12426.7
13904.4
13897.4
13884.8
13867.9
13848.1
13826.3
13803.1
13778.7
13753.1
13726.2
13697.7
13667.4
13635
13600.5
13563.7
13524.7
13483.6
13440.2
13394.7
13347
13297.2
13245.2
13191.1
13134.9
13076.5
13016.2
12954
12890.4
12826.1
12762.3
12701
12644
12592.3
12545.5
12502.7
12464.5
12434
12412
12397.7
12390.6
13866.3
13861.1
13851.2
13837.7
13821.4
13803.1
13783.2
13761.9
13739.3
13715.2
13689.2
13660.9
13630.1
13596.7
13560.8
13522.4
13481.5
13438.3
13392.8
13345
13294.8
13242.3
13187.3
13129.9
13069.9
13007.2
12941.9
12874
12804.1
12733.8
12665.8
12603.8
12549.2
12501
12457.6
12419.5
12389.6
12368.2
12354.3
12347.4
13830.1
13826
13818.2
13807.3
13794
13778.7
13761.9
13743.8
13724.5
13703.6
13680.7
13654.7
13625.5
13593.3
13558.2
13520.3
13479.8
13436.7
13391.2
13343.2
13292.7
13239.7
13184
13125.4
13063.8
12998.8
12930
12857.2
12780.2
12700.3
12621.6
12553.2
12495.7
12446.7
12403.5
12366.2
12337.7
12317.3
12304
12297.5
13794.8
13791.5
13785.3
13776.5
13765.6
13753.1
13739.3
13724.5
13708.8
13691.9
13672.8
13649.4
13621.8
13590.6
13556.1
13518.7
13478.4
13435.5
13390
13341.9
13291.1
13237.7
13181.3
13121.8
13058.8
12991.7
12919.9
12842
12756.8
12663
12564.2
12488.3
12429.7
12381.7
12340
12304.8
12278.4
12259.4
12247.1
12241
13759.7
13757.1
13752.1
13745.1
13736.3
13726.2
13715.2
13703.6
13691.9
13680
13667
13646
13619.6
13589.1
13554.9
13517.7
13477.6
13434.7
13389.2
13341
13290.1
13236.3
13179.5
13119.4
13055.5
12987.1
12913.1
12831.5
12738.9
12627.8
12480.7
12402.9
12348.9
12305.3
12267.1
12235.7
12212.2
12195.2
12184
12178.5
13724.3
13722.3
13718.3
13712.7
13705.7
13697.7
13689.2
13680.7
13672.8
13667
13661.3
13634.8
13604.4
13570.2
13532.4
13491.5
13447.6
13400.8
13351.2
13298.6
13243.2
13184.6
13122.6
13057
12987.2
12912.3
12830.4
12738.3
12627.4
12472.6
12323.3
12289.9
12253.6
12218.5
12186.2
12160
12139.9
12125.2
12115.4
12110.6
13688.4
13686.8
13683.6
13679.1
13673.6
13667.4
13660.9
13654.7
13649.4
13646
13634.8
13590.5
13547.1
13502.5
13455.9
13407.3
13356.3
13303.1
13247.4
13189.1
13128
13063.8
12996.2
12924.4
12847.8
12764.9
12673.5
12569.7
12446.5
12292.5
12193.8
12176.5
12152.3
12125.3
12100
12079.2
12062.7
12050.3
12042
12037.9
13651.5
13650.2
13647.7
13644.2
13639.8
13635
13630.1
13625.5
13621.8
13619.6
13604.4
13547.1
13492.7
13438.5
13383.6
13327.4
13269.6
13210.1
13148.5
13084.6
13018.1
12948.6
12875.5
12798.4
12716.1
12627.3
12530.1
12421.6
12298.2
12156.6
12077.1
12066.4
12049.3
12029.4
12010.8
11994.7
11981.5
11971.3
11964.5
11961
13613.5
13612.5
13610.5
13607.7
13604.2
13600.5
13596.7
13593.3
13590.6
13589.1
13570.2
13502.5
13438.5
13375.6
13312.8
13249.4
13185.2
13119.6
13052.4
12983.1
12911.6
12837.2
12759.5
12677.8
12591.2
12498.5
12398.3
12288.9
12168.7
12037.3
11966.9
11959.4
11947.2
11933.4
11920
11907.7
11897.3
11889.1
11883.6
11880.7
13574.2
13573.4
13571.7
13569.4
13566.7
13563.7
13560.8
13558.2
13556.1
13554.9
13532.4
13455.9
13383.6
13312.8
13242.7
13172.7
13102.2
13030.9
12958.4
12884.3
12808.1
12729.4
12647.7
12562.3
12472.5
12377.3
12275.9
12167.2
12050.7
11926.7
11861.2
11855.9
11847.7
11838.2
11828.4
11819.1
11810.9
11804.4
11799.9
11797.6
13533.4
13532.7
13531.3
13529.4
13527.2
13524.7
13522.4
13520.3
13518.7
13517.7
13491.5
13407.3
13327.4
13249.4
13172.7
13096.4
13020.2
12943.6
12866.2
12787.6
12707.2
12624.8
12539.7
12451.4
12359.3
12262.6
12160.9
12053.5
11940.4
11822
11760.1
11756.4
11750.7
11743.8
11736.5
11729.3
11722.9
11717.7
11714.1
11712.2
13491.1
13490.5
13489.3
13487.6
13485.7
13483.6
13481.5
13479.8
13478.4
13477.6
13447.6
13356.3
13269.6
13185.2
13102.2
13020.2
12938.7
12857.2
12775.3
12692.6
12608.6
12522.9
12435
12344.4
12250.6
12153.1
12051.5
11945.6
11835.5
11721.5
11662.5
11659.6
11655.4
11650.2
11644.5
11638.8
11633.7
11629.5
11626.5
11625
13447.2
13446.6
13445.5
13444
13442.1
13440.2
13438.3
13436.7
13435.5
13434.7
13400.8
13303.1
13210.1
13119.6
13030.9
12943.6
12857.2
12771.2
12685.3
12598.9
12511.7
12423.2
12333
12240.6
12145.6
12047.7
11946.5
11842.1
11734.4
11623.9
11567.1
11564.7
11561.3
11557.1
11552.4
11547.8
11543.5
11540
11537.5
11536.3
13401.6
13401
13400
13398.4
13396.6
13394.7
13392.8
13391.2
13390
13389.2
13351.2
13247.4
13148.5
13052.4
12958.4
12866.2
12775.3
12685.3
12595.7
12506.1
12416.1
12325.2
12233.1
12139.4
12043.6
11945.5
11844.9
11741.7
11636.1
11528.3
11473.2
11471.1
11468.1
11464.4
11460.4
11456.3
11452.6
11449.5
11447.4
11446.2
13354.5
13353.9
13352.7
13351.1
13349.1
13347
13345
13343.2
13341.9
13341
13298.6
13189.1
13084.6
12983.1
12884.3
12787.6
12692.6
12598.9
12506.1
12413.7
12321.4
12228.6
12135
12040.2
11943.9
11845.9
11745.9
11643.9
11539.9
11434.3
11380.3
11378.3
11375.5
11372.1
11368.3
11364.5
11361.1
11358.2
11356.1
11355.1
13305.8
13305.1
13303.8
13301.9
13299.6
13297.2
13294.8
13292.7
13291.1
13290.1
13243.2
13128
13018.1
12911.6
12808.1
12707.2
12608.6
12511.7
12416.1
12321.4
12227
12132.7
12038
11942.6
11846
11748.2
11648.9
11547.9
11445.4
11341.4
11288.3
11286.3
11283.5
11280.1
11276.3
11272.5
11268.9
11266
11263.9
11262.8
13255.7
13254.9
13253.3
13251
13248.2
13245.2
13242.3
13239.7
13237.7
13236.3
13184.6
13063.8
12948.6
12837.2
12729.4
12624.8
12522.9
12423.2
12325.2
12228.6
12132.7
12037.2
11941.8
11846
11749.5
11652.1
11553.5
11453.6
11352.4
11249.8
11197.3
11195.2
11192.2
11188.4
11184.3
11180.1
11176.2
11173
11170.7
11169.5
13204.3
13203.3
13201.2
13198.4
13194.9
13191.1
13187.3
13184
13181.3
13179.5
13122.6
12996.2
12875.5
12759.5
12647.7
12539.7
12435
12333
12233.1
12135
12038
11941.8
11845.9
11750
11653.8
11557
11459.4
11360.7
11260.7
11159.3
11107.4
11105.1
11101.6
11097.2
11092.3
11087.4
11082.9
11079.1
11076.4
11074.9
13151.8
13150.4
13147.9
13144.3
13139.8
13134.9
13129.9
13125.4
13121.8
13119.4
13057.1
12924.4
12798.4
12677.8
12562.3
12451.4
12344.4
12240.6
12139.4
12040.2
11942.6
11846
11750
11654.4
11558.8
11462.9
11366.4
11269
11170.3
11070.2
11018.8
11016
11011.8
11006.4
11000.4
10994.4
10988.8
10984.1
10980.7
10979
13098.3
13096.7
13093.4
13088.8
13083
13076.5
13069.9
13063.8
13058.8
13055.5
12987.2
12847.8
12716.1
12591.2
12472.5
12359.3
12250.6
12145.6
12043.6
11943.9
11846
11749.5
11653.8
11558.8
11464.1
11369.3
11274.3
11178.5
11081.5
10982.8
10931.9
10928.5
10923.1
10916.3
10908.6
10900.9
10893.7
10887.7
10883.5
10881.2
13044.4
13042.3
13038.2
13032.2
13024.7
13016.2
13007.2
12998.8
12991.7
12987.1
12912.3
12764.9
12627.3
12498.5
12377.3
12262.6
12153.1
12047.7
11945.5
11845.9
11748.2
11652.1
11557
11462.9
11369.3
11276.1
11182.9
11089.2
10994.4
10897.6
10847.3
10843
10836
10826.9
10816.9
10806.7
10797.4
10789.7
10784.1
10781.3
12990.2
12987.6
12982.4
12974.9
12965.2
12954
12941.9
12930
12919.9
12913.1
12830.4
12673.5
12530.1
12398.3
12275.9
12160.9
12051.5
11946.5
11844.9
11745.9
11648.9
11553.5
11459.4
11366.4
11274.3
11182.9
11091.9
11001
10909.2
10815.4
10766
10760.3
10750.8
10738.6
10725.2
10711.8
10699.5
10689.4
10682.1
10678.4
12936.4
12933.2
12926.8
12917.4
12905.1
12890.4
12874
12857.2
12842
12831.5
12738.3
12569.7
12421.6
12288.9
12167.2
12053.5
11945.6
11842.1
11741.7
11643.9
11547.9
11453.6
11360.7
11269
11178.5
11089.2
11001
10913.6
10826.2
10737
10689.4
10681.4
10668.1
10651.5
10633.5
10615.7
10599.5
10586.1
10576.6
10571.7
12883.5
12879.6
12871.9
12860.3
12844.9
12826.1
12804.1
12780.2
12756.8
12738.9
12627.4
12446.5
12298.2
12168.7
12050.7
11940.4
11835.5
11734.4
11636.1
11539.9
11445.4
11352.4
11260.7
11170.3
11081.5
10994.4
10909.2
10826.2
10744.9
10663.6
10619.8
10607.8
10588.8
10565.9
10541.6
10517.9
10496.5
10478.9
10466.4
10459.9
12832
12827.5
12818.3
12804.5
12785.8
12762.3
12733.8
12700.3
12663
12627.8
12472.6
12292.5
12156.6
12037.3
11926.7
11822
11721.5
11623.9
11528.3
11434.3
11341.4
11249.8
11159.3
11070.2
10982.8
10897.6
10815.4
10737
10663.6
10595.6
10561.3
10541.3
10513.2
10481.5
10448.9
10417.6
10389.5
10366.4
10350
10341.5
12782.5
12777.3
12766.8
12750.8
12729.1
12701
12665.8
12621.6
12564.2
12480.7
12323.3
12193.8
12077.1
11966.9
11861.2
11760.1
11662.5
11567.1
11473.2
11380.3
11288.3
11197.3
11107.4
11018.8
10931.9
10847.3
10766
10689.4
10619.8
10561.3
10522.1
10482.8
10441.1
10397.9
10354.9
10313.9
10277.2
10247
10225.4
10214.1
12735.5
12729.7
12718
12700.2
12675.7
12644
12603.8
12553.2
12488.3
12402.9
12289.9
12176.5
12066.4
11959.4
11855.9
11756.4
11659.6
11564.7
11471.1
11378.3
11286.4
11195.2
11105.1
11016
10928.5
10843
10760.3
10681.4
10607.8
10541.3
10482.8
10426.7
10370.5
10314
10258.4
10205.6
10157.9
10118.3
10089.7
10074.6
12691.2
12685
12672.3
12653
12626.5
12592.3
12549.2
12495.7
12429.7
12348.9
12253.6
12152.3
12049.3
11947.2
11847.7
11750.7
11655.4
11561.3
11468.1
11375.5
11283.5
11192.2
11101.6
11011.8
10923.1
10836
10750.8
10668.1
10588.8
10513.2
10441.1
10370.5
10299.8
10228.9
10158.8
10091.4
10029.6
9977.38
9938.97
9918.48
12649.7
12643
12629.6
12609.1
12581.3
12545.5
12501
12446.7
12381.7
12305.3
12218.5
12125.3
12029.4
11933.4
11838.2
11743.8
11650.2
11557.1
11464.4
11372.1
11280.1
11188.4
11097.2
11006.4
10916.3
10826.9
10738.6
10651.5
10565.9
10481.5
10397.9
10314
10228.9
10142.5
10055.6
9970.28
9890.17
9820.42
9767.7
9738.94
12610.6
12603.6
12589.5
12568.2
12539.4
12502.7
12457.6
12403.5
12340
12267.1
12186.2
12100
12010.8
11920
11828.4
11736.5
11644.5
11552.4
11460.4
11368.3
11276.3
11184.3
11092.3
11000.4
10908.6
10816.9
10725.2
10633.5
10541.6
10448.9
10354.9
10258.4
10158.8
10055.6
9949.3
9841.88
9737.27
9642.36
9567.45
9525.05
12574.3
12567
12552.6
12530.8
12501.5
12464.5
12419.5
12366.2
12304.8
12235.7
12160
12079.2
11994.7
11907.7
11819.1
11729.3
11638.8
11547.8
11456.3
11364.5
11272.5
11180.1
11087.4
10994.4
10900.9
10806.7
10711.8
10615.7
10517.9
10417.6
10313.9
10205.6
10091.4
9970.28
9841.88
9707.08
9569.35
9436.93
9325.42
9258.32
12543.7
12536.5
12521.9
12500
12470.8
12434
12389.6
12337.7
12278.4
12212.2
12139.9
12062.7
11981.5
11897.3
11810.9
11722.9
11633.7
11543.5
11452.6
11361.1
11268.9
11176.2
11082.9
10988.8
10893.7
10797.4
10699.5
10599.5
10496.5
10389.5
10277.2
10157.9
10029.6
9890.17
9737.27
9569.35
9387.14
9197.79
9022.66
8906.24
12521.3
12514
12499.5
12477.7
12448.5
12412
12368.2
12317.3
12259.4
12195.2
12125.2
12050.3
11971.3
11889.1
11804.4
11717.7
11629.5
11540
11449.5
11358.2
11266
11173
11079.1
10984.1
10887.7
10789.7
10689.4
10586.1
10478.9
10366.4
10247
10118.3
9977.38
9820.42
9642.36
9436.93
9197.79
8923.84
8635.7
8412.14
12506.5
12499.3
12484.7
12463
12433.9
12397.7
12354.3
12304
12247.1
12184
12115.4
12042
11964.5
11883.6
11799.9
11714.1
11626.5
11537.5
11447.4
11356.1
11263.9
11170.7
11076.4
10980.7
10883.5
10784.1
10682.1
10576.6
10466.4
10350
10225.4
10089.7
9938.97
9767.7
9567.45
9325.42
9022.66
8635.7
8157.85
7694.12
12499.2
12491.9
12477.4
12455.7
12426.7
12390.6
12347.4
12297.5
12241
12178.5
12110.6
12037.9
11961
11880.7
11797.6
11712.2
11625
11536.3
11446.2
11355.1
11262.8
11169.5
11074.9
10979
10881.2
10781.3
10678.4
10571.7
10459.9
10341.5
10214.1
10074.6
9918.48
9738.94
9525.05
9258.32
8906.24
8412.14
7694.12
6766.62
14524.8
14212.3
14079.1
14004.6
13951.3
13907.3
13868
13831.1
13795.4
13760
13724.6
13688.6
13651.6
13613.6
13574.2
13533.4
13491.1
13447.1
13401.6
13354.4
13305.8
13255.7
13204.2
13151.7
13098.3
13044.3
12990.2
12936.4
12883.5
12832.1
12782.7
12735.8
12691.7
12650.5
12611.8
12575.8
12544.6
12521.7
12506.7
12499.3
14212.3
14118.9
14044
13987.2
13940.7
13900
13862.6
13826.9
13792.1
13757.4
13722.5
13686.9
13650.3
13612.5
13573.4
13532.7
13490.5
13446.6
13401
13353.8
13305.1
13254.8
13203.2
13150.4
13096.6
13042.2
12987.6
12933.2
12879.7
12827.6
12777.5
12730
12685.5
12643.9
12604.9
12568.5
12537.3
12514.4
12499.5
12492.1
14079.1
14044
14001.7
13960.8
13922.7
13886.8
13852.5
13819
13785.8
13752.4
13718.5
13683.7
13647.8
13610.5
13571.7
13531.3
13489.3
13445.4
13399.9
13352.6
13303.7
13253.2
13201.2
13147.8
13093.4
13038.1
12982.4
12926.8
12871.9
12818.4
12767
12718.4
12672.9
12630.5
12590.9
12554.1
12522.7
12499.8
12485
12477.6
14004.6
13987.2
13960.8
13931
13900.2
13869.4
13838.7
13807.9
13776.9
13745.3
13712.8
13679.2
13644.2
13607.7
13569.4
13529.4
13487.6
13443.9
13398.4
13351
13301.8
13250.9
13198.3
13144.2
13088.7
13032.2
12974.9
12917.4
12860.3
12804.6
12751.1
12700.6
12653.6
12610.1
12569.7
12532.3
12500.8
12478
12463.2
12455.8
13951.3
13940.7
13922.7
13900.2
13875.4
13849.2
13822.1
13794.4
13765.9
13736.5
13705.8
13673.7
13639.9
13604.2
13566.7
13527.1
13485.6
13442.1
13396.6
13349
13299.6
13248.1
13194.9
13139.8
13083
13024.7
12965.2
12905.1
12845
12786
12729.3
12676.2
12627.2
12582.3
12541
12503.1
12471.6
12448.9
12434.1
12426.8
13907.3
13900
13886.8
13869.4
13849.2
13827.1
13803.6
13779
13753.3
13726.3
13697.8
13667.4
13635
13600.5
13563.7
13524.7
13483.5
13440.1
13394.6
13346.9
13297.1
13245.2
13191.1
13134.9
13076.5
13016.2
12954
12890.5
12826.2
12762.6
12701.3
12644.5
12593
12546.6
12504.4
12466.1
12434.7
12412.4
12397.9
12390.7
13868
13862.6
13852.5
13838.7
13822.1
13803.6
13783.5
13762.1
13739.4
13715.3
13689.3
13660.9
13630.1
13596.7
13560.7
13522.3
13481.5
13438.3
13392.8
13344.9
13294.8
13242.3
13187.3
13129.9
13070
13007.3
12942
12874.2
12804.4
12734.1
12666.2
12604.4
12550
12502.2
12459.4
12421.1
12390.3
12368.6
12354.5
12347.5
13831.1
13826.9
13819
13807.9
13794.4
13779
13762.1
13744
13724.6
13703.7
13680.7
13654.7
13625.5
13593.3
13558.1
13520.2
13479.7
13436.7
13391.2
13343.2
13292.7
13239.7
13184
13125.5
13063.9
12998.9
12930.2
12857.5
12780.6
12700.7
12622.1
12553.9
12496.6
12448.1
12405.5
12367.8
12338.3
12317.6
12304.2
12297.6
13795.4
13792.1
13785.8
13776.9
13765.9
13753.3
13739.4
13724.6
13708.8
13691.9
13672.8
13649.4
13621.8
13590.6
13556.1
13518.6
13478.4
13435.4
13389.9
13341.9
13291.2
13237.7
13181.4
13122
13059.1
12992.1
12920.3
12842.5
12757.3
12663.6
12564.9
12489.2
12430.9
12383.4
12342.2
12306.2
12278.9
12259.7
12247.2
12241.1
13760
13757.4
13752.4
13745.3
13736.5
13726.3
13715.3
13703.7
13691.9
13680
13667
13646
13619.6
13589
13554.9
13517.6
13477.5
13434.7
13389.2
13341
13290.1
13236.5
13179.8
13119.8
13056
12987.7
12913.8
12832.4
12739.8
12628.7
12481.8
12404.1
12350.4
12307.3
12269.4
12236.9
12212.6
12195.4
12184.2
12178.6
13724.6
13722.5
13718.5
13712.8
13705.8
13697.8
13689.3
13680.7
13672.8
13667
13661.6
13635.2
13605
13570.8
13533.3
13492.5
13448.8
13402.2
13352.8
13300.5
13245.3
13186.9
13125.2
13059.8
12990.1
12915.2
12833.5
12741.5
12631.2
12476.8
12324.9
12291.5
12255.5
12221
12188.3
12160.8
12140.3
12125.3
12115.5
12110.7
13688.6
13686.9
13683.7
13679.2
13673.7
13667.4
13660.9
13654.7
13649.4
13646
13635.2
13590.8
13547.5
13502.9
13456.5
13407.9
13357
13303.9
13248.2
13190
13129
13064.9
12997.3
12925.7
12849
12766.2
12674.8
12571.1
12448.3
12294.6
12195.8
12178.6
12154.7
12127.9
12101.4
12079.7
12062.9
12050.4
12042.1
12037.9
13651.6
13650.3
13647.8
13644.2
13639.9
13635
13630.1
13625.5
13621.8
13619.6
13605
13547.5
13493.1
13438.8
13383.9
13327.8
13270.1
13210.6
13149
13085.1
13018.7
12949.2
12876.2
12799
12716.7
12628
12530.8
12422.4
12299.3
12158.3
12079.5
12069
12052
12031.3
12011.4
11995
11981.6
11971.4
11964.5
11961
13613.6
13612.5
13610.5
13607.7
13604.2
13600.5
13596.7
13593.3
13590.6
13589
13570.8
13502.9
13438.8
13375.9
13313
13249.7
13185.4
13119.9
13052.7
12983.5
12911.9
12837.6
12759.9
12678.1
12591.5
12498.8
12398.7
12289.4
12169.5
12038.8
11969.4
11961.9
11949.2
11934.2
11920.2
11907.9
11897.4
11889.2
11883.6
11880.8
13574.2
13573.4
13571.7
13569.4
13566.7
13563.7
13560.7
13558.1
13556.1
13554.9
13533.3
13456.5
13383.9
13313
13242.9
13172.8
13102.4
13031.1
12958.6
12884.5
12808.3
12729.6
12647.9
12562.5
12472.7
12377.6
12276.1
12167.5
12051.2
11927.7
11862.9
11857.3
11848.4
11838.4
11828.5
11819.1
11811
11804.5
11799.9
11797.6
13533.4
13532.7
13531.3
13529.4
13527.1
13524.7
13522.3
13520.2
13518.6
13517.6
13492.5
13407.9
13327.8
13249.7
13172.8
13096.5
13020.3
12943.7
12866.3
12787.7
12707.3
12624.9
12539.8
12451.5
12359.4
12262.7
12161
12053.7
11940.6
11822.4
11760.6
11756.6
11750.8
11743.9
11736.5
11729.3
11722.9
11717.7
11714.1
11712.3
13491.1
13490.5
13489.3
13487.6
13485.6
13483.5
13481.5
13479.7
13478.4
13477.5
13448.8
13357
13270.1
13185.4
13102.4
13020.3
12938.8
12857.3
12775.4
12692.6
12608.6
12522.9
12435
12344.4
12250.6
12153.2
12051.6
11945.7
11835.6
11721.5
11662.4
11659.6
11655.4
11650.2
11644.5
11638.8
11633.7
11629.5
11626.5
11625
13447.1
13446.6
13445.4
13443.9
13442.1
13440.1
13438.3
13436.7
13435.4
13434.7
13402.2
13303.9
13210.6
13119.9
13031.1
12943.7
12857.3
12771.3
12685.3
12598.9
12511.7
12423.2
12333
12240.6
12145.6
12047.7
11946.6
11842.1
11734.4
11623.9
11567
11564.6
11561.3
11557
11552.4
11547.8
11543.5
11540
11537.5
11536.3
13401.6
13401
13399.9
13398.4
13396.6
13394.6
13392.8
13391.2
13389.9
13389.2
13352.8
13248.3
13149
13052.7
12958.6
12866.3
12775.4
12685.3
12595.7
12506.1
12416.1
12325.3
12233.2
12139.4
12043.6
11945.5
11844.9
11741.7
11636.1
11528.3
11473.1
11471
11468
11464.4
11460.4
11456.3
11452.6
11449.5
11447.4
11446.2
13354.4
13353.8
13352.6
13351
13349
13346.9
13344.9
13343.2
13341.9
13341
13300.5
13190
13085.1
12983.5
12884.5
12787.7
12692.6
12598.9
12506.1
12413.7
12321.4
12228.6
12135
12040.2
11943.9
11845.9
11745.9
11643.9
11539.9
11434.2
11380.2
11378.3
11375.5
11372.1
11368.3
11364.5
11361.1
11358.2
11356.1
11355.1
13305.8
13305.1
13303.7
13301.8
13299.6
13297.1
13294.8
13292.7
13291.2
13290.1
13245.3
13129
13018.7
12911.9
12808.3
12707.3
12608.6
12511.7
12416.1
12321.4
12227
12132.7
12038
11942.6
11846
11748.2
11648.9
11547.9
11445.4
11341.4
11288.3
11286.3
11283.5
11280.1
11276.3
11272.5
11268.9
11266
11263.9
11262.8
13255.7
13254.8
13253.2
13250.9
13248.1
13245.2
13242.3
13239.7
13237.7
13236.5
13186.9
13064.9
12949.2
12837.6
12729.6
12624.9
12522.9
12423.2
12325.3
12228.6
12132.7
12037.2
11941.8
11846
11749.5
11652.1
11553.5
11453.6
11352.4
11249.8
11197.3
11195.2
11192.2
11188.4
11184.3
11180.1
11176.2
11173
11170.7
11169.5
13204.2
13203.2
13201.2
13198.3
13194.9
13191.1
13187.3
13184
13181.4
13179.8
13125.2
12997.3
12876.2
12759.9
12647.9
12539.8
12435
12333
12233.2
12135
12038
11941.8
11845.9
11750
11653.8
11557
11459.4
11360.7
11260.7
11159.3
11107.4
11105.1
11101.6
11097.2
11092.3
11087.4
11082.9
11079.1
11076.3
11074.9
13151.7
13150.4
13147.8
13144.2
13139.8
13134.9
13129.9
13125.5
13122
13119.8
13059.8
12925.7
12799
12678.1
12562.5
12451.5
12344.4
12240.6
12139.4
12040.2
11942.6
11846
11750
11654.4
11558.8
11462.9
11366.4
11269
11170.3
11070.2
11018.8
11016
11011.8
11006.4
11000.4
10994.4
10988.7
10984.1
10980.7
10978.9
13098.3
13096.6
13093.4
13088.7
13083
13076.5
13070
13063.9
13059.1
13056
12990.1
12849
12716.7
12591.5
12472.7
12359.4
12250.6
12145.6
12043.6
11943.9
11846
11749.5
11653.8
11558.8
11464.1
11369.3
11274.3
11178.5
11081.5
10982.8
10931.9
10928.5
10923.1
10916.3
10908.6
10900.8
10893.7
10887.7
10883.4
10881.2
13044.3
13042.2
13038.1
13032.2
13024.7
13016.2
13007.3
12998.9
12992.1
12987.7
12915.2
12766.2
12628
12498.8
12377.6
12262.7
12153.2
12047.7
11945.5
11845.9
11748.2
11652.1
11557
11462.9
11369.3
11276.1
11182.9
11089.2
10994.4
10897.6
10847.3
10843
10836
10826.9
10816.9
10806.7
10797.4
10789.6
10784.1
10781.2
12990.2
12987.6
12982.4
12974.9
12965.2
12954
12942
12930.2
12920.3
12913.8
12833.5
12674.8
12530.8
12398.7
12276.1
12161
12051.6
11946.6
11844.9
11745.9
11648.9
11553.5
11459.4
11366.4
11274.3
11182.9
11091.9
11001
10909.2
10815.4
10766
10760.3
10750.7
10738.6
10725.2
10711.7
10699.5
10689.3
10682.1
10678.3
12936.4
12933.2
12926.8
12917.4
12905.1
12890.5
12874.2
12857.5
12842.5
12832.4
12741.5
12571.1
12422.4
12289.4
12167.5
12053.7
11945.7
11842.1
11741.7
11643.9
11547.9
11453.6
11360.7
11269
11178.5
11089.2
11001
10913.6
10826.2
10737
10689.4
10681.4
10668.1
10651.5
10633.4
10615.6
10599.3
10586
10576.4
10571.5
12883.5
12879.7
12871.9
12860.3
12845
12826.2
12804.4
12780.6
12757.3
12739.8
12631.2
12448.3
12299.3
12169.5
12051.2
11940.7
11835.6
11734.4
11636.1
11539.9
11445.4
11352.4
11260.7
11170.3
11081.5
10994.4
10909.2
10826.2
10744.9
10663.6
10619.8
10607.8
10588.7
10565.8
10541.4
10517.7
10496.2
10478.6
10466.1
10459.6
12832.1
12827.6
12818.4
12804.6
12786
12762.6
12734.1
12700.7
12663.6
12628.7
12476.8
12294.6
12158.3
12038.8
11927.7
11822.4
11721.5
11623.9
11528.3
11434.2
11341.4
11249.8
11159.3
11070.2
10982.8
10897.6
10815.4
10737
10663.6
10595.6
10561.2
10541.2
10513.1
10481.3
10448.7
10417.3
10389
10365.9
10349.4
10340.8
12782.7
12777.5
12767
12751.1
12729.3
12701.3
12666.2
12622.1
12564.9
12481.8
12324.9
12195.8
12079.5
11969.4
11862.9
11760.6
11662.4
11567
11473.1
11380.2
11288.3
11197.3
11107.4
11018.8
10931.9
10847.3
10766
10689.4
10619.8
10561.2
10522
10482.7
10440.9
10397.6
10354.4
10313.3
10276.4
10245.9
10224.1
10212.8
12735.8
12730
12718.4
12700.6
12676.2
12644.5
12604.4
12553.9
12489.2
12404.1
12291.5
12178.6
12069
11961.9
11857.3
11756.6
11659.6
11564.6
11471
11378.3
11286.3
11195.2
11105.1
11016
10928.5
10843
10760.3
10681.4
10607.8
10541.2
10482.7
10426.4
10370.1
10313.5
10257.6
10204.4
10156.3
10116.3
10087.3
10072
12691.7
12685.5
12672.9
12653.6
12627.2
12593
12550
12496.6
12430.9
12350.4
12255.5
12154.7
12052
11949.2
11848.4
11750.8
11655.4
11561.3
11468
11375.5
11283.5
11192.2
11101.6
11011.8
10923.1
10836
10750.7
10668.1
10588.7
10513.1
10440.9
10370.1
10299.2
10228
10157.4
10089.3
10026.7
9973.58
9934.33
9913.32
12650.5
12643.9
12630.5
12610.1
12582.3
12546.6
12502.2
12448.1
12383.4
12307.3
12221
12127.9
12031.3
11934.2
11838.4
11743.9
11650.2
11557
11464.4
11372.1
11280.1
11188.4
11097.2
11006.4
10916.3
10826.9
10738.6
10651.5
10565.8
10481.3
10397.6
10313.5
10228
10141
10053.2
9966.64
9884.86
9813.15
9758.51
9728.49
12611.8
12604.9
12590.9
12569.7
12541
12504.4
12459.4
12405.5
12342.2
12269.4
12188.3
12101.4
12011.4
11920.2
11828.5
11736.5
11644.5
11552.4
11460.4
11368.3
11276.3
11184.3
11092.3
11000.4
10908.6
10816.9
10725.2
10633.4
10541.4
10448.7
10354.4
10257.6
10157.4
10053.2
9945.36
9835.58
9727.6
9628.37
9548.87
9503.2
12575.8
12568.5
12554.1
12532.3
12503.1
12466.1
12421.1
12367.8
12306.2
12236.9
12160.8
12079.7
11995
11907.9
11819.1
11729.3
11638.8
11547.8
11456.3
11364.5
11272.5
11180.1
11087.4
10994.4
10900.8
10806.7
10711.7
10615.6
10517.7
10417.3
10313.3
10204.4
10089.3
9966.64
9835.58
9696.41
9551.91
9409.86
9286.83
9210.37
12544.6
12537.3
12522.7
12500.8
12471.6
12434.7
12390.3
12338.3
12278.9
12212.6
12140.3
12062.9
11981.6
11897.4
11811
11722.9
11633.7
11543.5
11452.6
11361.1
11268.9
11176.2
11082.9
10988.7
10893.7
10797.4
10699.5
10599.3
10496.2
10389
10276.4
10156.3
10026.7
9884.86
9727.6
9551.91
9356.31
9145.29
8939.6
8793.15
12521.7
12514.4
12499.9
12478
12448.9
12412.4
12368.6
12317.6
12259.7
12195.4
12125.3
12050.4
11971.4
11889.2
11804.5
11717.7
11629.5
11540
11449.5
11358.2
11266
11173
11079.1
10984.1
10887.7
10789.6
10689.3
10586
10478.6
10365.9
10245.9
10116.3
9973.58
9813.15
9628.37
9409.86
9145.29
8822.91
8450.06
8116.4
12506.7
12499.5
12485
12463.2
12434.1
12397.9
12354.5
12304.2
12247.2
12184.2
12115.5
12042.1
11964.5
11883.6
11799.9
11714.1
11626.5
11537.5
11447.4
11356.1
11263.9
11170.7
11076.3
10980.7
10883.4
10784.1
10682.1
10576.4
10466.1
10349.4
10224.1
10087.3
9934.33
9758.51
9548.87
9286.83
8939.6
8450.06
7735.69
6810.23
12499.3
12492.1
12477.6
12455.8
12426.8
12390.7
12347.5
12297.6
12241.1
12178.6
12110.7
12037.9
11961
11880.8
11797.6
11712.3
11625
11536.3
11446.2
11355.1
11262.8
11169.5
11074.9
10978.9
10881.2
10781.2
10678.3
10571.5
10459.6
10340.8
10212.8
10072
9913.32
9728.49
9503.2
9210.37
8793.15
8116.4
6810.23
3694.72
)
;

boundaryField
{
    left
    {
        type            zeroGradient;
    }
    right
    {
        type            zeroGradient;
    }
    up
    {
        type            zeroGradient;
    }
    down
    {
        type            zeroGradient;
    }
    front
    {
        type            zeroGradient;
    }
    back
    {
        type            zeroGradient;
    }
}


// ************************************************************************* //
