/*--------------------------------*- C++ -*----------------------------------*\
| =========                 |                                                 |
| \\      /  F ield         | OpenFOAM: The Open Source CFD Toolbox           |
|  \\    /   O peration     | Version:  2.1.0                                 |
|   \\  /    A nd           | Web:      www.OpenFOAM.org                      |
|    \\/     M anipulation  |                                                 |
\*---------------------------------------------------------------------------*/
FoamFile
{
    version     2.0;
    format      ascii;
    class       volScalarField;
    location    "16060";
    object      so;
}
// * * * * * * * * * * * * * * * * * * * * * * * * * * * * * * * * * * * * * //

dimensions      [0 0 0 0 0 0 0];

internalField   nonuniform List<scalar> 
8000
(
0.323002
0.338361
0.356544
0.375473
0.394113
0.412015
0.429029
0.445086
0.460162
0.47427
0.487453
0.499776
0.511317
0.522146
0.532329
0.541973
0.551181
0.560055
0.568694
0.577202
0.585686
0.594263
0.603065
0.612246
0.622002
0.632599
0.644396
0.657857
0.673484
0.691609
0.712815
0.737379
0.763171
0.784251
0.795452
0.79907
0.799858
0.799984
0.799999
0.8
0.338359
0.35189
0.368147
0.385376
0.402637
0.419478
0.43568
0.451116
0.465719
0.479473
0.492396
0.504535
0.51595
0.526691
0.536829
0.546467
0.555706
0.564647
0.573389
0.582037
0.5907
0.599496
0.608556
0.618037
0.628145
0.639156
0.651436
0.665427
0.681538
0.699932
0.721078
0.74482
0.76866
0.787123
0.796399
0.799276
0.799891
0.799988
0.799999
0.8
0.356544
0.368147
0.38233
0.397685
0.413394
0.429006
0.444245
0.458933
0.472966
0.486293
0.498903
0.510819
0.522074
0.532695
0.542765
0.552382
0.561642
0.570645
0.57949
0.58828
0.597123
0.606133
0.615438
0.625198
0.635622
0.646985
0.659632
0.673937
0.690139
0.70833
0.728929
0.751461
0.773299
0.789455
0.797149
0.79944
0.799917
0.799991
0.799999
0.8
0.375473
0.385376
0.397685
0.411303
0.425536
0.439938
0.454205
0.468134
0.481592
0.494495
0.506804
0.518509
0.529601
0.540115
0.550136
0.559756
0.56907
0.578176
0.587173
0.596161
0.605244
0.614527
0.624137
0.634233
0.645013
0.656723
0.669637
0.683986
0.699787
0.717318
0.736847
0.757743
0.777438
0.791434
0.797765
0.799572
0.799938
0.799993
0.8
0.8
0.394112
0.402637
0.413394
0.425536
0.438469
0.451775
0.465156
0.478401
0.491358
0.503917
0.516002
0.527554
0.538537
0.549009
0.559052
0.568756
0.578217
0.587533
0.596804
0.606124
0.615587
0.625299
0.635384
0.645983
0.657253
0.669348
0.682375
0.696299
0.71122
0.727501
0.745291
0.764017
0.781335
0.793197
0.798291
0.799682
0.799955
0.799995
0.8
0.8
0.412015
0.419478
0.429006
0.439938
0.451775
0.464149
0.476791
0.489494
0.502101
0.514475
0.526486
0.538001
0.549016
0.559586
0.569798
0.579749
0.589542
0.599278
0.609052
0.618956
0.629088
0.639555
0.65046
0.661887
0.673862
0.686312
0.699036
0.712049
0.725495
0.739621
0.754722
0.770589
0.785182
0.794836
0.798754
0.799776
0.799969
0.799997
0.8
0.8
0.429028
0.43568
0.444244
0.454205
0.465156
0.476791
0.488879
0.501243
0.513734
0.526187
0.538367
0.550113
0.561414
0.572338
0.582992
0.593494
0.603958
0.614488
0.625189
0.636169
0.647533
0.659361
0.671659
0.684302
0.697011
0.709574
0.721688
0.733097
0.743828
0.754344
0.765468
0.777646
0.789076
0.796376
0.799162
0.799854
0.799981
0.799998
0.8
0.8
0.445086
0.451116
0.458932
0.468134
0.478401
0.489494
0.501243
0.513528
0.526243
0.539191
0.552096
0.564579
0.576629
0.58838
0.599991
0.611611
0.623376
0.63543
0.647909
0.66092
0.674479
0.688448
0.70267
0.716783
0.730141
0.742028
0.751938
0.759782
0.765947
0.771319
0.777254
0.785013
0.792878
0.797747
0.799497
0.799915
0.799989
0.799999
0.8
0.8
0.460162
0.465719
0.472966
0.481591
0.491358
0.5021
0.513734
0.526243
0.539637
0.55398
0.569022
0.583284
0.597025
0.610584
0.624228
0.63819
0.652679
0.66784
0.683666
0.700121
0.716926
0.733312
0.748229
0.760782
0.770578
0.777701
0.782498
0.785384
0.786799
0.787353
0.788226
0.791652
0.796073
0.798796
0.799737
0.799956
0.799994
0.799999
0.8
0.8
0.47427
0.479473
0.486292
0.494495
0.503916
0.514474
0.526186
0.53919
0.55398
0.571815
0.594988
0.61374
0.631731
0.649997
0.669036
0.688919
0.709102
0.728793
0.746913
0.76235
0.774473
0.783293
0.789278
0.793102
0.795432
0.796791
0.797519
0.797784
0.797598
0.796812
0.795381
0.796115
0.79816
0.799446
0.79988
0.79998
0.799998
0.8
0.8
0.8
0.487453
0.492396
0.498903
0.506804
0.516002
0.526486
0.538367
0.552096
0.569022
0.594988
0.787386
0.792241
0.792813
0.793884
0.795124
0.796328
0.797378
0.798218
0.798838
0.799268
0.799549
0.799725
0.799832
0.799895
0.799932
0.799953
0.799963
0.799966
0.79996
0.799933
0.797412
0.798217
0.799234
0.799777
0.799952
0.799992
0.799999
0.8
0.8
0.8
0.499776
0.504534
0.510819
0.518509
0.527554
0.538001
0.550113
0.564578
0.583284
0.61374
0.792241
0.799772
0.799883
0.7999
0.799922
0.799943
0.799961
0.799974
0.799984
0.79999
0.799994
0.799996
0.799998
0.799999
0.799999
0.799999
0.8
0.8
0.8
0.799999
0.798823
0.799284
0.799715
0.799919
0.799983
0.799997
0.8
0.8
0.8
0.8
0.511317
0.515949
0.522074
0.529601
0.538537
0.549015
0.561414
0.576629
0.597025
0.631731
0.792813
0.799883
0.799997
0.799999
0.799999
0.799999
0.8
0.8
0.8
0.8
0.8
0.8
0.8
0.8
0.8
0.8
0.8
0.8
0.8
0.8
0.799544
0.799744
0.799903
0.799973
0.799994
0.799999
0.8
0.8
0.8
0.8
0.522146
0.52669
0.532695
0.540115
0.549009
0.559586
0.572338
0.58838
0.610584
0.649997
0.793884
0.7999
0.799999
0.8
0.8
0.8
0.8
0.8
0.8
0.8
0.8
0.8
0.8
0.8
0.8
0.8
0.8
0.8
0.8
0.8
0.799842
0.799916
0.799969
0.799991
0.799998
0.8
0.8
0.8
0.8
0.8
0.532329
0.536829
0.542765
0.550135
0.559052
0.569798
0.582992
0.599991
0.624228
0.669036
0.795124
0.799922
0.799999
0.8
0.8
0.8
0.8
0.8
0.8
0.8
0.8
0.8
0.8
0.8
0.8
0.8
0.8
0.8
0.8
0.8
0.799949
0.799974
0.799991
0.799997
0.799999
0.8
0.8
0.8
0.8
0.8
0.541973
0.546466
0.552382
0.559755
0.568755
0.579749
0.593494
0.611611
0.63819
0.688919
0.796328
0.799943
0.799999
0.8
0.8
0.8
0.8
0.8
0.8
0.8
0.8
0.8
0.8
0.8
0.8
0.8
0.8
0.8
0.8
0.8
0.799984
0.799992
0.799997
0.799999
0.8
0.8
0.8
0.8
0.8
0.8
0.551181
0.555706
0.561642
0.56907
0.578217
0.589542
0.603958
0.623376
0.652679
0.709102
0.797378
0.799961
0.8
0.8
0.8
0.8
0.8
0.8
0.8
0.8
0.8
0.8
0.8
0.8
0.8
0.8
0.8
0.8
0.8
0.8
0.799995
0.799998
0.799999
0.8
0.8
0.8
0.8
0.8
0.8
0.8
0.560055
0.564646
0.570645
0.578176
0.587533
0.599278
0.614488
0.63543
0.66784
0.728792
0.798218
0.799974
0.8
0.8
0.8
0.8
0.8
0.8
0.8
0.8
0.8
0.8
0.8
0.8
0.8
0.8
0.8
0.8
0.8
0.8
0.799999
0.799999
0.8
0.8
0.8
0.8
0.8
0.8
0.8
0.8
0.568694
0.573389
0.57949
0.587173
0.596804
0.609052
0.625188
0.647909
0.683666
0.746913
0.798838
0.799984
0.8
0.8
0.8
0.8
0.8
0.8
0.8
0.8
0.8
0.8
0.8
0.8
0.8
0.8
0.8
0.8
0.8
0.8
0.8
0.8
0.8
0.8
0.8
0.8
0.8
0.8
0.8
0.8
0.577202
0.582037
0.58828
0.596161
0.606124
0.618955
0.636168
0.66092
0.700121
0.76235
0.799268
0.79999
0.8
0.8
0.8
0.8
0.8
0.8
0.8
0.8
0.8
0.8
0.8
0.8
0.8
0.8
0.8
0.8
0.8
0.8
0.8
0.8
0.8
0.8
0.8
0.8
0.8
0.8
0.8
0.8
0.585686
0.5907
0.597123
0.605244
0.615587
0.629088
0.647533
0.674479
0.716926
0.774473
0.799549
0.799994
0.8
0.8
0.8
0.8
0.8
0.8
0.8
0.8
0.8
0.8
0.8
0.8
0.8
0.8
0.8
0.8
0.8
0.8
0.8
0.8
0.8
0.8
0.8
0.8
0.8
0.8
0.8
0.8
0.594263
0.599496
0.606133
0.614527
0.625299
0.639555
0.65936
0.688448
0.733312
0.783293
0.799725
0.799996
0.8
0.8
0.8
0.8
0.8
0.8
0.8
0.8
0.8
0.8
0.8
0.8
0.8
0.8
0.8
0.8
0.8
0.8
0.8
0.8
0.8
0.8
0.8
0.8
0.8
0.8
0.8
0.8
0.603065
0.608556
0.615438
0.624137
0.635384
0.65046
0.671659
0.70267
0.748228
0.789278
0.799832
0.799998
0.8
0.8
0.8
0.8
0.8
0.8
0.8
0.8
0.8
0.8
0.8
0.8
0.8
0.8
0.8
0.8
0.8
0.8
0.8
0.8
0.8
0.8
0.8
0.8
0.8
0.8
0.8
0.8
0.612246
0.618037
0.625198
0.634233
0.645983
0.661886
0.684302
0.716783
0.760782
0.793102
0.799895
0.799999
0.8
0.8
0.8
0.8
0.8
0.8
0.8
0.8
0.8
0.8
0.8
0.8
0.8
0.8
0.8
0.8
0.8
0.8
0.8
0.8
0.8
0.8
0.8
0.8
0.8
0.8
0.8
0.8
0.622002
0.628145
0.635622
0.645013
0.657253
0.673862
0.697011
0.730141
0.770578
0.795432
0.799932
0.799999
0.8
0.8
0.8
0.8
0.8
0.8
0.8
0.8
0.8
0.8
0.8
0.8
0.8
0.8
0.8
0.8
0.8
0.8
0.8
0.8
0.8
0.8
0.8
0.8
0.8
0.8
0.8
0.8
0.632599
0.639156
0.646985
0.656723
0.669348
0.686311
0.709574
0.742028
0.777701
0.796791
0.799953
0.799999
0.8
0.8
0.8
0.8
0.8
0.8
0.8
0.8
0.8
0.8
0.8
0.8
0.8
0.8
0.8
0.8
0.8
0.8
0.8
0.8
0.8
0.8
0.8
0.8
0.8
0.8
0.8
0.8
0.644396
0.651436
0.659632
0.669637
0.682375
0.699036
0.721688
0.751938
0.782498
0.797519
0.799963
0.8
0.8
0.8
0.8
0.8
0.8
0.8
0.8
0.8
0.8
0.8
0.8
0.8
0.8
0.8
0.8
0.8
0.8
0.8
0.8
0.8
0.8
0.8
0.8
0.8
0.8
0.8
0.8
0.8
0.657857
0.665427
0.673937
0.683985
0.696299
0.712049
0.733097
0.759782
0.785384
0.797784
0.799966
0.8
0.8
0.8
0.8
0.8
0.8
0.8
0.8
0.8
0.8
0.8
0.8
0.8
0.8
0.8
0.8
0.8
0.8
0.8
0.8
0.8
0.8
0.8
0.8
0.8
0.8
0.8
0.8
0.8
0.673484
0.681538
0.690139
0.699787
0.71122
0.725495
0.743828
0.765947
0.786799
0.797598
0.79996
0.8
0.8
0.8
0.8
0.8
0.8
0.8
0.8
0.8
0.8
0.8
0.8
0.8
0.8
0.8
0.8
0.8
0.8
0.8
0.8
0.8
0.8
0.8
0.8
0.8
0.8
0.8
0.8
0.8
0.691609
0.699932
0.70833
0.717318
0.727501
0.739621
0.754344
0.771319
0.787353
0.796812
0.799933
0.799999
0.8
0.8
0.8
0.8
0.8
0.8
0.8
0.8
0.8
0.8
0.8
0.8
0.8
0.8
0.8
0.8
0.8
0.8
0.8
0.8
0.8
0.8
0.8
0.8
0.8
0.8
0.8
0.8
0.712815
0.721078
0.728929
0.736847
0.74529
0.754722
0.765468
0.777254
0.788226
0.795381
0.797412
0.798823
0.799544
0.799842
0.799949
0.799984
0.799995
0.799999
0.8
0.8
0.8
0.8
0.8
0.8
0.8
0.8
0.8
0.8
0.8
0.8
0.8
0.8
0.8
0.8
0.8
0.8
0.8
0.8
0.8
0.8
0.737379
0.74482
0.751461
0.757743
0.764017
0.770589
0.777646
0.785013
0.791652
0.796115
0.798217
0.799284
0.799744
0.799916
0.799974
0.799992
0.799998
0.799999
0.8
0.8
0.8
0.8
0.8
0.8
0.8
0.8
0.8
0.8
0.8
0.8
0.8
0.8
0.8
0.8
0.8
0.8
0.8
0.8
0.8
0.8
0.763171
0.76866
0.773299
0.777438
0.781335
0.785182
0.789076
0.792878
0.796073
0.79816
0.799234
0.799715
0.799903
0.799969
0.799991
0.799997
0.799999
0.8
0.8
0.8
0.8
0.8
0.8
0.8
0.8
0.8
0.8
0.8
0.8
0.8
0.8
0.8
0.8
0.8
0.8
0.8
0.8
0.8
0.8
0.8
0.784251
0.787123
0.789455
0.791434
0.793197
0.794836
0.796376
0.797747
0.798796
0.799446
0.799777
0.799919
0.799973
0.799991
0.799997
0.799999
0.8
0.8
0.8
0.8
0.8
0.8
0.8
0.8
0.8
0.8
0.8
0.8
0.8
0.8
0.8
0.8
0.8
0.8
0.8
0.8
0.8
0.8
0.8
0.8
0.795452
0.796399
0.797149
0.797765
0.798291
0.798754
0.799162
0.799497
0.799737
0.79988
0.799952
0.799983
0.799994
0.799998
0.799999
0.8
0.8
0.8
0.8
0.8
0.8
0.8
0.8
0.8
0.8
0.8
0.8
0.8
0.8
0.8
0.8
0.8
0.8
0.8
0.8
0.8
0.8
0.8
0.8
0.8
0.799069
0.799276
0.79944
0.799572
0.799682
0.799776
0.799854
0.799915
0.799956
0.79998
0.799992
0.799997
0.799999
0.8
0.8
0.8
0.8
0.8
0.8
0.8
0.8
0.8
0.8
0.8
0.8
0.8
0.8
0.8
0.8
0.8
0.8
0.8
0.8
0.8
0.8
0.8
0.8
0.8
0.8
0.8
0.799858
0.799891
0.799917
0.799938
0.799955
0.799969
0.799981
0.799989
0.799994
0.799998
0.799999
0.8
0.8
0.8
0.8
0.8
0.8
0.8
0.8
0.8
0.8
0.8
0.8
0.8
0.8
0.8
0.8
0.8
0.8
0.8
0.8
0.8
0.8
0.8
0.8
0.8
0.8
0.8
0.8
0.8
0.799984
0.799988
0.799991
0.799993
0.799995
0.799997
0.799998
0.799999
0.799999
0.8
0.8
0.8
0.8
0.8
0.8
0.8
0.8
0.8
0.8
0.8
0.8
0.8
0.8
0.8
0.8
0.8
0.8
0.8
0.8
0.8
0.8
0.8
0.8
0.8
0.8
0.8
0.8
0.8
0.8
0.8
0.799999
0.799999
0.799999
0.8
0.8
0.8
0.8
0.8
0.8
0.8
0.8
0.8
0.8
0.8
0.8
0.8
0.8
0.8
0.8
0.8
0.8
0.8
0.8
0.8
0.8
0.8
0.8
0.8
0.8
0.8
0.8
0.8
0.8
0.8
0.8
0.8
0.8
0.8
0.8
0.8
0.8
0.8
0.8
0.8
0.8
0.8
0.8
0.8
0.8
0.8
0.8
0.8
0.8
0.8
0.8
0.8
0.8
0.8
0.8
0.8
0.8
0.8
0.8
0.8
0.8
0.8
0.8
0.8
0.8
0.8
0.8
0.8
0.8
0.8
0.8
0.8
0.8
0.8
0.8
0.8
0.25697
0.276804
0.300719
0.325339
0.348962
0.370909
0.391023
0.409385
0.42617
0.441532
0.4556
0.468497
0.480355
0.491317
0.501522
0.511055
0.520014
0.52849
0.536567
0.544322
0.551826
0.559145
0.566346
0.573495
0.580662
0.587925
0.595379
0.603179
0.611661
0.621704
0.634629
0.652574
0.679406
0.719109
0.763806
0.790601
0.79845
0.799824
0.799987
0.8
0.276798
0.294545
0.315781
0.337877
0.359415
0.379745
0.398644
0.416116
0.43225
0.447125
0.460821
0.473435
0.485075
0.495883
0.505966
0.515407
0.524296
0.532722
0.540763
0.548491
0.555974
0.563273
0.57045
0.577567
0.584686
0.591878
0.599235
0.606922
0.615334
0.625463
0.638627
0.657132
0.685019
0.725642
0.768637
0.792256
0.798756
0.799861
0.79999
0.8
0.300721
0.31578
0.333976
0.353257
0.372433
0.39089
0.408361
0.424774
0.440115
0.454385
0.467617
0.479868
0.491234
0.501839
0.511748
0.521047
0.529819
0.538144
0.546096
0.55374
0.561137
0.568342
0.575411
0.582396
0.589351
0.59634
0.603456
0.610898
0.619173
0.629317
0.642623
0.661597
0.690449
0.731789
0.772892
0.793635
0.799007
0.799891
0.799992
0.8
0.325339
0.337875
0.353256
0.369898
0.386814
0.403445
0.419508
0.434852
0.449374
0.463015
0.475759
0.487633
0.498722
0.509097
0.518811
0.527944
0.536573
0.54477
0.5526
0.560122
0.567389
0.574448
0.581344
0.588119
0.594816
0.601495
0.608266
0.615393
0.623541
0.633584
0.646912
0.666248
0.695983
0.737821
0.776772
0.794822
0.799218
0.799917
0.799994
0.8
0.348961
0.359414
0.372433
0.386815
0.401759
0.416782
0.431583
0.445945
0.459712
0.472779
0.485086
0.496638
0.507485
0.517641
0.52717
0.536142
0.544628
0.552691
0.56039
0.567776
0.574893
0.581778
0.588463
0.594978
0.601359
0.607674
0.614086
0.62099
0.628961
0.638757
0.651936
0.671498
0.702037
0.744101
0.780488
0.795887
0.799403
0.799938
0.799996
0.8
0.370909
0.379745
0.390891
0.403445
0.416783
0.430474
0.444205
0.45774
0.470895
0.483525
0.495533
0.506894
0.517558
0.527553
0.53694
0.545785
0.554155
0.562107
0.569694
0.57696
0.58394
0.59066
0.597145
0.603424
0.60955
0.615645
0.621974
0.628763
0.6364
0.645726
0.658481
0.67806
0.709295
0.751133
0.784238
0.796879
0.799566
0.799957
0.799997
0.8
0.391023
0.398644
0.408361
0.419509
0.431583
0.444205
0.457086
0.470002
0.482763
0.495204
0.507191
0.518521
0.529137
0.539076
0.548405
0.557197
0.565516
0.573423
0.580967
0.588188
0.595123
0.601809
0.608297
0.614677
0.621097
0.627557
0.634074
0.640756
0.647926
0.656415
0.66818
0.68732
0.71895
0.759555
0.78814
0.797808
0.79971
0.799972
0.799998
0.8
0.409385
0.416116
0.424775
0.434853
0.445945
0.45774
0.470002
0.48255
0.495242
0.507948
0.520329
0.531939
0.54273
0.552788
0.562216
0.571107
0.579539
0.587585
0.595314
0.602803
0.610153
0.617532
0.625003
0.632564
0.640203
0.647843
0.655316
0.662399
0.669012
0.67573
0.68481
0.70207
0.732854
0.769798
0.792064
0.798631
0.799827
0.799984
0.799999
0.8
0.42617
0.43225
0.440115
0.449374
0.459712
0.470895
0.482763
0.495242
0.508364
0.522054
0.535854
0.548333
0.559711
0.570264
0.580189
0.589634
0.598737
0.607662
0.616639
0.625822
0.635309
0.645249
0.655801
0.667045
0.67883
0.690586
0.701223
0.709313
0.713701
0.714542
0.714954
0.725703
0.751898
0.780919
0.795494
0.799264
0.79991
0.799992
0.8
0.8
0.441532
0.447125
0.454385
0.463015
0.472779
0.483525
0.495204
0.507947
0.522054
0.538285
0.557878
0.572627
0.585798
0.598221
0.610305
0.622397
0.634977
0.648345
0.662778
0.678533
0.695625
0.713554
0.731158
0.746891
0.759523
0.768593
0.774199
0.776416
0.774705
0.767524
0.754218
0.754027
0.771923
0.790218
0.79787
0.799663
0.799959
0.799996
0.8
0.8
0.4556
0.460821
0.467617
0.475759
0.485086
0.495533
0.507191
0.520329
0.535854
0.557878
0.779208
0.785455
0.785102
0.785746
0.786955
0.788476
0.790156
0.791878
0.793546
0.795075
0.796396
0.797461
0.798259
0.798816
0.79918
0.799403
0.799522
0.799553
0.799464
0.79908
0.768032
0.773417
0.786489
0.795893
0.799148
0.799866
0.799984
0.799999
0.8
0.8
0.468497
0.473435
0.479868
0.487633
0.496638
0.506894
0.518521
0.531938
0.548333
0.572627
0.785455
0.799403
0.799651
0.799659
0.799692
0.799738
0.799789
0.799838
0.799881
0.799916
0.799943
0.799962
0.799975
0.799984
0.799989
0.799992
0.799994
0.799994
0.799993
0.79999
0.782315
0.78759
0.794689
0.798524
0.799699
0.799953
0.799994
0.799999
0.8
0.8
0.480354
0.485075
0.491234
0.498722
0.507485
0.517558
0.529137
0.54273
0.559711
0.585798
0.785102
0.799651
0.79999
0.799995
0.799995
0.799996
0.799997
0.799998
0.799998
0.799999
0.799999
0.8
0.8
0.8
0.8
0.8
0.8
0.8
0.8
0.8
0.792316
0.795312
0.798209
0.799522
0.799903
0.799985
0.799998
0.8
0.8
0.8
0.491316
0.495883
0.501839
0.509097
0.517641
0.527553
0.539076
0.552788
0.570264
0.598221
0.785746
0.799659
0.799995
0.8
0.8
0.8
0.8
0.8
0.8
0.8
0.8
0.8
0.8
0.8
0.8
0.8
0.8
0.8
0.8
0.8
0.797236
0.79847
0.799449
0.799855
0.79997
0.799995
0.799999
0.8
0.8
0.8
0.501522
0.505966
0.511748
0.518811
0.52717
0.536939
0.548405
0.562216
0.580189
0.610305
0.786955
0.799692
0.799995
0.8
0.8
0.8
0.8
0.8
0.8
0.8
0.8
0.8
0.8
0.8
0.8
0.8
0.8
0.8
0.8
0.8
0.799115
0.799539
0.799839
0.799958
0.799991
0.799999
0.8
0.8
0.8
0.8
0.511055
0.515406
0.521046
0.527944
0.536142
0.545785
0.557196
0.571107
0.589634
0.622397
0.788476
0.799738
0.799996
0.8
0.8
0.8
0.8
0.8
0.8
0.8
0.8
0.8
0.8
0.8
0.8
0.8
0.8
0.8
0.8
0.8
0.799733
0.799867
0.799954
0.799988
0.799998
0.8
0.8
0.8
0.8
0.8
0.520013
0.524296
0.529819
0.536573
0.544627
0.554155
0.565516
0.579539
0.598737
0.634977
0.790156
0.799789
0.799997
0.8
0.8
0.8
0.8
0.8
0.8
0.8
0.8
0.8
0.8
0.8
0.8
0.8
0.8
0.8
0.8
0.8
0.799922
0.799962
0.799987
0.799997
0.799999
0.8
0.8
0.8
0.8
0.8
0.52849
0.532722
0.538144
0.54477
0.552691
0.562107
0.573423
0.587585
0.607662
0.648345
0.791878
0.799838
0.799998
0.8
0.8
0.8
0.8
0.8
0.8
0.8
0.8
0.8
0.8
0.8
0.8
0.8
0.8
0.8
0.8
0.8
0.799978
0.799989
0.799996
0.799999
0.8
0.8
0.8
0.8
0.8
0.8
0.536567
0.540763
0.546096
0.5526
0.56039
0.569694
0.580967
0.595314
0.616639
0.662778
0.793546
0.799881
0.799998
0.8
0.8
0.8
0.8
0.8
0.8
0.8
0.8
0.8
0.8
0.8
0.8
0.8
0.8
0.8
0.8
0.8
0.799994
0.799997
0.799999
0.8
0.8
0.8
0.8
0.8
0.8
0.8
0.544322
0.548491
0.55374
0.560122
0.567776
0.57696
0.588188
0.602803
0.625822
0.678533
0.795075
0.799916
0.799999
0.8
0.8
0.8
0.8
0.8
0.8
0.8
0.8
0.8
0.8
0.8
0.8
0.8
0.8
0.8
0.8
0.8
0.799998
0.799999
0.8
0.8
0.8
0.8
0.8
0.8
0.8
0.8
0.551826
0.555974
0.561137
0.567388
0.574893
0.58394
0.595123
0.610153
0.635309
0.695625
0.796396
0.799943
0.799999
0.8
0.8
0.8
0.8
0.8
0.8
0.8
0.8
0.8
0.8
0.8
0.8
0.8
0.8
0.8
0.8
0.8
0.8
0.8
0.8
0.8
0.8
0.8
0.8
0.8
0.8
0.8
0.559145
0.563273
0.568342
0.574448
0.581778
0.59066
0.601809
0.617532
0.645249
0.713554
0.797461
0.799962
0.8
0.8
0.8
0.8
0.8
0.8
0.8
0.8
0.8
0.8
0.8
0.8
0.8
0.8
0.8
0.8
0.8
0.8
0.8
0.8
0.8
0.8
0.8
0.8
0.8
0.8
0.8
0.8
0.566346
0.57045
0.575411
0.581344
0.588463
0.597145
0.608297
0.625003
0.655801
0.731157
0.798259
0.799975
0.8
0.8
0.8
0.8
0.8
0.8
0.8
0.8
0.8
0.8
0.8
0.8
0.8
0.8
0.8
0.8
0.8
0.8
0.8
0.8
0.8
0.8
0.8
0.8
0.8
0.8
0.8
0.8
0.573494
0.577567
0.582396
0.588119
0.594978
0.603424
0.614677
0.632564
0.667045
0.746891
0.798816
0.799984
0.8
0.8
0.8
0.8
0.8
0.8
0.8
0.8
0.8
0.8
0.8
0.8
0.8
0.8
0.8
0.8
0.8
0.8
0.8
0.8
0.8
0.8
0.8
0.8
0.8
0.8
0.8
0.8
0.580662
0.584686
0.589351
0.594816
0.601359
0.60955
0.621097
0.640203
0.67883
0.759523
0.79918
0.799989
0.8
0.8
0.8
0.8
0.8
0.8
0.8
0.8
0.8
0.8
0.8
0.8
0.8
0.8
0.8
0.8
0.8
0.8
0.8
0.8
0.8
0.8
0.8
0.8
0.8
0.8
0.8
0.8
0.587925
0.591878
0.59634
0.601495
0.607674
0.615645
0.627557
0.647843
0.690586
0.768593
0.799403
0.799992
0.8
0.8
0.8
0.8
0.8
0.8
0.8
0.8
0.8
0.8
0.8
0.8
0.8
0.8
0.8
0.8
0.8
0.8
0.8
0.8
0.8
0.8
0.8
0.8
0.8
0.8
0.8
0.8
0.595379
0.599235
0.603456
0.608265
0.614085
0.621974
0.634074
0.655316
0.701223
0.774199
0.799522
0.799994
0.8
0.8
0.8
0.8
0.8
0.8
0.8
0.8
0.8
0.8
0.8
0.8
0.8
0.8
0.8
0.8
0.8
0.8
0.8
0.8
0.8
0.8
0.8
0.8
0.8
0.8
0.8
0.8
0.603179
0.606922
0.610897
0.615393
0.62099
0.628763
0.640756
0.662399
0.709313
0.776416
0.799553
0.799994
0.8
0.8
0.8
0.8
0.8
0.8
0.8
0.8
0.8
0.8
0.8
0.8
0.8
0.8
0.8
0.8
0.8
0.8
0.8
0.8
0.8
0.8
0.8
0.8
0.8
0.8
0.8
0.8
0.611661
0.615334
0.619173
0.623541
0.628961
0.6364
0.647926
0.669012
0.713701
0.774705
0.799464
0.799993
0.8
0.8
0.8
0.8
0.8
0.8
0.8
0.8
0.8
0.8
0.8
0.8
0.8
0.8
0.8
0.8
0.8
0.8
0.8
0.8
0.8
0.8
0.8
0.8
0.8
0.8
0.8
0.8
0.621703
0.625463
0.629317
0.633584
0.638757
0.645726
0.656415
0.67573
0.714542
0.767524
0.79908
0.79999
0.8
0.8
0.8
0.8
0.8
0.8
0.8
0.8
0.8
0.8
0.8
0.8
0.8
0.8
0.8
0.8
0.8
0.8
0.8
0.8
0.8
0.8
0.8
0.8
0.8
0.8
0.8
0.8
0.634629
0.638627
0.642623
0.646912
0.651936
0.658481
0.66818
0.68481
0.714954
0.754218
0.768032
0.782315
0.792316
0.797236
0.799115
0.799733
0.799922
0.799978
0.799994
0.799998
0.8
0.8
0.8
0.8
0.8
0.8
0.8
0.8
0.8
0.8
0.8
0.8
0.8
0.8
0.8
0.8
0.8
0.8
0.8
0.8
0.652573
0.657132
0.661597
0.666248
0.671498
0.67806
0.68732
0.70207
0.725703
0.754027
0.773417
0.78759
0.795312
0.79847
0.799539
0.799867
0.799962
0.799989
0.799997
0.799999
0.8
0.8
0.8
0.8
0.8
0.8
0.8
0.8
0.8
0.8
0.8
0.8
0.8
0.8
0.8
0.8
0.8
0.8
0.8
0.8
0.679405
0.685019
0.690449
0.695983
0.702037
0.709294
0.71895
0.732854
0.751898
0.771923
0.786489
0.794689
0.798209
0.799449
0.799839
0.799954
0.799987
0.799996
0.799999
0.8
0.8
0.8
0.8
0.8
0.8
0.8
0.8
0.8
0.8
0.8
0.8
0.8
0.8
0.8
0.8
0.8
0.8
0.8
0.8
0.8
0.719109
0.725642
0.731788
0.737821
0.744101
0.751132
0.759555
0.769798
0.780919
0.790218
0.795893
0.798524
0.799522
0.799855
0.799958
0.799988
0.799997
0.799999
0.8
0.8
0.8
0.8
0.8
0.8
0.8
0.8
0.8
0.8
0.8
0.8
0.8
0.8
0.8
0.8
0.8
0.8
0.8
0.8
0.8
0.8
0.763805
0.768636
0.772891
0.776772
0.780488
0.784238
0.78814
0.792064
0.795494
0.79787
0.799148
0.799699
0.799903
0.79997
0.799991
0.799998
0.799999
0.8
0.8
0.8
0.8
0.8
0.8
0.8
0.8
0.8
0.8
0.8
0.8
0.8
0.8
0.8
0.8
0.8
0.8
0.8
0.8
0.8
0.8
0.8
0.790601
0.792255
0.793635
0.794822
0.795887
0.796879
0.797808
0.798631
0.799264
0.799663
0.799866
0.799953
0.799985
0.799995
0.799999
0.8
0.8
0.8
0.8
0.8
0.8
0.8
0.8
0.8
0.8
0.8
0.8
0.8
0.8
0.8
0.8
0.8
0.8
0.8
0.8
0.8
0.8
0.8
0.8
0.8
0.79845
0.798756
0.799007
0.799218
0.799403
0.799566
0.79971
0.799827
0.79991
0.799959
0.799984
0.799994
0.799998
0.799999
0.8
0.8
0.8
0.8
0.8
0.8
0.8
0.8
0.8
0.8
0.8
0.8
0.8
0.8
0.8
0.8
0.8
0.8
0.8
0.8
0.8
0.8
0.8
0.8
0.8
0.8
0.799824
0.799861
0.799891
0.799917
0.799938
0.799957
0.799972
0.799984
0.799992
0.799996
0.799999
0.799999
0.8
0.8
0.8
0.8
0.8
0.8
0.8
0.8
0.8
0.8
0.8
0.8
0.8
0.8
0.8
0.8
0.8
0.8
0.8
0.8
0.8
0.8
0.8
0.8
0.8
0.8
0.8
0.8
0.799987
0.79999
0.799992
0.799994
0.799996
0.799997
0.799998
0.799999
0.8
0.8
0.8
0.8
0.8
0.8
0.8
0.8
0.8
0.8
0.8
0.8
0.8
0.8
0.8
0.8
0.8
0.8
0.8
0.8
0.8
0.8
0.8
0.8
0.8
0.8
0.8
0.8
0.8
0.8
0.8
0.8
0.8
0.8
0.8
0.8
0.8
0.8
0.8
0.8
0.8
0.8
0.8
0.8
0.8
0.8
0.8
0.8
0.8
0.8
0.8
0.8
0.8
0.8
0.8
0.8
0.8
0.8
0.8
0.8
0.8
0.8
0.8
0.8
0.8
0.8
0.8
0.8
0.8
0.8
0.8
0.8
0.215229
0.233607
0.260332
0.289388
0.317331
0.342918
0.365914
0.386471
0.404874
0.421438
0.436426
0.450038
0.462447
0.473809
0.484275
0.493986
0.503041
0.511539
0.519571
0.527216
0.534549
0.541639
0.548555
0.555369
0.562163
0.569033
0.576112
0.583591
0.591774
0.601139
0.612436
0.627073
0.647766
0.679349
0.725798
0.77248
0.794456
0.799316
0.799948
0.799998
0.233593
0.253267
0.278122
0.304274
0.329563
0.353052
0.374474
0.393873
0.41144
0.427401
0.441938
0.455203
0.46734
0.478486
0.488783
0.49835
0.507285
0.515679
0.523619
0.53118
0.538433
0.545443
0.552276
0.559002
0.565698
0.572462
0.579426
0.586788
0.594868
0.604151
0.615427
0.630193
0.651332
0.683872
0.731037
0.775756
0.795308
0.799434
0.799957
0.799998
0.260336
0.278123
0.299692
0.322378
0.344644
0.365716
0.385287
0.40331
0.419875
0.435097
0.44907
0.461894
0.473677
0.484535
0.494598
0.50396
0.512713
0.520944
0.528731
0.536146
0.543254
0.550115
0.556792
0.56335
0.569862
0.576426
0.583177
0.590321
0.598188
0.607265
0.618389
0.63315
0.654621
0.688038
0.735825
0.778621
0.796033
0.799533
0.799966
0.799999
0.289392
0.304273
0.322377
0.341717
0.361083
0.379799
0.397538
0.414186
0.429736
0.444189
0.457568
0.469919
0.481315
0.491861
0.501653
0.510773
0.519309
0.52734
0.534937
0.542166
0.549087
0.555756
0.562228
0.568564
0.574833
0.581129
0.587589
0.594423
0.601957
0.610681
0.621493
0.636097
0.657783
0.692037
0.740384
0.781226
0.796672
0.799621
0.799973
0.799999
0.317332
0.32956
0.344642
0.361082
0.377909
0.394534
0.410633
0.426048
0.440668
0.454413
0.46724
0.479147
0.49018
0.500422
0.509938
0.518811
0.527122
0.534942
0.542339
0.549373
0.556098
0.562564
0.56882
0.574919
0.580924
0.58692
0.593038
0.599476
0.606526
0.61471
0.624999
0.639252
0.661034
0.696146
0.74502
0.783736
0.797262
0.7997
0.799979
0.799999
0.342917
0.353049
0.365714
0.379799
0.394533
0.409425
0.424171
0.438557
0.452408
0.465586
0.477984
0.489544
0.500294
0.510271
0.519546
0.5282
0.536311
0.543947
0.551173
0.558044
0.564611
0.570916
0.577004
0.582917
0.588706
0.594436
0.600195
0.606125
0.612509
0.619897
0.629356
0.642979
0.66473
0.700818
0.750169
0.786325
0.797834
0.799773
0.799985
0.8
0.365913
0.374472
0.385286
0.397537
0.410633
0.424171
0.437856
0.451454
0.46477
0.477621
0.489817
0.501226
0.511809
0.521615
0.53073
0.539242
0.547231
0.55477
0.561922
0.568741
0.575276
0.581567
0.587653
0.593562
0.599303
0.604874
0.610294
0.615641
0.621141
0.62734
0.635439
0.647976
0.66954
0.706866
0.756455
0.789136
0.798401
0.799842
0.79999
0.8
0.38647
0.393871
0.403309
0.414186
0.426048
0.438557
0.451454
0.464541
0.477645
0.490564
0.503008
0.514557
0.525181
0.534989
0.544108
0.55265
0.560709
0.568367
0.575694
0.58275
0.589589
0.596243
0.602719
0.609008
0.615076
0.62085
0.626226
0.631092
0.635462
0.639754
0.64535
0.655829
0.676889
0.715812
0.764634
0.792192
0.798942
0.799901
0.799994
0.8
0.404873
0.411438
0.419874
0.429735
0.440668
0.452408
0.46477
0.477645
0.490978
0.504715
0.518402
0.530637
0.541682
0.551845
0.561347
0.57035
0.578979
0.587342
0.59553
0.603596
0.611575
0.619506
0.627417
0.635308
0.643107
0.650601
0.657343
0.662604
0.665554
0.665927
0.665349
0.67063
0.689898
0.730155
0.774984
0.795206
0.799399
0.799947
0.799997
0.8
0.421437
0.4274
0.435096
0.444189
0.454413
0.465586
0.477621
0.490564
0.504715
0.520783
0.539849
0.553961
0.566381
0.577949
0.589075
0.600028
0.611025
0.622259
0.633875
0.646035
0.658882
0.672488
0.686755
0.701267
0.715156
0.727157
0.73586
0.73984
0.737353
0.726332
0.70746
0.697567
0.711925
0.751018
0.785731
0.797592
0.799714
0.799975
0.799999
0.8
0.436425
0.441937
0.44907
0.457567
0.46724
0.477983
0.489817
0.503008
0.518402
0.539849
0.775672
0.782232
0.781289
0.781535
0.782478
0.783831
0.785433
0.787174
0.788969
0.790744
0.792432
0.793972
0.795311
0.796409
0.797248
0.797831
0.798169
0.79824
0.797899
0.796495
0.719508
0.718053
0.738337
0.772997
0.79361
0.799004
0.799884
0.79999
0.799999
0.8
0.450037
0.455203
0.461894
0.469918
0.479147
0.489543
0.501226
0.514557
0.530637
0.553961
0.782232
0.799155
0.799481
0.79947
0.799496
0.799545
0.799607
0.799673
0.799736
0.799795
0.799844
0.799885
0.799917
0.79994
0.799956
0.799967
0.799973
0.799974
0.799969
0.799951
0.738164
0.743725
0.766209
0.788662
0.797655
0.799645
0.799959
0.799996
0.8
0.8
0.462446
0.46734
0.473677
0.481315
0.49018
0.500294
0.511809
0.525181
0.541682
0.566381
0.781289
0.799481
0.799982
0.79999
0.799991
0.799992
0.799993
0.799994
0.799996
0.799997
0.799998
0.799998
0.799999
0.799999
0.799999
0.8
0.8
0.8
0.8
0.8
0.761909
0.770474
0.786229
0.796152
0.799246
0.799886
0.799987
0.799999
0.8
0.8
0.473809
0.478486
0.484535
0.491861
0.500421
0.51027
0.521615
0.534989
0.551845
0.577949
0.781535
0.79947
0.79999
0.8
0.8
0.8
0.8
0.8
0.8
0.8
0.8
0.8
0.8
0.8
0.8
0.8
0.8
0.8
0.8
0.8
0.782385
0.78849
0.795523
0.798844
0.799776
0.799966
0.799996
0.8
0.8
0.8
0.484275
0.488782
0.494598
0.501653
0.509938
0.519546
0.53073
0.544108
0.561347
0.589075
0.782478
0.799496
0.799991
0.8
0.8
0.8
0.8
0.8
0.8
0.8
0.8
0.8
0.8
0.8
0.8
0.8
0.8
0.8
0.8
0.8
0.793645
0.796352
0.798705
0.799674
0.799936
0.79999
0.799999
0.8
0.8
0.8
0.493985
0.49835
0.50396
0.510773
0.518811
0.5282
0.539242
0.55265
0.57035
0.600028
0.783831
0.799545
0.799992
0.8
0.8
0.8
0.8
0.8
0.8
0.8
0.8
0.8
0.8
0.8
0.8
0.8
0.8
0.8
0.8
0.8
0.79802
0.798955
0.799644
0.799911
0.799982
0.799997
0.8
0.8
0.8
0.8
0.50304
0.507284
0.512712
0.519309
0.527121
0.53631
0.547231
0.560709
0.578979
0.611025
0.785433
0.799607
0.799993
0.8
0.8
0.8
0.8
0.8
0.8
0.8
0.8
0.8
0.8
0.8
0.8
0.8
0.8
0.8
0.8
0.8
0.799426
0.799713
0.799904
0.799976
0.799995
0.799999
0.8
0.8
0.8
0.8
0.511539
0.515679
0.520944
0.52734
0.534942
0.543947
0.55477
0.568367
0.587342
0.622259
0.787174
0.799673
0.799994
0.8
0.8
0.8
0.8
0.8
0.8
0.8
0.8
0.8
0.8
0.8
0.8
0.8
0.8
0.8
0.8
0.8
0.79984
0.799923
0.799975
0.799994
0.799999
0.8
0.8
0.8
0.8
0.8
0.519571
0.523619
0.528731
0.534937
0.542339
0.551173
0.561922
0.575694
0.59553
0.633875
0.788969
0.799736
0.799996
0.8
0.8
0.8
0.8
0.8
0.8
0.8
0.8
0.8
0.8
0.8
0.8
0.8
0.8
0.8
0.8
0.8
0.799956
0.799979
0.799993
0.799998
0.8
0.8
0.8
0.8
0.8
0.8
0.527216
0.53118
0.536146
0.542166
0.549373
0.558044
0.568741
0.58275
0.603595
0.646035
0.790744
0.799795
0.799997
0.8
0.8
0.8
0.8
0.8
0.8
0.8
0.8
0.8
0.8
0.8
0.8
0.8
0.8
0.8
0.8
0.8
0.799988
0.799995
0.799998
0.8
0.8
0.8
0.8
0.8
0.8
0.8
0.534549
0.538432
0.543254
0.549087
0.556098
0.56461
0.575275
0.589589
0.611575
0.658882
0.792432
0.799844
0.799998
0.8
0.8
0.8
0.8
0.8
0.8
0.8
0.8
0.8
0.8
0.8
0.8
0.8
0.8
0.8
0.8
0.8
0.799997
0.799999
0.8
0.8
0.8
0.8
0.8
0.8
0.8
0.8
0.541639
0.545443
0.550115
0.555755
0.562564
0.570916
0.581567
0.596243
0.619506
0.672488
0.793972
0.799885
0.799998
0.8
0.8
0.8
0.8
0.8
0.8
0.8
0.8
0.8
0.8
0.8
0.8
0.8
0.8
0.8
0.8
0.8
0.799999
0.8
0.8
0.8
0.8
0.8
0.8
0.8
0.8
0.8
0.548555
0.552276
0.556792
0.562228
0.56882
0.577004
0.587653
0.602719
0.627417
0.686755
0.795311
0.799917
0.799999
0.8
0.8
0.8
0.8
0.8
0.8
0.8
0.8
0.8
0.8
0.8
0.8
0.8
0.8
0.8
0.8
0.8
0.8
0.8
0.8
0.8
0.8
0.8
0.8
0.8
0.8
0.8
0.555369
0.559002
0.563349
0.568564
0.574919
0.582917
0.593562
0.609008
0.635308
0.701267
0.796409
0.79994
0.799999
0.8
0.8
0.8
0.8
0.8
0.8
0.8
0.8
0.8
0.8
0.8
0.8
0.8
0.8
0.8
0.8
0.8
0.8
0.8
0.8
0.8
0.8
0.8
0.8
0.8
0.8
0.8
0.562163
0.565698
0.569862
0.574833
0.580923
0.588706
0.599303
0.615076
0.643107
0.715156
0.797248
0.799956
0.799999
0.8
0.8
0.8
0.8
0.8
0.8
0.8
0.8
0.8
0.8
0.8
0.8
0.8
0.8
0.8
0.8
0.8
0.8
0.8
0.8
0.8
0.8
0.8
0.8
0.8
0.8
0.8
0.569033
0.572462
0.576426
0.581129
0.58692
0.594436
0.604873
0.62085
0.650601
0.727157
0.797831
0.799967
0.8
0.8
0.8
0.8
0.8
0.8
0.8
0.8
0.8
0.8
0.8
0.8
0.8
0.8
0.8
0.8
0.8
0.8
0.8
0.8
0.8
0.8
0.8
0.8
0.8
0.8
0.8
0.8
0.576112
0.579426
0.583177
0.587588
0.593038
0.600195
0.610293
0.626225
0.657342
0.73586
0.798169
0.799973
0.8
0.8
0.8
0.8
0.8
0.8
0.8
0.8
0.8
0.8
0.8
0.8
0.8
0.8
0.8
0.8
0.8
0.8
0.8
0.8
0.8
0.8
0.8
0.8
0.8
0.8
0.8
0.8
0.583591
0.586788
0.590321
0.594423
0.599476
0.606125
0.615641
0.631092
0.662604
0.73984
0.79824
0.799974
0.8
0.8
0.8
0.8
0.8
0.8
0.8
0.8
0.8
0.8
0.8
0.8
0.8
0.8
0.8
0.8
0.8
0.8
0.8
0.8
0.8
0.8
0.8
0.8
0.8
0.8
0.8
0.8
0.591774
0.594868
0.598188
0.601957
0.606526
0.612509
0.621141
0.635462
0.665554
0.737353
0.797899
0.799969
0.8
0.8
0.8
0.8
0.8
0.8
0.8
0.8
0.8
0.8
0.8
0.8
0.8
0.8
0.8
0.8
0.8
0.8
0.8
0.8
0.8
0.8
0.8
0.8
0.8
0.8
0.8
0.8
0.601139
0.604151
0.607265
0.610681
0.61471
0.619896
0.627339
0.639754
0.665926
0.726332
0.796495
0.799951
0.8
0.8
0.8
0.8
0.8
0.8
0.8
0.8
0.8
0.8
0.8
0.8
0.8
0.8
0.8
0.8
0.8
0.8
0.8
0.8
0.8
0.8
0.8
0.8
0.8
0.8
0.8
0.8
0.612436
0.615427
0.618388
0.621492
0.624999
0.629356
0.635439
0.645349
0.665349
0.70746
0.719508
0.738164
0.761909
0.782385
0.793645
0.79802
0.799426
0.79984
0.799956
0.799988
0.799997
0.799999
0.8
0.8
0.8
0.8
0.8
0.8
0.8
0.8
0.8
0.8
0.8
0.8
0.8
0.8
0.8
0.8
0.8
0.8
0.627073
0.630193
0.63315
0.636097
0.639252
0.642979
0.647976
0.655829
0.67063
0.697567
0.718053
0.743725
0.770474
0.78849
0.796352
0.798955
0.799713
0.799923
0.799979
0.799995
0.799999
0.8
0.8
0.8
0.8
0.8
0.8
0.8
0.8
0.8
0.8
0.8
0.8
0.8
0.8
0.8
0.8
0.8
0.8
0.8
0.647766
0.651332
0.654621
0.657783
0.661034
0.66473
0.66954
0.676889
0.689898
0.711925
0.738337
0.766209
0.786229
0.795523
0.798705
0.799644
0.799904
0.799975
0.799993
0.799998
0.8
0.8
0.8
0.8
0.8
0.8
0.8
0.8
0.8
0.8
0.8
0.8
0.8
0.8
0.8
0.8
0.8
0.8
0.8
0.8
0.679349
0.683872
0.688038
0.692037
0.696146
0.700818
0.706866
0.715811
0.730154
0.751017
0.772997
0.788662
0.796152
0.798844
0.799674
0.799911
0.799976
0.799994
0.799998
0.8
0.8
0.8
0.8
0.8
0.8
0.8
0.8
0.8
0.8
0.8
0.8
0.8
0.8
0.8
0.8
0.8
0.8
0.8
0.8
0.8
0.725798
0.731037
0.735824
0.740384
0.745019
0.750169
0.756455
0.764634
0.774984
0.785731
0.79361
0.797655
0.799246
0.799776
0.799936
0.799982
0.799995
0.799999
0.8
0.8
0.8
0.8
0.8
0.8
0.8
0.8
0.8
0.8
0.8
0.8
0.8
0.8
0.8
0.8
0.8
0.8
0.8
0.8
0.8
0.8
0.77248
0.775755
0.778621
0.781226
0.783736
0.786325
0.789136
0.792192
0.795206
0.797592
0.799004
0.799645
0.799886
0.799966
0.79999
0.799997
0.799999
0.8
0.8
0.8
0.8
0.8
0.8
0.8
0.8
0.8
0.8
0.8
0.8
0.8
0.8
0.8
0.8
0.8
0.8
0.8
0.8
0.8
0.8
0.8
0.794456
0.795308
0.796033
0.796672
0.797262
0.797834
0.798401
0.798942
0.799399
0.799714
0.799884
0.799959
0.799987
0.799996
0.799999
0.8
0.8
0.8
0.8
0.8
0.8
0.8
0.8
0.8
0.8
0.8
0.8
0.8
0.8
0.8
0.8
0.8
0.8
0.8
0.8
0.8
0.8
0.8
0.8
0.8
0.799316
0.799434
0.799533
0.799621
0.7997
0.799773
0.799842
0.799901
0.799947
0.799975
0.79999
0.799996
0.799999
0.8
0.8
0.8
0.8
0.8
0.8
0.8
0.8
0.8
0.8
0.8
0.8
0.8
0.8
0.8
0.8
0.8
0.8
0.8
0.8
0.8
0.8
0.8
0.8
0.8
0.8
0.8
0.799948
0.799957
0.799966
0.799973
0.799979
0.799985
0.79999
0.799994
0.799997
0.799999
0.799999
0.8
0.8
0.8
0.8
0.8
0.8
0.8
0.8
0.8
0.8
0.8
0.8
0.8
0.8
0.8
0.8
0.8
0.8
0.8
0.8
0.8
0.8
0.8
0.8
0.8
0.8
0.8
0.8
0.8
0.799998
0.799998
0.799999
0.799999
0.799999
0.8
0.8
0.8
0.8
0.8
0.8
0.8
0.8
0.8
0.8
0.8
0.8
0.8
0.8
0.8
0.8
0.8
0.8
0.8
0.8
0.8
0.8
0.8
0.8
0.8
0.8
0.8
0.8
0.8
0.8
0.8
0.8
0.8
0.8
0.8
0.200666
0.207624
0.229872
0.260975
0.29251
0.321371
0.346983
0.369545
0.389453
0.407125
0.422946
0.437212
0.450149
0.461945
0.472764
0.48275
0.492033
0.500718
0.5089
0.516667
0.524096
0.53126
0.538233
0.545088
0.551909
0.558794
0.565866
0.573296
0.58133
0.590341
0.600944
0.614232
0.632277
0.659029
0.700325
0.752875
0.788266
0.798402
0.799872
0.799995
0.207603
0.223004
0.248561
0.277758
0.306349
0.332697
0.356407
0.377578
0.396478
0.413427
0.428722
0.44259
0.455215
0.466761
0.477373
0.487188
0.496323
0.504878
0.512943
0.520601
0.527925
0.534986
0.541853
0.548597
0.5553
0.562056
0.56899
0.576272
0.584157
0.59303
0.603532
0.616811
0.635051
0.662402
0.704671
0.756781
0.789711
0.798635
0.799892
0.799996
0.22987
0.248566
0.272626
0.298273
0.323316
0.346752
0.368234
0.387748
0.405439
0.421515
0.436162
0.449527
0.46175
0.472964
0.483297
0.492873
0.501796
0.510159
0.518045
0.525531
0.532687
0.539578
0.546269
0.552828
0.559329
0.565866
0.572562
0.57959
0.587209
0.595818
0.606088
0.619226
0.637538
0.66539
0.708573
0.760248
0.790961
0.798836
0.79991
0.799997
0.260984
0.277765
0.298275
0.320049
0.341627
0.362232
0.381512
0.399368
0.415842
0.431025
0.444991
0.457819
0.469602
0.480446
0.490465
0.499763
0.508436
0.516568
0.524237
0.531513
0.538461
0.54514
0.551609
0.557928
0.564167
0.570412
0.576781
0.583448
0.590672
0.598869
0.608748
0.62159
0.639843
0.668126
0.712225
0.763458
0.792087
0.799017
0.799926
0.799997
0.292518
0.306354
0.323318
0.341628
0.36016
0.378254
0.39556
0.411925
0.427306
0.441671
0.455006
0.467325
0.478683
0.489164
0.498866
0.50788
0.516293
0.524184
0.531626
0.538683
0.545413
0.551869
0.558099
0.564156
0.570098
0.576
0.581968
0.588162
0.594841
0.602441
0.611723
0.62407
0.642118
0.670794
0.715891
0.766646
0.793164
0.799185
0.799941
0.799998
0.321376
0.3327
0.346753
0.362232
0.378254
0.394261
0.409926
0.425069
0.439552
0.453257
0.466089
0.477996
0.488998
0.499167
0.508586
0.517344
0.525524
0.533202
0.540446
0.547315
0.553858
0.560121
0.566144
0.571963
0.577621
0.583166
0.588675
0.594281
0.60023
0.606978
0.615362
0.62694
0.644607
0.673698
0.719994
0.770106
0.794265
0.799351
0.799955
0.799998
0.346986
0.356409
0.368234
0.381512
0.39556
0.409926
0.424325
0.438541
0.452389
0.465687
0.47825
0.489922
0.500702
0.510654
0.519872
0.52845
0.536476
0.544025
0.55116
0.557936
0.564395
0.570575
0.576501
0.582192
0.587655
0.592895
0.597936
0.602849
0.607833
0.613345
0.620339
0.630708
0.647749
0.677376
0.725221
0.774204
0.795447
0.799517
0.799968
0.799999
0.369547
0.377579
0.387749
0.399368
0.411925
0.425069
0.438541
0.452142
0.465698
0.478999
0.491722
0.503472
0.514238
0.52414
0.533314
0.541875
0.549921
0.55753
0.564765
0.571676
0.578301
0.584663
0.590768
0.596606
0.602142
0.607313
0.612034
0.616233
0.619952
0.623567
0.62819
0.636488
0.652467
0.682887
0.732719
0.779289
0.796708
0.799675
0.79998
0.799999
0.389454
0.396478
0.405439
0.415842
0.427306
0.439552
0.452388
0.465698
0.479416
0.49345
0.507351
0.519713
0.530817
0.540985
0.550444
0.559353
0.567831
0.575969
0.583834
0.591476
0.59892
0.606175
0.613232
0.620055
0.626559
0.632572
0.637783
0.641716
0.64384
0.644035
0.643552
0.647308
0.660942
0.692427
0.744166
0.785379
0.79794
0.799811
0.799989
0.8
0.407126
0.413427
0.421515
0.431025
0.441671
0.453257
0.465687
0.478998
0.49345
0.509749
0.528899
0.54293
0.555154
0.566423
0.577137
0.58755
0.597846
0.608172
0.618648
0.629366
0.640415
0.651852
0.663657
0.675665
0.687454
0.698229
0.706735
0.711222
0.709447
0.699309
0.681832
0.670254
0.677083
0.709447
0.760429
0.791533
0.798933
0.799908
0.799995
0.8
0.422946
0.428722
0.436162
0.444991
0.455006
0.466089
0.47825
0.491722
0.507351
0.528899
0.773438
0.780178
0.778848
0.778812
0.779546
0.780742
0.782229
0.783898
0.785666
0.787465
0.789233
0.790915
0.792456
0.793806
0.794918
0.795753
0.796264
0.796354
0.795709
0.793147
0.691163
0.685143
0.696646
0.734122
0.777874
0.796103
0.799544
0.799962
0.799998
0.8
0.437212
0.44259
0.449527
0.457819
0.467325
0.477996
0.489922
0.503472
0.519713
0.54293
0.780178
0.798971
0.799352
0.799323
0.799338
0.799384
0.79945
0.799523
0.799598
0.79967
0.799736
0.799792
0.799839
0.799876
0.799904
0.799923
0.799934
0.799936
0.799924
0.799882
0.704919
0.704183
0.723667
0.762537
0.790552
0.798533
0.799834
0.799986
0.799999
0.8
0.450149
0.455215
0.46175
0.469602
0.478683
0.488998
0.500702
0.514238
0.530817
0.555154
0.778848
0.799352
0.799976
0.799986
0.799987
0.799988
0.799989
0.799991
0.799993
0.799994
0.799995
0.799997
0.799998
0.799998
0.799999
0.799999
0.799999
0.799999
0.799999
0.799999
0.72591
0.731561
0.756189
0.784365
0.796757
0.799521
0.799946
0.799996
0.8
0.8
0.461945
0.466761
0.472964
0.480446
0.489164
0.499167
0.510654
0.52414
0.540985
0.566423
0.778812
0.799323
0.799986
0.8
0.8
0.8
0.8
0.8
0.8
0.8
0.8
0.8
0.8
0.8
0.8
0.8
0.8
0.8
0.8
0.8
0.753535
0.762959
0.78196
0.794911
0.799025
0.799857
0.799984
0.799999
0.8
0.8
0.472764
0.477373
0.483297
0.490465
0.498866
0.508586
0.519871
0.533314
0.550443
0.577137
0.779546
0.799338
0.799987
0.8
0.8
0.8
0.8
0.8
0.8
0.8
0.8
0.8
0.8
0.8
0.8
0.8
0.8
0.8
0.8
0.8
0.778447
0.785539
0.794289
0.79855
0.799727
0.79996
0.799995
0.8
0.8
0.8
0.48275
0.487188
0.492873
0.499763
0.50788
0.517344
0.52845
0.541875
0.559353
0.58755
0.780742
0.799384
0.799988
0.8
0.8
0.8
0.8
0.8
0.8
0.8
0.8
0.8
0.8
0.8
0.8
0.8
0.8
0.8
0.8
0.8
0.792355
0.795522
0.798414
0.79961
0.799926
0.799989
0.799999
0.8
0.8
0.8
0.492033
0.496323
0.501796
0.508435
0.516293
0.525524
0.536476
0.549921
0.567831
0.597846
0.782229
0.79945
0.799989
0.8
0.8
0.8
0.8
0.8
0.8
0.8
0.8
0.8
0.8
0.8
0.8
0.8
0.8
0.8
0.8
0.8
0.797678
0.798757
0.799582
0.799898
0.799981
0.799997
0.8
0.8
0.8
0.8
0.500718
0.504877
0.510158
0.516567
0.524184
0.533202
0.544025
0.55753
0.575969
0.608172
0.783898
0.799523
0.799991
0.8
0.8
0.8
0.8
0.8
0.8
0.8
0.8
0.8
0.8
0.8
0.8
0.8
0.8
0.8
0.8
0.8
0.799345
0.79967
0.799892
0.799974
0.799995
0.799999
0.8
0.8
0.8
0.8
0.5089
0.512943
0.518045
0.524236
0.531626
0.540446
0.55116
0.564765
0.583834
0.618648
0.785666
0.799598
0.799993
0.8
0.8
0.8
0.8
0.8
0.8
0.8
0.8
0.8
0.8
0.8
0.8
0.8
0.8
0.8
0.8
0.8
0.799822
0.799914
0.799972
0.799993
0.799999
0.8
0.8
0.8
0.8
0.8
0.516667
0.520601
0.525531
0.531513
0.538683
0.547314
0.557936
0.571676
0.591476
0.629366
0.787465
0.79967
0.799994
0.8
0.8
0.8
0.8
0.8
0.8
0.8
0.8
0.8
0.8
0.8
0.8
0.8
0.8
0.8
0.8
0.8
0.799953
0.799978
0.799993
0.799998
0.8
0.8
0.8
0.8
0.8
0.8
0.524096
0.527925
0.532687
0.538461
0.545413
0.553858
0.564395
0.578301
0.59892
0.640415
0.789233
0.799736
0.799995
0.8
0.8
0.8
0.8
0.8
0.8
0.8
0.8
0.8
0.8
0.8
0.8
0.8
0.8
0.8
0.8
0.8
0.799988
0.799994
0.799998
0.8
0.8
0.8
0.8
0.8
0.8
0.8
0.53126
0.534986
0.539578
0.54514
0.551868
0.560121
0.570575
0.584663
0.606175
0.651852
0.790915
0.799792
0.799997
0.8
0.8
0.8
0.8
0.8
0.8
0.8
0.8
0.8
0.8
0.8
0.8
0.8
0.8
0.8
0.8
0.8
0.799997
0.799999
0.8
0.8
0.8
0.8
0.8
0.8
0.8
0.8
0.538232
0.541853
0.546269
0.551609
0.558099
0.566144
0.576501
0.590768
0.613232
0.663657
0.792456
0.799839
0.799998
0.8
0.8
0.8
0.8
0.8
0.8
0.8
0.8
0.8
0.8
0.8
0.8
0.8
0.8
0.8
0.8
0.8
0.799999
0.8
0.8
0.8
0.8
0.8
0.8
0.8
0.8
0.8
0.545088
0.548597
0.552828
0.557928
0.564156
0.571963
0.582192
0.596606
0.620055
0.675665
0.793806
0.799876
0.799998
0.8
0.8
0.8
0.8
0.8
0.8
0.8
0.8
0.8
0.8
0.8
0.8
0.8
0.8
0.8
0.8
0.8
0.8
0.8
0.8
0.8
0.8
0.8
0.8
0.8
0.8
0.8
0.551909
0.5553
0.559329
0.564167
0.570098
0.57762
0.587655
0.602142
0.626559
0.687454
0.794918
0.799904
0.799999
0.8
0.8
0.8
0.8
0.8
0.8
0.8
0.8
0.8
0.8
0.8
0.8
0.8
0.8
0.8
0.8
0.8
0.8
0.8
0.8
0.8
0.8
0.8
0.8
0.8
0.8
0.8
0.558794
0.562056
0.565866
0.570412
0.576
0.583166
0.592895
0.607313
0.632572
0.698229
0.795753
0.799923
0.799999
0.8
0.8
0.8
0.8
0.8
0.8
0.8
0.8
0.8
0.8
0.8
0.8
0.8
0.8
0.8
0.8
0.8
0.8
0.8
0.8
0.8
0.8
0.8
0.8
0.8
0.8
0.8
0.565866
0.56899
0.572562
0.576781
0.581968
0.588675
0.597936
0.612034
0.637783
0.706735
0.796264
0.799934
0.799999
0.8
0.8
0.8
0.8
0.8
0.8
0.8
0.8
0.8
0.8
0.8
0.8
0.8
0.8
0.8
0.8
0.8
0.8
0.8
0.8
0.8
0.8
0.8
0.8
0.8
0.8
0.8
0.573296
0.576272
0.57959
0.583448
0.588162
0.594281
0.602849
0.616233
0.641716
0.711222
0.796354
0.799936
0.799999
0.8
0.8
0.8
0.8
0.8
0.8
0.8
0.8
0.8
0.8
0.8
0.8
0.8
0.8
0.8
0.8
0.8
0.8
0.8
0.8
0.8
0.8
0.8
0.8
0.8
0.8
0.8
0.58133
0.584157
0.587209
0.590672
0.594841
0.60023
0.607833
0.619952
0.64384
0.709447
0.795709
0.799924
0.799999
0.8
0.8
0.8
0.8
0.8
0.8
0.8
0.8
0.8
0.8
0.8
0.8
0.8
0.8
0.8
0.8
0.8
0.8
0.8
0.8
0.8
0.8
0.8
0.8
0.8
0.8
0.8
0.590341
0.59303
0.595818
0.598869
0.602441
0.606978
0.613345
0.623567
0.644035
0.699309
0.793147
0.799882
0.799999
0.8
0.8
0.8
0.8
0.8
0.8
0.8
0.8
0.8
0.8
0.8
0.8
0.8
0.8
0.8
0.8
0.8
0.8
0.8
0.8
0.8
0.8
0.8
0.8
0.8
0.8
0.8
0.600944
0.603532
0.606088
0.608748
0.611722
0.615362
0.620339
0.62819
0.643552
0.681832
0.691163
0.704919
0.72591
0.753535
0.778447
0.792355
0.797678
0.799345
0.799822
0.799953
0.799988
0.799997
0.799999
0.8
0.8
0.8
0.8
0.8
0.8
0.8
0.8
0.8
0.8
0.8
0.8
0.8
0.8
0.8
0.8
0.8
0.614232
0.616811
0.619226
0.62159
0.62407
0.62694
0.630708
0.636488
0.647308
0.670254
0.685143
0.704183
0.731561
0.762959
0.785539
0.795522
0.798757
0.79967
0.799914
0.799978
0.799994
0.799999
0.8
0.8
0.8
0.8
0.8
0.8
0.8
0.8
0.8
0.8
0.8
0.8
0.8
0.8
0.8
0.8
0.8
0.8
0.632277
0.635051
0.637538
0.639843
0.642118
0.644606
0.647749
0.652467
0.660942
0.677083
0.696645
0.723667
0.756189
0.78196
0.794289
0.798414
0.799582
0.799892
0.799972
0.799993
0.799998
0.8
0.8
0.8
0.8
0.8
0.8
0.8
0.8
0.8
0.8
0.8
0.8
0.8
0.8
0.8
0.8
0.8
0.8
0.8
0.659028
0.662402
0.66539
0.668126
0.670794
0.673698
0.677376
0.682887
0.692426
0.709447
0.734122
0.762537
0.784365
0.794911
0.79855
0.79961
0.799898
0.799974
0.799993
0.799998
0.8
0.8
0.8
0.8
0.8
0.8
0.8
0.8
0.8
0.8
0.8
0.8
0.8
0.8
0.8
0.8
0.8
0.8
0.8
0.8
0.700325
0.70467
0.708573
0.712224
0.715891
0.719994
0.725221
0.732718
0.744166
0.760429
0.777873
0.790552
0.796757
0.799025
0.799727
0.799926
0.799981
0.799995
0.799999
0.8
0.8
0.8
0.8
0.8
0.8
0.8
0.8
0.8
0.8
0.8
0.8
0.8
0.8
0.8
0.8
0.8
0.8
0.8
0.8
0.8
0.752875
0.756781
0.760248
0.763458
0.766645
0.770106
0.774204
0.779289
0.785379
0.791533
0.796103
0.798533
0.799521
0.799857
0.79996
0.799989
0.799997
0.799999
0.8
0.8
0.8
0.8
0.8
0.8
0.8
0.8
0.8
0.8
0.8
0.8
0.8
0.8
0.8
0.8
0.8
0.8
0.8
0.8
0.8
0.8
0.788265
0.789711
0.790961
0.792087
0.793163
0.794265
0.795447
0.796708
0.79794
0.798933
0.799544
0.799834
0.799946
0.799984
0.799995
0.799999
0.8
0.8
0.8
0.8
0.8
0.8
0.8
0.8
0.8
0.8
0.8
0.8
0.8
0.8
0.8
0.8
0.8
0.8
0.8
0.8
0.8
0.8
0.8
0.8
0.798402
0.798635
0.798836
0.799017
0.799185
0.799351
0.799517
0.799675
0.799811
0.799908
0.799962
0.799986
0.799996
0.799999
0.8
0.8
0.8
0.8
0.8
0.8
0.8
0.8
0.8
0.8
0.8
0.8
0.8
0.8
0.8
0.8
0.8
0.8
0.8
0.8
0.8
0.8
0.8
0.8
0.8
0.8
0.799872
0.799892
0.79991
0.799926
0.799941
0.799955
0.799968
0.79998
0.799989
0.799995
0.799998
0.799999
0.8
0.8
0.8
0.8
0.8
0.8
0.8
0.8
0.8
0.8
0.8
0.8
0.8
0.8
0.8
0.8
0.8
0.8
0.8
0.8
0.8
0.8
0.8
0.8
0.8
0.8
0.8
0.8
0.799995
0.799996
0.799997
0.799997
0.799998
0.799998
0.799999
0.799999
0.8
0.8
0.8
0.8
0.8
0.8
0.8
0.8
0.8
0.8
0.8
0.8
0.8
0.8
0.8
0.8
0.8
0.8
0.8
0.8
0.8
0.8
0.8
0.8
0.8
0.8
0.8
0.8
0.8
0.8
0.8
0.8
0.2
0.200582
0.211991
0.240746
0.274383
0.305753
0.333406
0.357517
0.378583
0.397111
0.413559
0.428305
0.441625
0.453737
0.464819
0.475026
0.484491
0.49333
0.501644
0.509522
0.517044
0.524287
0.531323
0.538229
0.545085
0.551988
0.559052
0.566433
0.574352
0.583137
0.593321
0.605841
0.622432
0.646449
0.683688
0.736455
0.781289
0.797211
0.799767
0.799991
0.200569
0.206904
0.228066
0.258343
0.289396
0.318011
0.343519
0.36606
0.385989
0.403697
0.419555
0.43386
0.446838
0.458674
0.469527
0.47954
0.488837
0.497528
0.505707
0.513458
0.520858
0.52798
0.534894
0.541672
0.548393
0.555149
0.562057
0.569271
0.577016
0.585633
0.595678
0.608128
0.624797
0.649203
0.687287
0.740361
0.783193
0.797568
0.7998
0.799992
0.211961
0.228059
0.252806
0.280592
0.307857
0.333174
0.35615
0.376818
0.39538
0.4121
0.427238
0.440993
0.453532
0.465007
0.475555
0.485303
0.494367
0.502845
0.510825
0.518387
0.525602
0.532537
0.539259
0.545834
0.552336
0.558854
0.565502
0.572438
0.579893
0.588218
0.597997
0.61025
0.62688
0.651579
0.690448
0.743829
0.784859
0.79788
0.79983
0.799994
0.240727
0.258339
0.280591
0.304314
0.327667
0.34976
0.370238
0.38903
0.406213
0.421932
0.436321
0.44949
0.461551
0.472623
0.482825
0.492271
0.501061
0.509286
0.517028
0.524361
0.531349
0.538054
0.544535
0.550852
0.557071
0.563274
0.569571
0.57612
0.583154
0.591044
0.600404
0.61231
0.628773
0.65368
0.693326
0.747049
0.786379
0.798163
0.799857
0.799995
0.274374
0.289393
0.307856
0.327666
0.347549
0.366792
0.385035
0.402136
0.418081
0.432894
0.446591
0.459204
0.470802
0.481476
0.491329
0.500463
0.508968
0.51693
0.524423
0.531514
0.538263
0.544721
0.550939
0.556967
0.562861
0.568691
0.574555
0.580601
0.587066
0.594338
0.603081
0.614452
0.6306
0.655653
0.696145
0.750274
0.787866
0.798434
0.799882
0.799996
0.305748
0.318009
0.333173
0.349759
0.366792
0.383671
0.40005
0.41576
0.430702
0.444784
0.457924
0.470082
0.481285
0.491609
0.501147
0.509995
0.51824
0.525962
0.533231
0.540106
0.546639
0.552873
0.558847
0.564598
0.570163
0.575592
0.580954
0.586377
0.592088
0.598498
0.606338
0.616912
0.632562
0.65773
0.699256
0.753863
0.789442
0.79871
0.799907
0.799997
0.333403
0.343518
0.356149
0.370238
0.385035
0.40005
0.414986
0.429653
0.443882
0.4575
0.470325
0.482208
0.493145
0.503214
0.512517
0.521153
0.529211
0.536769
0.543892
0.550633
0.557035
0.563132
0.568949
0.574503
0.579803
0.584857
0.589691
0.594378
0.599103
0.604284
0.610758
0.620119
0.635015
0.660323
0.703253
0.758314
0.791225
0.798998
0.799932
0.799998
0.357515
0.366059
0.376818
0.38903
0.402135
0.415759
0.429653
0.443625
0.457503
0.471077
0.484022
0.495932
0.506811
0.516787
0.526001
0.534573
0.542601
0.550164
0.557322
0.564124
0.570605
0.576785
0.582672
0.588255
0.593504
0.598363
0.602764
0.606653
0.610085
0.613414
0.617632
0.624996
0.638686
0.664219
0.709181
0.764266
0.793269
0.799292
0.799955
0.799999
0.378582
0.385989
0.39538
0.406212
0.418081
0.430702
0.443882
0.457503
0.471499
0.485768
0.499839
0.512302
0.523453
0.53362
0.543036
0.551863
0.560218
0.568187
0.575832
0.5832
0.590314
0.597183
0.603788
0.610083
0.615978
0.62132
0.625849
0.629193
0.630959
0.631109
0.630753
0.634008
0.645283
0.671071
0.718877
0.772269
0.795469
0.799564
0.799974
0.799999
0.397111
0.403697
0.4121
0.421932
0.432894
0.444784
0.4575
0.471077
0.485768
0.502252
0.52148
0.535464
0.547558
0.558619
0.569047
0.579088
0.588911
0.598651
0.608408
0.618263
0.628271
0.638466
0.648832
0.659255
0.669455
0.678871
0.686523
0.690858
0.689704
0.680972
0.665444
0.654446
0.658541
0.683994
0.734771
0.781871
0.797465
0.799775
0.799987
0.8
0.413559
0.419554
0.427237
0.436321
0.44659
0.457924
0.470325
0.484022
0.499839
0.52148
0.771648
0.778536
0.776911
0.776658
0.777228
0.778294
0.779682
0.781278
0.783001
0.784784
0.786569
0.788303
0.789931
0.791401
0.792656
0.793633
0.794247
0.794327
0.793406
0.789814
0.673728
0.666795
0.673603
0.704045
0.75628
0.790598
0.798846
0.799903
0.799995
0.8
0.428304
0.43386
0.440993
0.44949
0.459204
0.470082
0.482208
0.495932
0.512302
0.535464
0.778536
0.798815
0.799242
0.799196
0.799201
0.799244
0.799309
0.799387
0.79947
0.799551
0.799628
0.799697
0.799756
0.799804
0.799842
0.799869
0.799885
0.799887
0.799866
0.799798
0.68495
0.681364
0.694416
0.732515
0.777504
0.796153
0.799563
0.799964
0.799998
0.8
0.441625
0.446838
0.453532
0.461551
0.470802
0.481285
0.493145
0.506811
0.523453
0.547558
0.776911
0.799242
0.799971
0.799983
0.799983
0.799984
0.799985
0.799987
0.799989
0.799991
0.799993
0.799995
0.799996
0.799997
0.799998
0.799998
0.799998
0.799998
0.799998
0.799998
0.701519
0.702882
0.724538
0.764033
0.791282
0.798692
0.799855
0.799988
0.799999
0.8
0.453737
0.458673
0.465007
0.472623
0.481476
0.491609
0.503214
0.516787
0.53362
0.558619
0.776658
0.799196
0.799983
0.799999
0.8
0.8
0.8
0.8
0.8
0.8
0.8
0.8
0.8
0.8
0.8
0.8
0.8
0.8
0.8
0.8
0.726356
0.733878
0.759467
0.786202
0.797251
0.799605
0.799956
0.799996
0.8
0.8
0.464819
0.469527
0.475554
0.482825
0.491329
0.501147
0.512517
0.526001
0.543036
0.569047
0.777228
0.799201
0.799983
0.8
0.8
0.8
0.8
0.8
0.8
0.8
0.8
0.8
0.8
0.8
0.8
0.8
0.8
0.8
0.8
0.8
0.756961
0.766892
0.784612
0.795824
0.799224
0.799889
0.799988
0.799999
0.8
0.8
0.475026
0.47954
0.485303
0.49227
0.500462
0.509995
0.521152
0.534573
0.551863
0.579088
0.778294
0.799244
0.799984
0.8
0.8
0.8
0.8
0.8
0.8
0.8
0.8
0.8
0.8
0.8
0.8
0.8
0.8
0.8
0.8
0.8
0.781663
0.78806
0.79543
0.798871
0.799793
0.79997
0.799997
0.8
0.8
0.8
0.484491
0.488837
0.494367
0.501061
0.508968
0.51824
0.529211
0.542601
0.560218
0.588911
0.779682
0.799309
0.799985
0.8
0.8
0.8
0.8
0.8
0.8
0.8
0.8
0.8
0.8
0.8
0.8
0.8
0.8
0.8
0.8
0.8
0.793921
0.796501
0.798784
0.799708
0.799946
0.799992
0.799999
0.8
0.8
0.8
0.49333
0.497528
0.502845
0.509286
0.51693
0.525962
0.536769
0.550164
0.568186
0.59865
0.781278
0.799387
0.799987
0.8
0.8
0.8
0.8
0.8
0.8
0.8
0.8
0.8
0.8
0.8
0.8
0.8
0.8
0.8
0.8
0.8
0.798233
0.799063
0.799689
0.799926
0.799986
0.799998
0.8
0.8
0.8
0.8
0.501644
0.505707
0.510825
0.517028
0.524423
0.533231
0.543892
0.557322
0.575832
0.608408
0.783001
0.79947
0.799989
0.8
0.8
0.8
0.8
0.8
0.8
0.8
0.8
0.8
0.8
0.8
0.8
0.8
0.8
0.8
0.8
0.8
0.799516
0.799758
0.799922
0.799981
0.799996
0.799999
0.8
0.8
0.8
0.8
0.509522
0.513457
0.518387
0.524361
0.531514
0.540106
0.550633
0.564124
0.583199
0.618263
0.784784
0.799551
0.799991
0.8
0.8
0.8
0.8
0.8
0.8
0.8
0.8
0.8
0.8
0.8
0.8
0.8
0.8
0.8
0.8
0.8
0.799872
0.799939
0.79998
0.799995
0.799999
0.8
0.8
0.8
0.8
0.8
0.517044
0.520858
0.525602
0.531349
0.538262
0.546639
0.557035
0.570605
0.590314
0.628271
0.786569
0.799628
0.799993
0.8
0.8
0.8
0.8
0.8
0.8
0.8
0.8
0.8
0.8
0.8
0.8
0.8
0.8
0.8
0.8
0.8
0.799967
0.799985
0.799995
0.799999
0.8
0.8
0.8
0.8
0.8
0.8
0.524287
0.52798
0.532537
0.538054
0.544721
0.552873
0.563132
0.576785
0.597183
0.638466
0.788303
0.799697
0.799995
0.8
0.8
0.8
0.8
0.8
0.8
0.8
0.8
0.8
0.8
0.8
0.8
0.8
0.8
0.8
0.8
0.8
0.799992
0.799996
0.799999
0.8
0.8
0.8
0.8
0.8
0.8
0.8
0.531323
0.534894
0.539259
0.544535
0.550939
0.558847
0.568949
0.582672
0.603788
0.648832
0.789931
0.799756
0.799996
0.8
0.8
0.8
0.8
0.8
0.8
0.8
0.8
0.8
0.8
0.8
0.8
0.8
0.8
0.8
0.8
0.8
0.799998
0.799999
0.8
0.8
0.8
0.8
0.8
0.8
0.8
0.8
0.538229
0.541672
0.545834
0.550852
0.556967
0.564598
0.574503
0.588255
0.610083
0.659255
0.791401
0.799804
0.799997
0.8
0.8
0.8
0.8
0.8
0.8
0.8
0.8
0.8
0.8
0.8
0.8
0.8
0.8
0.8
0.8
0.8
0.799999
0.8
0.8
0.8
0.8
0.8
0.8
0.8
0.8
0.8
0.545085
0.548393
0.552336
0.557071
0.56286
0.570163
0.579803
0.593504
0.615978
0.669455
0.792656
0.799842
0.799998
0.8
0.8
0.8
0.8
0.8
0.8
0.8
0.8
0.8
0.8
0.8
0.8
0.8
0.8
0.8
0.8
0.8
0.8
0.8
0.8
0.8
0.8
0.8
0.8
0.8
0.8
0.8
0.551988
0.555149
0.558854
0.563274
0.56869
0.575591
0.584857
0.598363
0.621319
0.678871
0.793633
0.799869
0.799998
0.8
0.8
0.8
0.8
0.8
0.8
0.8
0.8
0.8
0.8
0.8
0.8
0.8
0.8
0.8
0.8
0.8
0.8
0.8
0.8
0.8
0.8
0.8
0.8
0.8
0.8
0.8
0.559052
0.562057
0.565502
0.569571
0.574555
0.580954
0.589691
0.602764
0.625849
0.686523
0.794247
0.799885
0.799998
0.8
0.8
0.8
0.8
0.8
0.8
0.8
0.8
0.8
0.8
0.8
0.8
0.8
0.8
0.8
0.8
0.8
0.8
0.8
0.8
0.8
0.8
0.8
0.8
0.8
0.8
0.8
0.566433
0.569271
0.572438
0.57612
0.580601
0.586377
0.594377
0.606653
0.629193
0.690858
0.794327
0.799887
0.799998
0.8
0.8
0.8
0.8
0.8
0.8
0.8
0.8
0.8
0.8
0.8
0.8
0.8
0.8
0.8
0.8
0.8
0.8
0.8
0.8
0.8
0.8
0.8
0.8
0.8
0.8
0.8
0.574352
0.577016
0.579892
0.583154
0.587065
0.592088
0.599103
0.610085
0.630959
0.689704
0.793406
0.799866
0.799998
0.8
0.8
0.8
0.8
0.8
0.8
0.8
0.8
0.8
0.8
0.8
0.8
0.8
0.8
0.8
0.8
0.8
0.8
0.8
0.8
0.8
0.8
0.8
0.8
0.8
0.8
0.8
0.583137
0.585633
0.588218
0.591044
0.594338
0.598498
0.604284
0.613414
0.631109
0.680972
0.789814
0.799798
0.799998
0.8
0.8
0.8
0.8
0.8
0.8
0.8
0.8
0.8
0.8
0.8
0.8
0.8
0.8
0.8
0.8
0.8
0.8
0.8
0.8
0.8
0.8
0.8
0.8
0.8
0.8
0.8
0.593321
0.595678
0.597997
0.600403
0.60308
0.606338
0.610758
0.617631
0.630753
0.665444
0.673728
0.68495
0.701519
0.726356
0.756961
0.781663
0.793921
0.798233
0.799516
0.799872
0.799967
0.799992
0.799998
0.799999
0.8
0.8
0.8
0.8
0.8
0.8
0.8
0.8
0.8
0.8
0.8
0.8
0.8
0.8
0.8
0.8
0.605841
0.608128
0.61025
0.61231
0.614452
0.616912
0.620119
0.624996
0.634008
0.654446
0.666795
0.681364
0.702882
0.733878
0.766892
0.78806
0.796501
0.799063
0.799758
0.799939
0.799985
0.799996
0.799999
0.8
0.8
0.8
0.8
0.8
0.8
0.8
0.8
0.8
0.8
0.8
0.8
0.8
0.8
0.8
0.8
0.8
0.622432
0.624796
0.62688
0.628773
0.6306
0.632562
0.635015
0.638686
0.645283
0.65854
0.673603
0.694416
0.724538
0.759467
0.784612
0.79543
0.798784
0.799689
0.799922
0.79998
0.799995
0.799999
0.8
0.8
0.8
0.8
0.8
0.8
0.8
0.8
0.8
0.8
0.8
0.8
0.8
0.8
0.8
0.8
0.8
0.8
0.646448
0.649203
0.651579
0.65368
0.655653
0.65773
0.660323
0.664219
0.671071
0.683994
0.704045
0.732514
0.764033
0.786202
0.795824
0.798871
0.799708
0.799926
0.799981
0.799995
0.799999
0.8
0.8
0.8
0.8
0.8
0.8
0.8
0.8
0.8
0.8
0.8
0.8
0.8
0.8
0.8
0.8
0.8
0.8
0.8
0.683688
0.687287
0.690447
0.693326
0.696144
0.699255
0.703253
0.709181
0.718877
0.734771
0.75628
0.777504
0.791282
0.797251
0.799224
0.799793
0.799946
0.799986
0.799996
0.799999
0.8
0.8
0.8
0.8
0.8
0.8
0.8
0.8
0.8
0.8
0.8
0.8
0.8
0.8
0.8
0.8
0.8
0.8
0.8
0.8
0.736455
0.740361
0.743829
0.747049
0.750274
0.753862
0.758314
0.764266
0.772269
0.78187
0.790598
0.796153
0.798692
0.799605
0.799889
0.79997
0.799992
0.799998
0.799999
0.8
0.8
0.8
0.8
0.8
0.8
0.8
0.8
0.8
0.8
0.8
0.8
0.8
0.8
0.8
0.8
0.8
0.8
0.8
0.8
0.8
0.781289
0.783193
0.784859
0.786379
0.787866
0.789442
0.791225
0.793269
0.795469
0.797465
0.798846
0.799563
0.799855
0.799956
0.799988
0.799997
0.799999
0.8
0.8
0.8
0.8
0.8
0.8
0.8
0.8
0.8
0.8
0.8
0.8
0.8
0.8
0.8
0.8
0.8
0.8
0.8
0.8
0.8
0.8
0.8
0.797211
0.797568
0.79788
0.798163
0.798434
0.79871
0.798998
0.799292
0.799564
0.799775
0.799903
0.799964
0.799988
0.799996
0.799999
0.8
0.8
0.8
0.8
0.8
0.8
0.8
0.8
0.8
0.8
0.8
0.8
0.8
0.8
0.8
0.8
0.8
0.8
0.8
0.8
0.8
0.8
0.8
0.8
0.8
0.799767
0.7998
0.79983
0.799857
0.799882
0.799907
0.799932
0.799955
0.799974
0.799987
0.799995
0.799998
0.799999
0.8
0.8
0.8
0.8
0.8
0.8
0.8
0.8
0.8
0.8
0.8
0.8
0.8
0.8
0.8
0.8
0.8
0.8
0.8
0.8
0.8
0.8
0.8
0.8
0.8
0.8
0.8
0.799991
0.799992
0.799994
0.799995
0.799996
0.799997
0.799998
0.799999
0.799999
0.8
0.8
0.8
0.8
0.8
0.8
0.8
0.8
0.8
0.8
0.8
0.8
0.8
0.8
0.8
0.8
0.8
0.8
0.8
0.8
0.8
0.8
0.8
0.8
0.8
0.8
0.8
0.8
0.8
0.8
0.8
)
;

boundaryField
{
    left
    {
        type            fixedValue;
        value           uniform 0;
    }
    right
    {
        type            fixedValue;
        value           uniform 0;
    }
    up
    {
        type            fixedValue;
        value           uniform 0;
    }
    down
    {
        type            fixedValue;
        value           uniform 0;
    }
    front
    {
        type            fixedValue;
        value           uniform 0;
    }
    back
    {
        type            fixedValue;
        value           uniform 0;
    }
}


// ************************************************************************* //
