/*--------------------------------*- C++ -*----------------------------------*\
| =========                 |                                                 |
| \\      /  F ield         | OpenFOAM: The Open Source CFD Toolbox           |
|  \\    /   O peration     | Version:  2.1.0                                 |
|   \\  /    A nd           | Web:      www.OpenFOAM.org                      |
|    \\/     M anipulation  |                                                 |
\*---------------------------------------------------------------------------*/
FoamFile
{
    version     2.0;
    format      ascii;
    class       volScalarField;
    location    "16060";
    object      sw;
}
// * * * * * * * * * * * * * * * * * * * * * * * * * * * * * * * * * * * * * //

dimensions      [0 0 0 0 0 0 0];

internalField   nonuniform List<scalar> 
8000
(
0.676998
0.661639
0.643456
0.624527
0.605887
0.587985
0.570971
0.554914
0.539838
0.52573
0.512547
0.500224
0.488683
0.477854
0.467671
0.458027
0.448819
0.439945
0.431306
0.422798
0.414314
0.405737
0.396935
0.387754
0.377998
0.367401
0.355604
0.342143
0.326516
0.308391
0.287185
0.262621
0.236829
0.215749
0.204548
0.20093
0.200142
0.200016
0.200001
0.2
0.661641
0.64811
0.631853
0.614624
0.597363
0.580522
0.56432
0.548884
0.534281
0.520527
0.507604
0.495465
0.48405
0.473309
0.463171
0.453533
0.444294
0.435353
0.426611
0.417963
0.4093
0.400504
0.391444
0.381963
0.371855
0.360844
0.348564
0.334573
0.318462
0.300068
0.278922
0.25518
0.23134
0.212877
0.203601
0.200724
0.200109
0.200012
0.200001
0.2
0.643456
0.631853
0.61767
0.602315
0.586606
0.570994
0.555755
0.541067
0.527034
0.513707
0.501097
0.489181
0.477926
0.467305
0.457235
0.447618
0.438358
0.429355
0.42051
0.41172
0.402877
0.393867
0.384562
0.374802
0.364378
0.353015
0.340368
0.326063
0.309861
0.29167
0.271071
0.248539
0.226701
0.210545
0.202851
0.20056
0.200083
0.200009
0.200001
0.2
0.624527
0.614624
0.602315
0.588697
0.574464
0.560062
0.545795
0.531866
0.518408
0.505505
0.493196
0.481491
0.470399
0.459885
0.449864
0.440244
0.43093
0.421824
0.412827
0.403839
0.394756
0.385473
0.375863
0.365767
0.354987
0.343277
0.330363
0.316014
0.300213
0.282682
0.263153
0.242257
0.222562
0.208566
0.202235
0.200428
0.200062
0.200007
0.2
0.2
0.605888
0.597363
0.586606
0.574464
0.561531
0.548225
0.534844
0.521599
0.508642
0.496083
0.483998
0.472446
0.461463
0.450991
0.440948
0.431244
0.421783
0.412467
0.403196
0.393876
0.384413
0.374701
0.364616
0.354017
0.342747
0.330652
0.317625
0.303701
0.28878
0.272499
0.254709
0.235983
0.218665
0.206803
0.201709
0.200318
0.200045
0.200005
0.2
0.2
0.587985
0.580522
0.570994
0.560062
0.548225
0.535851
0.523209
0.510506
0.497899
0.485525
0.473514
0.461999
0.450984
0.440414
0.430202
0.420251
0.410458
0.400722
0.390948
0.381044
0.370912
0.360445
0.34954
0.338113
0.326138
0.313688
0.300964
0.287951
0.274505
0.260379
0.245278
0.229411
0.214818
0.205164
0.201246
0.200224
0.200031
0.200003
0.2
0.2
0.570972
0.56432
0.555756
0.545795
0.534844
0.523209
0.511121
0.498757
0.486266
0.473813
0.461633
0.449887
0.438586
0.427662
0.417008
0.406506
0.396042
0.385512
0.374811
0.363831
0.352467
0.340639
0.328341
0.315698
0.302989
0.290426
0.278312
0.266903
0.256172
0.245656
0.234532
0.222354
0.210924
0.203624
0.200838
0.200146
0.200019
0.200002
0.2
0.2
0.554914
0.548884
0.541068
0.531866
0.521599
0.510506
0.498757
0.486472
0.473757
0.460809
0.447904
0.435421
0.423371
0.41162
0.400009
0.388389
0.376624
0.36457
0.352091
0.33908
0.325521
0.311552
0.29733
0.283217
0.269859
0.257972
0.248062
0.240218
0.234053
0.228681
0.222746
0.214987
0.207122
0.202253
0.200503
0.200085
0.200011
0.200001
0.2
0.2
0.539838
0.534281
0.527034
0.518409
0.508642
0.4979
0.486266
0.473757
0.460363
0.44602
0.430978
0.416716
0.402975
0.389416
0.375772
0.36181
0.347321
0.33216
0.316334
0.299879
0.283074
0.266688
0.251771
0.239218
0.229422
0.222299
0.217502
0.214616
0.213201
0.212647
0.211774
0.208348
0.203927
0.201204
0.200263
0.200044
0.200006
0.200001
0.2
0.2
0.52573
0.520527
0.513708
0.505505
0.496084
0.485526
0.473814
0.46081
0.44602
0.428185
0.405012
0.38626
0.368269
0.350003
0.330964
0.311081
0.290898
0.271207
0.253087
0.23765
0.225527
0.216707
0.210722
0.206898
0.204568
0.203209
0.202481
0.202216
0.202402
0.203188
0.204619
0.203885
0.20184
0.200554
0.20012
0.20002
0.200002
0.2
0.2
0.2
0.512547
0.507604
0.501097
0.493196
0.483998
0.473514
0.461633
0.447904
0.430978
0.405012
0.212614
0.207759
0.207187
0.206116
0.204876
0.203672
0.202622
0.201782
0.201162
0.200732
0.200451
0.200275
0.200168
0.200105
0.200068
0.200047
0.200037
0.200034
0.20004
0.200067
0.202588
0.201783
0.200766
0.200223
0.200048
0.200008
0.200001
0.2
0.2
0.2
0.500224
0.495466
0.489181
0.481491
0.472446
0.461999
0.449887
0.435422
0.416716
0.38626
0.207759
0.200228
0.200117
0.2001
0.200078
0.200057
0.200039
0.200026
0.200016
0.20001
0.200006
0.200004
0.200002
0.200001
0.200001
0.200001
0.2
0.2
0.2
0.200001
0.201177
0.200716
0.200285
0.200081
0.200017
0.200003
0.2
0.2
0.2
0.2
0.488683
0.484051
0.477926
0.470399
0.461463
0.450985
0.438586
0.423371
0.402975
0.368269
0.207187
0.200117
0.200003
0.200001
0.200001
0.200001
0.2
0.2
0.2
0.2
0.2
0.2
0.2
0.2
0.2
0.2
0.2
0.2
0.2
0.2
0.200456
0.200256
0.200097
0.200027
0.200006
0.200001
0.2
0.2
0.2
0.2
0.477854
0.47331
0.467305
0.459885
0.450991
0.440414
0.427662
0.41162
0.389416
0.350003
0.206116
0.2001
0.200001
0.2
0.2
0.2
0.2
0.2
0.2
0.2
0.2
0.2
0.2
0.2
0.2
0.2
0.2
0.2
0.2
0.2
0.200158
0.200084
0.200031
0.200009
0.200002
0.2
0.2
0.2
0.2
0.2
0.467671
0.463171
0.457235
0.449865
0.440948
0.430202
0.417008
0.400009
0.375772
0.330964
0.204876
0.200078
0.200001
0.2
0.2
0.2
0.2
0.2
0.2
0.2
0.2
0.2
0.2
0.2
0.2
0.2
0.2
0.2
0.2
0.2
0.200051
0.200026
0.200009
0.200003
0.200001
0.2
0.2
0.2
0.2
0.2
0.458027
0.453534
0.447618
0.440245
0.431245
0.420251
0.406506
0.388389
0.36181
0.311081
0.203672
0.200057
0.200001
0.2
0.2
0.2
0.2
0.2
0.2
0.2
0.2
0.2
0.2
0.2
0.2
0.2
0.2
0.2
0.2
0.2
0.200016
0.200008
0.200003
0.200001
0.2
0.2
0.2
0.2
0.2
0.2
0.448819
0.444294
0.438358
0.43093
0.421783
0.410458
0.396042
0.376624
0.347321
0.290898
0.202622
0.200039
0.2
0.2
0.2
0.2
0.2
0.2
0.2
0.2
0.2
0.2
0.2
0.2
0.2
0.2
0.2
0.2
0.2
0.2
0.200005
0.200002
0.200001
0.2
0.2
0.2
0.2
0.2
0.2
0.2
0.439945
0.435354
0.429355
0.421824
0.412467
0.400722
0.385512
0.36457
0.33216
0.271208
0.201782
0.200026
0.2
0.2
0.2
0.2
0.2
0.2
0.2
0.2
0.2
0.2
0.2
0.2
0.2
0.2
0.2
0.2
0.2
0.2
0.200001
0.200001
0.2
0.2
0.2
0.2
0.2
0.2
0.2
0.2
0.431306
0.426611
0.42051
0.412827
0.403196
0.390948
0.374812
0.352091
0.316334
0.253087
0.201162
0.200016
0.2
0.2
0.2
0.2
0.2
0.2
0.2
0.2
0.2
0.2
0.2
0.2
0.2
0.2
0.2
0.2
0.2
0.2
0.2
0.2
0.2
0.2
0.2
0.2
0.2
0.2
0.2
0.2
0.422798
0.417963
0.41172
0.403839
0.393876
0.381045
0.363832
0.33908
0.299879
0.23765
0.200732
0.20001
0.2
0.2
0.2
0.2
0.2
0.2
0.2
0.2
0.2
0.2
0.2
0.2
0.2
0.2
0.2
0.2
0.2
0.2
0.2
0.2
0.2
0.2
0.2
0.2
0.2
0.2
0.2
0.2
0.414314
0.4093
0.402877
0.394756
0.384413
0.370912
0.352467
0.325521
0.283074
0.225527
0.200451
0.200006
0.2
0.2
0.2
0.2
0.2
0.2
0.2
0.2
0.2
0.2
0.2
0.2
0.2
0.2
0.2
0.2
0.2
0.2
0.2
0.2
0.2
0.2
0.2
0.2
0.2
0.2
0.2
0.2
0.405737
0.400504
0.393867
0.385473
0.374701
0.360445
0.34064
0.311552
0.266688
0.216707
0.200275
0.200004
0.2
0.2
0.2
0.2
0.2
0.2
0.2
0.2
0.2
0.2
0.2
0.2
0.2
0.2
0.2
0.2
0.2
0.2
0.2
0.2
0.2
0.2
0.2
0.2
0.2
0.2
0.2
0.2
0.396935
0.391444
0.384562
0.375863
0.364616
0.34954
0.328341
0.29733
0.251772
0.210722
0.200168
0.200002
0.2
0.2
0.2
0.2
0.2
0.2
0.2
0.2
0.2
0.2
0.2
0.2
0.2
0.2
0.2
0.2
0.2
0.2
0.2
0.2
0.2
0.2
0.2
0.2
0.2
0.2
0.2
0.2
0.387754
0.381963
0.374802
0.365767
0.354017
0.338114
0.315698
0.283217
0.239218
0.206898
0.200105
0.200001
0.2
0.2
0.2
0.2
0.2
0.2
0.2
0.2
0.2
0.2
0.2
0.2
0.2
0.2
0.2
0.2
0.2
0.2
0.2
0.2
0.2
0.2
0.2
0.2
0.2
0.2
0.2
0.2
0.377998
0.371855
0.364378
0.354987
0.342747
0.326138
0.302989
0.269859
0.229422
0.204568
0.200068
0.200001
0.2
0.2
0.2
0.2
0.2
0.2
0.2
0.2
0.2
0.2
0.2
0.2
0.2
0.2
0.2
0.2
0.2
0.2
0.2
0.2
0.2
0.2
0.2
0.2
0.2
0.2
0.2
0.2
0.367401
0.360844
0.353015
0.343277
0.330652
0.313689
0.290426
0.257972
0.222299
0.203209
0.200047
0.200001
0.2
0.2
0.2
0.2
0.2
0.2
0.2
0.2
0.2
0.2
0.2
0.2
0.2
0.2
0.2
0.2
0.2
0.2
0.2
0.2
0.2
0.2
0.2
0.2
0.2
0.2
0.2
0.2
0.355604
0.348564
0.340368
0.330363
0.317625
0.300964
0.278312
0.248062
0.217502
0.202481
0.200037
0.2
0.2
0.2
0.2
0.2
0.2
0.2
0.2
0.2
0.2
0.2
0.2
0.2
0.2
0.2
0.2
0.2
0.2
0.2
0.2
0.2
0.2
0.2
0.2
0.2
0.2
0.2
0.2
0.2
0.342143
0.334573
0.326063
0.316015
0.303701
0.287951
0.266903
0.240218
0.214616
0.202216
0.200034
0.2
0.2
0.2
0.2
0.2
0.2
0.2
0.2
0.2
0.2
0.2
0.2
0.2
0.2
0.2
0.2
0.2
0.2
0.2
0.2
0.2
0.2
0.2
0.2
0.2
0.2
0.2
0.2
0.2
0.326516
0.318462
0.309861
0.300213
0.28878
0.274505
0.256172
0.234053
0.213201
0.202402
0.20004
0.2
0.2
0.2
0.2
0.2
0.2
0.2
0.2
0.2
0.2
0.2
0.2
0.2
0.2
0.2
0.2
0.2
0.2
0.2
0.2
0.2
0.2
0.2
0.2
0.2
0.2
0.2
0.2
0.2
0.308391
0.300068
0.29167
0.282682
0.272499
0.260379
0.245656
0.228681
0.212647
0.203188
0.200067
0.200001
0.2
0.2
0.2
0.2
0.2
0.2
0.2
0.2
0.2
0.2
0.2
0.2
0.2
0.2
0.2
0.2
0.2
0.2
0.2
0.2
0.2
0.2
0.2
0.2
0.2
0.2
0.2
0.2
0.287185
0.278922
0.271071
0.263153
0.25471
0.245278
0.234532
0.222746
0.211774
0.204619
0.202588
0.201177
0.200456
0.200158
0.200051
0.200016
0.200005
0.200001
0.2
0.2
0.2
0.2
0.2
0.2
0.2
0.2
0.2
0.2
0.2
0.2
0.2
0.2
0.2
0.2
0.2
0.2
0.2
0.2
0.2
0.2
0.262621
0.25518
0.248539
0.242257
0.235983
0.229411
0.222354
0.214987
0.208348
0.203885
0.201783
0.200716
0.200256
0.200084
0.200026
0.200008
0.200002
0.200001
0.2
0.2
0.2
0.2
0.2
0.2
0.2
0.2
0.2
0.2
0.2
0.2
0.2
0.2
0.2
0.2
0.2
0.2
0.2
0.2
0.2
0.2
0.236829
0.23134
0.226701
0.222562
0.218665
0.214818
0.210924
0.207122
0.203927
0.20184
0.200766
0.200285
0.200097
0.200031
0.200009
0.200003
0.200001
0.2
0.2
0.2
0.2
0.2
0.2
0.2
0.2
0.2
0.2
0.2
0.2
0.2
0.2
0.2
0.2
0.2
0.2
0.2
0.2
0.2
0.2
0.2
0.215749
0.212877
0.210545
0.208566
0.206803
0.205164
0.203624
0.202253
0.201204
0.200554
0.200223
0.200081
0.200027
0.200009
0.200003
0.200001
0.2
0.2
0.2
0.2
0.2
0.2
0.2
0.2
0.2
0.2
0.2
0.2
0.2
0.2
0.2
0.2
0.2
0.2
0.2
0.2
0.2
0.2
0.2
0.2
0.204548
0.203601
0.202851
0.202235
0.201709
0.201246
0.200838
0.200503
0.200263
0.20012
0.200048
0.200017
0.200006
0.200002
0.200001
0.2
0.2
0.2
0.2
0.2
0.2
0.2
0.2
0.2
0.2
0.2
0.2
0.2
0.2
0.2
0.2
0.2
0.2
0.2
0.2
0.2
0.2
0.2
0.2
0.2
0.200931
0.200724
0.20056
0.200428
0.200318
0.200224
0.200146
0.200085
0.200044
0.20002
0.200008
0.200003
0.200001
0.2
0.2
0.2
0.2
0.2
0.2
0.2
0.2
0.2
0.2
0.2
0.2
0.2
0.2
0.2
0.2
0.2
0.2
0.2
0.2
0.2
0.2
0.2
0.2
0.2
0.2
0.2
0.200142
0.200109
0.200083
0.200062
0.200045
0.200031
0.200019
0.200011
0.200006
0.200002
0.200001
0.2
0.2
0.2
0.2
0.2
0.2
0.2
0.2
0.2
0.2
0.2
0.2
0.2
0.2
0.2
0.2
0.2
0.2
0.2
0.2
0.2
0.2
0.2
0.2
0.2
0.2
0.2
0.2
0.2
0.200016
0.200012
0.200009
0.200007
0.200005
0.200003
0.200002
0.200001
0.200001
0.2
0.2
0.2
0.2
0.2
0.2
0.2
0.2
0.2
0.2
0.2
0.2
0.2
0.2
0.2
0.2
0.2
0.2
0.2
0.2
0.2
0.2
0.2
0.2
0.2
0.2
0.2
0.2
0.2
0.2
0.2
0.200001
0.200001
0.200001
0.2
0.2
0.2
0.2
0.2
0.2
0.2
0.2
0.2
0.2
0.2
0.2
0.2
0.2
0.2
0.2
0.2
0.2
0.2
0.2
0.2
0.2
0.2
0.2
0.2
0.2
0.2
0.2
0.2
0.2
0.2
0.2
0.2
0.2
0.2
0.2
0.2
0.2
0.2
0.2
0.2
0.2
0.2
0.2
0.2
0.2
0.2
0.2
0.2
0.2
0.2
0.2
0.2
0.2
0.2
0.2
0.2
0.2
0.2
0.2
0.2
0.2
0.2
0.2
0.2
0.2
0.2
0.2
0.2
0.2
0.2
0.2
0.2
0.2
0.2
0.2
0.2
0.74303
0.723196
0.699281
0.674661
0.651038
0.629091
0.608977
0.590615
0.57383
0.558468
0.5444
0.531503
0.519645
0.508683
0.498478
0.488945
0.479986
0.47151
0.463433
0.455678
0.448174
0.440855
0.433654
0.426505
0.419338
0.412075
0.404621
0.396821
0.388339
0.378296
0.365371
0.347426
0.320594
0.280891
0.236194
0.209399
0.20155
0.200176
0.200013
0.2
0.723202
0.705455
0.684219
0.662123
0.640585
0.620255
0.601356
0.583884
0.56775
0.552875
0.539179
0.526565
0.514925
0.504117
0.494034
0.484593
0.475704
0.467278
0.459237
0.451509
0.444026
0.436727
0.42955
0.422433
0.415314
0.408122
0.400765
0.393078
0.384666
0.374537
0.361373
0.342868
0.314981
0.274358
0.231363
0.207744
0.201244
0.200139
0.20001
0.2
0.699279
0.68422
0.666024
0.646743
0.627567
0.60911
0.591639
0.575226
0.559885
0.545615
0.532383
0.520132
0.508766
0.498161
0.488252
0.478953
0.470181
0.461856
0.453904
0.44626
0.438863
0.431658
0.424589
0.417604
0.410649
0.40366
0.396544
0.389102
0.380827
0.370683
0.357377
0.338403
0.309551
0.268211
0.227108
0.206365
0.200993
0.200109
0.200008
0.2
0.674661
0.662125
0.646744
0.630102
0.613186
0.596555
0.580492
0.565148
0.550626
0.536985
0.524241
0.512367
0.501278
0.490903
0.481189
0.472056
0.463427
0.45523
0.4474
0.439878
0.432611
0.425552
0.418656
0.411881
0.405184
0.398505
0.391734
0.384607
0.376459
0.366416
0.353088
0.333752
0.304017
0.262179
0.223228
0.205178
0.200782
0.200083
0.200006
0.2
0.651039
0.640586
0.627567
0.613185
0.598241
0.583218
0.568417
0.554055
0.540288
0.527221
0.514914
0.503362
0.492515
0.482359
0.47283
0.463858
0.455372
0.447309
0.43961
0.432224
0.425107
0.418222
0.411537
0.405022
0.398641
0.392326
0.385914
0.37901
0.371039
0.361243
0.348064
0.328502
0.297963
0.255899
0.219512
0.204113
0.200597
0.200062
0.200004
0.2
0.629091
0.620255
0.609109
0.596555
0.583217
0.569526
0.555795
0.54226
0.529105
0.516475
0.504467
0.493106
0.482442
0.472447
0.46306
0.454215
0.445845
0.437893
0.430306
0.42304
0.41606
0.40934
0.402855
0.396576
0.39045
0.384355
0.378026
0.371237
0.3636
0.354274
0.341519
0.32194
0.290705
0.248867
0.215762
0.203121
0.200434
0.200043
0.200003
0.2
0.608977
0.601356
0.591639
0.580491
0.568417
0.555795
0.542914
0.529998
0.517237
0.504796
0.492809
0.481479
0.470863
0.460924
0.451595
0.442803
0.434484
0.426577
0.419033
0.411812
0.404877
0.398191
0.391703
0.385323
0.378903
0.372443
0.365926
0.359244
0.352074
0.343585
0.33182
0.31268
0.28105
0.240445
0.21186
0.202192
0.20029
0.200028
0.200002
0.2
0.590615
0.583884
0.575225
0.565147
0.554055
0.54226
0.529998
0.51745
0.504758
0.492052
0.479671
0.468061
0.45727
0.447212
0.437784
0.428893
0.420461
0.412415
0.404686
0.397197
0.389847
0.382468
0.374997
0.367436
0.359797
0.352157
0.344684
0.337601
0.330988
0.32427
0.31519
0.29793
0.267146
0.230202
0.207936
0.201369
0.200173
0.200016
0.200001
0.2
0.57383
0.56775
0.559885
0.550626
0.540288
0.529105
0.517237
0.504758
0.491636
0.477946
0.464146
0.451667
0.440289
0.429736
0.419811
0.410366
0.401263
0.392338
0.383361
0.374178
0.364691
0.354751
0.344199
0.332955
0.32117
0.309414
0.298777
0.290687
0.286299
0.285458
0.285046
0.274297
0.248102
0.219081
0.204506
0.200736
0.20009
0.200008
0.2
0.2
0.558468
0.552875
0.545615
0.536985
0.527221
0.516475
0.504796
0.492053
0.477946
0.461715
0.442122
0.427373
0.414202
0.401779
0.389695
0.377603
0.365023
0.351655
0.337222
0.321467
0.304375
0.286446
0.268842
0.253109
0.240477
0.231407
0.225801
0.223584
0.225295
0.232476
0.245782
0.245973
0.228077
0.209782
0.20213
0.200337
0.200041
0.200004
0.2
0.2
0.5444
0.539179
0.532383
0.524241
0.514914
0.504467
0.492809
0.479671
0.464146
0.442122
0.220792
0.214545
0.214898
0.214254
0.213045
0.211524
0.209844
0.208122
0.206454
0.204925
0.203604
0.202539
0.201741
0.201184
0.20082
0.200597
0.200478
0.200447
0.200536
0.20092
0.231968
0.226583
0.213511
0.204107
0.200852
0.200134
0.200016
0.200001
0.2
0.2
0.531503
0.526565
0.520132
0.512367
0.503362
0.493106
0.481479
0.468062
0.451667
0.427373
0.214545
0.200597
0.200349
0.200341
0.200308
0.200262
0.200211
0.200162
0.200119
0.200084
0.200057
0.200038
0.200025
0.200016
0.200011
0.200008
0.200006
0.200006
0.200007
0.20001
0.217685
0.21241
0.205311
0.201476
0.200301
0.200047
0.200006
0.200001
0.2
0.2
0.519646
0.514925
0.508766
0.501278
0.492515
0.482442
0.470863
0.45727
0.440289
0.414202
0.214898
0.200349
0.20001
0.200005
0.200005
0.200004
0.200003
0.200002
0.200002
0.200001
0.200001
0.2
0.2
0.2
0.2
0.2
0.2
0.2
0.2
0.2
0.207684
0.204688
0.201791
0.200478
0.200097
0.200015
0.200002
0.2
0.2
0.2
0.508684
0.504117
0.498161
0.490903
0.482359
0.472447
0.460924
0.447212
0.429736
0.401779
0.214254
0.200341
0.200005
0.2
0.2
0.2
0.2
0.2
0.2
0.2
0.2
0.2
0.2
0.2
0.2
0.2
0.2
0.2
0.2
0.2
0.202764
0.20153
0.200551
0.200145
0.20003
0.200005
0.200001
0.2
0.2
0.2
0.498478
0.494034
0.488252
0.481189
0.47283
0.463061
0.451595
0.437784
0.419811
0.389695
0.213045
0.200308
0.200005
0.2
0.2
0.2
0.2
0.2
0.2
0.2
0.2
0.2
0.2
0.2
0.2
0.2
0.2
0.2
0.2
0.2
0.200885
0.200461
0.200161
0.200042
0.200009
0.200001
0.2
0.2
0.2
0.2
0.488945
0.484594
0.478954
0.472056
0.463858
0.454215
0.442804
0.428893
0.410366
0.377603
0.211524
0.200262
0.200004
0.2
0.2
0.2
0.2
0.2
0.2
0.2
0.2
0.2
0.2
0.2
0.2
0.2
0.2
0.2
0.2
0.2
0.200267
0.200133
0.200046
0.200012
0.200002
0.2
0.2
0.2
0.2
0.2
0.479987
0.475704
0.470181
0.463427
0.455373
0.445845
0.434484
0.420461
0.401263
0.365023
0.209844
0.200211
0.200003
0.2
0.2
0.2
0.2
0.2
0.2
0.2
0.2
0.2
0.2
0.2
0.2
0.2
0.2
0.2
0.2
0.2
0.200078
0.200038
0.200013
0.200003
0.200001
0.2
0.2
0.2
0.2
0.2
0.47151
0.467278
0.461856
0.45523
0.447309
0.437893
0.426577
0.412415
0.392338
0.351655
0.208122
0.200162
0.200002
0.2
0.2
0.2
0.2
0.2
0.2
0.2
0.2
0.2
0.2
0.2
0.2
0.2
0.2
0.2
0.2
0.2
0.200022
0.200011
0.200004
0.200001
0.2
0.2
0.2
0.2
0.2
0.2
0.463433
0.459237
0.453904
0.4474
0.43961
0.430306
0.419033
0.404686
0.383361
0.337222
0.206454
0.200119
0.200002
0.2
0.2
0.2
0.2
0.2
0.2
0.2
0.2
0.2
0.2
0.2
0.2
0.2
0.2
0.2
0.2
0.2
0.200006
0.200003
0.200001
0.2
0.2
0.2
0.2
0.2
0.2
0.2
0.455678
0.451509
0.44626
0.439878
0.432224
0.42304
0.411812
0.397197
0.374178
0.321467
0.204925
0.200084
0.200001
0.2
0.2
0.2
0.2
0.2
0.2
0.2
0.2
0.2
0.2
0.2
0.2
0.2
0.2
0.2
0.2
0.2
0.200002
0.200001
0.2
0.2
0.2
0.2
0.2
0.2
0.2
0.2
0.448174
0.444026
0.438863
0.432612
0.425107
0.41606
0.404877
0.389847
0.364691
0.304375
0.203604
0.200057
0.200001
0.2
0.2
0.2
0.2
0.2
0.2
0.2
0.2
0.2
0.2
0.2
0.2
0.2
0.2
0.2
0.2
0.2
0.2
0.2
0.2
0.2
0.2
0.2
0.2
0.2
0.2
0.2
0.440855
0.436727
0.431658
0.425552
0.418222
0.40934
0.398191
0.382468
0.354751
0.286446
0.202539
0.200038
0.2
0.2
0.2
0.2
0.2
0.2
0.2
0.2
0.2
0.2
0.2
0.2
0.2
0.2
0.2
0.2
0.2
0.2
0.2
0.2
0.2
0.2
0.2
0.2
0.2
0.2
0.2
0.2
0.433654
0.42955
0.424589
0.418656
0.411537
0.402855
0.391703
0.374997
0.344199
0.268843
0.201741
0.200025
0.2
0.2
0.2
0.2
0.2
0.2
0.2
0.2
0.2
0.2
0.2
0.2
0.2
0.2
0.2
0.2
0.2
0.2
0.2
0.2
0.2
0.2
0.2
0.2
0.2
0.2
0.2
0.2
0.426506
0.422433
0.417604
0.411881
0.405022
0.396576
0.385323
0.367436
0.332955
0.253109
0.201184
0.200016
0.2
0.2
0.2
0.2
0.2
0.2
0.2
0.2
0.2
0.2
0.2
0.2
0.2
0.2
0.2
0.2
0.2
0.2
0.2
0.2
0.2
0.2
0.2
0.2
0.2
0.2
0.2
0.2
0.419338
0.415314
0.410649
0.405184
0.398641
0.39045
0.378903
0.359797
0.32117
0.240477
0.20082
0.200011
0.2
0.2
0.2
0.2
0.2
0.2
0.2
0.2
0.2
0.2
0.2
0.2
0.2
0.2
0.2
0.2
0.2
0.2
0.2
0.2
0.2
0.2
0.2
0.2
0.2
0.2
0.2
0.2
0.412075
0.408122
0.40366
0.398505
0.392326
0.384355
0.372443
0.352157
0.309414
0.231407
0.200597
0.200008
0.2
0.2
0.2
0.2
0.2
0.2
0.2
0.2
0.2
0.2
0.2
0.2
0.2
0.2
0.2
0.2
0.2
0.2
0.2
0.2
0.2
0.2
0.2
0.2
0.2
0.2
0.2
0.2
0.404621
0.400765
0.396544
0.391735
0.385915
0.378026
0.365926
0.344684
0.298777
0.225801
0.200478
0.200006
0.2
0.2
0.2
0.2
0.2
0.2
0.2
0.2
0.2
0.2
0.2
0.2
0.2
0.2
0.2
0.2
0.2
0.2
0.2
0.2
0.2
0.2
0.2
0.2
0.2
0.2
0.2
0.2
0.396821
0.393078
0.389103
0.384607
0.37901
0.371237
0.359244
0.337601
0.290687
0.223584
0.200447
0.200006
0.2
0.2
0.2
0.2
0.2
0.2
0.2
0.2
0.2
0.2
0.2
0.2
0.2
0.2
0.2
0.2
0.2
0.2
0.2
0.2
0.2
0.2
0.2
0.2
0.2
0.2
0.2
0.2
0.388339
0.384666
0.380827
0.376459
0.371039
0.3636
0.352074
0.330988
0.286299
0.225295
0.200536
0.200007
0.2
0.2
0.2
0.2
0.2
0.2
0.2
0.2
0.2
0.2
0.2
0.2
0.2
0.2
0.2
0.2
0.2
0.2
0.2
0.2
0.2
0.2
0.2
0.2
0.2
0.2
0.2
0.2
0.378297
0.374537
0.370683
0.366416
0.361243
0.354274
0.343585
0.32427
0.285458
0.232476
0.20092
0.20001
0.2
0.2
0.2
0.2
0.2
0.2
0.2
0.2
0.2
0.2
0.2
0.2
0.2
0.2
0.2
0.2
0.2
0.2
0.2
0.2
0.2
0.2
0.2
0.2
0.2
0.2
0.2
0.2
0.365371
0.361373
0.357377
0.353088
0.348064
0.341519
0.33182
0.31519
0.285046
0.245782
0.231968
0.217685
0.207684
0.202764
0.200885
0.200267
0.200078
0.200022
0.200006
0.200002
0.2
0.2
0.2
0.2
0.2
0.2
0.2
0.2
0.2
0.2
0.2
0.2
0.2
0.2
0.2
0.2
0.2
0.2
0.2
0.2
0.347427
0.342868
0.338403
0.333752
0.328502
0.32194
0.31268
0.29793
0.274297
0.245973
0.226583
0.21241
0.204688
0.20153
0.200461
0.200133
0.200038
0.200011
0.200003
0.200001
0.2
0.2
0.2
0.2
0.2
0.2
0.2
0.2
0.2
0.2
0.2
0.2
0.2
0.2
0.2
0.2
0.2
0.2
0.2
0.2
0.320595
0.314981
0.309551
0.304017
0.297963
0.290706
0.28105
0.267146
0.248102
0.228077
0.213511
0.205311
0.201791
0.200551
0.200161
0.200046
0.200013
0.200004
0.200001
0.2
0.2
0.2
0.2
0.2
0.2
0.2
0.2
0.2
0.2
0.2
0.2
0.2
0.2
0.2
0.2
0.2
0.2
0.2
0.2
0.2
0.280891
0.274358
0.268212
0.262179
0.255899
0.248868
0.240445
0.230202
0.219081
0.209782
0.204107
0.201476
0.200478
0.200145
0.200042
0.200012
0.200003
0.200001
0.2
0.2
0.2
0.2
0.2
0.2
0.2
0.2
0.2
0.2
0.2
0.2
0.2
0.2
0.2
0.2
0.2
0.2
0.2
0.2
0.2
0.2
0.236195
0.231364
0.227109
0.223228
0.219512
0.215762
0.21186
0.207936
0.204506
0.20213
0.200852
0.200301
0.200097
0.20003
0.200009
0.200002
0.200001
0.2
0.2
0.2
0.2
0.2
0.2
0.2
0.2
0.2
0.2
0.2
0.2
0.2
0.2
0.2
0.2
0.2
0.2
0.2
0.2
0.2
0.2
0.2
0.209399
0.207745
0.206365
0.205178
0.204113
0.203121
0.202192
0.201369
0.200736
0.200337
0.200134
0.200047
0.200015
0.200005
0.200001
0.2
0.2
0.2
0.2
0.2
0.2
0.2
0.2
0.2
0.2
0.2
0.2
0.2
0.2
0.2
0.2
0.2
0.2
0.2
0.2
0.2
0.2
0.2
0.2
0.2
0.20155
0.201244
0.200993
0.200782
0.200597
0.200434
0.20029
0.200173
0.20009
0.200041
0.200016
0.200006
0.200002
0.200001
0.2
0.2
0.2
0.2
0.2
0.2
0.2
0.2
0.2
0.2
0.2
0.2
0.2
0.2
0.2
0.2
0.2
0.2
0.2
0.2
0.2
0.2
0.2
0.2
0.2
0.2
0.200176
0.200139
0.200109
0.200083
0.200062
0.200043
0.200028
0.200016
0.200008
0.200004
0.200001
0.200001
0.2
0.2
0.2
0.2
0.2
0.2
0.2
0.2
0.2
0.2
0.2
0.2
0.2
0.2
0.2
0.2
0.2
0.2
0.2
0.2
0.2
0.2
0.2
0.2
0.2
0.2
0.2
0.2
0.200013
0.20001
0.200008
0.200006
0.200004
0.200003
0.200002
0.200001
0.2
0.2
0.2
0.2
0.2
0.2
0.2
0.2
0.2
0.2
0.2
0.2
0.2
0.2
0.2
0.2
0.2
0.2
0.2
0.2
0.2
0.2
0.2
0.2
0.2
0.2
0.2
0.2
0.2
0.2
0.2
0.2
0.2
0.2
0.2
0.2
0.2
0.2
0.2
0.2
0.2
0.2
0.2
0.2
0.2
0.2
0.2
0.2
0.2
0.2
0.2
0.2
0.2
0.2
0.2
0.2
0.2
0.2
0.2
0.2
0.2
0.2
0.2
0.2
0.2
0.2
0.2
0.2
0.2
0.2
0.2
0.2
0.784771
0.766393
0.739668
0.710612
0.682669
0.657082
0.634086
0.613529
0.595126
0.578562
0.563574
0.549962
0.537553
0.526191
0.515725
0.506014
0.496959
0.488461
0.480429
0.472784
0.465451
0.458361
0.451445
0.444631
0.437837
0.430967
0.423888
0.416409
0.408226
0.398861
0.387564
0.372927
0.352234
0.320651
0.274202
0.22752
0.205544
0.200684
0.200052
0.200002
0.766407
0.746733
0.721878
0.695726
0.670437
0.646948
0.625526
0.606127
0.58856
0.572599
0.558062
0.544797
0.53266
0.521514
0.511217
0.50165
0.492715
0.484321
0.476381
0.46882
0.461567
0.454557
0.447724
0.440998
0.434302
0.427538
0.420574
0.413212
0.405132
0.395849
0.384573
0.369807
0.348668
0.316128
0.268963
0.224244
0.204692
0.200566
0.200043
0.200002
0.739664
0.721877
0.700308
0.677622
0.655356
0.634284
0.614713
0.59669
0.580125
0.564903
0.55093
0.538106
0.526323
0.515465
0.505402
0.49604
0.487287
0.479056
0.471269
0.463854
0.456746
0.449885
0.443208
0.43665
0.430138
0.423574
0.416823
0.409679
0.401812
0.392735
0.381611
0.36685
0.345379
0.311962
0.264175
0.221379
0.203967
0.200467
0.200034
0.200001
0.710608
0.695727
0.677623
0.658283
0.638917
0.620201
0.602462
0.585814
0.570264
0.555811
0.542432
0.530081
0.518685
0.508139
0.498347
0.489227
0.480691
0.47266
0.465063
0.457834
0.450913
0.444244
0.437772
0.431436
0.425167
0.418871
0.412411
0.405577
0.398043
0.389319
0.378507
0.363903
0.342217
0.307963
0.259616
0.218774
0.203328
0.200379
0.200027
0.200001
0.682668
0.67044
0.655358
0.638918
0.622091
0.605466
0.589367
0.573952
0.559332
0.545587
0.53276
0.520853
0.50982
0.499578
0.490062
0.481189
0.472878
0.465058
0.457661
0.450627
0.443902
0.437436
0.43118
0.425081
0.419076
0.41308
0.406962
0.400524
0.393474
0.38529
0.375001
0.360748
0.338966
0.303854
0.25498
0.216264
0.202738
0.2003
0.200021
0.200001
0.657083
0.646951
0.634286
0.620201
0.605467
0.590575
0.575829
0.561443
0.547592
0.534414
0.522016
0.510456
0.499706
0.489729
0.480454
0.4718
0.463689
0.456053
0.448827
0.441956
0.435389
0.429084
0.422996
0.417083
0.411294
0.405564
0.399805
0.393875
0.387491
0.380103
0.370644
0.357021
0.33527
0.299182
0.249831
0.213675
0.202166
0.200227
0.200015
0.2
0.634087
0.625528
0.614714
0.602463
0.589367
0.575829
0.562144
0.548546
0.53523
0.522379
0.510183
0.498774
0.488191
0.478385
0.46927
0.460758
0.452769
0.44523
0.438078
0.431259
0.424724
0.418433
0.412347
0.406438
0.400697
0.395126
0.389706
0.384359
0.378859
0.37266
0.364561
0.352024
0.33046
0.293134
0.243545
0.210864
0.201599
0.200158
0.20001
0.2
0.61353
0.606129
0.596691
0.585814
0.573952
0.561443
0.548546
0.535459
0.522355
0.509436
0.496992
0.485443
0.474819
0.465011
0.455892
0.44735
0.439291
0.431633
0.424306
0.41725
0.410411
0.403757
0.397281
0.390992
0.384924
0.37915
0.373774
0.368908
0.364538
0.360246
0.35465
0.344171
0.323111
0.284188
0.235366
0.207808
0.201058
0.200099
0.200006
0.2
0.595127
0.588562
0.580126
0.570265
0.559332
0.547592
0.53523
0.522355
0.509022
0.495285
0.481598
0.469363
0.458318
0.448155
0.438653
0.42965
0.421021
0.412658
0.40447
0.396404
0.388425
0.380494
0.372583
0.364692
0.356893
0.349399
0.342657
0.337396
0.334446
0.334073
0.334651
0.32937
0.310102
0.269845
0.225016
0.204794
0.200601
0.200053
0.200003
0.2
0.578563
0.5726
0.564904
0.555811
0.545587
0.534414
0.522379
0.509436
0.495285
0.479217
0.460151
0.446039
0.433619
0.422051
0.410925
0.399972
0.388975
0.377741
0.366125
0.353965
0.341118
0.327512
0.313245
0.298733
0.284844
0.272843
0.26414
0.26016
0.262647
0.273668
0.29254
0.302433
0.288075
0.248982
0.214269
0.202408
0.200286
0.200025
0.200001
0.2
0.563575
0.558063
0.55093
0.542433
0.53276
0.522017
0.510183
0.496992
0.481598
0.460151
0.224328
0.217768
0.218711
0.218465
0.217522
0.216169
0.214567
0.212826
0.211031
0.209256
0.207568
0.206028
0.204689
0.203591
0.202752
0.202169
0.201831
0.20176
0.202101
0.203505
0.280492
0.281947
0.261663
0.227003
0.20639
0.200996
0.200116
0.20001
0.200001
0.2
0.549963
0.544797
0.538106
0.530082
0.520853
0.510457
0.498774
0.485443
0.469363
0.446039
0.217768
0.200845
0.200519
0.20053
0.200504
0.200455
0.200393
0.200327
0.200264
0.200205
0.200156
0.200115
0.200083
0.20006
0.200044
0.200033
0.200027
0.200026
0.200031
0.200049
0.261836
0.256275
0.233791
0.211338
0.202345
0.200355
0.200041
0.200004
0.2
0.2
0.537554
0.53266
0.526323
0.518685
0.50982
0.499706
0.488191
0.474819
0.458318
0.433619
0.218711
0.200519
0.200018
0.20001
0.200009
0.200008
0.200007
0.200006
0.200004
0.200003
0.200002
0.200002
0.200001
0.200001
0.200001
0.2
0.2
0.2
0.2
0.2
0.238091
0.229526
0.213771
0.203848
0.200754
0.200114
0.200013
0.200001
0.2
0.2
0.526191
0.521514
0.515465
0.508139
0.499579
0.48973
0.478385
0.465011
0.448155
0.422051
0.218465
0.20053
0.20001
0.2
0.2
0.2
0.2
0.2
0.2
0.2
0.2
0.2
0.2
0.2
0.2
0.2
0.2
0.2
0.2
0.2
0.217615
0.21151
0.204477
0.201156
0.200224
0.200034
0.200004
0.2
0.2
0.2
0.515725
0.511218
0.505402
0.498347
0.490062
0.480454
0.46927
0.455892
0.438653
0.410925
0.217522
0.200504
0.200009
0.2
0.2
0.2
0.2
0.2
0.2
0.2
0.2
0.2
0.2
0.2
0.2
0.2
0.2
0.2
0.2
0.2
0.206355
0.203648
0.201295
0.200326
0.200064
0.20001
0.200001
0.2
0.2
0.2
0.506015
0.50165
0.49604
0.489227
0.481189
0.4718
0.460758
0.44735
0.42965
0.399972
0.216169
0.200455
0.200008
0.2
0.2
0.2
0.2
0.2
0.2
0.2
0.2
0.2
0.2
0.2
0.2
0.2
0.2
0.2
0.2
0.2
0.20198
0.201045
0.200356
0.200089
0.200018
0.200003
0.2
0.2
0.2
0.2
0.49696
0.492716
0.487288
0.480691
0.472879
0.46369
0.452769
0.439291
0.421021
0.388975
0.214567
0.200393
0.200007
0.2
0.2
0.2
0.2
0.2
0.2
0.2
0.2
0.2
0.2
0.2
0.2
0.2
0.2
0.2
0.2
0.2
0.200574
0.200287
0.200096
0.200024
0.200005
0.200001
0.2
0.2
0.2
0.2
0.488461
0.484321
0.479056
0.47266
0.465058
0.456053
0.44523
0.431633
0.412658
0.377741
0.212826
0.200327
0.200006
0.2
0.2
0.2
0.2
0.2
0.2
0.2
0.2
0.2
0.2
0.2
0.2
0.2
0.2
0.2
0.2
0.2
0.20016
0.200077
0.200025
0.200006
0.200001
0.2
0.2
0.2
0.2
0.2
0.480429
0.476381
0.471269
0.465063
0.457661
0.448827
0.438078
0.424306
0.40447
0.366125
0.211031
0.200264
0.200004
0.2
0.2
0.2
0.2
0.2
0.2
0.2
0.2
0.2
0.2
0.2
0.2
0.2
0.2
0.2
0.2
0.2
0.200044
0.200021
0.200007
0.200002
0.2
0.2
0.2
0.2
0.2
0.2
0.472784
0.46882
0.463854
0.457834
0.450627
0.441956
0.431259
0.41725
0.396405
0.353965
0.209256
0.200205
0.200003
0.2
0.2
0.2
0.2
0.2
0.2
0.2
0.2
0.2
0.2
0.2
0.2
0.2
0.2
0.2
0.2
0.2
0.200012
0.200005
0.200002
0.2
0.2
0.2
0.2
0.2
0.2
0.2
0.465451
0.461568
0.456746
0.450913
0.443902
0.43539
0.424725
0.410411
0.388425
0.341118
0.207568
0.200156
0.200002
0.2
0.2
0.2
0.2
0.2
0.2
0.2
0.2
0.2
0.2
0.2
0.2
0.2
0.2
0.2
0.2
0.2
0.200003
0.200001
0.2
0.2
0.2
0.2
0.2
0.2
0.2
0.2
0.458361
0.454557
0.449885
0.444245
0.437436
0.429084
0.418433
0.403757
0.380494
0.327512
0.206028
0.200115
0.200002
0.2
0.2
0.2
0.2
0.2
0.2
0.2
0.2
0.2
0.2
0.2
0.2
0.2
0.2
0.2
0.2
0.2
0.200001
0.2
0.2
0.2
0.2
0.2
0.2
0.2
0.2
0.2
0.451445
0.447724
0.443208
0.437772
0.43118
0.422996
0.412347
0.397281
0.372583
0.313245
0.204689
0.200083
0.200001
0.2
0.2
0.2
0.2
0.2
0.2
0.2
0.2
0.2
0.2
0.2
0.2
0.2
0.2
0.2
0.2
0.2
0.2
0.2
0.2
0.2
0.2
0.2
0.2
0.2
0.2
0.2
0.444631
0.440998
0.436651
0.431436
0.425081
0.417083
0.406438
0.390992
0.364692
0.298733
0.203591
0.20006
0.200001
0.2
0.2
0.2
0.2
0.2
0.2
0.2
0.2
0.2
0.2
0.2
0.2
0.2
0.2
0.2
0.2
0.2
0.2
0.2
0.2
0.2
0.2
0.2
0.2
0.2
0.2
0.2
0.437837
0.434302
0.430138
0.425167
0.419077
0.411294
0.400697
0.384924
0.356893
0.284844
0.202752
0.200044
0.200001
0.2
0.2
0.2
0.2
0.2
0.2
0.2
0.2
0.2
0.2
0.2
0.2
0.2
0.2
0.2
0.2
0.2
0.2
0.2
0.2
0.2
0.2
0.2
0.2
0.2
0.2
0.2
0.430967
0.427538
0.423574
0.418871
0.41308
0.405564
0.395127
0.37915
0.349399
0.272843
0.202169
0.200033
0.2
0.2
0.2
0.2
0.2
0.2
0.2
0.2
0.2
0.2
0.2
0.2
0.2
0.2
0.2
0.2
0.2
0.2
0.2
0.2
0.2
0.2
0.2
0.2
0.2
0.2
0.2
0.2
0.423888
0.420574
0.416823
0.412412
0.406962
0.399805
0.389707
0.373775
0.342658
0.26414
0.201831
0.200027
0.2
0.2
0.2
0.2
0.2
0.2
0.2
0.2
0.2
0.2
0.2
0.2
0.2
0.2
0.2
0.2
0.2
0.2
0.2
0.2
0.2
0.2
0.2
0.2
0.2
0.2
0.2
0.2
0.416409
0.413212
0.409679
0.405577
0.400524
0.393875
0.384359
0.368908
0.337396
0.26016
0.20176
0.200026
0.2
0.2
0.2
0.2
0.2
0.2
0.2
0.2
0.2
0.2
0.2
0.2
0.2
0.2
0.2
0.2
0.2
0.2
0.2
0.2
0.2
0.2
0.2
0.2
0.2
0.2
0.2
0.2
0.408226
0.405132
0.401812
0.398043
0.393474
0.387491
0.378859
0.364538
0.334446
0.262647
0.202101
0.200031
0.2
0.2
0.2
0.2
0.2
0.2
0.2
0.2
0.2
0.2
0.2
0.2
0.2
0.2
0.2
0.2
0.2
0.2
0.2
0.2
0.2
0.2
0.2
0.2
0.2
0.2
0.2
0.2
0.398861
0.395849
0.392735
0.389319
0.38529
0.380104
0.372661
0.360246
0.334074
0.273668
0.203505
0.200049
0.2
0.2
0.2
0.2
0.2
0.2
0.2
0.2
0.2
0.2
0.2
0.2
0.2
0.2
0.2
0.2
0.2
0.2
0.2
0.2
0.2
0.2
0.2
0.2
0.2
0.2
0.2
0.2
0.387564
0.384573
0.381612
0.378508
0.375001
0.370644
0.364561
0.354651
0.334651
0.29254
0.280492
0.261836
0.238091
0.217615
0.206355
0.20198
0.200574
0.20016
0.200044
0.200012
0.200003
0.200001
0.2
0.2
0.2
0.2
0.2
0.2
0.2
0.2
0.2
0.2
0.2
0.2
0.2
0.2
0.2
0.2
0.2
0.2
0.372927
0.369807
0.36685
0.363903
0.360748
0.357021
0.352024
0.344171
0.32937
0.302433
0.281947
0.256275
0.229526
0.21151
0.203648
0.201045
0.200287
0.200077
0.200021
0.200005
0.200001
0.2
0.2
0.2
0.2
0.2
0.2
0.2
0.2
0.2
0.2
0.2
0.2
0.2
0.2
0.2
0.2
0.2
0.2
0.2
0.352234
0.348668
0.345379
0.342217
0.338966
0.33527
0.33046
0.323111
0.310102
0.288075
0.261663
0.233791
0.213771
0.204477
0.201295
0.200356
0.200096
0.200025
0.200007
0.200002
0.2
0.2
0.2
0.2
0.2
0.2
0.2
0.2
0.2
0.2
0.2
0.2
0.2
0.2
0.2
0.2
0.2
0.2
0.2
0.2
0.320651
0.316128
0.311962
0.307963
0.303854
0.299182
0.293134
0.284189
0.269846
0.248983
0.227003
0.211338
0.203848
0.201156
0.200326
0.200089
0.200024
0.200006
0.200002
0.2
0.2
0.2
0.2
0.2
0.2
0.2
0.2
0.2
0.2
0.2
0.2
0.2
0.2
0.2
0.2
0.2
0.2
0.2
0.2
0.2
0.274202
0.268963
0.264176
0.259616
0.254981
0.249831
0.243545
0.235366
0.225016
0.214269
0.20639
0.202345
0.200754
0.200224
0.200064
0.200018
0.200005
0.200001
0.2
0.2
0.2
0.2
0.2
0.2
0.2
0.2
0.2
0.2
0.2
0.2
0.2
0.2
0.2
0.2
0.2
0.2
0.2
0.2
0.2
0.2
0.22752
0.224245
0.221379
0.218774
0.216264
0.213675
0.210864
0.207808
0.204794
0.202408
0.200996
0.200355
0.200114
0.200034
0.20001
0.200003
0.200001
0.2
0.2
0.2
0.2
0.2
0.2
0.2
0.2
0.2
0.2
0.2
0.2
0.2
0.2
0.2
0.2
0.2
0.2
0.2
0.2
0.2
0.2
0.2
0.205544
0.204692
0.203967
0.203328
0.202738
0.202166
0.201599
0.201058
0.200601
0.200286
0.200116
0.200041
0.200013
0.200004
0.200001
0.2
0.2
0.2
0.2
0.2
0.2
0.2
0.2
0.2
0.2
0.2
0.2
0.2
0.2
0.2
0.2
0.2
0.2
0.2
0.2
0.2
0.2
0.2
0.2
0.2
0.200684
0.200566
0.200467
0.200379
0.2003
0.200227
0.200158
0.200099
0.200053
0.200025
0.20001
0.200004
0.200001
0.2
0.2
0.2
0.2
0.2
0.2
0.2
0.2
0.2
0.2
0.2
0.2
0.2
0.2
0.2
0.2
0.2
0.2
0.2
0.2
0.2
0.2
0.2
0.2
0.2
0.2
0.2
0.200052
0.200043
0.200034
0.200027
0.200021
0.200015
0.20001
0.200006
0.200003
0.200001
0.200001
0.2
0.2
0.2
0.2
0.2
0.2
0.2
0.2
0.2
0.2
0.2
0.2
0.2
0.2
0.2
0.2
0.2
0.2
0.2
0.2
0.2
0.2
0.2
0.2
0.2
0.2
0.2
0.2
0.2
0.200002
0.200002
0.200001
0.200001
0.200001
0.2
0.2
0.2
0.2
0.2
0.2
0.2
0.2
0.2
0.2
0.2
0.2
0.2
0.2
0.2
0.2
0.2
0.2
0.2
0.2
0.2
0.2
0.2
0.2
0.2
0.2
0.2
0.2
0.2
0.2
0.2
0.2
0.2
0.2
0.2
0.799334
0.792376
0.770128
0.739025
0.70749
0.678629
0.653017
0.630455
0.610547
0.592875
0.577054
0.562788
0.549851
0.538055
0.527236
0.51725
0.507967
0.499282
0.4911
0.483333
0.475904
0.46874
0.461767
0.454912
0.448091
0.441206
0.434134
0.426704
0.41867
0.409659
0.399056
0.385768
0.367723
0.340971
0.299675
0.247125
0.211734
0.201598
0.200128
0.200005
0.792397
0.776996
0.751439
0.722242
0.693651
0.667303
0.643593
0.622422
0.603522
0.586573
0.571278
0.55741
0.544785
0.533239
0.522627
0.512812
0.503677
0.495122
0.487057
0.479399
0.472075
0.465014
0.458147
0.451403
0.4447
0.437944
0.43101
0.423728
0.415843
0.40697
0.396468
0.383189
0.364949
0.337598
0.295329
0.243219
0.210289
0.201365
0.200108
0.200004
0.77013
0.751434
0.727374
0.701727
0.676684
0.653248
0.631766
0.612252
0.594561
0.578485
0.563838
0.550473
0.53825
0.527036
0.516703
0.507127
0.498204
0.489841
0.481955
0.474469
0.467313
0.460422
0.453731
0.447172
0.440671
0.434134
0.427438
0.42041
0.412791
0.404182
0.393912
0.380774
0.362462
0.33461
0.291427
0.239752
0.209039
0.201164
0.20009
0.200003
0.739016
0.722235
0.701725
0.679951
0.658373
0.637768
0.618488
0.600632
0.584158
0.568975
0.555009
0.542181
0.530398
0.519554
0.509535
0.500237
0.491564
0.483432
0.475763
0.468487
0.461539
0.45486
0.448391
0.442072
0.435833
0.429588
0.423219
0.416552
0.409328
0.401131
0.391252
0.37841
0.360157
0.331874
0.287775
0.236542
0.207913
0.200983
0.200074
0.200003
0.707482
0.693646
0.676682
0.658372
0.63984
0.621746
0.60444
0.588075
0.572694
0.558329
0.544994
0.532675
0.521317
0.510836
0.501134
0.49212
0.483707
0.475816
0.468374
0.461317
0.454587
0.448131
0.441901
0.435844
0.429902
0.424
0.418032
0.411838
0.405159
0.397559
0.388277
0.37593
0.357882
0.329206
0.284109
0.233354
0.206836
0.200815
0.200059
0.200002
0.678624
0.6673
0.653247
0.637768
0.621746
0.605739
0.590074
0.574931
0.560448
0.546743
0.533911
0.522004
0.511002
0.500833
0.491414
0.482656
0.474476
0.466798
0.459554
0.452685
0.446142
0.439879
0.433856
0.428037
0.422379
0.416834
0.411325
0.405719
0.39977
0.393022
0.384638
0.37306
0.355393
0.326302
0.280006
0.229894
0.205735
0.200649
0.200045
0.200002
0.653014
0.643591
0.631766
0.618488
0.60444
0.590074
0.575675
0.561459
0.547611
0.534313
0.52175
0.510078
0.499298
0.489346
0.480128
0.47155
0.463524
0.455975
0.44884
0.442064
0.435605
0.429425
0.423499
0.417808
0.412345
0.407105
0.402064
0.397151
0.392167
0.386655
0.379661
0.369292
0.352251
0.322624
0.274779
0.225796
0.204553
0.200483
0.200032
0.200001
0.630453
0.622421
0.612251
0.600632
0.588075
0.574931
0.561459
0.547858
0.534302
0.521001
0.508278
0.496528
0.485762
0.47586
0.466686
0.458125
0.450079
0.44247
0.435235
0.428324
0.421699
0.415337
0.409232
0.403394
0.397858
0.392687
0.387966
0.383767
0.380048
0.376433
0.37181
0.363512
0.347533
0.317113
0.267281
0.220711
0.203292
0.200325
0.20002
0.200001
0.610546
0.603522
0.594561
0.584158
0.572694
0.560448
0.547612
0.534302
0.520584
0.50655
0.492649
0.480287
0.469183
0.459015
0.449556
0.440647
0.432169
0.424031
0.416166
0.408524
0.40108
0.393825
0.386768
0.379945
0.373441
0.367428
0.362217
0.358284
0.35616
0.355965
0.356448
0.352692
0.339058
0.307573
0.255834
0.214621
0.20206
0.200189
0.200011
0.2
0.592874
0.586573
0.578485
0.568975
0.558329
0.546743
0.534313
0.521002
0.50655
0.490251
0.471101
0.45707
0.444846
0.433577
0.422863
0.41245
0.402154
0.391828
0.381352
0.370634
0.359585
0.348148
0.336343
0.324335
0.312546
0.301771
0.293265
0.288778
0.290553
0.300691
0.318168
0.329746
0.322917
0.290553
0.239571
0.208467
0.201067
0.200092
0.200005
0.2
0.577054
0.571278
0.563838
0.555009
0.544994
0.533911
0.52175
0.508278
0.492649
0.471101
0.226562
0.219822
0.221152
0.221188
0.220454
0.219258
0.217771
0.216102
0.214334
0.212535
0.210767
0.209085
0.207544
0.206194
0.205082
0.204247
0.203736
0.203646
0.204291
0.206853
0.308837
0.314857
0.303354
0.265878
0.222126
0.203897
0.200456
0.200038
0.200002
0.2
0.562788
0.55741
0.550473
0.542181
0.532675
0.522004
0.510078
0.496528
0.480287
0.45707
0.219822
0.201029
0.200648
0.200677
0.200662
0.200616
0.20055
0.200477
0.200402
0.20033
0.200264
0.200208
0.200161
0.200124
0.200096
0.200077
0.200066
0.200064
0.200076
0.200118
0.295081
0.295817
0.276333
0.237463
0.209448
0.201467
0.200166
0.200014
0.200001
0.2
0.549851
0.544785
0.53825
0.530398
0.521317
0.511002
0.499298
0.485762
0.469183
0.444846
0.221152
0.200648
0.200024
0.200014
0.200013
0.200012
0.200011
0.200009
0.200007
0.200006
0.200005
0.200003
0.200002
0.200002
0.200001
0.200001
0.200001
0.200001
0.200001
0.200001
0.27409
0.268439
0.243811
0.215635
0.203243
0.200479
0.200054
0.200004
0.2
0.2
0.538055
0.533239
0.527036
0.519554
0.510836
0.500833
0.489346
0.47586
0.459015
0.433577
0.221188
0.200677
0.200014
0.2
0.2
0.2
0.2
0.2
0.2
0.2
0.2
0.2
0.2
0.2
0.2
0.2
0.2
0.2
0.2
0.2
0.246465
0.237041
0.21804
0.205089
0.200975
0.200143
0.200016
0.200001
0.2
0.2
0.527236
0.522627
0.516703
0.509535
0.501134
0.491414
0.480129
0.466686
0.449557
0.422863
0.220454
0.200662
0.200013
0.2
0.2
0.2
0.2
0.2
0.2
0.2
0.2
0.2
0.2
0.2
0.2
0.2
0.2
0.2
0.2
0.2
0.221553
0.214461
0.205711
0.20145
0.200273
0.20004
0.200005
0.2
0.2
0.2
0.51725
0.512812
0.507127
0.500237
0.49212
0.482656
0.47155
0.458125
0.440647
0.41245
0.219258
0.200616
0.200012
0.2
0.2
0.2
0.2
0.2
0.2
0.2
0.2
0.2
0.2
0.2
0.2
0.2
0.2
0.2
0.2
0.2
0.207645
0.204478
0.201586
0.20039
0.200074
0.200011
0.200001
0.2
0.2
0.2
0.507967
0.503677
0.498204
0.491565
0.483707
0.474476
0.463524
0.450079
0.432169
0.402154
0.217771
0.20055
0.200011
0.2
0.2
0.2
0.2
0.2
0.2
0.2
0.2
0.2
0.2
0.2
0.2
0.2
0.2
0.2
0.2
0.2
0.202322
0.201243
0.200418
0.200102
0.200019
0.200003
0.2
0.2
0.2
0.2
0.499282
0.495123
0.489842
0.483433
0.475816
0.466798
0.455975
0.44247
0.424031
0.391828
0.216102
0.200477
0.200009
0.2
0.2
0.2
0.2
0.2
0.2
0.2
0.2
0.2
0.2
0.2
0.2
0.2
0.2
0.2
0.2
0.2
0.200655
0.20033
0.200108
0.200026
0.200005
0.200001
0.2
0.2
0.2
0.2
0.4911
0.487057
0.481955
0.475764
0.468374
0.459554
0.44884
0.435235
0.416166
0.381352
0.214334
0.200402
0.200007
0.2
0.2
0.2
0.2
0.2
0.2
0.2
0.2
0.2
0.2
0.2
0.2
0.2
0.2
0.2
0.2
0.2
0.200178
0.200086
0.200028
0.200007
0.200001
0.2
0.2
0.2
0.2
0.2
0.483333
0.479399
0.474469
0.468487
0.461317
0.452686
0.442064
0.428324
0.408524
0.370634
0.212535
0.20033
0.200006
0.2
0.2
0.2
0.2
0.2
0.2
0.2
0.2
0.2
0.2
0.2
0.2
0.2
0.2
0.2
0.2
0.2
0.200047
0.200022
0.200007
0.200002
0.2
0.2
0.2
0.2
0.2
0.2
0.475904
0.472075
0.467313
0.461539
0.454587
0.446142
0.435605
0.421699
0.40108
0.359585
0.210767
0.200264
0.200005
0.2
0.2
0.2
0.2
0.2
0.2
0.2
0.2
0.2
0.2
0.2
0.2
0.2
0.2
0.2
0.2
0.2
0.200012
0.200006
0.200002
0.2
0.2
0.2
0.2
0.2
0.2
0.2
0.46874
0.465014
0.460422
0.45486
0.448132
0.439879
0.429425
0.415337
0.393825
0.348148
0.209085
0.200208
0.200003
0.2
0.2
0.2
0.2
0.2
0.2
0.2
0.2
0.2
0.2
0.2
0.2
0.2
0.2
0.2
0.2
0.2
0.200003
0.200001
0.2
0.2
0.2
0.2
0.2
0.2
0.2
0.2
0.461768
0.458147
0.453731
0.448391
0.441901
0.433856
0.423499
0.409232
0.386768
0.336343
0.207544
0.200161
0.200002
0.2
0.2
0.2
0.2
0.2
0.2
0.2
0.2
0.2
0.2
0.2
0.2
0.2
0.2
0.2
0.2
0.2
0.200001
0.2
0.2
0.2
0.2
0.2
0.2
0.2
0.2
0.2
0.454912
0.451403
0.447172
0.442072
0.435844
0.428037
0.417808
0.403394
0.379945
0.324335
0.206194
0.200124
0.200002
0.2
0.2
0.2
0.2
0.2
0.2
0.2
0.2
0.2
0.2
0.2
0.2
0.2
0.2
0.2
0.2
0.2
0.2
0.2
0.2
0.2
0.2
0.2
0.2
0.2
0.2
0.2
0.448091
0.4447
0.440671
0.435833
0.429902
0.42238
0.412345
0.397858
0.373441
0.312546
0.205082
0.200096
0.200001
0.2
0.2
0.2
0.2
0.2
0.2
0.2
0.2
0.2
0.2
0.2
0.2
0.2
0.2
0.2
0.2
0.2
0.2
0.2
0.2
0.2
0.2
0.2
0.2
0.2
0.2
0.2
0.441206
0.437944
0.434134
0.429588
0.424
0.416834
0.407105
0.392687
0.367428
0.301771
0.204247
0.200077
0.200001
0.2
0.2
0.2
0.2
0.2
0.2
0.2
0.2
0.2
0.2
0.2
0.2
0.2
0.2
0.2
0.2
0.2
0.2
0.2
0.2
0.2
0.2
0.2
0.2
0.2
0.2
0.2
0.434134
0.43101
0.427438
0.423219
0.418032
0.411325
0.402064
0.387966
0.362217
0.293265
0.203736
0.200066
0.200001
0.2
0.2
0.2
0.2
0.2
0.2
0.2
0.2
0.2
0.2
0.2
0.2
0.2
0.2
0.2
0.2
0.2
0.2
0.2
0.2
0.2
0.2
0.2
0.2
0.2
0.2
0.2
0.426704
0.423728
0.42041
0.416552
0.411838
0.405719
0.397151
0.383767
0.358284
0.288778
0.203646
0.200064
0.200001
0.2
0.2
0.2
0.2
0.2
0.2
0.2
0.2
0.2
0.2
0.2
0.2
0.2
0.2
0.2
0.2
0.2
0.2
0.2
0.2
0.2
0.2
0.2
0.2
0.2
0.2
0.2
0.41867
0.415843
0.412791
0.409328
0.405159
0.39977
0.392167
0.380048
0.35616
0.290553
0.204291
0.200076
0.200001
0.2
0.2
0.2
0.2
0.2
0.2
0.2
0.2
0.2
0.2
0.2
0.2
0.2
0.2
0.2
0.2
0.2
0.2
0.2
0.2
0.2
0.2
0.2
0.2
0.2
0.2
0.2
0.409659
0.40697
0.404182
0.401131
0.397559
0.393022
0.386655
0.376433
0.355965
0.300691
0.206853
0.200118
0.200001
0.2
0.2
0.2
0.2
0.2
0.2
0.2
0.2
0.2
0.2
0.2
0.2
0.2
0.2
0.2
0.2
0.2
0.2
0.2
0.2
0.2
0.2
0.2
0.2
0.2
0.2
0.2
0.399056
0.396468
0.393912
0.391252
0.388278
0.384638
0.379661
0.37181
0.356448
0.318168
0.308837
0.295081
0.27409
0.246465
0.221553
0.207645
0.202322
0.200655
0.200178
0.200047
0.200012
0.200003
0.200001
0.2
0.2
0.2
0.2
0.2
0.2
0.2
0.2
0.2
0.2
0.2
0.2
0.2
0.2
0.2
0.2
0.2
0.385768
0.383189
0.380774
0.37841
0.37593
0.37306
0.369292
0.363512
0.352692
0.329746
0.314857
0.295817
0.268439
0.237041
0.214461
0.204478
0.201243
0.20033
0.200086
0.200022
0.200006
0.200001
0.2
0.2
0.2
0.2
0.2
0.2
0.2
0.2
0.2
0.2
0.2
0.2
0.2
0.2
0.2
0.2
0.2
0.2
0.367723
0.364949
0.362462
0.360157
0.357882
0.355394
0.352251
0.347533
0.339058
0.322917
0.303355
0.276333
0.243811
0.21804
0.205711
0.201586
0.200418
0.200108
0.200028
0.200007
0.200002
0.2
0.2
0.2
0.2
0.2
0.2
0.2
0.2
0.2
0.2
0.2
0.2
0.2
0.2
0.2
0.2
0.2
0.2
0.2
0.340972
0.337598
0.33461
0.331874
0.329206
0.326302
0.322624
0.317113
0.307574
0.290553
0.265878
0.237463
0.215635
0.205089
0.20145
0.20039
0.200102
0.200026
0.200007
0.200002
0.2
0.2
0.2
0.2
0.2
0.2
0.2
0.2
0.2
0.2
0.2
0.2
0.2
0.2
0.2
0.2
0.2
0.2
0.2
0.2
0.299675
0.29533
0.291427
0.287776
0.284109
0.280006
0.274779
0.267282
0.255834
0.239571
0.222127
0.209448
0.203243
0.200975
0.200273
0.200074
0.200019
0.200005
0.200001
0.2
0.2
0.2
0.2
0.2
0.2
0.2
0.2
0.2
0.2
0.2
0.2
0.2
0.2
0.2
0.2
0.2
0.2
0.2
0.2
0.2
0.247125
0.243219
0.239752
0.236542
0.233355
0.229894
0.225796
0.220711
0.214621
0.208467
0.203897
0.201467
0.200479
0.200143
0.20004
0.200011
0.200003
0.200001
0.2
0.2
0.2
0.2
0.2
0.2
0.2
0.2
0.2
0.2
0.2
0.2
0.2
0.2
0.2
0.2
0.2
0.2
0.2
0.2
0.2
0.2
0.211735
0.210289
0.209039
0.207913
0.206837
0.205735
0.204553
0.203292
0.20206
0.201067
0.200456
0.200166
0.200054
0.200016
0.200005
0.200001
0.2
0.2
0.2
0.2
0.2
0.2
0.2
0.2
0.2
0.2
0.2
0.2
0.2
0.2
0.2
0.2
0.2
0.2
0.2
0.2
0.2
0.2
0.2
0.2
0.201598
0.201365
0.201164
0.200983
0.200815
0.200649
0.200483
0.200325
0.200189
0.200092
0.200038
0.200014
0.200004
0.200001
0.2
0.2
0.2
0.2
0.2
0.2
0.2
0.2
0.2
0.2
0.2
0.2
0.2
0.2
0.2
0.2
0.2
0.2
0.2
0.2
0.2
0.2
0.2
0.2
0.2
0.2
0.200128
0.200108
0.20009
0.200074
0.200059
0.200045
0.200032
0.20002
0.200011
0.200005
0.200002
0.200001
0.2
0.2
0.2
0.2
0.2
0.2
0.2
0.2
0.2
0.2
0.2
0.2
0.2
0.2
0.2
0.2
0.2
0.2
0.2
0.2
0.2
0.2
0.2
0.2
0.2
0.2
0.2
0.2
0.200005
0.200004
0.200003
0.200003
0.200002
0.200002
0.200001
0.200001
0.2
0.2
0.2
0.2
0.2
0.2
0.2
0.2
0.2
0.2
0.2
0.2
0.2
0.2
0.2
0.2
0.2
0.2
0.2
0.2
0.2
0.2
0.2
0.2
0.2
0.2
0.2
0.2
0.2
0.2
0.2
0.2
0.8
0.799418
0.788009
0.759254
0.725617
0.694247
0.666594
0.642483
0.621417
0.602889
0.586441
0.571695
0.558375
0.546263
0.535181
0.524974
0.515509
0.50667
0.498356
0.490478
0.482956
0.475713
0.468677
0.461771
0.454915
0.448012
0.440948
0.433567
0.425648
0.416863
0.406679
0.394159
0.377568
0.353551
0.316312
0.263545
0.218711
0.202789
0.200233
0.200009
0.799431
0.793096
0.771934
0.741657
0.710604
0.681989
0.656481
0.63394
0.614011
0.596303
0.580445
0.56614
0.553162
0.541326
0.530473
0.52046
0.511163
0.502472
0.494293
0.486542
0.479142
0.47202
0.465106
0.458328
0.451607
0.444851
0.437943
0.430729
0.422984
0.414367
0.404322
0.391872
0.375203
0.350797
0.312713
0.259639
0.216807
0.202432
0.2002
0.200008
0.788039
0.771941
0.747194
0.719408
0.692143
0.666826
0.64385
0.623182
0.60462
0.5879
0.572762
0.559007
0.546468
0.534993
0.524445
0.514697
0.505633
0.497155
0.489175
0.481613
0.474398
0.467463
0.460741
0.454166
0.447664
0.441146
0.434498
0.427562
0.420107
0.411782
0.402003
0.38975
0.37312
0.348421
0.309552
0.256171
0.215141
0.20212
0.20017
0.200006
0.759273
0.741661
0.719409
0.695686
0.672333
0.65024
0.629762
0.61097
0.593787
0.578068
0.563679
0.55051
0.538449
0.527377
0.517175
0.507729
0.498939
0.490714
0.482972
0.475639
0.468651
0.461946
0.455465
0.449148
0.442929
0.436726
0.430429
0.42388
0.416846
0.408956
0.399596
0.38769
0.371227
0.34632
0.306674
0.252951
0.213621
0.201837
0.200143
0.200005
0.725626
0.710607
0.692144
0.672334
0.652451
0.633208
0.614965
0.597864
0.581919
0.567106
0.553409
0.540796
0.529198
0.518524
0.508671
0.499537
0.491032
0.48307
0.475577
0.468486
0.461737
0.455279
0.449061
0.443033
0.437139
0.431309
0.425445
0.419399
0.412934
0.405662
0.396919
0.385548
0.3694
0.344347
0.303855
0.249726
0.212134
0.201566
0.200118
0.200004
0.694252
0.681991
0.666827
0.650241
0.633208
0.616329
0.59995
0.58424
0.569298
0.555216
0.542076
0.529918
0.518715
0.508391
0.498853
0.490005
0.48176
0.474038
0.466769
0.459894
0.453361
0.447127
0.441153
0.435402
0.429837
0.424408
0.419046
0.413623
0.407912
0.401502
0.393662
0.383088
0.367438
0.34227
0.300744
0.246137
0.210558
0.20129
0.200093
0.200003
0.666597
0.656482
0.643851
0.629762
0.614965
0.59995
0.585014
0.570347
0.556118
0.5425
0.529675
0.517792
0.506855
0.496786
0.487483
0.478847
0.470789
0.463231
0.456108
0.449367
0.442965
0.436868
0.431051
0.425497
0.420197
0.415143
0.410309
0.405622
0.400897
0.395716
0.389242
0.379881
0.364985
0.339677
0.296747
0.241686
0.208775
0.201002
0.200068
0.200002
0.642485
0.633941
0.623182
0.61097
0.597865
0.584241
0.570347
0.556375
0.542497
0.528923
0.515978
0.504068
0.493189
0.483213
0.473999
0.465427
0.457399
0.449836
0.442678
0.435876
0.429395
0.423215
0.417328
0.411745
0.406496
0.401637
0.397236
0.393347
0.389915
0.386586
0.382368
0.375004
0.361314
0.335781
0.290819
0.235734
0.206731
0.200708
0.200045
0.200001
0.621418
0.614011
0.60462
0.593788
0.581919
0.569298
0.556118
0.542497
0.528501
0.514232
0.500161
0.487698
0.476547
0.46638
0.456964
0.448137
0.439782
0.431813
0.424168
0.4168
0.409686
0.402817
0.396212
0.389917
0.384022
0.37868
0.374151
0.370807
0.369041
0.368891
0.369247
0.365992
0.354717
0.328929
0.281123
0.227731
0.204531
0.200436
0.200026
0.200001
0.602889
0.596303
0.5879
0.578068
0.567106
0.555216
0.5425
0.528923
0.514232
0.497748
0.47852
0.464536
0.452442
0.441381
0.430953
0.420912
0.411089
0.401349
0.391592
0.381737
0.371729
0.361534
0.351168
0.340745
0.330545
0.321129
0.313477
0.309142
0.310296
0.319028
0.334556
0.345554
0.341459
0.316006
0.265229
0.218129
0.202535
0.200225
0.200013
0.2
0.586441
0.580446
0.572763
0.563679
0.55341
0.542076
0.529675
0.515978
0.500161
0.47852
0.228352
0.221464
0.223089
0.223342
0.222772
0.221706
0.220318
0.218722
0.216999
0.215216
0.213431
0.211697
0.210069
0.208599
0.207344
0.206367
0.205753
0.205673
0.206594
0.210186
0.326272
0.333205
0.326397
0.295955
0.24372
0.209402
0.201154
0.200097
0.200005
0.2
0.571696
0.56614
0.559007
0.55051
0.540796
0.529918
0.517792
0.504068
0.487698
0.464536
0.221464
0.201185
0.200758
0.200804
0.200799
0.200756
0.200691
0.200613
0.20053
0.200449
0.200372
0.200303
0.200244
0.200196
0.200158
0.200131
0.200115
0.200113
0.200134
0.200202
0.31505
0.318636
0.305584
0.267485
0.222496
0.203847
0.200437
0.200036
0.200002
0.2
0.558375
0.553162
0.546468
0.538449
0.529198
0.518715
0.506855
0.493189
0.476547
0.452442
0.223089
0.200758
0.200029
0.200017
0.200017
0.200016
0.200015
0.200013
0.200011
0.200009
0.200007
0.200005
0.200004
0.200003
0.200002
0.200002
0.200002
0.200002
0.200002
0.200002
0.298481
0.297118
0.275462
0.235967
0.208718
0.201308
0.200145
0.200012
0.200001
0.2
0.546263
0.541327
0.534993
0.527377
0.518524
0.508391
0.496786
0.483213
0.46638
0.441381
0.223342
0.200804
0.200017
0.200001
0.2
0.2
0.2
0.2
0.2
0.2
0.2
0.2
0.2
0.2
0.2
0.2
0.2
0.2
0.2
0.2
0.273644
0.266122
0.240533
0.213798
0.202749
0.200395
0.200044
0.200004
0.2
0.2
0.535181
0.530473
0.524446
0.517175
0.508671
0.498853
0.487483
0.473999
0.456964
0.430953
0.222772
0.200799
0.200017
0.2
0.2
0.2
0.2
0.2
0.2
0.2
0.2
0.2
0.2
0.2
0.2
0.2
0.2
0.2
0.2
0.2
0.243039
0.233108
0.215388
0.204176
0.200776
0.200111
0.200012
0.200001
0.2
0.2
0.524974
0.52046
0.514697
0.50773
0.499538
0.490005
0.478848
0.465427
0.448137
0.420912
0.221706
0.200756
0.200016
0.2
0.2
0.2
0.2
0.2
0.2
0.2
0.2
0.2
0.2
0.2
0.2
0.2
0.2
0.2
0.2
0.2
0.218337
0.21194
0.20457
0.201129
0.200207
0.20003
0.200003
0.2
0.2
0.2
0.515509
0.511163
0.505633
0.498939
0.491032
0.48176
0.470789
0.457399
0.439782
0.411089
0.220318
0.200691
0.200015
0.2
0.2
0.2
0.2
0.2
0.2
0.2
0.2
0.2
0.2
0.2
0.2
0.2
0.2
0.2
0.2
0.2
0.206079
0.203499
0.201216
0.200292
0.200054
0.200008
0.200001
0.2
0.2
0.2
0.50667
0.502472
0.497155
0.490714
0.48307
0.474038
0.463231
0.449836
0.431814
0.40135
0.218722
0.200613
0.200013
0.2
0.2
0.2
0.2
0.2
0.2
0.2
0.2
0.2
0.2
0.2
0.2
0.2
0.2
0.2
0.2
0.2
0.201767
0.200937
0.200311
0.200074
0.200014
0.200002
0.2
0.2
0.2
0.2
0.498356
0.494293
0.489175
0.482972
0.475577
0.466769
0.456108
0.442678
0.424168
0.391592
0.216999
0.20053
0.200011
0.2
0.2
0.2
0.2
0.2
0.2
0.2
0.2
0.2
0.2
0.2
0.2
0.2
0.2
0.2
0.2
0.2
0.200484
0.200242
0.200078
0.200019
0.200004
0.200001
0.2
0.2
0.2
0.2
0.490478
0.486543
0.481613
0.475639
0.468486
0.459894
0.449367
0.435876
0.416801
0.381737
0.215216
0.200449
0.200009
0.2
0.2
0.2
0.2
0.2
0.2
0.2
0.2
0.2
0.2
0.2
0.2
0.2
0.2
0.2
0.2
0.2
0.200128
0.200061
0.20002
0.200005
0.200001
0.2
0.2
0.2
0.2
0.2
0.482956
0.479142
0.474398
0.468651
0.461738
0.453361
0.442965
0.429395
0.409686
0.371729
0.213431
0.200372
0.200007
0.2
0.2
0.2
0.2
0.2
0.2
0.2
0.2
0.2
0.2
0.2
0.2
0.2
0.2
0.2
0.2
0.2
0.200033
0.200015
0.200005
0.200001
0.2
0.2
0.2
0.2
0.2
0.2
0.475713
0.47202
0.467463
0.461946
0.455279
0.447127
0.436868
0.423215
0.402817
0.361534
0.211697
0.200303
0.200005
0.2
0.2
0.2
0.2
0.2
0.2
0.2
0.2
0.2
0.2
0.2
0.2
0.2
0.2
0.2
0.2
0.2
0.200008
0.200004
0.200001
0.2
0.2
0.2
0.2
0.2
0.2
0.2
0.468677
0.465106
0.460741
0.455465
0.449061
0.441153
0.431051
0.417328
0.396212
0.351168
0.210069
0.200244
0.200004
0.2
0.2
0.2
0.2
0.2
0.2
0.2
0.2
0.2
0.2
0.2
0.2
0.2
0.2
0.2
0.2
0.2
0.200002
0.200001
0.2
0.2
0.2
0.2
0.2
0.2
0.2
0.2
0.461771
0.458328
0.454166
0.449148
0.443033
0.435402
0.425497
0.411745
0.389917
0.340745
0.208599
0.200196
0.200003
0.2
0.2
0.2
0.2
0.2
0.2
0.2
0.2
0.2
0.2
0.2
0.2
0.2
0.2
0.2
0.2
0.2
0.200001
0.2
0.2
0.2
0.2
0.2
0.2
0.2
0.2
0.2
0.454915
0.451607
0.447664
0.442929
0.43714
0.429837
0.420197
0.406496
0.384022
0.330545
0.207344
0.200158
0.200002
0.2
0.2
0.2
0.2
0.2
0.2
0.2
0.2
0.2
0.2
0.2
0.2
0.2
0.2
0.2
0.2
0.2
0.2
0.2
0.2
0.2
0.2
0.2
0.2
0.2
0.2
0.2
0.448012
0.444851
0.441146
0.436726
0.43131
0.424409
0.415143
0.401637
0.378681
0.321129
0.206367
0.200131
0.200002
0.2
0.2
0.2
0.2
0.2
0.2
0.2
0.2
0.2
0.2
0.2
0.2
0.2
0.2
0.2
0.2
0.2
0.2
0.2
0.2
0.2
0.2
0.2
0.2
0.2
0.2
0.2
0.440948
0.437943
0.434498
0.430429
0.425445
0.419046
0.410309
0.397236
0.374151
0.313477
0.205753
0.200115
0.200002
0.2
0.2
0.2
0.2
0.2
0.2
0.2
0.2
0.2
0.2
0.2
0.2
0.2
0.2
0.2
0.2
0.2
0.2
0.2
0.2
0.2
0.2
0.2
0.2
0.2
0.2
0.2
0.433567
0.430729
0.427562
0.42388
0.419399
0.413623
0.405623
0.393347
0.370807
0.309142
0.205673
0.200113
0.200002
0.2
0.2
0.2
0.2
0.2
0.2
0.2
0.2
0.2
0.2
0.2
0.2
0.2
0.2
0.2
0.2
0.2
0.2
0.2
0.2
0.2
0.2
0.2
0.2
0.2
0.2
0.2
0.425648
0.422984
0.420108
0.416846
0.412935
0.407912
0.400897
0.389915
0.369041
0.310296
0.206594
0.200134
0.200002
0.2
0.2
0.2
0.2
0.2
0.2
0.2
0.2
0.2
0.2
0.2
0.2
0.2
0.2
0.2
0.2
0.2
0.2
0.2
0.2
0.2
0.2
0.2
0.2
0.2
0.2
0.2
0.416863
0.414367
0.411782
0.408956
0.405662
0.401502
0.395716
0.386586
0.368891
0.319028
0.210186
0.200202
0.200002
0.2
0.2
0.2
0.2
0.2
0.2
0.2
0.2
0.2
0.2
0.2
0.2
0.2
0.2
0.2
0.2
0.2
0.2
0.2
0.2
0.2
0.2
0.2
0.2
0.2
0.2
0.2
0.406679
0.404322
0.402003
0.399597
0.39692
0.393662
0.389242
0.382369
0.369247
0.334556
0.326272
0.31505
0.298481
0.273644
0.243039
0.218337
0.206079
0.201767
0.200484
0.200128
0.200033
0.200008
0.200002
0.200001
0.2
0.2
0.2
0.2
0.2
0.2
0.2
0.2
0.2
0.2
0.2
0.2
0.2
0.2
0.2
0.2
0.394159
0.391872
0.38975
0.38769
0.385548
0.383088
0.379881
0.375004
0.365992
0.345554
0.333205
0.318636
0.297118
0.266122
0.233108
0.21194
0.203499
0.200937
0.200242
0.200061
0.200015
0.200004
0.200001
0.2
0.2
0.2
0.2
0.2
0.2
0.2
0.2
0.2
0.2
0.2
0.2
0.2
0.2
0.2
0.2
0.2
0.377568
0.375204
0.37312
0.371227
0.3694
0.367438
0.364985
0.361314
0.354717
0.34146
0.326397
0.305584
0.275462
0.240533
0.215388
0.20457
0.201216
0.200311
0.200078
0.20002
0.200005
0.200001
0.2
0.2
0.2
0.2
0.2
0.2
0.2
0.2
0.2
0.2
0.2
0.2
0.2
0.2
0.2
0.2
0.2
0.2
0.353552
0.350797
0.348421
0.34632
0.344347
0.34227
0.339677
0.335781
0.328929
0.316006
0.295955
0.267486
0.235967
0.213798
0.204176
0.201129
0.200292
0.200074
0.200019
0.200005
0.200001
0.2
0.2
0.2
0.2
0.2
0.2
0.2
0.2
0.2
0.2
0.2
0.2
0.2
0.2
0.2
0.2
0.2
0.2
0.2
0.316312
0.312713
0.309553
0.306674
0.303856
0.300745
0.296747
0.290819
0.281123
0.265229
0.24372
0.222496
0.208718
0.202749
0.200776
0.200207
0.200054
0.200014
0.200004
0.200001
0.2
0.2
0.2
0.2
0.2
0.2
0.2
0.2
0.2
0.2
0.2
0.2
0.2
0.2
0.2
0.2
0.2
0.2
0.2
0.2
0.263545
0.259639
0.256171
0.252951
0.249726
0.246138
0.241686
0.235734
0.227731
0.21813
0.209402
0.203847
0.201308
0.200395
0.200111
0.20003
0.200008
0.200002
0.200001
0.2
0.2
0.2
0.2
0.2
0.2
0.2
0.2
0.2
0.2
0.2
0.2
0.2
0.2
0.2
0.2
0.2
0.2
0.2
0.2
0.2
0.218711
0.216807
0.215141
0.213621
0.212134
0.210558
0.208775
0.206731
0.204531
0.202535
0.201154
0.200437
0.200145
0.200044
0.200012
0.200003
0.200001
0.2
0.2
0.2
0.2
0.2
0.2
0.2
0.2
0.2
0.2
0.2
0.2
0.2
0.2
0.2
0.2
0.2
0.2
0.2
0.2
0.2
0.2
0.2
0.202789
0.202432
0.20212
0.201837
0.201566
0.20129
0.201002
0.200708
0.200436
0.200225
0.200097
0.200036
0.200012
0.200004
0.200001
0.2
0.2
0.2
0.2
0.2
0.2
0.2
0.2
0.2
0.2
0.2
0.2
0.2
0.2
0.2
0.2
0.2
0.2
0.2
0.2
0.2
0.2
0.2
0.2
0.2
0.200233
0.2002
0.20017
0.200143
0.200118
0.200093
0.200068
0.200045
0.200026
0.200013
0.200005
0.200002
0.200001
0.2
0.2
0.2
0.2
0.2
0.2
0.2
0.2
0.2
0.2
0.2
0.2
0.2
0.2
0.2
0.2
0.2
0.2
0.2
0.2
0.2
0.2
0.2
0.2
0.2
0.2
0.2
0.200009
0.200008
0.200006
0.200005
0.200004
0.200003
0.200002
0.200001
0.200001
0.2
0.2
0.2
0.2
0.2
0.2
0.2
0.2
0.2
0.2
0.2
0.2
0.2
0.2
0.2
0.2
0.2
0.2
0.2
0.2
0.2
0.2
0.2
0.2
0.2
0.2
0.2
0.2
0.2
0.2
0.2
)
;

boundaryField
{
    left
    {
        type            fixedValue;
        value           uniform 0;
    }
    right
    {
        type            fixedValue;
        value           uniform 0;
    }
    up
    {
        type            fixedValue;
        value           uniform 0;
    }
    down
    {
        type            fixedValue;
        value           uniform 0;
    }
    front
    {
        type            fixedValue;
        value           uniform 0;
    }
    back
    {
        type            fixedValue;
        value           uniform 0;
    }
}


// ************************************************************************* //
